4.797614235e-04 1.318551270e-01 1.208923033e-03 7.004186663e-02 1.854104702e-02 8.837280979e-18
8.837280979e-18 0.000000000e+00 8.837280979e-18 2.316371915e-01 8.837280979e-18 4.797614235e-04
1.618810597e-02 2.347402858e-02 3.587622241e-01 1.228189244e-01 8.837280979e-18 4.797614235e-04
4.797614235e-04 8.837280979e-18 4.101902471e-03 4.797614235e-04 8.837280979e-18 1.033614654e-02
7.676182775e-03 8.837280979e-18 8.837280979e-18 8.837280979e-18 8.837280979e-18 4.797614235e-04
8.837280979e-18 8.837280979e-18 8.837280979e-18 4.797614235e-04 8.837280979e-18 8.837280979e-18

4.689967824e-04 1.861214965e-04 3.490784313e-01 1.288481512e-02 1.591316410e-03 2.029231224e-03
1.591316410e-03 0.000000000e+00 0.000000000e+00 1.276251504e-01 6.885226227e-03 4.689967824e-04
2.029231224e-03 0.000000000e+00 4.689967824e-04 3.837883354e-01 1.010422937e-02 2.977943943e-03
8.053009448e-04 4.009866085e-03 5.574935719e-02 8.779973581e-03 1.591316410e-03 5.113342267e-03
4.689967824e-04 4.689967824e-04 1.861214965e-04 4.689967824e-04 4.689967824e-04 4.009866085e-03
4.689967824e-04 4.689967824e-04 4.689967824e-04 3.484334825e-03 8.779973581e-03 2.029231224e-03

3.988384777e-04 3.988384777e-04 4.325929680e-01 1.005009987e-03 6.848341289e-04 3.988384777e-04
1.353267738e-03 0.000000000e+00 0.000000000e+00 2.166043030e-01 1.582791548e-04 1.582791548e-04
6.848341289e-04 0.000000000e+00 0.000000000e+00 1.812095638e-02 3.988384777e-04 3.988384777e-04
3.988384777e-04 0.000000000e+00 3.192853926e-01 2.532466476e-03 3.988384777e-04 3.988384777e-04
1.582791548e-04 3.988384777e-04 1.582791548e-04 1.582791548e-04 3.988384777e-04 3.988384777e-04
1.582791548e-04 1.582791548e-04 1.582791548e-04 3.988384777e-04 6.848341289e-04 3.988384777e-04

4.659284791e-18 4.659284791e-18 1.003812479e-04 4.659284791e-18 4.659284791e-18 4.659284791e-18
4.659284791e-18 0.000000000e+00 0.000000000e+00 4.659284791e-18 4.659284791e-18 4.659284791e-18
0.000000000e+00 0.000000000e+00 0.000000000e+00 9.997992375e-01 4.659284791e-18 4.659284791e-18
0.000000000e+00 0.000000000e+00 4.659284791e-18 1.003812479e-04 4.659284791e-18 4.659284791e-18
4.659284791e-18 4.659284791e-18 4.659284791e-18 4.659284791e-18 4.659284791e-18 4.659284791e-18
4.659284791e-18 4.659284791e-18 4.659284791e-18 4.659284791e-18 4.659284791e-18 4.659284791e-18

