6.468507115e-18 1.393597612e-04 6.468507115e-18 3.409266678e-03 1.393597612e-04 6.468507115e-18
1.393597612e-04 6.468507115e-18 1.393597612e-04 5.208299632e-02 8.848793262e-04 1.393597612e-04
1.393597612e-04 6.468507115e-18 7.750300650e-01 6.468507115e-18 1.458459893e-01 7.565611817e-03
1.393597612e-04 6.468507115e-18 1.866099430e-03 1.073417136e-02 3.511645933e-04 1.393597612e-04
1.393597612e-04 6.468507115e-18 6.468507115e-18 1.393597612e-04 6.468507115e-18 6.468507115e-18
1.393597612e-04 1.393597612e-04 1.393597612e-04 1.393597612e-04 1.393597612e-04 1.393597612e-04

1.242323005e-04 1.242323005e-04 5.766352588e-18 3.039191792e-03 1.242323005e-04 1.242323005e-04
5.766352588e-18 5.766352588e-18 5.375219461e-04 1.354470429e-03 1.242323005e-04 3.130457810e-04
1.242323005e-04 1.242323005e-04 9.303128819e-01 0.000000000e+00 2.047599287e-02 5.430415863e-03
3.039191792e-03 1.242323005e-04 5.766352588e-18 0.000000000e+00 1.354470429e-03 1.242323005e-04
1.242323005e-04 5.766352588e-18 2.535670826e-02 1.062171228e-03 1.242323005e-04 5.766352588e-18
1.242323005e-04 1.242323005e-04 5.860453184e-03 1.242323005e-04 1.242323005e-04 5.766352588e-18

5.239714812e-18 5.239714812e-18 5.239714812e-18 5.239714812e-18 5.239714812e-18 5.239714812e-18
5.239714812e-18 5.239714812e-18 8.678502459e-02 5.239714812e-18 5.239714812e-18 5.239714812e-18
5.239714812e-18 9.132149754e-01 5.239714812e-18 0.000000000e+00 5.239714812e-18 0.000000000e+00
5.239714812e-18 5.239714812e-18 0.000000000e+00 0.000000000e+00 5.239714812e-18 5.239714812e-18
5.239714812e-18 5.239714812e-18 5.239714812e-18 5.239714812e-18 5.239714812e-18 5.239714812e-18
5.239714812e-18 5.239714812e-18 5.239714812e-18 5.239714812e-18 5.239714812e-18 5.239714812e-18

4.647784847e-18 4.647784847e-18 4.647784847e-18 4.647784847e-18 4.647784847e-18 4.647784847e-18
4.647784847e-18 4.647784847e-18 4.647784847e-18 0.000000000e+00 4.647784847e-18 4.647784847e-18
4.647784847e-18 1.000000000e+00 0.000000000e+00 0.000000000e+00 4.647784847e-18 0.000000000e+00
4.647784847e-18 4.647784847e-18 0.000000000e+00 0.000000000e+00 4.647784847e-18 4.647784847e-18
4.647784847e-18 4.647784847e-18 4.647784847e-18 4.647784847e-18 4.647784847e-18 4.647784847e-18
4.647784847e-18 4.647784847e-18 4.647784847e-18 4.647784847e-18 4.647784847e-18 4.647784847e-18

