7.461337435e-18 7.461337435e-18 7.461337435e-18 7.461337435e-18 7.461337435e-18 7.461337435e-18
7.461337435e-18 6.955233065e-04 4.050637156e-04 1.565425028e-02 7.461337435e-18 7.461337435e-18
7.461337435e-18 4.050637156e-04 7.461337435e-18 2.599382885e-01 1.981917839e-02 7.461337435e-18
7.461337435e-18 5.174894150e-02 5.576151879e-01 4.287544052e-02 7.461337435e-18 7.461337435e-18
7.461337435e-18 7.461337435e-18 5.084306214e-02 7.461337435e-18 7.461337435e-18 7.461337435e-18
7.461337435e-18 7.461337435e-18 7.461337435e-18 7.461337435e-18 7.461337435e-18 7.461337435e-18

6.400588989e-18 6.400588989e-18 6.400588989e-18 6.400588989e-18 6.400588989e-18 6.400588989e-18
6.400588989e-18 6.400588989e-18 6.400588989e-18 6.400588989e-18 6.400588989e-18 6.400588989e-18
2.206344153e-03 1.197787887e-01 0.000000000e+00 6.400588989e-18 2.430217509e-01 6.400588989e-18
6.400588989e-18 6.400588989e-18 6.349931162e-01 0.000000000e+00 6.400588989e-18 6.400588989e-18
6.400588989e-18 6.400588989e-18 6.400588989e-18 6.400588989e-18 6.400588989e-18 6.400588989e-18
6.400588989e-18 6.400588989e-18 6.400588989e-18 6.400588989e-18 6.400588989e-18 6.400588989e-18

6.453297279e-18 6.453297279e-18 6.453297279e-18 6.453297279e-18 6.453297279e-18 6.453297279e-18
6.453297279e-18 6.453297279e-18 6.453297279e-18 6.453297279e-18 6.453297279e-18 6.453297279e-18
1.402552241e-01 6.453297279e-18 0.000000000e+00 0.000000000e+00 6.632300497e-01 6.453297279e-18
6.453297279e-18 9.624909636e-03 0.000000000e+00 0.000000000e+00 1.868898166e-01 6.453297279e-18
6.453297279e-18 6.453297279e-18 6.453297279e-18 6.453297279e-18 6.453297279e-18 6.453297279e-18
6.453297279e-18 6.453297279e-18 6.453297279e-18 6.453297279e-18 6.453297279e-18 6.453297279e-18

1.134680304e-04 5.266719428e-18 1.134680304e-04 1.134680304e-04 5.266719428e-18 5.266719428e-18
1.134680304e-04 5.266719428e-18 5.266719428e-18 1.134680304e-04 5.266719428e-18 5.266719428e-18
4.909476542e-04 0.000000000e+00 0.000000000e+00 0.000000000e+00 9.423940160e-01 1.134680304e-04
1.815488486e-03 0.000000000e+00 0.000000000e+00 0.000000000e+00 5.337059133e-02 1.134680304e-04
1.134680304e-04 5.266719428e-18 1.134680304e-04 1.134680304e-04 1.134680304e-04 1.134680304e-04
1.134680304e-04 5.266719428e-18 1.134680304e-04 1.134680304e-04 1.134680304e-04 1.134680304e-04

