7.312828517e-18 7.312828517e-18 7.312828517e-18 7.312828517e-18 7.312828517e-18 7.312828517e-18
7.312828517e-18 7.312828517e-18 3.375484299e-02 6.816797544e-04 7.312828517e-18 7.312828517e-18
7.312828517e-18 2.083714428e-02 1.222292563e-01 7.312828517e-18 3.970014111e-04 7.312828517e-18
7.312828517e-18 7.312828517e-18 5.795947429e-02 6.740513025e-01 4.806724190e-02 7.312828517e-18
7.312828517e-18 7.312828517e-18 7.312828517e-18 4.202205662e-02 7.312828517e-18 7.312828517e-18
7.312828517e-18 7.312828517e-18 7.312828517e-18 7.312828517e-18 7.312828517e-18 7.312828517e-18

6.612587818e-18 2.694418309e-02 6.612587818e-18 6.612587818e-18 6.612587818e-18 6.612587818e-18
6.612587818e-18 6.612587818e-18 6.612587818e-18 6.612587818e-18 6.612587818e-18 0.000000000e+00
6.612587818e-18 6.612587818e-18 1.211291941e-02 0.000000000e+00 6.612587818e-18 6.612587818e-18
6.612587818e-18 6.612587818e-18 1.145532414e-01 1.426477051e-01 7.033829645e-01 6.612587818e-18
6.612587818e-18 6.612587818e-18 6.612587818e-18 6.612587818e-18 6.612587818e-18 3.589864973e-04
6.612587818e-18 6.612587818e-18 6.612587818e-18 6.612587818e-18 6.612587818e-18 6.612587818e-18

6.625740330e-18 2.982032580e-01 6.625740330e-18 6.625740330e-18 6.625740330e-18 6.625740330e-18
6.625740330e-18 6.625740330e-18 0.000000000e+00 6.625740330e-18 6.625740330e-18 0.000000000e+00
6.625740330e-18 6.625740330e-18 0.000000000e+00 0.000000000e+00 6.625740330e-18 6.625740330e-18
6.625740330e-18 6.625740330e-18 6.625740330e-18 4.733797334e-01 6.625740330e-18 6.625740330e-18
6.625740330e-18 6.625740330e-18 6.625740330e-18 6.625740330e-18 6.625740330e-18 2.284170086e-01
6.625740330e-18 6.625740330e-18 6.625740330e-18 6.625740330e-18 6.625740330e-18 6.625740330e-18

5.326397495e-18 6.566713304e-02 5.326397495e-18 5.326397495e-18 5.326397495e-18 5.326397495e-18
5.326397495e-18 5.326397495e-18 0.000000000e+00 5.326397495e-18 5.326397495e-18 0.000000000e+00
5.326397495e-18 5.326397495e-18 0.000000000e+00 0.000000000e+00 5.326397495e-18 5.326397495e-18
1.836060086e-03 5.326397495e-18 5.326397495e-18 0.000000000e+00 0.000000000e+00 5.326397495e-18
5.326397495e-18 5.326397495e-18 5.326397495e-18 5.326397495e-18 9.268718660e-01 3.152646195e-03
5.326397495e-18 5.326397495e-18 2.472294713e-03 5.326397495e-18 5.326397495e-18 5.326397495e-18

