7.312828517e-18 7.312828517e-18 7.312828517e-18 7.312828517e-18 7.312828517e-18 7.312828517e-18
7.312828517e-18 7.312828517e-18 3.375484299e-02 6.816797544e-04 7.312828517e-18 7.312828517e-18
7.312828517e-18 2.083714428e-02 1.222292563e-01 7.312828517e-18 3.970014111e-04 7.312828517e-18
7.312828517e-18 7.312828517e-18 5.795947429e-02 6.740513025e-01 4.806724190e-02 7.312828517e-18
7.312828517e-18 7.312828517e-18 7.312828517e-18 4.202205662e-02 7.312828517e-18 7.312828517e-18
7.312828517e-18 7.312828517e-18 7.312828517e-18 7.312828517e-18 7.312828517e-18 7.312828517e-18

7.469131258e-18 7.469131258e-18 7.469131258e-18 7.469131258e-18 7.469131258e-18 7.469131258e-18
7.469131258e-18 7.469131258e-18 4.033890986e-02 7.469131258e-18 7.469131258e-18 7.469131258e-18
2.574680878e-03 1.038046283e-01 7.469131258e-18 0.000000000e+00 4.506967201e-01 7.469131258e-18
7.469131258e-18 7.469131258e-18 3.260463545e-01 0.000000000e+00 8.735948915e-03 7.469131258e-18
7.469131258e-18 7.469131258e-18 6.780275742e-02 7.469131258e-18 7.469131258e-18 7.469131258e-18
7.469131258e-18 7.469131258e-18 7.469131258e-18 7.469131258e-18 7.469131258e-18 7.469131258e-18

6.295850335e-18 6.295850335e-18 6.295850335e-18 6.295850335e-18 6.295850335e-18 6.295850335e-18
6.295850335e-18 6.295850335e-18 8.361508518e-03 6.295850335e-18 6.295850335e-18 6.295850335e-18
1.612344089e-02 2.250879225e-01 0.000000000e+00 0.000000000e+00 7.325576276e-01 4.576763203e-03
6.295850335e-18 7.363671223e-03 0.000000000e+00 0.000000000e+00 6.295850335e-18 6.295850335e-18
6.295850335e-18 6.295850335e-18 6.295850335e-18 6.295850335e-18 6.295850335e-18 5.929066080e-03
6.295850335e-18 6.295850335e-18 6.295850335e-18 6.295850335e-18 6.295850335e-18 6.295850335e-18

7.093540054e-18 1.528256877e-04 7.093540054e-18 7.093540054e-18 7.093540054e-18 7.093540054e-18
7.093540054e-18 7.093540054e-18 1.884221655e-02 7.093540054e-18 7.093540054e-18 7.093540054e-18
2.046415164e-03 1.749660354e-02 0.000000000e+00 0.000000000e+00 1.518777124e-01 1.576249188e-01
6.374109244e-01 0.000000000e+00 0.000000000e+00 0.000000000e+00 0.000000000e+00 7.093540054e-18
7.093540054e-18 6.612383472e-04 7.093540054e-18 1.306641250e-03 2.046415164e-03 9.996166318e-03
7.093540054e-18 7.093540054e-18 1.528256877e-04 3.850966018e-04 7.093540054e-18 7.093540054e-18

1.591547004e-04 1.591547004e-04 1.591547004e-04 1.591547004e-04 1.591547004e-04 1.591547004e-04
1.591547004e-04 1.591547004e-04 4.504206128e-02 1.591547004e-04 1.591547004e-04 1.591547004e-04
1.629512024e-01 1.591547004e-04 0.000000000e+00 0.000000000e+00 6.366637401e-01 7.288973908e-02
0.000000000e+00 0.000000000e+00 0.000000000e+00 0.000000000e+00 0.000000000e+00 1.591547004e-04
1.591547004e-04 1.591547004e-04 0.000000000e+00 3.905485731e-02 1.591547004e-04 1.591547004e-04
3.989699645e-02 1.591547004e-04 1.591547004e-04 1.591547004e-04 1.591547004e-04 1.591547004e-04

4.780400034e-18 4.780400034e-18 4.780400034e-18 4.780400034e-18 4.780400034e-18 4.780400034e-18
4.780400034e-18 4.780400034e-18 0.000000000e+00 4.780400034e-18 4.780400034e-18 4.780400034e-18
6.348841455e-03 0.000000000e+00 0.000000000e+00 0.000000000e+00 4.780400034e-18 9.929972090e-01
0.000000000e+00 0.000000000e+00 0.000000000e+00 0.000000000e+00 0.000000000e+00 4.780400034e-18
4.780400034e-18 4.780400034e-18 0.000000000e+00 4.780400034e-18 6.539495259e-04 4.780400034e-18
4.780400034e-18 4.780400034e-18 4.780400034e-18 4.780400034e-18 4.780400034e-18 4.780400034e-18

