6.407674201e-18 6.407674201e-18 6.407674201e-18 6.407674201e-18 6.407674201e-18 6.407674201e-18
1.380491558e-04 1.580487800e-02 7.424147874e-01 6.407674201e-18 1.344361336e-02 6.407674201e-18
6.407674201e-18 1.380491558e-04 2.013336773e-01 8.765575007e-04 1.380491558e-04 6.407674201e-18
6.407674201e-18 2.015422684e-02 0.000000000e+00 4.658053470e-03 3.478620747e-04 6.407674201e-18
1.380491558e-04 6.407674201e-18 1.380491558e-04 1.380491558e-04 6.407674201e-18 6.407674201e-18
6.407674201e-18 1.380491558e-04 6.407674201e-18 6.407674201e-18 6.407674201e-18 6.407674201e-18

4.269095426e-03 4.397295081e-04 7.550469462e-04 1.902599082e-03 1.902599082e-03 2.336736106e-03
4.397295081e-04 3.645498481e-01 1.113996715e-01 0.000000000e+00 2.151532519e-02 1.699395801e-02
2.792108335e-03 1.275652234e-02 4.255183064e-01 1.745067709e-04 1.745067709e-04 1.745067709e-04
4.397295081e-04 1.745067709e-04 0.000000000e+00 0.000000000e+00 4.397295081e-04 7.550469462e-04
3.266898401e-03 4.397295081e-04 4.397295081e-04 1.745067709e-04 4.397295081e-04 1.745067709e-04
4.397295081e-04 1.108048927e-03 4.397295081e-04 2.229412394e-02 4.397295081e-04 4.397295081e-04

4.280810523e-04 1.698840782e-04 1.078696658e-03 1.698840782e-04 7.350457162e-04 1.698840782e-04
1.698840782e-04 1.084486889e-01 9.222726691e-03 0.000000000e+00 1.452488437e-03 4.280810523e-04
3.842829679e-01 1.698840782e-04 0.000000000e+00 1.698840782e-04 1.698840782e-04 1.698840782e-04
4.280810523e-04 0.000000000e+00 0.000000000e+00 0.000000000e+00 1.698840782e-04 1.270381209e-01
4.280810523e-04 2.274835854e-03 4.280810523e-04 1.698840782e-04 2.094538319e-02 1.698840782e-04
1.698840782e-04 1.698840782e-04 1.698840782e-04 3.396624952e-01 1.698840782e-04 1.698840782e-04

1.382935681e-03 1.268431392e-04 8.054037301e-04 1.268431392e-04 5.488183889e-04 1.268431392e-04
1.268431392e-04 0.000000000e+00 1.268431392e-04 0.000000000e+00 1.268431392e-04 5.488183889e-04
1.746136673e-01 1.268431392e-04 0.000000000e+00 1.268431392e-04 1.268431392e-04 1.268431392e-04
1.268431392e-04 0.000000000e+00 0.000000000e+00 0.000000000e+00 1.268431392e-04 4.692331220e-03
5.488183889e-04 1.268431392e-04 0.000000000e+00 1.268431392e-04 3.196246821e-04 1.268431392e-04
1.268431392e-04 1.268431392e-04 1.268431392e-04 8.140027194e-01 1.268431392e-04 1.268431392e-04

