6.468507115e-18 1.393597612e-04 6.468507115e-18 3.409266678e-03 1.393597612e-04 6.468507115e-18
1.393597612e-04 6.468507115e-18 1.393597612e-04 5.208299632e-02 8.848793262e-04 1.393597612e-04
1.393597612e-04 6.468507115e-18 7.750300650e-01 6.468507115e-18 1.458459893e-01 7.565611817e-03
1.393597612e-04 6.468507115e-18 1.866099430e-03 1.073417136e-02 3.511645933e-04 1.393597612e-04
1.393597612e-04 6.468507115e-18 6.468507115e-18 1.393597612e-04 6.468507115e-18 6.468507115e-18
1.393597612e-04 1.393597612e-04 1.393597612e-04 1.393597612e-04 1.393597612e-04 1.393597612e-04

7.609425341e-18 7.609425341e-18 1.639400993e-04 7.609425341e-18 7.609425341e-18 7.609425341e-18
7.609425341e-18 7.609425341e-18 4.292002579e-01 2.762440028e-01 7.609425341e-18 1.639400993e-04
1.010606533e-02 1.364983677e-01 7.609425341e-18 0.000000000e+00 3.263771055e-02 1.639400993e-04
7.609425341e-18 7.609425341e-18 1.146578353e-01 0.000000000e+00 7.609425341e-18 7.609425341e-18
7.609425341e-18 7.609425341e-18 1.639400993e-04 7.609425341e-18 7.609425341e-18 7.609425341e-18
7.609425341e-18 7.609425341e-18 7.609425341e-18 7.609425341e-18 7.609425341e-18 7.609425341e-18

4.838408242e-18 4.838408242e-18 4.838408242e-18 4.838408242e-18 4.838408242e-18 4.838408242e-18
4.838408242e-18 4.838408242e-18 4.838408242e-18 2.245790167e-03 4.838408242e-18 4.838408242e-18
4.838408242e-18 1.042403456e-04 0.000000000e+00 0.000000000e+00 9.899257137e-01 7.620015490e-03
4.838408242e-18 4.838408242e-18 0.000000000e+00 0.000000000e+00 4.838408242e-18 4.838408242e-18
4.838408242e-18 4.838408242e-18 4.838408242e-18 1.042403456e-04 4.838408242e-18 4.838408242e-18
4.838408242e-18 4.838408242e-18 4.838408242e-18 4.838408242e-18 4.838408242e-18 4.838408242e-18

1.826819265e-04 1.826819265e-04 5.018846475e-03 1.826819265e-04 1.826819265e-04 1.826819265e-04
1.826819265e-04 1.826819265e-04 3.728669835e-02 1.639912641e-01 1.826819265e-04 1.826819265e-04
4.469090642e-03 1.733898736e-01 0.000000000e+00 0.000000000e+00 3.442312498e-01 2.396831890e-01
1.264670064e-02 0.000000000e+00 0.000000000e+00 0.000000000e+00 0.000000000e+00 1.826819265e-04
1.826819265e-04 1.826819265e-04 1.826819265e-04 3.935762797e-03 5.584102558e-03 1.826819265e-04
1.826819265e-04 3.935762797e-03 1.561908501e-03 1.159957929e-03 1.826819265e-04 1.826819265e-04

4.158644855e-04 4.037402859e-03 2.209916643e-03 7.140689993e-04 4.158644855e-04 1.650359304e-04
1.650359304e-04 2.409411024e-02 6.724686987e-01 5.568640994e-03 1.650359304e-04 1.650359304e-04
1.409682436e-01 1.047912838e-03 0.000000000e+00 0.000000000e+00 3.535866629e-02 4.580614283e-02
0.000000000e+00 0.000000000e+00 0.000000000e+00 0.000000000e+00 0.000000000e+00 4.158644855e-04
4.158644855e-04 5.406291678e-02 0.000000000e+00 4.158644855e-04 1.047912838e-03 1.650359304e-04
7.140689993e-04 5.568640994e-03 1.650359304e-04 1.047912838e-03 1.799341126e-03 4.158644855e-04

5.629359321e-18 5.629359321e-18 5.629359321e-18 5.629359321e-18 5.629359321e-18 5.629359321e-18
5.629359321e-18 5.629359321e-18 0.000000000e+00 5.629359321e-18 2.242802931e-01 5.629359321e-18
3.056086423e-04 0.000000000e+00 0.000000000e+00 0.000000000e+00 5.629359321e-18 7.754140983e-01
0.000000000e+00 0.000000000e+00 0.000000000e+00 0.000000000e+00 0.000000000e+00 5.629359321e-18
5.629359321e-18 5.629359321e-18 0.000000000e+00 5.629359321e-18 5.629359321e-18 5.629359321e-18
5.629359321e-18 5.629359321e-18 5.629359321e-18 5.629359321e-18 5.629359321e-18 5.629359321e-18

