1.544289600e-04 1.544289600e-04 1.544289600e-04 1.544289600e-04 1.544289600e-04 1.544289600e-04
1.544289600e-04 3.891365947e-04 1.320349035e-03 2.226810308e-01 1.544289600e-04 1.544289600e-04
1.544289600e-04 6.681753034e-04 1.768015789e-02 7.284930620e-03 1.250874575e-02 1.544289600e-04
1.544289600e-04 6.590332248e-01 6.320973015e-02 0.000000000e+00 3.891365947e-04 6.681753034e-04
1.544289600e-04 1.544289600e-04 2.470863359e-03 1.544289600e-04 1.544289600e-04 3.891365947e-04
1.544289600e-04 1.544289600e-04 1.544289600e-04 7.829491335e-03 3.891365947e-04 1.544289600e-04

1.370590950e-04 1.370590950e-04 1.370590950e-04 1.370590950e-04 1.370590950e-04 1.370590950e-04
1.370590950e-04 1.370590950e-04 1.370590950e-04 2.565849657e-03 1.370590950e-04 1.370590950e-04
4.189533457e-03 2.124078017e-01 0.000000000e+00 1.370590950e-04 0.000000000e+00 1.370590950e-04
1.370590950e-04 1.370590950e-04 7.339621049e-01 0.000000000e+00 5.930202627e-04 1.370590950e-04
1.370590950e-04 1.370590950e-04 4.258109443e-02 1.370590950e-04 1.370590950e-04 1.370590950e-04
1.370590950e-04 1.370590950e-04 1.370590950e-04 1.370590950e-04 1.370590950e-04 1.370590950e-04

1.584403304e-04 1.584403304e-04 1.584403304e-04 1.584403304e-04 1.584403304e-04 1.584403304e-04
1.584403304e-04 1.584403304e-04 1.584403304e-04 5.461589504e-02 1.584403304e-04 2.966122513e-03
3.833756565e-01 3.745116542e-01 0.000000000e+00 0.000000000e+00 0.000000000e+00 1.584403304e-04
1.584403304e-04 1.791617191e-01 1.584403304e-04 0.000000000e+00 1.584403304e-04 1.584403304e-04
1.584403304e-04 6.855314951e-04 0.000000000e+00 1.584403304e-04 3.992446147e-04 1.584403304e-04
1.584403304e-04 1.584403304e-04 3.992446147e-04 3.992446147e-04 1.584403304e-04 1.584403304e-04

