1.337107289e-04 1.337107289e-04 1.083056904e-02 1.337107289e-04 1.337107289e-04 1.337107289e-04
1.337107289e-04 1.337107289e-04 7.564442199e-02 8.490102071e-04 6.206302263e-18 1.337107289e-04
4.511666306e-03 3.422994661e-02 6.206302263e-18 8.596708129e-01 1.337107289e-04 1.337107289e-04
1.337107289e-04 5.785327241e-04 8.745877118e-03 3.369299240e-04 6.206302263e-18 1.337107289e-04
1.337107289e-04 6.206302263e-18 1.337107289e-04 6.206302263e-18 6.206302263e-18 3.369299240e-04
6.206302263e-18 8.490102071e-04 1.337107289e-04 1.143210651e-03 1.337107289e-04 1.337107289e-04

7.376071990e-18 1.589126537e-04 1.589126537e-04 1.589126537e-04 7.376071990e-18 7.376071990e-18
1.732580733e-03 7.376071990e-18 1.614451928e-02 4.481668885e-01 7.376071990e-18 7.376071990e-18
7.376071990e-18 0.000000000e+00 0.000000000e+00 7.376071990e-18 2.436201797e-01 4.004347951e-04
1.589126537e-04 4.004347951e-04 6.220166973e-02 2.265387292e-01 7.376071990e-18 7.376071990e-18
7.376071990e-18 7.376071990e-18 1.589126537e-04 7.376071990e-18 7.376071990e-18 7.376071990e-18
7.376071990e-18 7.376071990e-18 7.376071990e-18 7.376071990e-18 7.376071990e-18 7.376071990e-18

5.971021527e-18 1.286417591e-04 1.286417591e-04 5.971021527e-18 5.971021527e-18 5.971021527e-18
1.286417591e-04 5.971021527e-18 5.971021527e-02 2.821944347e-02 5.971021527e-18 5.971021527e-18
1.286417591e-04 0.000000000e+00 0.000000000e+00 0.000000000e+00 8.719189288e-01 1.286417591e-04
3.241569205e-04 0.000000000e+00 1.586052659e-02 2.306623666e-02 5.971021527e-18 5.971021527e-18
5.971021527e-18 5.971021527e-18 1.286417591e-04 5.971021527e-18 5.971021527e-18 5.971021527e-18
5.971021527e-18 5.971021527e-18 5.971021527e-18 5.971021527e-18 1.286417591e-04 5.971021527e-18

3.113204315e-04 5.345593978e-04 7.844783297e-04 3.113204315e-04 5.345593978e-04 3.113204315e-04
5.345593978e-04 0.000000000e+00 2.036313959e-02 3.776522697e-03 1.235475951e-04 5.345593978e-04
3.022441309e-03 0.000000000e+00 0.000000000e+00 0.000000000e+00 3.022441309e-03 1.056317079e-03
3.113204315e-04 0.000000000e+00 0.000000000e+00 1.414463316e-02 1.235475951e-04 3.113204315e-04
3.113204315e-04 9.436197848e-01 1.976761522e-03 1.235475951e-04 5.345593978e-04 3.113204315e-04
5.345593978e-04 3.113204315e-04 5.345593978e-04 7.844783297e-04 3.113204315e-04 5.345593978e-04

