6.013231718e-18 3.264484422e-04 2.072818402e-03 7.077488910e-02 5.605352718e-04 6.013231718e-18
1.295511501e-04 1.295511501e-04 5.662912285e-03 6.013231718e-18 4.765922629e-02 3.264484422e-04
1.295511501e-04 6.013231718e-18 8.225985279e-04 8.671287104e-01 3.264484422e-04 1.412460376e-03
1.107646753e-03 6.013231718e-18 6.013231718e-18 1.295511501e-04 6.013231718e-18 3.264484422e-04
3.264484422e-04 6.013231718e-18 6.013231718e-18 6.013231718e-18 1.295511501e-04 1.295511501e-04
6.013231718e-18 1.295511501e-04 1.295511501e-04 1.295511501e-04 6.013231718e-18 6.013231718e-18

5.926287367e-18 5.926287367e-18 5.926287367e-18 8.224090749e-01 5.926287367e-18 5.926287367e-18
5.926287367e-18 5.926287367e-18 1.243364028e-02 0.000000000e+00 1.345896544e-01 5.926287367e-18
5.926287367e-18 5.926287367e-18 0.000000000e+00 5.926287367e-18 3.217283766e-04 1.276779909e-04
5.926287367e-18 5.926287367e-18 1.276779909e-04 2.999054610e-02 5.926287367e-18 5.926287367e-18
5.926287367e-18 5.926287367e-18 5.926287367e-18 5.926287367e-18 5.926287367e-18 5.926287367e-18
5.926287367e-18 5.926287367e-18 5.926287367e-18 5.926287367e-18 5.926287367e-18 5.926287367e-18

5.583605036e-18 5.583605036e-18 5.583605036e-18 7.921447098e-01 5.583605036e-18 5.583605036e-18
5.583605036e-18 5.583605036e-18 5.583605036e-18 0.000000000e+00 2.078552902e-01 5.583605036e-18
5.583605036e-18 5.583605036e-18 0.000000000e+00 0.000000000e+00 5.583605036e-18 5.583605036e-18
5.583605036e-18 5.583605036e-18 0.000000000e+00 5.583605036e-18 5.583605036e-18 5.583605036e-18
5.583605036e-18 5.583605036e-18 5.583605036e-18 5.583605036e-18 5.583605036e-18 5.583605036e-18
5.583605036e-18 5.583605036e-18 5.583605036e-18 5.583605036e-18 5.583605036e-18 5.583605036e-18

4.647784847e-18 4.647784847e-18 4.647784847e-18 1.000000000e+00 4.647784847e-18 4.647784847e-18
4.647784847e-18 4.647784847e-18 0.000000000e+00 0.000000000e+00 4.647784847e-18 4.647784847e-18
4.647784847e-18 4.647784847e-18 0.000000000e+00 0.000000000e+00 4.647784847e-18 4.647784847e-18
4.647784847e-18 0.000000000e+00 0.000000000e+00 4.647784847e-18 4.647784847e-18 4.647784847e-18
4.647784847e-18 4.647784847e-18 4.647784847e-18 4.647784847e-18 4.647784847e-18 4.647784847e-18
4.647784847e-18 4.647784847e-18 4.647784847e-18 4.647784847e-18 4.647784847e-18 4.647784847e-18

