1.057116728e-17 5.588713731e-02 2.807966425e-02 5.738912537e-04 2.508581227e-02 1.057116728e-17
6.961680399e-03 2.508581227e-02 1.799028194e-01 1.071235057e-01 1.057116728e-17 5.588713731e-02
1.057116728e-17 0.000000000e+00 1.057116728e-17 1.348024979e-01 1.057116728e-17 7.850721919e-02
5.738912537e-04 7.203407156e-02 1.423430593e-01 7.850721919e-02 1.057116728e-17 1.057116728e-17
1.057116728e-17 1.057116728e-17 2.277488950e-04 1.057116728e-17 1.057116728e-17 5.738912537e-04
1.057116728e-17 1.446115342e-03 5.738912537e-04 4.263631129e-03 9.854122377e-04 5.738912537e-04

4.258498747e-03 1.533485369e-01 7.312146252e-03 1.255075482e-03 2.646796655e-03 9.174657428e-18
4.258498747e-03 9.174657428e-18 0.000000000e+00 3.935117306e-02 4.980770350e-04 1.689986348e-03
1.292886216e-02 0.000000000e+00 0.000000000e+00 1.156962117e-01 1.255075482e-03 2.155054169e-03
9.174657428e-18 1.315078219e-01 3.846626486e-01 1.196014096e-01 9.174657428e-18 3.162592037e-03
1.255075482e-03 9.174657428e-18 1.689986348e-03 9.174657428e-18 9.174657428e-18 2.155054169e-03
9.174657428e-18 2.646796655e-03 9.174657428e-18 2.646796655e-03 3.162592037e-03 8.552338138e-04

4.049829676e-04 1.454483135e-01 3.008754666e-03 2.152091923e-03 4.049829676e-04 6.953846566e-04
2.152091923e-03 0.000000000e+00 0.000000000e+00 5.945455182e-03 7.459850046e-18 6.953846566e-04
1.135074029e-01 0.000000000e+00 0.000000000e+00 6.634472572e-01 7.459850046e-18 4.049829676e-04
4.049829676e-04 7.459850046e-18 0.000000000e+00 8.725093543e-03 7.459850046e-18 1.020493132e-03
3.859252649e-02 1.374116127e-03 3.462555667e-03 1.607175972e-04 4.049829676e-04 1.374116127e-03
7.459850046e-18 3.008754666e-03 4.049829676e-04 1.020493132e-03 1.374116127e-03 4.049829676e-04

2.128592981e-03 9.618522088e-02 1.733126407e-03 1.733126407e-03 4.005609115e-04 6.877916706e-04
3.888828754e-03 0.000000000e+00 0.000000000e+00 5.546721700e-01 4.005609115e-04 4.005609115e-04
2.128592981e-03 0.000000000e+00 0.000000000e+00 3.093513860e-01 6.877916706e-04 6.877916706e-04
2.975901724e-03 0.000000000e+00 0.000000000e+00 6.877916706e-04 0.000000000e+00 1.589627031e-04
1.733126407e-03 6.877916706e-04 1.039758199e-02 4.005609115e-04 4.005609115e-04 1.359111993e-03
1.359111993e-03 1.359111993e-03 6.877916706e-04 1.009350248e-03 1.009350248e-03 6.877916706e-04

5.734412363e-18 5.734412363e-18 5.734412363e-18 5.734412363e-18 5.734412363e-18 5.734412363e-18
5.734412363e-18 0.000000000e+00 0.000000000e+00 6.999061801e-01 5.734412363e-18 5.734412363e-18
5.734412363e-18 0.000000000e+00 0.000000000e+00 5.734412363e-18 3.000938199e-01 5.734412363e-18
5.734412363e-18 0.000000000e+00 0.000000000e+00 0.000000000e+00 0.000000000e+00 5.734412363e-18
5.734412363e-18 5.734412363e-18 5.734412363e-18 5.734412363e-18 5.734412363e-18 0.000000000e+00
5.734412363e-18 5.734412363e-18 5.734412363e-18 5.734412363e-18 5.734412363e-18 5.734412363e-18

1.721852140e-04 3.514424363e-02 3.256537543e-02 7.071078762e-01 4.338795511e-04 7.992129663e-18
2.754963423e-03 0.000000000e+00 0.000000000e+00 7.992129663e-18 1.721852140e-04 7.992129663e-18
1.126245242e-02 0.000000000e+00 0.000000000e+00 0.000000000e+00 0.000000000e+00 3.954866882e-02
5.809872059e-03 0.000000000e+00 0.000000000e+00 0.000000000e+00 0.000000000e+00 1.721852140e-04
1.605058481e-02 1.394700233e-02 1.822556950e-02 3.954866882e-02 1.721852140e-04 0.000000000e+00
7.992129663e-18 5.253229020e-02 1.822556950e-02 5.809872059e-03 1.721852140e-04 1.721852140e-04

