6.878320240e-18 1.266997421e-03 1.481889174e-04 2.371022678e-03 6.411762071e-04 6.878320240e-18
1.481889174e-04 1.893188484e-02 1.481889174e-04 1.481889174e-04 6.878320240e-18 1.481889174e-04
6.038225019e-01 6.878320240e-18 3.082359908e-01 3.734126727e-04 6.878320240e-18 1.481889174e-04
1.481889174e-04 8.585681722e-03 5.193527278e-02 0.000000000e+00 6.878320240e-18 3.734126727e-04
3.734126727e-04 1.481889174e-04 1.481889174e-04 3.734126727e-04 1.481889174e-04 1.481889174e-04
1.481889174e-04 6.878320240e-18 1.481889174e-04 6.411762071e-04 1.481889174e-04 6.878320240e-18

8.617671198e-18 8.758302209e-03 8.617671198e-18 3.475734535e-03 2.970593564e-03 8.617671198e-18
8.617671198e-18 2.970872051e-01 1.285301187e-02 2.024222527e-03 8.617671198e-18 8.617671198e-18
3.828410410e-01 0.000000000e+00 8.617671198e-18 0.000000000e+00 8.617671198e-18 2.970593564e-03
8.617671198e-18 1.362538356e-01 8.732764560e-02 0.000000000e+00 4.541996899e-03 8.617671198e-18
1.808029497e-02 8.617671198e-18 1.856620978e-04 6.264608961e-03 8.617671198e-18 8.617671198e-18
1.886209339e-02 8.617671198e-18 8.617671198e-18 3.475734535e-03 7.485426724e-03 4.541996899e-03

1.659101939e-03 5.331156027e-03 2.598426590e-03 1.940497400e-04 2.221623484e-02 4.747190341e-03
8.396044624e-04 1.657508819e-01 2.221623484e-02 0.000000000e+00 4.889747043e-04 2.598426590e-03
4.713547235e-01 0.000000000e+00 0.000000000e+00 0.000000000e+00 1.010372993e-01 3.104795840e-03
8.396044624e-04 1.464636056e-01 1.418512204e-02 0.000000000e+00 1.659101939e-03 1.659101939e-03
3.104795840e-03 4.889747043e-04 1.940497400e-04 3.104795840e-03 2.598426590e-03 1.232139046e-03
3.632757525e-03 2.598426590e-03 4.889747043e-04 9.838250276e-03 1.659101939e-03 2.115670671e-03

