5.622379495e-18 1.320652293e-03 2.231242781e-02 7.691306960e-04 2.609677388e-03 1.211304943e-04
3.327835247e-03 3.327835247e-03 5.622379495e-18 1.386790576e-02 1.211304943e-04 1.211304943e-04
7.691306960e-04 3.052297190e-04 9.448385674e-01 1.938087908e-03 1.211304943e-04 1.211304943e-04
3.052297190e-04 1.211304943e-04 3.052297190e-04 1.211304943e-04 5.622379495e-18 2.267654234e-03
5.241012099e-04 5.622379495e-18 5.622379495e-18 5.622379495e-18 5.622379495e-18 1.211304943e-04
5.622379495e-18 5.622379495e-18 1.211304943e-04 1.211304943e-04 5.622379495e-18 5.622379495e-18

6.609708683e-18 6.609708683e-18 1.533649502e-01 7.730762174e-03 3.588301938e-04 6.609708683e-18
6.609708683e-18 1.195863975e-01 0.000000000e+00 6.609708683e-18 1.692722056e-02 6.609708683e-18
6.609708683e-18 6.609708683e-18 6.998953698e-01 0.000000000e+00 6.161370503e-04 6.161370503e-04
6.609708683e-18 6.609708683e-18 9.041954291e-04 6.609708683e-18 6.609708683e-18 6.609708683e-18
6.609708683e-18 6.609708683e-18 6.609708683e-18 6.609708683e-18 6.609708683e-18 6.609708683e-18
6.609708683e-18 6.609708683e-18 6.609708683e-18 6.609708683e-18 6.609708683e-18 6.609708683e-18

5.003529226e-18 5.003529226e-18 5.003529226e-18 9.673515584e-01 5.003529226e-18 5.003529226e-18
5.003529226e-18 6.844731700e-04 0.000000000e+00 0.000000000e+00 5.003529226e-18 2.716333576e-04
5.003529226e-18 5.003529226e-18 0.000000000e+00 0.000000000e+00 3.169233509e-02 5.003529226e-18
5.003529226e-18 5.003529226e-18 5.003529226e-18 5.003529226e-18 5.003529226e-18 5.003529226e-18
5.003529226e-18 5.003529226e-18 5.003529226e-18 5.003529226e-18 5.003529226e-18 5.003529226e-18
5.003529226e-18 5.003529226e-18 5.003529226e-18 5.003529226e-18 5.003529226e-18 5.003529226e-18

7.475600394e-18 1.636236398e-02 5.367502003e-02 7.475600394e-18 1.759209437e-01 7.475600394e-18
7.475600394e-18 1.445787755e-01 0.000000000e+00 0.000000000e+00 0.000000000e+00 5.406267503e-01
7.475600394e-18 7.475600394e-18 0.000000000e+00 0.000000000e+00 0.000000000e+00 7.475600394e-18
7.475600394e-18 7.475600394e-18 7.475600394e-18 6.883614642e-02 7.475600394e-18 7.475600394e-18
7.475600394e-18 7.475600394e-18 7.475600394e-18 7.475600394e-18 7.475600394e-18 7.475600394e-18
7.475600394e-18 7.475600394e-18 7.475600394e-18 7.475600394e-18 7.475600394e-18 7.475600394e-18

