5.639409848e-18 5.639409848e-18 5.639409848e-18 5.639409848e-18 5.639409848e-18 5.639409848e-18
5.639409848e-18 0.000000000e+00 5.639409848e-18 3.061542688e-04 5.639409848e-18 5.639409848e-18
5.639409848e-18 1.033025479e-02 8.932938175e-01 8.001255304e-02 5.639409848e-18 5.639409848e-18
5.639409848e-18 5.639409848e-18 3.713853727e-03 1.234336665e-02 5.639409848e-18 5.639409848e-18
5.639409848e-18 5.639409848e-18 5.639409848e-18 5.639409848e-18 5.639409848e-18 5.639409848e-18
5.639409848e-18 5.639409848e-18 5.639409848e-18 5.639409848e-18 5.639409848e-18 5.639409848e-18

4.779542922e-18 4.779542922e-18 4.779542922e-18 4.779542922e-18 4.779542922e-18 4.779542922e-18
4.779542922e-18 0.000000000e+00 0.000000000e+00 4.779542922e-18 4.779542922e-18 4.779542922e-18
4.779542922e-18 0.000000000e+00 4.779542922e-18 4.455345340e-04 4.779542922e-18 4.779542922e-18
4.779542922e-18 6.735297976e-03 9.928191675e-01 4.779542922e-18 4.779542922e-18 4.779542922e-18
4.779542922e-18 4.779542922e-18 4.779542922e-18 4.779542922e-18 4.779542922e-18 4.779542922e-18
4.779542922e-18 4.779542922e-18 4.779542922e-18 4.779542922e-18 4.779542922e-18 4.779542922e-18

6.073707972e-18 1.308540715e-04 1.308540715e-04 6.073707972e-18 6.073707972e-18 6.073707972e-18
6.073707972e-18 0.000000000e+00 0.000000000e+00 2.651326204e-01 6.073707972e-18 6.073707972e-18
6.073707972e-18 0.000000000e+00 0.000000000e+00 1.118786574e-03 6.073707972e-18 6.073707972e-18
6.073707972e-18 0.000000000e+00 7.126991662e-01 1.308540715e-04 1.308540715e-04 6.073707972e-18
6.073707972e-18 8.066481609e-03 1.219782074e-02 6.073707972e-18 1.308540715e-04 6.073707972e-18
6.073707972e-18 1.308540715e-04 6.073707972e-18 6.073707972e-18 6.073707972e-18 6.073707972e-18

5.324653401e-18 2.890666599e-04 7.284023392e-04 5.324653401e-18 5.324653401e-18 5.324653401e-18
5.324653401e-18 0.000000000e+00 0.000000000e+00 1.147161800e-04 5.324653401e-18 5.324653401e-18
0.000000000e+00 0.000000000e+00 0.000000000e+00 9.323730165e-01 5.324653401e-18 5.324653401e-18
0.000000000e+00 0.000000000e+00 5.324653401e-18 5.324653401e-18 5.324653401e-18 5.324653401e-18
5.324653401e-18 1.313354811e-02 5.324653401e-02 5.324653401e-18 5.324653401e-18 5.324653401e-18
5.324653401e-18 5.324653401e-18 1.147161800e-04 5.324653401e-18 5.324653401e-18 5.324653401e-18

