7.908028948e-18 7.908028948e-18 7.908028948e-18 7.908028948e-18 7.908028948e-18 7.908028948e-18
7.908028948e-18 6.302651045e-03 7.908028948e-18 2.569342920e-01 2.281387042e-03 7.908028948e-18
7.908028948e-18 1.456671387e-03 1.064833243e-01 1.121999647e-01 7.908028948e-18 7.908028948e-18
7.908028948e-18 7.908028948e-18 3.963948406e-01 1.156654819e-01 2.281387042e-03 7.908028948e-18
7.908028948e-18 7.908028948e-18 7.908028948e-18 7.908028948e-18 7.908028948e-18 7.908028948e-18
7.908028948e-18 7.908028948e-18 7.908028948e-18 7.908028948e-18 7.908028948e-18 7.908028948e-18

6.701810870e-18 6.701810870e-18 6.701810870e-18 6.701810870e-18 6.701810870e-18 6.701810870e-18
3.966740853e-03 1.019732491e-01 0.000000000e+00 6.701810870e-18 5.082535659e-01 6.701810870e-18
6.701810870e-18 6.701810870e-18 3.711377268e-01 0.000000000e+00 6.701810870e-18 6.701810870e-18
6.701810870e-18 6.701810870e-18 1.466871730e-02 6.701810870e-18 6.701810870e-18 6.701810870e-18
6.701810870e-18 6.701810870e-18 6.701810870e-18 6.701810870e-18 6.701810870e-18 6.701810870e-18
6.701810870e-18 6.701810870e-18 6.701810870e-18 6.701810870e-18 6.701810870e-18 6.701810870e-18

7.013213483e-18 7.013213483e-18 7.013213483e-18 7.013213483e-18 7.013213483e-18 7.013213483e-18
6.091772873e-03 4.903900689e-01 0.000000000e+00 0.000000000e+00 7.013213483e-18 6.919860167e-02
7.013213483e-18 3.307123120e-01 0.000000000e+00 0.000000000e+00 1.036072445e-01 7.013213483e-18
7.013213483e-18 7.013213483e-18 7.013213483e-18 7.013213483e-18 7.013213483e-18 7.013213483e-18
7.013213483e-18 7.013213483e-18 7.013213483e-18 7.013213483e-18 7.013213483e-18 7.013213483e-18
7.013213483e-18 7.013213483e-18 7.013213483e-18 7.013213483e-18 7.013213483e-18 7.013213483e-18

6.132152257e-18 6.132152257e-18 6.132152257e-18 6.132152257e-18 6.132152257e-18 6.132152257e-18
6.132152257e-18 1.524637216e-01 0.000000000e+00 0.000000000e+00 0.000000000e+00 7.622373907e-01
6.132152257e-18 7.906666545e-02 0.000000000e+00 0.000000000e+00 0.000000000e+00 6.232222305e-03
6.132152257e-18 6.132152257e-18 6.132152257e-18 6.132152257e-18 6.132152257e-18 6.132152257e-18
6.132152257e-18 6.132152257e-18 6.132152257e-18 6.132152257e-18 6.132152257e-18 6.132152257e-18
6.132152257e-18 6.132152257e-18 6.132152257e-18 6.132152257e-18 6.132152257e-18 6.132152257e-18

