2.455312879e-03 7.933615123e-04 7.933615123e-04 7.933615123e-04 1.833620497e-04 1.164276443e-03
5.675972083e-01 8.510912425e-18 1.833620497e-04 1.833620497e-04 8.510912425e-18 1.833620497e-04
1.062352183e-02 4.620434124e-04 6.006623654e-02 7.836941289e-02 2.933792796e-03 4.620434124e-04
1.164276443e-03 6.110858938e-02 8.510912425e-18 0.000000000e+00 1.833620497e-04 1.833620497e-04
4.620434124e-04 1.709245564e-02 9.781529299e-02 8.510912425e-02 2.455312879e-03 1.833620497e-04
1.833620497e-04 4.620434124e-04 3.432675900e-03 4.620434124e-04 2.455312879e-03 8.510912425e-18

4.943746849e-04 4.226844099e-03 3.139083579e-03 1.677424192e-03 4.799615826e-03 4.799615826e-03
7.909994958e-03 1.961927237e-04 1.961927237e-04 2.139035031e-03 1.961927237e-04 7.257792962e-03
3.672875797e-03 3.905866446e-02 3.710591379e-02 3.672875797e-03 8.488766144e-04 3.139083579e-03
5.997091838e-03 3.140264634e-02 0.000000000e+00 0.000000000e+00 4.943746849e-04 1.245746144e-03
1.065097971e-02 1.226204523e-01 0.000000000e+00 5.724491377e-01 3.672875797e-03 2.139035031e-03
8.575934558e-03 1.961927237e-04 9.842166706e-02 1.511172449e-02 1.245746144e-03 1.245746144e-03

1.471376324e-04 1.471376324e-04 9.342657295e-04 4.042333041e-03 1.133326109e-02 3.152398649e-02
1.471376324e-04 1.471376324e-04 1.471376324e-04 1.604200930e-03 9.342657295e-04 1.471376324e-04
1.471376324e-04 1.471376324e-04 1.879757785e-02 4.497607645e-03 0.000000000e+00 8.591962641e-01
1.471376324e-04 1.557431723e-02 0.000000000e+00 0.000000000e+00 6.366275611e-04 5.932217607e-03
1.604200930e-03 1.251030233e-02 0.000000000e+00 9.070279523e-03 1.258009061e-03 1.471376324e-04
5.932217607e-03 0.000000000e+00 1.191814822e-02 9.342657295e-04 1.471376324e-04 1.471376324e-04

2.475964833e-03 2.870718574e-01 1.941643428e-03 2.475964833e-03 3.633535888e-03 2.022054905e-01
5.098551332e-02 2.270959930e-04 1.232866728e-02 1.650872446e-01 2.475964833e-03 0.000000000e+00
6.239040423e-03 2.307151477e-02 0.000000000e+00 2.501389721e-02 0.000000000e+00 4.251408312e-03
1.941643428e-03 5.216094933e-02 0.000000000e+00 0.000000000e+00 4.251408312e-03 1.749204565e-02
6.941722916e-03 1.749204565e-02 0.000000000e+00 1.071287765e-02 4.251408312e-03 1.941643428e-03
3.040933046e-03 0.000000000e+00 6.551491644e-02 1.930872126e-02 5.722460439e-04 4.892634853e-03

3.832629941e-02 3.698745002e-02 3.698745002e-02 3.698745002e-02 3.698745002e-02 3.698745002e-02
3.698745002e-02 0.000000000e+00 3.698745002e-02 3.698745002e-02 3.698745002e-02 0.000000000e+00
3.698745002e-02 3.698745002e-02 0.000000000e+00 0.000000000e+00 0.000000000e+00 3.698745002e-02
3.698745002e-02 3.698745002e-02 0.000000000e+00 0.000000000e+00 3.698745002e-02 3.698745002e-02
3.698745002e-02 3.698745002e-02 0.000000000e+00 3.698745002e-02 3.698745002e-02 3.698745002e-02
3.698745002e-02 0.000000000e+00 3.698745002e-02 3.698745002e-02 3.698745002e-02 3.698745002e-02

