7.629586269e-18 7.629586269e-18 7.629586269e-18 7.629586269e-18 7.629586269e-18 7.629586269e-18
7.629586269e-18 1.643744533e-04 6.080733921e-03 4.141976675e-04 1.043712720e-03 7.629586269e-18
7.629586269e-18 2.397270229e-01 6.629656096e-02 3.582794499e-01 7.112069539e-04 7.629586269e-18
7.629586269e-18 4.141976675e-04 7.629586269e-18 0.000000000e+00 1.643744533e-04 7.629586269e-18
7.629586269e-18 1.643744533e-04 2.173971255e-02 3.039716861e-01 4.141976675e-04 7.629586269e-18
7.629586269e-18 7.629586269e-18 7.629586269e-18 7.629586269e-18 4.141976675e-04 7.629586269e-18

6.089196171e-18 6.089196171e-18 6.089196171e-18 6.089196171e-18 6.089196171e-18 1.311877547e-04
6.089196171e-18 1.311877547e-04 1.311877547e-04 1.311877547e-04 1.311877547e-04 6.089196171e-18
6.089196171e-18 2.099004074e-03 1.756672027e-03 7.998810719e-01 8.580852043e-03 6.089196171e-18
6.089196171e-18 3.305724272e-04 0.000000000e+00 0.000000000e+00 1.311877547e-04 6.089196171e-18
6.089196171e-18 2.416499102e-02 0.000000000e+00 1.616755743e-01 6.089196171e-18 1.311877547e-04
1.311877547e-04 6.089196171e-18 6.089196171e-18 3.305724272e-04 1.311877547e-04 6.089196171e-18

1.535705762e-04 1.535705762e-04 6.644612926e-04 1.535705762e-04 1.535705762e-04 6.644612926e-04
1.535705762e-04 1.535705762e-04 3.869736032e-04 9.751123768e-04 1.105760522e-01 1.535705762e-04
3.869736032e-04 1.313009957e-03 1.004488869e-02 8.588259020e-02 0.000000000e+00 9.751123768e-04
3.869736032e-04 6.644612926e-04 0.000000000e+00 0.000000000e+00 1.674337539e-03 9.466837479e-03
9.751123768e-04 7.393983293e-01 0.000000000e+00 2.313481093e-02 1.535705762e-04 6.644612926e-04
2.056389608e-03 0.000000000e+00 1.535705762e-04 7.785971595e-03 3.869736032e-04 1.535705762e-04

2.064972582e-04 2.064972582e-04 5.203404847e-04 2.064972582e-04 2.064972582e-04 5.203404847e-04
1.765526723e-03 2.064972582e-04 3.865784457e-03 2.010928124e-02 9.457170432e-02 0.000000000e+00
2.765105311e-03 2.129819539e-01 0.000000000e+00 1.704545443e-01 0.000000000e+00 1.222238476e-01
5.203404847e-04 1.222238476e-01 0.000000000e+00 0.000000000e+00 2.064972582e-04 1.868785899e-01
5.203404847e-04 2.765105311e-03 0.000000000e+00 1.765526723e-03 2.251382521e-03 2.064972582e-04
2.765105311e-03 0.000000000e+00 8.934617457e-04 4.636087396e-02 1.311175860e-03 5.203404847e-04

3.832629941e-02 3.698745002e-02 3.698745002e-02 3.698745002e-02 3.698745002e-02 3.698745002e-02
3.698745002e-02 0.000000000e+00 3.698745002e-02 3.698745002e-02 3.698745002e-02 0.000000000e+00
3.698745002e-02 3.698745002e-02 0.000000000e+00 0.000000000e+00 0.000000000e+00 3.698745002e-02
3.698745002e-02 3.698745002e-02 0.000000000e+00 0.000000000e+00 3.698745002e-02 3.698745002e-02
3.698745002e-02 3.698745002e-02 0.000000000e+00 3.698745002e-02 3.698745002e-02 3.698745002e-02
3.698745002e-02 0.000000000e+00 3.698745002e-02 3.698745002e-02 3.698745002e-02 3.698745002e-02

