8.480436792e-18 1.160107435e-03 1.827054721e-04 2.583033451e-02 7.905206659e-04 4.603889405e-04
1.160107435e-03 8.480436792e-18 1.160107435e-03 5.152676079e-01 1.827054721e-04 7.905206659e-04
4.603889405e-04 0.000000000e+00 1.021759479e-01 8.480436792e-18 3.546141108e-02 2.924387417e-02
4.603889405e-04 1.195057136e-02 1.117613666e-01 1.521226279e-01 4.603889405e-04 4.603889405e-04
7.905206659e-04 8.480436792e-18 4.603889405e-04 1.827054721e-04 8.480436792e-18 4.603889405e-04
8.480436792e-18 1.562109813e-03 7.905206659e-04 7.905206659e-04 3.420384272e-03 8.480436792e-18

2.150292607e-03 1.215792526e-02 3.692205860e-03 1.972252710e-04 2.640948596e-03 7.295990168e-03
3.730119936e-02 0.000000000e+00 5.485643664e-01 6.460758806e-02 1.686252347e-03 6.028654071e-03
1.142672093e-02 0.000000000e+00 1.252302410e-03 0.000000000e+00 2.519652740e-02 4.824875835e-03
2.150292607e-03 6.028654071e-03 4.632664987e-02 1.828275349e-01 4.824875835e-03 2.640948596e-03
1.252302410e-03 8.533441868e-04 8.533441868e-04 1.686252347e-03 8.533441868e-04 3.692205860e-03
4.249089655e-03 2.640948596e-03 2.150292607e-03 2.640948596e-03 3.155604335e-03 2.150292607e-03

7.960041573e-18 1.466252194e-03 7.960041573e-18 4.321375415e-04 4.321375415e-04 4.321375415e-04
4.021812971e-01 0.000000000e+00 1.869750551e-03 1.539479110e-01 7.960041573e-18 7.960041573e-18
7.960041573e-18 0.000000000e+00 0.000000000e+00 0.000000000e+00 1.464844254e-01 4.321375415e-04
7.420109978e-04 0.000000000e+00 5.041887305e-02 2.360803941e-01 7.960041573e-18 7.960041573e-18
7.960041573e-18 4.321375415e-04 4.321375415e-04 7.960041573e-18 7.960041573e-18 4.321375415e-04
4.321375415e-04 7.420109978e-04 7.960041573e-18 1.088918370e-03 1.088918370e-03 4.321375415e-04

1.707620099e-03 1.566232594e-04 4.787558134e-03 5.793992600e-03 9.944957066e-04 9.944957066e-04
7.126384932e-01 0.000000000e+00 0.000000000e+00 4.177484413e-02 1.566232594e-04 1.566232594e-04
0.000000000e+00 0.000000000e+00 0.000000000e+00 0.000000000e+00 6.317029960e-02 6.776694855e-04
1.339110031e-03 0.000000000e+00 6.504891053e-02 9.684677672e-02 1.566232594e-04 1.566232594e-04
1.566232594e-04 1.566232594e-04 1.566232594e-04 1.566232594e-04 1.566232594e-04 1.566232594e-04
1.566232594e-04 6.776694855e-04 1.566232594e-04 6.776694855e-04 6.776694855e-04 1.566232594e-04

4.992433517e-18 0.000000000e+00 4.992433517e-18 1.075587196e-04 4.992433517e-18 4.992433517e-18
9.763890231e-01 0.000000000e+00 0.000000000e+00 9.196141166e-04 4.992433517e-18 4.992433517e-18
0.000000000e+00 0.000000000e+00 0.000000000e+00 0.000000000e+00 4.653795513e-04 4.992433517e-18
4.992433517e-18 0.000000000e+00 2.087613428e-02 9.196141166e-04 4.992433517e-18 4.992433517e-18
4.992433517e-18 0.000000000e+00 4.992433517e-18 4.992433517e-18 4.992433517e-18 4.992433517e-18
1.075587196e-04 1.075587196e-04 4.992433517e-18 4.992433517e-18 1.075587196e-04 4.992433517e-18

