1.337107289e-04 1.337107289e-04 1.083056904e-02 1.337107289e-04 1.337107289e-04 1.337107289e-04
1.337107289e-04 1.337107289e-04 7.564442199e-02 8.490102071e-04 6.206302263e-18 1.337107289e-04
4.511666306e-03 3.422994661e-02 6.206302263e-18 8.596708129e-01 1.337107289e-04 1.337107289e-04
1.337107289e-04 5.785327241e-04 8.745877118e-03 3.369299240e-04 6.206302263e-18 1.337107289e-04
1.337107289e-04 6.206302263e-18 1.337107289e-04 6.206302263e-18 6.206302263e-18 3.369299240e-04
6.206302263e-18 8.490102071e-04 1.337107289e-04 1.143210651e-03 1.337107289e-04 1.337107289e-04

1.509952897e-04 7.008580507e-18 7.008580507e-18 7.008580507e-18 7.008580507e-18 7.008580507e-18
7.008580507e-18 7.008580507e-18 2.674116123e-01 5.032180417e-02 7.008580507e-18 1.509952897e-04
1.646259902e-03 9.639067636e-02 0.000000000e+00 7.008580507e-18 1.283829768e-02 1.509952897e-04
7.008580507e-18 7.008580507e-18 5.706363731e-01 0.000000000e+00 1.509952897e-04 7.008580507e-18
7.008580507e-18 7.008580507e-18 1.509952897e-04 7.008580507e-18 7.008580507e-18 7.008580507e-18
7.008580507e-18 7.008580507e-18 7.008580507e-18 7.008580507e-18 7.008580507e-18 7.008580507e-18

4.850475894e-18 4.850475894e-18 4.850475894e-18 4.850475894e-18 4.850475894e-18 4.850475894e-18
4.850475894e-18 4.850475894e-18 1.139338267e-03 4.850475894e-18 4.850475894e-18 4.850475894e-18
4.850475894e-18 1.196396342e-02 0.000000000e+00 0.000000000e+00 0.000000000e+00 4.850475894e-18
4.850475894e-18 4.850475894e-18 9.868966983e-01 0.000000000e+00 4.850475894e-18 4.850475894e-18
4.850475894e-18 4.850475894e-18 4.850475894e-18 4.850475894e-18 4.850475894e-18 4.850475894e-18
4.850475894e-18 4.850475894e-18 4.850475894e-18 4.850475894e-18 4.850475894e-18 4.850475894e-18

5.175919891e-18 5.175919891e-18 5.175919891e-18 4.824835960e-04 5.175919891e-18 5.175919891e-18
5.175919891e-18 1.115118137e-04 2.728000588e-03 5.175919891e-18 5.175919891e-18 5.175919891e-18
2.054065170e-02 9.661012891e-01 0.000000000e+00 0.000000000e+00 0.000000000e+00 1.115118137e-04
5.175919891e-18 5.175919891e-18 0.000000000e+00 0.000000000e+00 9.032456907e-03 1.115118137e-04
1.115118137e-04 1.115118137e-04 0.000000000e+00 1.115118137e-04 5.175919891e-18 5.175919891e-18
5.175919891e-18 1.115118137e-04 1.115118137e-04 1.115118137e-04 1.115118137e-04 5.175919891e-18

1.179625289e-17 1.179625289e-17 5.059550097e-02 6.915822070e-02 1.472436136e-02 1.179625289e-17
4.932667775e-02 3.828559037e-02 7.331758100e-02 4.188782880e-02 1.179625289e-17 1.179625289e-17
9.647364244e-02 1.055507145e-01 0.000000000e+00 0.000000000e+00 0.000000000e+00 7.331758100e-02
2.058554771e-02 0.000000000e+00 0.000000000e+00 0.000000000e+00 1.179625289e-17 0.000000000e+00
4.681346060e-02 7.192439133e-02 0.000000000e+00 5.574987294e-02 1.179625289e-17 1.179625289e-17
1.179625289e-17 7.753680257e-02 2.541425643e-04 5.475335568e-03 5.969607007e-02 4.932667775e-02

4.812114717e-18 4.812114717e-18 4.812114717e-18 4.812114717e-18 4.812114717e-18 4.812114717e-18
4.812114717e-18 4.812114717e-18 4.812114717e-18 0.000000000e+00 4.812114717e-18 4.812114717e-18
4.812114717e-18 9.927421199e-01 0.000000000e+00 0.000000000e+00 0.000000000e+00 3.835226205e-03
4.812114717e-18 0.000000000e+00 0.000000000e+00 0.000000000e+00 0.000000000e+00 0.000000000e+00
4.812114717e-18 4.812114717e-18 0.000000000e+00 2.536254821e-03 4.812114717e-18 4.812114717e-18
4.812114717e-18 4.812114717e-18 4.812114717e-18 4.812114717e-18 8.863991096e-04 4.812114717e-18

