6.468507115e-18 1.393597612e-04 6.468507115e-18 3.409266678e-03 1.393597612e-04 6.468507115e-18
1.393597612e-04 6.468507115e-18 1.393597612e-04 5.208299632e-02 8.848793262e-04 1.393597612e-04
1.393597612e-04 6.468507115e-18 7.750300650e-01 6.468507115e-18 1.458459893e-01 7.565611817e-03
1.393597612e-04 6.468507115e-18 1.866099430e-03 1.073417136e-02 3.511645933e-04 1.393597612e-04
1.393597612e-04 6.468507115e-18 6.468507115e-18 1.393597612e-04 6.468507115e-18 6.468507115e-18
1.393597612e-04 1.393597612e-04 1.393597612e-04 1.393597612e-04 1.393597612e-04 1.393597612e-04

4.939574410e-18 4.939574410e-18 4.939574410e-18 2.681613559e-04 1.064199046e-04 1.064199046e-04
2.681613559e-04 4.939574410e-18 4.939574410e-18 9.854899304e-01 2.681613559e-04 0.000000000e+00
4.939574410e-18 4.939574410e-18 1.126440142e-02 0.000000000e+00 2.681613559e-04 9.098773858e-04
4.939574410e-18 4.939574410e-18 1.064199046e-04 2.681613559e-04 4.939574410e-18 6.757242742e-04
4.939574410e-18 4.939574410e-18 4.939574410e-18 4.939574410e-18 4.939574410e-18 4.939574410e-18
4.939574410e-18 4.939574410e-18 4.939574410e-18 4.939574410e-18 4.939574410e-18 4.939574410e-18

6.746437664e-18 6.746437664e-18 6.288825123e-04 2.721016599e-03 6.746437664e-18 3.662529849e-04
6.746437664e-18 1.242704443e-03 0.000000000e+00 8.602991754e-02 1.295006184e-02 0.000000000e+00
6.746437664e-18 3.662529849e-04 0.000000000e+00 0.000000000e+00 5.984465081e-01 1.242704443e-03
6.746437664e-18 6.746437664e-18 6.288825123e-04 2.944989625e-01 6.746437664e-18 3.662529849e-04
6.746437664e-18 6.746437664e-18 6.746437664e-18 1.453475934e-04 3.662529849e-04 6.746437664e-18
6.746437664e-18 6.746437664e-18 6.746437664e-18 6.746437664e-18 6.746437664e-18 6.746437664e-18

5.440160678e-18 5.440160678e-18 5.440160678e-18 2.953373596e-04 5.440160678e-18 1.172047089e-04
5.440160678e-18 5.440160678e-18 0.000000000e+00 5.942235528e-03 2.953373596e-04 0.000000000e+00
5.440160678e-18 5.440160678e-18 0.000000000e+00 0.000000000e+00 1.092546843e-02 9.245115424e-01
5.440160678e-18 5.440160678e-18 5.440160678e-18 0.000000000e+00 0.000000000e+00 5.732219947e-02
5.440160678e-18 5.440160678e-18 5.440160678e-18 5.440160678e-18 2.953373596e-04 5.440160678e-18
5.440160678e-18 5.440160678e-18 5.440160678e-18 5.440160678e-18 5.440160678e-18 2.953373596e-04

