6.013231718e-18 3.264484422e-04 2.072818402e-03 7.077488910e-02 5.605352718e-04 6.013231718e-18
1.295511501e-04 1.295511501e-04 5.662912285e-03 6.013231718e-18 4.765922629e-02 3.264484422e-04
1.295511501e-04 6.013231718e-18 8.225985279e-04 8.671287104e-01 3.264484422e-04 1.412460376e-03
1.107646753e-03 6.013231718e-18 6.013231718e-18 1.295511501e-04 6.013231718e-18 3.264484422e-04
3.264484422e-04 6.013231718e-18 6.013231718e-18 6.013231718e-18 1.295511501e-04 1.295511501e-04
6.013231718e-18 1.295511501e-04 1.295511501e-04 1.295511501e-04 6.013231718e-18 6.013231718e-18

7.494998078e-18 7.494998078e-18 1.876040866e-01 1.025301315e-03 7.494998078e-18 7.494998078e-18
4.068910964e-04 9.135146393e-02 7.494998078e-18 0.000000000e+00 2.816824843e-02 7.494998078e-18
7.494998078e-18 7.494998078e-18 4.413270957e-01 2.488962396e-01 7.494998078e-18 7.494998078e-18
7.494998078e-18 7.494998078e-18 4.068910964e-04 0.000000000e+00 7.494998078e-18 4.068910964e-04
4.068910964e-04 7.494998078e-18 7.494998078e-18 7.494998078e-18 7.494998078e-18 7.494998078e-18
7.494998078e-18 7.494998078e-18 7.494998078e-18 7.494998078e-18 7.494998078e-18 7.494998078e-18

5.682350969e-18 5.682350969e-18 5.682350969e-18 7.608962451e-01 3.084854715e-04 5.682350969e-18
5.682350969e-18 3.084854715e-04 0.000000000e+00 0.000000000e+00 5.682350969e-18 5.682350969e-18
5.682350969e-18 5.682350969e-18 1.224225405e-04 2.382419388e-01 1.224225405e-04 5.682350969e-18
5.682350969e-18 5.682350969e-18 0.000000000e+00 0.000000000e+00 5.682350969e-18 5.682350969e-18
5.682350969e-18 5.682350969e-18 5.682350969e-18 5.682350969e-18 5.682350969e-18 5.682350969e-18
5.682350969e-18 5.682350969e-18 5.682350969e-18 5.682350969e-18 5.682350969e-18 5.682350969e-18

4.647784847e-18 4.647784847e-18 4.647784847e-18 4.647784847e-18 4.647784847e-18 4.647784847e-18
4.647784847e-18 4.647784847e-18 0.000000000e+00 0.000000000e+00 0.000000000e+00 4.647784847e-18
4.647784847e-18 4.647784847e-18 4.647784847e-18 1.000000000e+00 4.647784847e-18 4.647784847e-18
4.647784847e-18 0.000000000e+00 0.000000000e+00 0.000000000e+00 4.647784847e-18 4.647784847e-18
4.647784847e-18 4.647784847e-18 4.647784847e-18 4.647784847e-18 4.647784847e-18 4.647784847e-18
4.647784847e-18 4.647784847e-18 4.647784847e-18 4.647784847e-18 4.647784847e-18 4.647784847e-18

