1.515379317e-04 1.515379317e-04 1.515379317e-04 1.515379317e-04 1.515379317e-04 1.515379317e-04
1.515379317e-04 1.515379317e-04 6.109626560e-03 1.988215004e-01 3.818516600e-04 1.515379317e-04
1.515379317e-04 1.515379317e-04 6.556665507e-04 0.000000000e+00 1.515379317e-04 1.515379317e-04
1.515379317e-04 3.818516600e-04 1.652176178e-03 3.097558141e-01 4.781499887e-01 1.515379317e-04
1.515379317e-04 1.515379317e-04 1.515379317e-04 1.515379317e-04 1.515379317e-04 1.515379317e-04
1.515379317e-04 1.515379317e-04 1.515379317e-04 1.515379317e-04 1.515379317e-04 1.515379317e-04

1.373945776e-04 1.373945776e-04 1.373945776e-04 1.373945776e-04 1.373945776e-04 1.373945776e-04
1.373945776e-04 1.373945776e-04 7.329374251e-02 1.373945776e-04 1.373945776e-04 2.129277169e-01
1.373945776e-04 1.373945776e-04 3.462126408e-04 0.000000000e+00 0.000000000e+00 1.373945776e-04
1.373945776e-04 1.373945776e-04 1.373945776e-04 1.373945776e-04 0.000000000e+00 1.373945776e-04
1.373945776e-04 1.373945776e-04 7.092390671e-01 1.373945776e-04 3.462126408e-04 1.373945776e-04
1.373945776e-04 1.373945776e-04 1.373945776e-04 1.373945776e-04 1.373945776e-04 1.373945776e-04

1.146545482e-04 1.146545482e-04 1.146545482e-04 1.146545482e-04 1.146545482e-04 1.146545482e-04
1.146545482e-04 1.146545482e-04 0.000000000e+00 1.146545482e-04 1.146545482e-04 6.189876502e-02
1.146545482e-04 1.146545482e-04 1.146545482e-04 0.000000000e+00 0.000000000e+00 1.146545482e-04
1.146545482e-04 1.146545482e-04 1.146545482e-04 0.000000000e+00 0.000000000e+00 1.146545482e-04
1.146545482e-04 1.146545482e-04 9.347762531e-01 1.146545482e-04 1.146545482e-04 1.146545482e-04
1.146545482e-04 1.146545482e-04 1.146545482e-04 1.146545482e-04 1.146545482e-04 1.146545482e-04

