6.158124435e-18 3.343144291e-04 1.326727691e-04 1.783415046e-01 1.446494525e-03 6.158124435e-18
6.158124435e-18 6.158124435e-18 4.055455093e-03 6.158124435e-18 2.123562978e-02 3.343144291e-04
1.326727691e-04 3.343144291e-04 8.424195729e-04 7.871256318e-01 2.122764305e-03 1.326727691e-04
5.740417326e-04 6.158124435e-18 0.000000000e+00 2.122764305e-03 6.158124435e-18 1.326727691e-04
1.326727691e-04 6.158124435e-18 6.158124435e-18 6.158124435e-18 6.158124435e-18 3.343144291e-04
6.158124435e-18 6.158124435e-18 6.158124435e-18 1.326727691e-04 6.158124435e-18 6.158124435e-18

1.436874709e-03 1.067101057e-03 1.067101057e-03 1.061580555e-01 1.228510596e-02 1.680578855e-04
1.680578855e-04 4.234793351e-04 7.346110502e-03 0.000000000e+00 3.620697385e-03 2.688926168e-03
2.688926168e-03 1.636594749e-02 4.940869234e-02 6.955448892e-01 4.234793351e-04 1.680578855e-04
6.677987019e-02 1.680578855e-04 0.000000000e+00 0.000000000e+00 4.234793351e-04 1.436874709e-03
1.436874709e-03 1.436874709e-03 2.250382188e-03 1.832288667e-03 1.680578855e-04 1.680578855e-04
1.680578855e-04 2.147024616e-02 1.680578855e-04 7.271442395e-04 1.680578855e-04 1.680578855e-04

1.732133057e-04 1.732133057e-04 1.732133057e-04 3.105818149e-02 1.732133057e-04 1.732133057e-04
1.732133057e-04 1.732133057e-04 4.364701799e-04 0.000000000e+00 1.732133057e-04 7.494504470e-04
1.732133057e-04 1.543281845e-02 0.000000000e+00 2.300443075e-01 1.732133057e-04 1.732133057e-04
1.888496788e-03 0.000000000e+00 0.000000000e+00 0.000000000e+00 4.364701799e-04 7.494504470e-04
8.254956943e-02 2.583427266e-01 1.732133057e-04 7.494504470e-04 4.364701799e-04 1.732133057e-04
1.732133057e-04 3.728184188e-01 4.364701799e-04 1.099835935e-03 1.732133057e-04 1.732133057e-04

5.197949647e-18 1.119864304e-04 1.119864304e-04 2.412674504e-03 5.197949647e-18 5.197949647e-18
1.119864304e-04 0.000000000e+00 1.119864304e-04 0.000000000e+00 5.197949647e-18 5.197949647e-18
2.096470460e-03 5.282774526e-03 0.000000000e+00 3.076619084e-03 5.197949647e-18 5.197949647e-18
1.119864304e-04 0.000000000e+00 0.000000000e+00 0.000000000e+00 1.119864304e-04 1.119864304e-04
6.079558788e-03 9.745372774e-01 0.000000000e+00 1.119864304e-04 1.119864304e-04 5.197949647e-18
5.197949647e-18 5.282774526e-03 1.119864304e-04 1.119864304e-04 5.197949647e-18 5.197949647e-18

