6.468507115e-18 1.393597612e-04 6.468507115e-18 3.409266678e-03 1.393597612e-04 6.468507115e-18
1.393597612e-04 6.468507115e-18 1.393597612e-04 5.208299632e-02 8.848793262e-04 1.393597612e-04
1.393597612e-04 6.468507115e-18 7.750300650e-01 6.468507115e-18 1.458459893e-01 7.565611817e-03
1.393597612e-04 6.468507115e-18 1.866099430e-03 1.073417136e-02 3.511645933e-04 1.393597612e-04
1.393597612e-04 6.468507115e-18 6.468507115e-18 1.393597612e-04 6.468507115e-18 6.468507115e-18
1.393597612e-04 1.393597612e-04 1.393597612e-04 1.393597612e-04 1.393597612e-04 1.393597612e-04

7.609425341e-18 7.609425341e-18 1.639400993e-04 7.609425341e-18 7.609425341e-18 7.609425341e-18
7.609425341e-18 7.609425341e-18 4.292002579e-01 2.762440028e-01 7.609425341e-18 1.639400993e-04
1.010606533e-02 1.364983677e-01 7.609425341e-18 0.000000000e+00 3.263771055e-02 1.639400993e-04
7.609425341e-18 7.609425341e-18 1.146578353e-01 0.000000000e+00 7.609425341e-18 7.609425341e-18
7.609425341e-18 7.609425341e-18 1.639400993e-04 7.609425341e-18 7.609425341e-18 7.609425341e-18
7.609425341e-18 7.609425341e-18 7.609425341e-18 7.609425341e-18 7.609425341e-18 7.609425341e-18

5.554465627e-18 5.554465627e-18 5.554465627e-18 5.554465627e-18 5.554465627e-18 5.554465627e-18
5.554465627e-18 5.554465627e-18 5.554465627e-18 9.050448245e-01 1.914677349e-03 5.554465627e-18
5.554465627e-18 1.914677349e-03 0.000000000e+00 0.000000000e+00 5.554465627e-18 3.852361849e-02
5.554465627e-18 5.554465627e-18 0.000000000e+00 0.000000000e+00 5.260220235e-02 5.554465627e-18
5.554465627e-18 5.554465627e-18 5.554465627e-18 5.554465627e-18 5.554465627e-18 5.554465627e-18
5.554465627e-18 5.554465627e-18 5.554465627e-18 5.554465627e-18 5.554465627e-18 5.554465627e-18

6.620290265e-18 6.620290265e-18 6.620290265e-18 1.951882733e-01 6.620290265e-18 6.620290265e-18
6.620290265e-18 6.620290265e-18 4.672306577e-02 6.620290265e-18 6.930656014e-01 6.620290265e-18
6.620290265e-18 5.276331135e-03 0.000000000e+00 0.000000000e+00 0.000000000e+00 5.582823881e-02
6.620290265e-18 6.620290265e-18 0.000000000e+00 0.000000000e+00 0.000000000e+00 6.620290265e-18
6.620290265e-18 6.620290265e-18 6.620290265e-18 3.918489549e-03 6.620290265e-18 6.620290265e-18
6.620290265e-18 6.620290265e-18 6.620290265e-18 6.620290265e-18 6.620290265e-18 6.620290265e-18

