1.038357922e-17 9.679258461e-04 9.679258461e-04 1.912671645e-03 9.778651657e-03 5.637074070e-04
2.237074327e-04 2.237074327e-04 0.000000000e+00 1.635311253e-02 6.087609939e-02 5.489540579e-02
5.637074070e-04 1.038357922e-17 7.969520956e-02 9.970326784e-02 1.038357922e-17 1.862613207e-01
2.995558467e-03 1.038357922e-17 5.607911437e-02 9.425932930e-02 6.700755051e-02 2.426402358e-01
5.637074070e-04 1.038357922e-17 1.038357922e-17 5.637074070e-04 9.679258461e-04 2.439020296e-03
1.038357922e-17 3.579318923e-03 6.838143603e-03 7.548334337e-03 5.637074070e-04 9.679258461e-04

2.412794435e-04 1.138195845e-02 2.412794435e-04 2.412794435e-04 5.902607465e-03 1.138195845e-02
2.412794435e-04 0.000000000e+00 0.000000000e+00 4.924687407e-02 6.828402461e-02 2.974787546e-02
2.412794435e-04 2.412794435e-04 1.180043748e-01 6.628704370e-03 0.000000000e+00 8.178803565e-02
5.198208031e-03 2.451246352e-02 8.141248980e-03 3.698921390e-01 5.292816005e-02 1.578183277e-02
2.412794435e-04 1.670328834e-02 2.412794435e-04 8.925694153e-03 1.309866344e-02 1.397910549e-02
1.223277883e-02 1.223277883e-02 1.397910549e-02 2.349646785e-02 1.487363879e-02 9.727777594e-03

3.633774666e-04 9.156538384e-04 1.442064432e-04 2.727375281e-02 1.442064432e-04 1.442064432e-04
6.239450421e-04 0.000000000e+00 0.000000000e+00 8.053067806e-01 1.110748654e-02 1.442064432e-04
1.442064432e-04 1.442064432e-04 0.000000000e+00 0.000000000e+00 0.000000000e+00 5.305060975e-02
3.633774666e-04 1.442064432e-04 3.633774666e-04 6.782864847e-02 2.870907223e-02 1.442064432e-04
1.442064432e-04 1.442064432e-04 1.442064432e-04 1.442064432e-04 1.442064432e-04 3.633774666e-04
1.442064432e-04 9.156538384e-04 1.442064432e-04 1.442064432e-04 1.442064432e-04 3.633774666e-04

5.762239883e-18 5.762239883e-18 0.000000000e+00 5.762239883e-18 5.762239883e-18 5.762239883e-18
5.762239883e-18 0.000000000e+00 0.000000000e+00 2.705903129e-01 5.762239883e-18 5.762239883e-18
5.762239883e-18 5.762239883e-18 0.000000000e+00 0.000000000e+00 0.000000000e+00 7.263726629e-01
5.762239883e-18 5.762239883e-18 5.762239883e-18 0.000000000e+00 3.037024166e-03 5.762239883e-18
5.762239883e-18 5.762239883e-18 5.762239883e-18 5.762239883e-18 5.762239883e-18 5.762239883e-18
5.762239883e-18 5.762239883e-18 5.762239883e-18 5.762239883e-18 5.762239883e-18 5.762239883e-18

