6.851136000e-18 9.372222214e-04 2.362540563e-02 1.476032507e-04 3.719368851e-04 6.851136000e-18
1.476032507e-04 3.719368851e-04 4.751682109e-02 6.386421745e-04 6.851136000e-18 1.609277438e-03
7.904268777e-01 3.936901080e-02 6.851136000e-18 4.096765815e-02 3.719368851e-04 6.851136000e-18
6.851136000e-18 1.476032507e-04 5.003401761e-02 0.000000000e+00 9.372222214e-04 3.719368851e-04
6.851136000e-18 6.851136000e-18 1.476032507e-04 3.719368851e-04 3.719368851e-04 3.719368851e-04
6.851136000e-18 6.851136000e-18 6.851136000e-18 3.719368851e-04 3.719368851e-04 6.851136000e-18

6.525219706e-18 6.525219706e-18 6.525219706e-18 6.525219706e-18 6.525219706e-18 6.525219706e-18
6.525219706e-18 6.525219706e-18 6.504475578e-01 3.439157400e-03 6.525219706e-18 6.525219706e-18
6.525219706e-18 2.550673481e-01 0.000000000e+00 6.525219706e-18 0.000000000e+00 6.525219706e-18
6.525219706e-18 6.525219706e-18 6.787524945e-02 0.000000000e+00 2.317068722e-02 6.525219706e-18
6.525219706e-18 6.525219706e-18 6.525219706e-18 6.525219706e-18 6.525219706e-18 6.525219706e-18
6.525219706e-18 6.525219706e-18 6.525219706e-18 6.525219706e-18 6.525219706e-18 6.525219706e-18

6.497651917e-18 6.497651917e-18 6.497651917e-18 6.497651917e-18 6.497651917e-18 6.497651917e-18
6.497651917e-18 6.497651917e-18 2.479171886e-01 5.178589117e-03 6.497651917e-18 6.497651917e-18
6.497651917e-18 1.007958943e-01 0.000000000e+00 0.000000000e+00 0.000000000e+00 6.497651917e-18
6.497651917e-18 6.497651917e-18 6.415493005e-01 0.000000000e+00 1.399876670e-04 6.497651917e-18
6.497651917e-18 6.497651917e-18 0.000000000e+00 6.497651917e-18 6.497651917e-18 6.497651917e-18
1.399876670e-04 6.497651917e-18 4.279052143e-03 6.497651917e-18 6.497651917e-18 6.497651917e-18

