6.685811664e-18 6.685811664e-18 6.685811664e-18 6.685811664e-18 6.685811664e-18 6.685811664e-18
6.685811664e-18 6.685811664e-18 2.512710503e-02 3.629616992e-04 6.685811664e-18 6.685811664e-18
6.685811664e-18 0.000000000e+00 1.440414458e-04 6.685811664e-18 6.685811664e-18 6.685811664e-18
6.685811664e-18 6.685811664e-18 5.655396263e-01 3.324653964e-01 3.957271068e-03 6.685811664e-18
6.685811664e-18 1.440414458e-04 6.685811664e-18 7.225955658e-02 6.685811664e-18 6.685811664e-18
6.685811664e-18 6.685811664e-18 6.685811664e-18 6.685811664e-18 6.685811664e-18 6.685811664e-18

7.751696176e-18 4.208268132e-04 7.751696176e-18 1.670052315e-04 7.751696176e-18 7.751696176e-18
7.751696176e-18 0.000000000e+00 1.747781641e-01 1.202494622e-01 7.751696176e-18 7.751696176e-18
7.751696176e-18 0.000000000e+00 7.751696176e-18 0.000000000e+00 1.839509204e-02 2.672083704e-03
7.751696176e-18 5.336403363e-01 9.016142615e-02 4.208268132e-04 7.225896701e-04 7.751696176e-18
7.751696176e-18 5.470802575e-02 2.236286605e-03 1.427874644e-03 7.751696176e-18 7.751696176e-18
7.751696176e-18 7.751696176e-18 7.751696176e-18 7.751696176e-18 7.751696176e-18 7.751696176e-18

1.662059348e-04 4.188127118e-04 1.662059348e-04 1.662059348e-04 7.714596111e-18 7.714596111e-18
1.662059348e-04 0.000000000e+00 1.589831594e-01 2.548011046e-01 7.714596111e-18 7.714596111e-18
7.714596111e-18 0.000000000e+00 0.000000000e+00 0.000000000e+00 4.622868706e-01 1.087135411e-02
1.662059348e-04 0.000000000e+00 6.211623080e-02 4.188127118e-04 1.662059348e-04 7.714596111e-18
7.714596111e-18 4.613088052e-02 1.812097361e-03 1.662059348e-04 1.662059348e-04 7.714596111e-18
7.714596111e-18 1.662059348e-04 1.662059348e-04 1.662059348e-04 1.662059348e-04 1.662059348e-04

1.890283335e-04 4.763215527e-04 1.890283335e-04 8.178780981e-04 1.890283335e-04 1.890283335e-04
2.586844140e-01 0.000000000e+00 0.000000000e+00 2.495278695e-01 1.890283335e-04 1.890283335e-04
0.000000000e+00 0.000000000e+00 0.000000000e+00 0.000000000e+00 2.480098313e-01 1.020510793e-01
4.341731085e-02 0.000000000e+00 2.847638436e-02 3.206200784e-02 1.890283335e-04 1.890283335e-04
1.890283335e-04 3.025591261e-02 2.531187354e-03 4.763215527e-04 1.890283335e-04 1.890283335e-04
1.890283335e-04 1.890283335e-04 1.890283335e-04 1.890283335e-04 1.890283335e-04 1.890283335e-04

5.784793958e-18 0.000000000e+00 5.784793958e-18 5.392409948e-04 5.784793958e-18 5.784793958e-18
8.856779703e-01 0.000000000e+00 0.000000000e+00 3.664086293e-02 1.246296078e-04 5.784793958e-18
0.000000000e+00 0.000000000e+00 0.000000000e+00 0.000000000e+00 1.536585959e-02 1.065568158e-03
5.784793958e-18 0.000000000e+00 5.784793958e-18 5.784793958e-18 5.784793958e-18 5.784793958e-18
5.939567067e-02 0.000000000e+00 5.784793958e-18 1.246296078e-04 5.784793958e-18 5.784793958e-18
5.784793958e-18 1.065568158e-03 5.784793958e-18 5.784793958e-18 5.784793958e-18 5.784793958e-18

