9.427211625e-18 2.031031176e-04 5.117877863e-04 8.557768246e-02 3.154908913e-02 9.427211625e-18
2.031031176e-04 0.000000000e+00 1.310176733e-01 9.427211625e-18 2.003242291e-01 7.118086832e-02
5.117877863e-04 2.031031176e-04 7.471749522e-02 2.895346662e-01 7.709884252e-02 5.117877863e-04
2.031031176e-04 9.427211625e-18 2.031031176e-04 2.214377144e-03 9.427211625e-18 5.117877863e-04
1.289624410e-03 9.427211625e-18 9.427211625e-18 9.427211625e-18 9.427211625e-18 2.965165763e-02
9.427211625e-18 5.117877863e-04 5.117877863e-04 8.787761521e-04 8.787761521e-04 9.427211625e-18

5.761944484e-04 6.989619673e-03 1.955040452e-03 3.878462106e-02 6.282088786e-03 9.893669873e-04
2.226783530e-02 0.000000000e+00 2.136541575e-01 0.000000000e+00 1.761273791e-02 1.761273791e-02
2.493048587e-03 0.000000000e+00 2.069383590e-01 2.621102735e-01 2.286629184e-04 1.241373308e-02
2.819235621e-02 5.761944484e-04 4.324699905e-02 1.409589480e-02 1.241373308e-02 2.493048587e-03
5.761944484e-04 1.944194829e-02 5.761944484e-04 2.286629184e-04 5.761944484e-04 1.078679476e-02
2.286629184e-04 2.819235621e-02 3.061914988e-03 1.495659923e-02 9.219111174e-03 2.286629184e-04

1.406839126e-04 1.202830533e-03 1.406839126e-04 3.865029082e-03 3.545012457e-04 1.406839126e-04
2.503678280e-01 0.000000000e+00 2.800779576e-02 0.000000000e+00 1.406839126e-04 3.545012457e-04
1.406839126e-04 0.000000000e+00 0.000000000e+00 3.865029082e-03 1.406839126e-04 1.406839126e-04
7.008913430e-01 0.000000000e+00 5.672019931e-03 2.250942601e-03 1.406839126e-04 1.406839126e-04
1.406839126e-04 1.406839126e-04 1.406839126e-04 1.406839126e-04 1.406839126e-04 1.406839126e-04
1.406839126e-04 3.545012457e-04 1.406839126e-04 1.406839126e-04 1.406839126e-04 1.406839126e-04

1.688002358e-04 7.303562025e-04 1.688002358e-04 1.088895848e-01 4.253499405e-04 1.688002358e-04
6.909207545e-02 0.000000000e+00 0.000000000e+00 0.000000000e+00 1.367281910e-02 1.688002358e-04
0.000000000e+00 0.000000000e+00 0.000000000e+00 1.688002358e-04 1.786727419e-02 1.071814687e-03
3.276253569e-02 0.000000000e+00 1.843788846e-01 5.649065593e-01 1.688002358e-04 1.688002358e-04
7.303562025e-04 1.688002358e-04 1.688002358e-04 1.688002358e-04 1.688002358e-04 1.443221715e-03
1.688002358e-04 4.253499405e-04 1.688002358e-04 1.688002358e-04 1.071814687e-03 1.688002358e-04

