7.309251173e-18 7.309251173e-18 7.309251173e-18 7.309251173e-18 7.309251173e-18 7.309251173e-18
7.309251173e-18 0.000000000e+00 3.852386033e-03 1.574730429e-04 7.309251173e-18 7.309251173e-18
7.309251173e-18 2.372270238e-02 2.693901642e-01 5.559386355e-01 7.309251173e-18 7.309251173e-18
7.309251173e-18 1.346375578e-03 7.309251173e-18 9.011298344e-02 1.599826393e-02 7.309251173e-18
7.309251173e-18 6.813462852e-04 1.574730429e-04 3.864219658e-02 7.309251173e-18 7.309251173e-18
7.309251173e-18 7.309251173e-18 7.309251173e-18 7.309251173e-18 7.309251173e-18 7.309251173e-18

6.509481826e-18 6.509481826e-18 6.509481826e-18 6.509481826e-18 6.509481826e-18 6.509481826e-18
6.509481826e-18 0.000000000e+00 6.509481826e-18 6.509481826e-18 6.509481826e-18 6.509481826e-18
6.509481826e-18 0.000000000e+00 6.130251806e-03 5.994002093e-02 6.509481826e-18 6.509481826e-18
5.188017482e-03 6.509481826e-18 0.000000000e+00 4.594063008e-01 4.693354090e-01 6.509481826e-18
6.509481826e-18 6.509481826e-18 6.509481826e-18 6.509481826e-18 6.509481826e-18 6.509481826e-18
6.509481826e-18 6.509481826e-18 6.509481826e-18 6.509481826e-18 6.509481826e-18 6.509481826e-18

1.412615435e-02 0.000000000e+00 1.205537763e-03 1.030720288e-02 1.614277545e-02 1.217917043e-02
2.786243998e-04 0.000000000e+00 9.285642293e-02 1.074100246e-01 2.256857638e-02 2.256857638e-02
1.314364496e-02 0.000000000e+00 1.769154661e-03 4.860423691e-02 3.189896105e-02 2.256857638e-02
4.860423691e-02 0.000000000e+00 0.000000000e+00 1.685901719e-01 4.459667679e-02 5.969480189e-02
1.822452680e-02 2.786243998e-04 6.544665880e-02 2.830647458e-02 2.036756718e-02 1.217917043e-02
1.717576359e-02 2.036756718e-02 3.068958638e-02 1.717576359e-02 1.030720288e-02 2.036756718e-02

