2.455312879e-03 7.933615123e-04 7.933615123e-04 7.933615123e-04 1.833620497e-04 1.164276443e-03
5.675972083e-01 8.510912425e-18 1.833620497e-04 1.833620497e-04 8.510912425e-18 1.833620497e-04
1.062352183e-02 4.620434124e-04 6.006623654e-02 7.836941289e-02 2.933792796e-03 4.620434124e-04
1.164276443e-03 6.110858938e-02 8.510912425e-18 0.000000000e+00 1.833620497e-04 1.833620497e-04
4.620434124e-04 1.709245564e-02 9.781529299e-02 8.510912425e-02 2.455312879e-03 1.833620497e-04
1.833620497e-04 4.620434124e-04 3.432675900e-03 4.620434124e-04 2.455312879e-03 8.510912425e-18

4.930427833e-18 4.930427833e-18 4.930427833e-18 4.930427833e-18 4.930427833e-18 4.930427833e-18
1.062228476e-04 4.930427833e-18 1.062228476e-04 4.930427833e-18 4.930427833e-18 1.062228476e-04
4.930427833e-18 2.676648034e-04 1.699565562e-03 6.744730401e-04 4.930427833e-18 4.930427833e-18
9.081925720e-04 9.878353840e-01 0.000000000e+00 0.000000000e+00 4.930427833e-18 1.062228476e-04
1.062228476e-04 4.930427833e-18 0.000000000e+00 7.764937265e-03 4.930427833e-18 4.930427833e-18
1.062228476e-04 1.062228476e-04 4.930427833e-18 1.062228476e-04 4.930427833e-18 4.930427833e-18

1.129030946e-04 5.240497429e-18 5.240497429e-18 1.129030946e-04 1.129030946e-04 1.292597281e-02
5.240497429e-18 5.240497429e-18 5.240497429e-18 1.129030946e-04 7.168899642e-04 5.240497429e-18
5.240497429e-18 1.129030946e-04 1.129030946e-04 2.432423435e-03 0.000000000e+00 2.762036579e-03
9.599528169e-03 9.680016947e-01 0.000000000e+00 0.000000000e+00 5.240497429e-18 1.129030946e-04
1.129030946e-04 0.000000000e+00 0.000000000e+00 2.432423435e-03 5.240497429e-18 5.240497429e-18
1.129030946e-04 1.129030946e-04 5.240497429e-18 5.240497429e-18 5.240497429e-18 5.240497429e-18

