7.173310368e-18 7.173310368e-18 7.173310368e-18 7.173310368e-18 7.173310368e-18 7.173310368e-18
7.173310368e-18 7.173310368e-18 1.545442870e-04 1.545442870e-04 5.717084799e-03 7.173310368e-18
7.173310368e-18 1.545442870e-04 2.525207786e-01 6.755406962e-03 7.173310368e-18 7.173310368e-18
7.173310368e-18 7.173310368e-18 1.190375791e-02 3.972487669e-01 3.214552901e-01 7.173310368e-18
7.173310368e-18 7.173310368e-18 1.545442870e-04 7.173310368e-18 3.780737591e-03 7.173310368e-18
7.173310368e-18 7.173310368e-18 7.173310368e-18 7.173310368e-18 7.173310368e-18 7.173310368e-18

5.289432031e-18 5.289432031e-18 5.289432031e-18 5.289432031e-18 5.289432031e-18 5.289432031e-18
5.289432031e-18 5.289432031e-18 5.289432031e-18 5.289432031e-18 5.289432031e-18 2.871545498e-04
5.289432031e-18 5.289432031e-18 0.000000000e+00 5.289432031e-18 0.000000000e+00 5.289432031e-18
5.289432031e-18 5.289432031e-18 5.289432031e-18 5.289432031e-18 9.031947869e-01 5.289432031e-18
5.289432031e-18 5.289432031e-18 9.651805852e-02 5.289432031e-18 5.289432031e-18 5.289432031e-18
5.289432031e-18 5.289432031e-18 5.289432031e-18 5.289432031e-18 5.289432031e-18 5.289432031e-18

5.018708659e-18 5.018708659e-18 5.018708659e-18 5.018708659e-18 5.018708659e-18 5.018708659e-18
5.018708659e-18 5.018708659e-18 5.018708659e-18 5.018708659e-18 5.018708659e-18 2.724574240e-04
5.018708659e-18 5.018708659e-18 0.000000000e+00 5.018708659e-18 0.000000000e+00 5.018708659e-18
2.024177833e-03 2.483483815e-02 5.018708659e-18 0.000000000e+00 9.716896718e-01 1.178854808e-03
5.018708659e-18 5.018708659e-18 0.000000000e+00 5.018708659e-18 5.018708659e-18 5.018708659e-18
5.018708659e-18 5.018708659e-18 5.018708659e-18 5.018708659e-18 5.018708659e-18 5.018708659e-18

5.879259487e-18 5.879259487e-18 5.879259487e-18 5.879259487e-18 5.879259487e-18 5.879259487e-18
5.879259487e-18 5.879259487e-18 5.879259487e-18 5.879259487e-18 0.000000000e+00 5.879259487e-18
5.879259487e-18 5.879259487e-18 0.000000000e+00 5.879259487e-18 0.000000000e+00 5.879259487e-18
1.784951458e-01 5.879259487e-18 0.000000000e+00 0.000000000e+00 7.842656469e-01 5.879259487e-18
5.879259487e-18 3.723920723e-02 0.000000000e+00 5.879259487e-18 5.879259487e-18 5.879259487e-18
5.879259487e-18 5.879259487e-18 5.879259487e-18 5.879259487e-18 5.879259487e-18 5.879259487e-18

4.647784847e-18 4.647784847e-18 4.647784847e-18 4.647784847e-18 4.647784847e-18 4.647784847e-18
4.647784847e-18 4.647784847e-18 4.647784847e-18 4.647784847e-18 0.000000000e+00 4.647784847e-18
4.647784847e-18 4.647784847e-18 0.000000000e+00 4.647784847e-18 0.000000000e+00 4.647784847e-18
0.000000000e+00 0.000000000e+00 0.000000000e+00 0.000000000e+00 4.647784847e-18 1.000000000e+00
4.647784847e-18 4.647784847e-18 0.000000000e+00 4.647784847e-18 4.647784847e-18 4.647784847e-18
4.647784847e-18 4.647784847e-18 4.647784847e-18 4.647784847e-18 4.647784847e-18 4.647784847e-18

