6.013231718e-18 3.264484422e-04 2.072818402e-03 7.077488910e-02 5.605352718e-04 6.013231718e-18
1.295511501e-04 1.295511501e-04 5.662912285e-03 6.013231718e-18 4.765922629e-02 3.264484422e-04
1.295511501e-04 6.013231718e-18 8.225985279e-04 8.671287104e-01 3.264484422e-04 1.412460376e-03
1.107646753e-03 6.013231718e-18 6.013231718e-18 1.295511501e-04 6.013231718e-18 3.264484422e-04
3.264484422e-04 6.013231718e-18 6.013231718e-18 6.013231718e-18 1.295511501e-04 1.295511501e-04
6.013231718e-18 1.295511501e-04 1.295511501e-04 1.295511501e-04 6.013231718e-18 6.013231718e-18

5.926287367e-18 5.926287367e-18 5.926287367e-18 8.224090749e-01 5.926287367e-18 5.926287367e-18
5.926287367e-18 5.926287367e-18 1.243364028e-02 0.000000000e+00 1.345896544e-01 5.926287367e-18
5.926287367e-18 5.926287367e-18 0.000000000e+00 5.926287367e-18 3.217283766e-04 1.276779909e-04
5.926287367e-18 5.926287367e-18 1.276779909e-04 2.999054610e-02 5.926287367e-18 5.926287367e-18
5.926287367e-18 5.926287367e-18 5.926287367e-18 5.926287367e-18 5.926287367e-18 5.926287367e-18
5.926287367e-18 5.926287367e-18 5.926287367e-18 5.926287367e-18 5.926287367e-18 5.926287367e-18

1.351801566e-04 1.155774081e-03 1.351801566e-04 1.949249456e-01 6.274507053e-18 6.274507053e-18
5.848905683e-04 6.274507053e-18 7.409101112e-01 0.000000000e+00 5.533095103e-02 1.351801566e-04
1.351801566e-04 3.713823613e-03 0.000000000e+00 0.000000000e+00 1.351801566e-04 1.351801566e-04
1.351801566e-04 1.351801566e-04 2.162882505e-03 0.000000000e+00 6.274507053e-18 6.274507053e-18
1.351801566e-04 6.274507053e-18 6.274507053e-18 6.274507053e-18 6.274507053e-18 6.274507053e-18
6.274507053e-18 6.274507053e-18 6.274507053e-18 6.274507053e-18 6.274507053e-18 6.274507053e-18

1.282344412e-04 1.282344412e-04 1.398104662e-03 1.283999003e-01 5.952115502e-18 5.952115502e-18
1.282344412e-04 0.000000000e+00 8.183434912e-01 0.000000000e+00 4.943452365e-02 5.952115502e-18
1.282344412e-04 1.398104662e-03 0.000000000e+00 0.000000000e+00 1.282344412e-04 5.952115502e-18
5.952115502e-18 5.952115502e-18 1.282344412e-04 0.000000000e+00 5.952115502e-18 1.282344412e-04
5.952115502e-18 5.952115502e-18 5.952115502e-18 5.952115502e-18 0.000000000e+00 5.952115502e-18
5.952115502e-18 5.952115502e-18 5.952115502e-18 1.282344412e-04 5.952115502e-18 5.952115502e-18

1.312020249e-03 2.943941104e-03 2.592620021e-03 9.341419663e-01 5.585630511e-18 5.585630511e-18
1.203387614e-04 0.000000000e+00 0.000000000e+00 0.000000000e+00 1.203387614e-04 1.203387614e-04
1.925420182e-03 4.010498338e-02 0.000000000e+00 0.000000000e+00 7.871230888e-03 5.585630511e-18
5.206755808e-04 1.203387614e-04 5.585630511e-18 0.000000000e+00 1.203387614e-04 6.532993078e-03
5.585630511e-18 5.585630511e-18 5.585630511e-18 3.032346772e-04 0.000000000e+00 1.203387614e-04
5.585630511e-18 5.585630511e-18 5.585630511e-18 1.028881937e-03 5.585630511e-18 0.000000000e+00

0.000000000e+00 4.939305735e-18 1.064141162e-04 1.126378872e-02 4.939305735e-18 4.939305735e-18
4.939305735e-18 0.000000000e+00 0.000000000e+00 0.000000000e+00 4.939305735e-18 4.939305735e-18
4.939305735e-18 7.366834242e-03 0.000000000e+00 0.000000000e+00 9.812629629e-01 4.939305735e-18
4.939305735e-18 4.939305735e-18 0.000000000e+00 0.000000000e+00 4.939305735e-18 4.939305735e-18
4.939305735e-18 4.939305735e-18 4.939305735e-18 4.939305735e-18 0.000000000e+00 4.939305735e-18
4.939305735e-18 4.939305735e-18 4.939305735e-18 4.939305735e-18 4.939305735e-18 0.000000000e+00

0.000000000e+00 4.496382395e-04 4.823566079e-18 9.937341114e-01 4.823566079e-18 4.823566079e-18
1.039205809e-04 0.000000000e+00 0.000000000e+00 0.000000000e+00 0.000000000e+00 1.039205809e-04
4.496382395e-04 3.506487378e-03 0.000000000e+00 0.000000000e+00 0.000000000e+00 4.823566079e-18
8.885084686e-04 1.039205809e-04 0.000000000e+00 0.000000000e+00 6.598545579e-04 4.823566079e-18
4.823566079e-18 4.823566079e-18 4.823566079e-18 4.823566079e-18 0.000000000e+00 4.823566079e-18
4.823566079e-18 4.823566079e-18 4.823566079e-18 4.823566079e-18 4.823566079e-18 0.000000000e+00

