7.152156807e-18 7.152156807e-18 7.152156807e-18 7.152156807e-18 7.152156807e-18 7.152156807e-18
7.152156807e-18 3.319737117e-03 3.882788087e-04 9.019164528e-02 7.152156807e-18 7.152156807e-18
7.152156807e-18 0.000000000e+00 7.152156807e-18 4.233296514e-03 7.152156807e-18 7.152156807e-18
7.152156807e-18 1.508300098e-01 2.133723648e-01 5.376646677e-01 7.152156807e-18 7.152156807e-18
7.152156807e-18 7.152156807e-18 7.152156807e-18 7.152156807e-18 7.152156807e-18 7.152156807e-18
7.152156807e-18 7.152156807e-18 7.152156807e-18 7.152156807e-18 7.152156807e-18 7.152156807e-18

4.460871933e-04 4.785471663e-18 4.785471663e-18 4.785471663e-18 4.785471663e-18 4.785471663e-18
4.785471663e-18 4.785471663e-18 0.000000000e+00 2.522212435e-03 4.785471663e-18 4.785471663e-18
4.785471663e-18 0.000000000e+00 0.000000000e+00 1.030998616e-04 4.785471663e-18 4.785471663e-18
4.785471663e-18 6.546433150e-04 6.546433150e-04 9.954131142e-01 1.030998616e-04 4.785471663e-18
4.785471663e-18 4.785471663e-18 4.785471663e-18 4.785471663e-18 1.030998616e-04 4.785471663e-18
4.785471663e-18 4.785471663e-18 4.785471663e-18 4.785471663e-18 4.785471663e-18 4.785471663e-18

9.467021431e-04 1.107269544e-04 5.139489950e-18 1.107269544e-04 4.790877071e-04 2.790144412e-04
1.107269544e-04 0.000000000e+00 0.000000000e+00 3.384629673e-03 1.107269544e-04 5.139489950e-18
5.139489950e-18 0.000000000e+00 0.000000000e+00 2.790144412e-04 5.139489950e-18 2.790144412e-04
1.107269544e-04 5.139489950e-18 0.000000000e+00 9.750013090e-01 1.107269544e-04 5.139489950e-18
1.616537343e-02 1.107269544e-04 5.139489950e-18 1.207225374e-03 7.030723354e-04 5.139489950e-18
1.107269544e-04 2.790144412e-04 1.107269544e-04 5.139489950e-18 5.139489950e-18 5.139489950e-18

9.787793374e-02 5.963860224e-18 5.963860224e-18 3.237681451e-04 5.559330104e-04 3.237681451e-04
5.963860224e-18 0.000000000e+00 0.000000000e+00 5.559330104e-04 3.237681451e-04 5.963860224e-18
5.963860224e-18 0.000000000e+00 0.000000000e+00 8.158446026e-04 5.963860224e-18 5.963860224e-18
5.963860224e-18 0.000000000e+00 0.000000000e+00 5.413831329e-02 0.000000000e+00 5.963860224e-18
2.055799576e-03 5.963860224e-18 5.963860224e-18 5.559330104e-04 8.414648167e-01 5.963860224e-18
5.963860224e-18 5.559330104e-04 1.284874735e-04 5.963860224e-18 5.963860224e-18 3.237681451e-04

8.274035466e-02 6.016063572e-18 6.016063572e-18 4.373372446e-03 6.016063572e-18 6.016063572e-18
6.016063572e-18 0.000000000e+00 0.000000000e+00 8.255913296e-01 6.016063572e-18 6.016063572e-18
6.016063572e-18 0.000000000e+00 0.000000000e+00 6.016063572e-18 6.016063572e-18 8.229859202e-04
6.016063572e-18 0.000000000e+00 0.000000000e+00 0.000000000e+00 0.000000000e+00 6.016063572e-18
5.607992487e-04 6.016063572e-18 6.016063572e-18 8.274035466e-02 3.170803511e-03 0.000000000e+00
6.016063572e-18 6.016063572e-18 6.016063572e-18 6.016063572e-18 6.016063572e-18 6.016063572e-18

1.292903980e-03 5.504247308e-18 5.504247308e-18 3.817532371e-02 1.185854134e-04 5.504247308e-18
5.504247308e-18 0.000000000e+00 0.000000000e+00 5.504247308e-18 9.190475926e-01 5.504247308e-18
5.504247308e-18 0.000000000e+00 0.000000000e+00 0.000000000e+00 0.000000000e+00 5.504247308e-18
5.504247308e-18 0.000000000e+00 0.000000000e+00 0.000000000e+00 0.000000000e+00 5.504247308e-18
1.897366615e-03 5.504247308e-18 5.504247308e-18 3.817532371e-02 1.292903980e-03 0.000000000e+00
5.504247308e-18 5.504247308e-18 5.504247308e-18 5.504247308e-18 5.504247308e-18 5.504247308e-18

