7.152156807e-18 7.152156807e-18 7.152156807e-18 7.152156807e-18 7.152156807e-18 7.152156807e-18
7.152156807e-18 3.319737117e-03 3.882788087e-04 9.019164528e-02 7.152156807e-18 7.152156807e-18
7.152156807e-18 0.000000000e+00 7.152156807e-18 4.233296514e-03 7.152156807e-18 7.152156807e-18
7.152156807e-18 1.508300098e-01 2.133723648e-01 5.376646677e-01 7.152156807e-18 7.152156807e-18
7.152156807e-18 7.152156807e-18 7.152156807e-18 7.152156807e-18 7.152156807e-18 7.152156807e-18
7.152156807e-18 7.152156807e-18 7.152156807e-18 7.152156807e-18 7.152156807e-18 7.152156807e-18

3.561018042e-04 3.561018042e-04 1.413190947e-04 1.413190947e-04 1.413190947e-04 3.561018042e-04
3.561018042e-04 0.000000000e+00 1.372776526e-01 1.540763022e-03 1.413190947e-04 1.413190947e-04
1.413190947e-04 0.000000000e+00 0.000000000e+00 3.561018042e-04 6.114522106e-04 1.413190947e-04
3.561018042e-04 7.600001969e-01 7.164825998e-03 1.413190947e-04 3.561018042e-04 1.413190947e-04
3.561018042e-04 1.892335920e-03 8.457616854e-02 6.114522106e-04 3.561018042e-04 1.413190947e-04
3.561018042e-04 1.413190947e-04 3.561018042e-04 3.561018042e-04 3.561018042e-04 1.413190947e-04

1.257776861e-04 1.257776861e-04 1.257776861e-04 1.257776861e-04 1.257776861e-04 1.257776861e-04
1.257776861e-04 0.000000000e+00 0.000000000e+00 8.146790175e-01 1.257776861e-04 1.257776861e-04
0.000000000e+00 0.000000000e+00 0.000000000e+00 5.933354192e-03 1.257776861e-04 1.257776861e-04
1.257776861e-04 1.751929922e-01 7.986385250e-04 1.257776861e-04 1.257776861e-04 1.257776861e-04
1.257776861e-04 1.257776861e-04 1.257776861e-04 1.257776861e-04 1.257776861e-04 1.257776861e-04
1.257776861e-04 1.257776861e-04 1.257776861e-04 1.257776861e-04 1.257776861e-04 1.257776861e-04

