1.798390188e-04 1.960735106e-03 7.781182427e-04 7.905188588e-02 4.520520000e-01 1.798390188e-04
1.798390188e-04 1.798390188e-04 4.531659307e-04 7.905188588e-02 8.347387814e-18 8.795523839e-02
1.798390188e-04 1.798390188e-04 1.798390188e-04 1.798390188e-04 2.316337674e-01 6.068126678e-03
4.531659307e-04 8.347387814e-18 1.798390188e-04 1.141906590e-03 1.798390188e-04 1.960735106e-03
1.798390188e-04 1.798390188e-04 1.798390188e-04 1.798390188e-04 1.798390188e-04 5.188175331e-02
1.798390188e-04 1.798390188e-04 1.798390188e-04 1.960735106e-03 1.798390188e-04 1.798390188e-04

0.000000000e+00 1.391531059e-02 1.369702557e-04 3.451434168e-04 8.789924419e-01 3.451434168e-04
1.369702557e-04 1.369702557e-04 3.451434168e-04 1.873726741e-02 0.000000000e+00 1.749864398e-02
3.451434168e-04 6.357596094e-18 3.451434168e-04 1.568135761e-02 6.357596094e-18 2.257546522e-02
3.451434168e-04 6.357596094e-18 6.357596094e-18 1.834102713e-03 2.455958590e-02 3.451434168e-04
3.451434168e-04 6.357596094e-18 6.357596094e-18 6.357596094e-18 1.369702557e-04 1.171079213e-03
6.357596094e-18 3.451434168e-04 3.451434168e-04 3.451434168e-04 3.451434168e-04 3.451434168e-04

0.000000000e+00 5.418650448e-18 5.418650448e-18 5.418650448e-18 8.887261266e-01 5.418650448e-18
5.418650448e-18 5.418650448e-18 1.167412850e-04 5.418650448e-18 0.000000000e+00 1.056500552e-01
5.418650448e-18 5.418650448e-18 5.418650448e-18 5.507076924e-03 0.000000000e+00 5.418650448e-18
5.418650448e-18 5.418650448e-18 5.418650448e-18 0.000000000e+00 5.418650448e-18 5.418650448e-18
5.418650448e-18 5.418650448e-18 5.418650448e-18 5.418650448e-18 5.418650448e-18 5.418650448e-18
5.418650448e-18 5.418650448e-18 5.418650448e-18 5.418650448e-18 5.418650448e-18 5.418650448e-18

0.000000000e+00 4.647784847e-18 4.647784847e-18 4.647784847e-18 1.000000000e+00 4.647784847e-18
4.647784847e-18 4.647784847e-18 4.647784847e-18 0.000000000e+00 0.000000000e+00 4.647784847e-18
4.647784847e-18 4.647784847e-18 4.647784847e-18 4.647784847e-18 0.000000000e+00 4.647784847e-18
4.647784847e-18 4.647784847e-18 4.647784847e-18 0.000000000e+00 0.000000000e+00 4.647784847e-18
4.647784847e-18 4.647784847e-18 4.647784847e-18 4.647784847e-18 4.647784847e-18 4.647784847e-18
4.647784847e-18 4.647784847e-18 4.647784847e-18 4.647784847e-18 4.647784847e-18 4.647784847e-18

