1.494458114e-04 1.494458114e-04 1.494458114e-04 1.494458114e-04 1.494458114e-04 1.494458114e-04
1.494458114e-04 1.494458114e-04 1.485188014e-01 1.494458114e-04 3.765798472e-04 1.494458114e-04
1.494458114e-04 9.489217528e-04 3.219712403e-03 3.765798472e-04 6.466144718e-04 1.494458114e-04
1.494458114e-04 1.494458114e-04 4.041340448e-01 0.000000000e+00 4.375165744e-01 1.494458114e-04
1.494458114e-04 1.494458114e-04 3.765798472e-04 1.494458114e-04 1.494458114e-04 1.494458114e-04
1.494458114e-04 1.494458114e-04 1.494458114e-04 1.494458114e-04 1.494458114e-04 1.494458114e-04

1.695964093e-04 1.695964093e-04 1.695964093e-04 1.695964093e-04 1.695964093e-04 1.695964093e-04
1.695964093e-04 1.695964093e-04 4.659346204e-03 1.695964093e-04 4.148969414e-03 1.695964093e-04
1.695964093e-04 4.273561721e-04 7.351593077e-02 0.000000000e+00 0.000000000e+00 1.695964093e-04
1.695964093e-04 4.273561721e-04 4.782973115e-01 0.000000000e+00 2.872247690e-01 7.338010452e-04
1.695964093e-04 6.239106052e-02 1.695964093e-04 8.598475424e-03 7.558674298e-02 1.695964093e-04
1.695964093e-04 1.695964093e-04 1.695964093e-04 4.273561721e-04 1.695964093e-04 1.695964093e-04

1.791481016e-04 1.791481016e-04 1.791481016e-04 1.791481016e-04 1.791481016e-04 3.353787613e-03
1.791481016e-04 1.791481016e-04 2.129522394e-02 1.791481016e-04 3.986626574e-01 1.791481016e-04
1.791481016e-04 7.225516376e-02 2.495314784e-01 0.000000000e+00 0.000000000e+00 1.791481016e-04
1.791481016e-04 1.791481016e-04 1.531694723e-03 0.000000000e+00 0.000000000e+00 1.791481016e-04
1.791481016e-04 1.048595909e-01 0.000000000e+00 1.791481016e-04 1.314733394e-01 1.791481016e-04
1.791481016e-04 1.791481016e-04 1.309580567e-02 1.791481016e-04 1.791481016e-04 1.791481016e-04

1.763669111e-04 1.763669111e-04 1.763669111e-04 1.763669111e-04 1.455832476e-01 1.763669111e-04
1.763669111e-04 1.763669111e-04 1.209363452e-01 1.763669111e-04 0.000000000e+00 1.763669111e-04
1.763669111e-04 1.763669111e-04 3.764060883e-01 0.000000000e+00 0.000000000e+00 1.763669111e-04
1.763669111e-04 1.763669111e-04 0.000000000e+00 0.000000000e+00 0.000000000e+00 1.763669111e-04
1.763669111e-04 1.819054144e-01 0.000000000e+00 1.531947042e-01 1.763669111e-04 1.763669111e-04
1.763669111e-04 1.763669111e-04 1.791776129e-02 1.763669111e-04 1.763669111e-04 1.763669111e-04

