2.420064211e-03 5.593262684e-04 2.219687767e-04 1.030287795e-01 3.552836650e-02 3.551500427e-03
5.593262684e-04 1.030287795e-17 4.782172326e-03 7.651475722e-02 2.219687767e-04 9.604031185e-04
1.057853314e-01 1.030287795e-17 1.085599599e-01 1.030287795e-17 1.644408379e-01 2.069125795e-02
1.270202718e-01 2.219687767e-04 7.779265260e-02 0.000000000e+00 1.582938361e-01 1.030287795e-17
9.604031185e-04 1.030287795e-17 2.219687767e-04 1.897806345e-03 2.219687767e-04 2.219687767e-04
2.420064211e-03 5.593262684e-04 1.897806345e-03 2.219687767e-04 2.219687767e-04 1.030287795e-17

2.143583399e-03 1.966099010e-04 8.506816356e-04 5.401491693e-03 4.954259058e-04 4.954259058e-04
1.680991008e-03 8.506816356e-04 1.680991008e-03 8.594170122e-03 1.248395055e-03 1.680991008e-03
8.506816356e-04 1.966099010e-04 0.000000000e+00 0.000000000e+00 1.308078413e-01 3.145758416e-03
1.248395055e-03 8.506816356e-04 2.314906535e-01 0.000000000e+00 3.687498603e-01 3.145758416e-03
4.954259058e-04 1.966099010e-04 2.143583399e-03 7.347912095e-02 1.966099010e-04 5.244015482e-02
1.248395055e-03 1.680991008e-03 4.954259058e-04 4.809821559e-03 9.615750146e-02 8.506816356e-04

1.638028977e-04 1.638028977e-04 1.638028977e-04 4.007238216e-03 1.638028977e-04 4.127574377e-04
4.127574377e-04 1.638028977e-04 7.087339764e-04 1.595158486e-02 1.638028977e-04 7.087339764e-04
2.193405696e-03 1.400495075e-03 0.000000000e+00 0.000000000e+00 5.007020659e-03 6.604119003e-03
7.087339764e-04 1.640142503e-01 0.000000000e+00 0.000000000e+00 7.100458399e-02 2.620846363e-03
7.087339764e-04 2.193405696e-03 1.638028977e-04 6.796870117e-01 0.000000000e+00 1.392725803e-02
7.087339764e-04 1.040083568e-03 4.127574377e-04 1.595158486e-02 8.304746523e-03 1.638028977e-04

3.517249117e-02 3.517249117e-02 3.517249117e-02 3.517249117e-02 3.517249117e-02 3.517249117e-02
3.517249117e-02 3.517249117e-02 3.517249117e-02 3.517249117e-02 3.517249117e-02 3.517249117e-02
3.517249117e-02 3.517249117e-02 0.000000000e+00 0.000000000e+00 3.383900824e-02 3.383900824e-02
3.383900824e-02 0.000000000e+00 0.000000000e+00 0.000000000e+00 3.383900824e-02 3.383900824e-02
3.383900824e-02 3.383900824e-02 0.000000000e+00 3.383900824e-02 0.000000000e+00 3.383900824e-02
3.383900824e-02 3.383900824e-02 3.383900824e-02 3.383900824e-02 3.383900824e-02 3.383900824e-02

