7.772125505e-18 7.772125505e-18 7.772125505e-18 7.772125505e-18 7.772125505e-18 7.772125505e-18
7.772125505e-18 2.601018096e-02 3.347865917e-01 7.772125505e-18 1.063211813e-03 7.772125505e-18
7.772125505e-18 1.674453680e-04 2.076832732e-01 2.290620414e-02 1.674453680e-04 7.772125505e-18
7.772125505e-18 6.750974204e-03 5.485220687e-02 3.452775757e-01 1.674453680e-04 7.772125505e-18
7.772125505e-18 7.772125505e-18 7.772125505e-18 1.674453680e-04 7.772125505e-18 7.772125505e-18
7.772125505e-18 7.772125505e-18 7.772125505e-18 7.772125505e-18 7.772125505e-18 7.772125505e-18

4.760211735e-18 4.760211735e-18 4.760211735e-18 4.760211735e-18 4.760211735e-18 4.760211735e-18
1.025556530e-04 9.942273113e-01 4.760211735e-18 0.000000000e+00 5.567577421e-03 4.760211735e-18
4.760211735e-18 4.760211735e-18 4.760211735e-18 4.760211735e-18 4.760211735e-18 4.760211735e-18
4.760211735e-18 4.760211735e-18 1.025556530e-04 0.000000000e+00 4.760211735e-18 4.760211735e-18
4.760211735e-18 4.760211735e-18 4.760211735e-18 4.760211735e-18 4.760211735e-18 4.760211735e-18
4.760211735e-18 4.760211735e-18 4.760211735e-18 4.760211735e-18 4.760211735e-18 4.760211735e-18

5.808994633e-18 5.808994633e-18 5.808994633e-18 5.808994633e-18 5.808994633e-18 5.808994633e-18
1.070025960e-03 6.687662251e-01 0.000000000e+00 0.000000000e+00 5.808994633e-18 3.300385979e-01
5.808994633e-18 5.808994633e-18 5.808994633e-18 5.808994633e-18 5.808994633e-18 5.808994633e-18
5.808994633e-18 5.808994633e-18 0.000000000e+00 0.000000000e+00 1.251509955e-04 5.808994633e-18
5.808994633e-18 5.808994633e-18 5.808994633e-18 5.808994633e-18 5.808994633e-18 5.808994633e-18
5.808994633e-18 5.808994633e-18 5.808994633e-18 5.808994633e-18 5.808994633e-18 5.808994633e-18

5.113720214e-18 5.113720214e-18 5.113720214e-18 5.113720214e-18 5.113720214e-18 5.113720214e-18
5.113720214e-18 3.546677931e-02 0.000000000e+00 0.000000000e+00 0.000000000e+00 9.573270024e-01
5.113720214e-18 5.113720214e-18 5.113720214e-18 5.113720214e-18 5.113720214e-18 5.113720214e-18
7.206218246e-03 0.000000000e+00 0.000000000e+00 0.000000000e+00 5.113720214e-18 5.113720214e-18
5.113720214e-18 5.113720214e-18 5.113720214e-18 5.113720214e-18 5.113720214e-18 5.113720214e-18
5.113720214e-18 5.113720214e-18 5.113720214e-18 5.113720214e-18 5.113720214e-18 5.113720214e-18

