6.083106025e-18 1.310565464e-04 1.120517710e-03 1.310565464e-04 6.182375692e-03 6.083106025e-18
1.310565464e-04 6.083106025e-18 1.310565464e-04 3.302418032e-04 3.078414197e-02 1.120517710e-03
1.310565464e-04 6.083106025e-18 3.302418032e-04 8.803673476e-01 6.083106025e-18 6.002133426e-02
1.310565464e-04 6.083106025e-18 6.083106025e-18 1.754915081e-03 1.009461709e-02 3.302418032e-04
1.310565464e-04 6.083106025e-18 6.083106025e-18 1.310565464e-04 1.310565464e-04 1.310565464e-04
6.083106025e-18 1.310565464e-04 5.728715848e-03 1.310565464e-04 1.310565464e-04 1.310565464e-04

1.443750943e-04 6.701298257e-18 1.443750943e-04 3.638024409e-04 1.234389693e-03 6.701298257e-18
6.701298257e-18 6.701298257e-18 6.701298257e-18 1.234389693e-03 6.246747533e-04 3.638024409e-04
1.443750943e-04 6.701298257e-18 0.000000000e+00 9.313342486e-02 0.000000000e+00 1.234389693e-03
6.701298257e-18 6.701298257e-18 1.234389693e-03 6.701298257e-18 6.301703933e-01 2.632072728e-01
1.443750943e-04 6.701298257e-18 1.443750943e-04 1.933257340e-03 1.443750943e-04 6.701298257e-18
6.701298257e-18 1.443750943e-04 1.443750943e-04 3.966437442e-03 6.701298257e-18 1.443750943e-04

5.954883995e-18 5.954883995e-18 5.954883995e-18 5.954883995e-18 5.954883995e-18 5.954883995e-18
5.954883995e-18 5.954883995e-18 5.954883995e-18 5.954883995e-18 5.954883995e-18 5.954883995e-18
5.954883995e-18 1.398754960e-03 0.000000000e+00 8.622606104e-02 0.000000000e+00 1.096899011e-03
5.550962736e-04 8.881540377e-03 5.954883995e-18 0.000000000e+00 8.664596360e-01 6.052061218e-03
5.954883995e-18 5.954883995e-18 0.000000000e+00 2.683429717e-02 5.954883995e-18 5.954883995e-18
5.954883995e-18 1.398754960e-03 5.954883995e-18 1.096899011e-03 5.954883995e-18 5.954883995e-18

7.484403426e-18 7.484403426e-18 7.484403426e-18 2.159175327e-03 7.484403426e-18 7.484403426e-18
7.484403426e-18 7.484403426e-18 7.484403426e-18 7.484403426e-18 0.000000000e+00 7.484403426e-18
7.484403426e-18 1.296561491e-01 0.000000000e+00 1.436661718e-02 0.000000000e+00 7.484403426e-18
3.123688060e-01 7.484403426e-18 0.000000000e+00 0.000000000e+00 9.544038523e-02 7.484403426e-18
7.484403426e-18 4.329478939e-01 0.000000000e+00 1.306097328e-02 7.484403426e-18 7.484403426e-18
7.484403426e-18 7.484403426e-18 7.484403426e-18 7.484403426e-18 7.484403426e-18 7.484403426e-18

5.447797162e-18 5.447797162e-18 5.447797162e-18 5.447797162e-18 5.447797162e-18 5.447797162e-18
5.447797162e-18 5.447797162e-18 5.447797162e-18 5.447797162e-18 0.000000000e+00 5.447797162e-18
5.447797162e-18 5.447797162e-18 0.000000000e+00 9.022879108e-01 0.000000000e+00 5.447797162e-18
0.000000000e+00 0.000000000e+00 0.000000000e+00 0.000000000e+00 5.447797162e-18 4.341861253e-03
5.447797162e-18 5.447797162e-18 0.000000000e+00 7.235210488e-03 8.613501743e-02 5.447797162e-18
5.447797162e-18 5.447797162e-18 5.447797162e-18 5.447797162e-18 5.447797162e-18 5.447797162e-18

