1.337107289e-04 1.337107289e-04 1.083056904e-02 1.337107289e-04 1.337107289e-04 1.337107289e-04
1.337107289e-04 1.337107289e-04 7.564442199e-02 8.490102071e-04 6.206302263e-18 1.337107289e-04
4.511666306e-03 3.422994661e-02 6.206302263e-18 8.596708129e-01 1.337107289e-04 1.337107289e-04
1.337107289e-04 5.785327241e-04 8.745877118e-03 3.369299240e-04 6.206302263e-18 1.337107289e-04
1.337107289e-04 6.206302263e-18 1.337107289e-04 6.206302263e-18 6.206302263e-18 3.369299240e-04
6.206302263e-18 8.490102071e-04 1.337107289e-04 1.143210651e-03 1.337107289e-04 1.337107289e-04

4.816732712e-18 4.816732712e-18 1.037733605e-04 4.816732712e-18 4.816732712e-18 4.816732712e-18
4.816732712e-18 1.037733605e-04 1.037733605e-04 4.816732712e-18 4.816732712e-18 1.037733605e-04
1.037733605e-04 1.037733605e-04 0.000000000e+00 1.037733605e-04 4.816732712e-18 1.037733605e-04
4.816732712e-18 1.037733605e-04 9.950637761e-01 0.000000000e+00 4.816732712e-18 1.037733605e-04
1.037733605e-04 1.037733605e-04 4.816732712e-18 3.172076728e-03 1.037733605e-04 4.816732712e-18
4.816732712e-18 1.037733605e-04 1.037733605e-04 1.037733605e-04 4.816732712e-18 1.037733605e-04

5.154751682e-18 5.154751682e-18 1.110557584e-04 1.110557584e-04 1.110557584e-04 1.110557584e-04
5.154751682e-18 1.110557584e-04 5.154751682e-18 5.154751682e-18 5.154751682e-18 5.154751682e-18
2.725189257e-02 9.664383094e-01 0.000000000e+00 7.051601110e-04 5.154751682e-18 1.110557584e-04
5.154751682e-18 5.154751682e-18 0.000000000e+00 0.000000000e+00 4.805103596e-04 1.110557584e-04
1.110557584e-04 2.716843752e-03 0.000000000e+00 7.051601110e-04 5.154751682e-18 5.154751682e-18
5.154751682e-18 4.805103596e-04 1.110557584e-04 1.110557584e-04 1.110557584e-04 5.154751682e-18

4.984541030e-18 4.984541030e-18 1.073886811e-04 1.073886811e-04 2.706025196e-04 1.073886811e-04
4.984541030e-18 4.984541030e-18 1.073886811e-04 4.984541030e-18 4.984541030e-18 4.984541030e-18
4.984541030e-18 0.000000000e+00 0.000000000e+00 2.706025196e-04 4.984541030e-18 1.073886811e-04
1.073886811e-04 0.000000000e+00 0.000000000e+00 0.000000000e+00 1.073886811e-04 4.984541030e-18
4.984541030e-18 9.874443553e-01 0.000000000e+00 2.950304465e-03 1.437990097e-03 4.984541030e-18
4.984541030e-18 1.073886811e-04 2.313618998e-03 3.282587502e-03 4.984541030e-18 1.170829103e-03

9.483289684e-02 7.961390294e-03 2.914139488e-03 2.914139488e-03 2.914139488e-03 1.821337180e-04
1.821337180e-04 1.557221384e-03 3.995368372e-02 1.821337180e-04 1.821337180e-04 6.145554400e-03
8.591856732e-03 0.000000000e+00 0.000000000e+00 5.457541550e-01 1.821337180e-04 4.589482104e-04
1.622760210e-02 0.000000000e+00 0.000000000e+00 0.000000000e+00 6.145554400e-03 4.589482104e-04
7.880468296e-04 2.087750780e-01 0.000000000e+00 0.000000000e+00 3.409680604e-03 1.821337180e-04
1.821337180e-04 1.985753578e-03 1.191317353e-02 3.001931620e-02 0.000000000e+00 5.003785465e-03

3.917969513e-02 3.917969513e-02 3.917969513e-02 3.917969513e-02 3.917969513e-02 3.917969513e-02
0.000000000e+00 3.917969513e-02 3.917969513e-02 3.917969513e-02 3.917969513e-02 3.917969513e-02
3.917969513e-02 0.000000000e+00 0.000000000e+00 0.000000000e+00 3.784597560e-02 3.784597560e-02
3.784597560e-02 0.000000000e+00 0.000000000e+00 0.000000000e+00 3.784597560e-02 3.784597560e-02
3.784597560e-02 3.784597560e-02 0.000000000e+00 0.000000000e+00 3.784597560e-02 3.784597560e-02
3.784597560e-02 3.784597560e-02 3.784597560e-02 3.784597560e-02 0.000000000e+00 3.784597560e-02

