7.312828517e-18 7.312828517e-18 7.312828517e-18 7.312828517e-18 7.312828517e-18 7.312828517e-18
7.312828517e-18 7.312828517e-18 3.375484299e-02 6.816797544e-04 7.312828517e-18 7.312828517e-18
7.312828517e-18 2.083714428e-02 1.222292563e-01 7.312828517e-18 3.970014111e-04 7.312828517e-18
7.312828517e-18 7.312828517e-18 5.795947429e-02 6.740513025e-01 4.806724190e-02 7.312828517e-18
7.312828517e-18 7.312828517e-18 7.312828517e-18 4.202205662e-02 7.312828517e-18 7.312828517e-18
7.312828517e-18 7.312828517e-18 7.312828517e-18 7.312828517e-18 7.312828517e-18 7.312828517e-18

4.706126199e-18 4.706126199e-18 4.706126199e-18 4.706126199e-18 4.706126199e-18 4.706126199e-18
4.706126199e-18 4.706126199e-18 4.706126199e-18 0.000000000e+00 4.706126199e-18 4.706126199e-18
4.706126199e-18 4.706126199e-18 9.977142193e-01 0.000000000e+00 4.706126199e-18 1.013904154e-04
4.706126199e-18 4.706126199e-18 4.706126199e-18 4.706126199e-18 2.184390282e-03 4.706126199e-18
4.706126199e-18 4.706126199e-18 4.706126199e-18 4.706126199e-18 4.706126199e-18 4.706126199e-18
4.706126199e-18 4.706126199e-18 4.706126199e-18 4.706126199e-18 4.706126199e-18 4.706126199e-18

5.623424039e-18 5.623424039e-18 5.623424039e-18 5.623424039e-18 5.623424039e-18 5.623424039e-18
5.623424039e-18 5.623424039e-18 5.623424039e-18 0.000000000e+00 5.623424039e-18 5.623424039e-18
5.623424039e-18 2.282910456e-01 5.623424039e-18 0.000000000e+00 0.000000000e+00 7.717089544e-01
5.623424039e-18 5.623424039e-18 0.000000000e+00 5.623424039e-18 5.623424039e-18 5.623424039e-18
5.623424039e-18 5.623424039e-18 5.623424039e-18 5.623424039e-18 5.623424039e-18 5.623424039e-18
5.623424039e-18 5.623424039e-18 5.623424039e-18 5.623424039e-18 5.623424039e-18 5.623424039e-18

6.610937233e-18 6.610937233e-18 6.610937233e-18 6.610937233e-18 6.610937233e-18 6.610937233e-18
6.610937233e-18 6.610937233e-18 6.610937233e-18 0.000000000e+00 6.610937233e-18 6.610937233e-18
6.610937233e-18 1.914551265e-01 0.000000000e+00 0.000000000e+00 0.000000000e+00 3.634033824e-01
6.610937233e-18 4.451414911e-01 0.000000000e+00 0.000000000e+00 6.610937233e-18 6.610937233e-18
6.610937233e-18 6.610937233e-18 6.610937233e-18 6.610937233e-18 6.610937233e-18 6.610937233e-18
6.610937233e-18 6.610937233e-18 6.610937233e-18 6.610937233e-18 6.610937233e-18 6.610937233e-18

3.657553644e-03 3.125988250e-03 2.130111608e-03 3.657553644e-03 5.367544908e-03 2.616162675e-03
3.125988250e-03 4.209210954e-03 4.779593246e-03 0.000000000e+00 1.234131447e-01 1.352536563e-02
6.592316849e-03 4.779593246e-03 0.000000000e+00 0.000000000e+00 0.000000000e+00 4.837379731e-01
4.779593246e-03 0.000000000e+00 0.000000000e+00 0.000000000e+00 1.313104431e-01 9.216457655e-03
2.130111608e-03 1.557121032e-01 9.068470097e-18 0.000000000e+00 7.227515593e-03 3.657553644e-03
3.125988250e-03 6.592316849e-03 3.125988250e-03 2.616162675e-03 2.130111608e-03 3.657553644e-03

8.789648718e-04 1.183545257e-03 1.384282930e-04 1.183545257e-03 8.789648718e-04 1.183545257e-03
1.183545257e-03 8.789648718e-04 2.214852688e-03 0.000000000e+00 6.530125637e-03 1.384282930e-04
1.183545257e-03 0.000000000e+00 0.000000000e+00 0.000000000e+00 0.000000000e+00 1.533297762e-01
8.051136116e-01 0.000000000e+00 0.000000000e+00 0.000000000e+00 5.989444383e-04 3.488174405e-04
7.515043943e-03 1.384282930e-04 0.000000000e+00 0.000000000e+00 9.583111013e-03 1.384282930e-04
1.183545257e-03 8.789648718e-04 1.183545257e-03 1.183545257e-03 3.488174405e-04 8.789648718e-04

