1.563430679e-04 3.939598445e-04 4.778993423e-03 1.704565249e-03 1.563430679e-04 1.563430679e-04
1.563430679e-04 7.256802380e-18 1.563430679e-04 1.563430679e-04 2.501489086e-03 9.927166016e-04
1.563430679e-04 7.256802380e-18 1.563430679e-04 1.082331468e-02 1.588346563e-02 1.392972770e-02
3.939598445e-04 7.256802380e-18 1.563430679e-04 4.048437725e-01 7.256802380e-18 5.074227140e-01
1.563430679e-04 1.563430679e-04 1.563430679e-04 1.563430679e-04 2.803324697e-02 6.764571674e-04
1.563430679e-04 6.764571674e-04 1.563430679e-04 2.501489086e-03 1.704565249e-03 3.939598445e-04

6.208007199e-18 6.208007199e-18 1.337474607e-04 6.208007199e-18 6.208007199e-18 6.208007199e-18
6.208007199e-18 6.208007199e-18 6.208007199e-18 6.208007199e-18 6.208007199e-18 6.208007199e-18
6.208007199e-18 6.208007199e-18 6.208007199e-18 7.361280320e-01 0.000000000e+00 6.208007199e-18
6.208007199e-18 6.208007199e-18 1.776297834e-01 6.208007199e-18 0.000000000e+00 2.503853364e-03
6.208007199e-18 6.208007199e-18 6.208007199e-18 8.181363593e-02 6.208007199e-18 6.208007199e-18
6.208007199e-18 6.208007199e-18 6.208007199e-18 1.790947817e-03 6.208007199e-18 6.208007199e-18

5.834190354e-18 5.834190354e-18 5.834190354e-18 5.834190354e-18 5.834190354e-18 5.834190354e-18
5.834190354e-18 5.834190354e-18 5.834190354e-18 5.834190354e-18 5.834190354e-18 5.834190354e-18
5.834190354e-18 5.834190354e-18 0.000000000e+00 5.834190354e-18 0.000000000e+00 5.834190354e-18
5.834190354e-18 5.834190354e-18 5.857146231e-01 0.000000000e+00 0.000000000e+00 5.834190354e-18
5.834190354e-18 5.834190354e-18 5.834190354e-18 4.142853769e-01 5.834190354e-18 5.834190354e-18
5.834190354e-18 5.834190354e-18 5.834190354e-18 5.834190354e-18 5.834190354e-18 5.834190354e-18

5.875687589e-18 5.875687589e-18 3.477766002e-03 5.875687589e-18 5.875687589e-18 5.875687589e-18
5.875687589e-18 5.875687589e-18 5.875687589e-18 2.331768165e-02 5.875687589e-18 5.875687589e-18
5.875687589e-18 5.875687589e-18 0.000000000e+00 0.000000000e+00 0.000000000e+00 5.875687589e-18
5.875687589e-18 5.875687589e-18 0.000000000e+00 0.000000000e+00 0.000000000e+00 5.875687589e-18
5.875687589e-18 5.875687589e-18 1.848095531e-02 2.086423529e-02 4.509660340e-02 5.875687589e-18
5.875687589e-18 5.875687589e-18 5.875687589e-18 8.887627584e-01 5.875687589e-18 5.875687589e-18

