6.468507115e-18 1.393597612e-04 6.468507115e-18 3.409266678e-03 1.393597612e-04 6.468507115e-18
1.393597612e-04 6.468507115e-18 1.393597612e-04 5.208299632e-02 8.848793262e-04 1.393597612e-04
1.393597612e-04 6.468507115e-18 7.750300650e-01 6.468507115e-18 1.458459893e-01 7.565611817e-03
1.393597612e-04 6.468507115e-18 1.866099430e-03 1.073417136e-02 3.511645933e-04 1.393597612e-04
1.393597612e-04 6.468507115e-18 6.468507115e-18 1.393597612e-04 6.468507115e-18 6.468507115e-18
1.393597612e-04 1.393597612e-04 1.393597612e-04 1.393597612e-04 1.393597612e-04 1.393597612e-04

5.460122809e-18 5.460122809e-18 5.460122809e-18 7.040166084e-02 5.460122809e-18 5.460122809e-18
5.460122809e-18 1.176347799e-04 6.386198378e-03 5.460122809e-18 9.131520330e-01 5.460122809e-18
5.460122809e-18 5.460122809e-18 0.000000000e+00 0.000000000e+00 1.176347799e-04 2.964210708e-04
5.460122809e-18 5.460122809e-18 5.460122809e-18 9.528417173e-03 5.460122809e-18 5.460122809e-18
5.460122809e-18 5.460122809e-18 5.460122809e-18 5.460122809e-18 5.460122809e-18 5.460122809e-18
5.460122809e-18 5.460122809e-18 5.460122809e-18 5.460122809e-18 5.460122809e-18 5.460122809e-18

5.130288355e-18 5.130288355e-18 5.130288355e-18 7.229565953e-03 5.130288355e-18 5.130288355e-18
5.130288355e-18 5.130288355e-18 8.513462746e-03 0.000000000e+00 7.018135750e-04 5.130288355e-18
5.130288355e-18 5.130288355e-18 0.000000000e+00 0.000000000e+00 9.718283722e-01 5.130288355e-18
5.130288355e-18 5.130288355e-18 9.847797429e-03 5.130288355e-18 1.768459392e-03 0.000000000e+00
5.130288355e-18 5.130288355e-18 5.130288355e-18 1.105287120e-04 5.130288355e-18 5.130288355e-18
5.130288355e-18 5.130288355e-18 5.130288355e-18 5.130288355e-18 5.130288355e-18 5.130288355e-18

4.964575956e-18 4.964575956e-18 4.964575956e-18 1.865823145e-02 4.964575956e-18 4.964575956e-18
4.964575956e-18 4.964575956e-18 2.002344683e-03 0.000000000e+00 9.779071935e-01 4.964575956e-18
4.964575956e-18 4.964575956e-18 0.000000000e+00 0.000000000e+00 4.964575956e-18 4.964575956e-18
4.964575956e-18 4.964575956e-18 0.000000000e+00 0.000000000e+00 1.432230374e-03 0.000000000e+00
4.964575956e-18 4.964575956e-18 4.964575956e-18 4.964575956e-18 4.964575956e-18 4.964575956e-18
4.964575956e-18 4.964575956e-18 4.964575956e-18 4.964575956e-18 4.964575956e-18 4.964575956e-18

