7.461337435e-18 7.461337435e-18 7.461337435e-18 7.461337435e-18 7.461337435e-18 7.461337435e-18
7.461337435e-18 6.955233065e-04 4.050637156e-04 1.565425028e-02 7.461337435e-18 7.461337435e-18
7.461337435e-18 4.050637156e-04 7.461337435e-18 2.599382885e-01 1.981917839e-02 7.461337435e-18
7.461337435e-18 5.174894150e-02 5.576151879e-01 4.287544052e-02 7.461337435e-18 7.461337435e-18
7.461337435e-18 7.461337435e-18 5.084306214e-02 7.461337435e-18 7.461337435e-18 7.461337435e-18
7.461337435e-18 7.461337435e-18 7.461337435e-18 7.461337435e-18 7.461337435e-18 7.461337435e-18

6.274568945e-18 6.274568945e-18 1.810150213e-03 6.274568945e-18 6.274568945e-18 6.274568945e-18
1.351814900e-04 3.307050366e-03 6.274568945e-18 7.815113090e-01 4.561292714e-03 6.274568945e-18
6.274568945e-18 1.473846416e-03 0.000000000e+00 1.570560477e-01 3.406360097e-04 6.274568945e-18
6.274568945e-18 1.810150213e-03 0.000000000e+00 4.659835064e-02 1.351814900e-04 6.274568945e-18
1.351814900e-04 6.274568945e-18 1.351814900e-04 5.848963377e-04 1.351814900e-04 6.274568945e-18
6.274568945e-18 1.351814900e-04 6.274568945e-18 6.274568945e-18 6.274568945e-18 1.351814900e-04

8.024037342e-18 8.024037342e-18 8.024037342e-18 8.024037342e-18 8.024037342e-18 7.479764898e-04
4.356117664e-04 3.257474205e-01 0.000000000e+00 6.562322095e-02 1.904136876e-02 7.479764898e-04
4.356117664e-04 4.749354667e-03 0.000000000e+00 4.525859368e-01 9.332907712e-02 4.356117664e-04
1.728726441e-04 1.065671085e-02 0.000000000e+00 1.001579286e-02 8.024037342e-18 1.884782649e-03
1.728726441e-04 1.728726441e-04 0.000000000e+00 6.395109031e-03 4.356117664e-04 7.479764898e-04
1.728726441e-04 1.728726441e-04 2.314854300e-03 1.728726441e-04 1.884782649e-03 7.479764898e-04

2.905906163e-03 8.430013497e-18 0.000000000e+00 8.430013497e-18 6.128191351e-03 2.905906163e-03
8.542600596e-02 8.430013497e-18 0.000000000e+00 4.998884074e-01 8.317801069e-02 4.443090747e-03
8.430013497e-18 5.551615842e-03 0.000000000e+00 5.551615842e-03 7.938896959e-03 5.551615842e-03
8.430013497e-18 2.397473174e-01 0.000000000e+00 0.000000000e+00 8.430013497e-18 8.430013497e-18
1.052254188e-02 8.430013497e-18 0.000000000e+00 6.718669561e-03 8.430013497e-18 8.430013497e-18
2.905906163e-03 2.000476678e-02 3.912865652e-03 8.430013497e-18 8.430013497e-18 6.718669561e-03

