1.439980377e-04 3.628523176e-04 1.439980377e-04 6.230433239e-04 3.628523176e-04 1.439980377e-04
1.439980377e-04 6.683796837e-18 6.230433239e-04 1.439980377e-04 6.683796837e-18 3.628523176e-04
1.439980377e-04 1.231165904e-03 1.166384105e-02 5.805637082e-03 1.439980377e-04 3.628523176e-04
2.303968603e-03 3.382399548e-02 6.683796837e-18 7.859378555e-01 1.439980377e-04 1.439980377e-04
1.439980377e-04 1.439980377e-04 1.250786593e-01 1.439980377e-04 1.439980377e-04 1.439980377e-04
6.683796837e-18 3.628523176e-04 2.794866267e-02 1.439980377e-04 3.628523176e-04 6.230433239e-04

1.411601927e-04 1.411601927e-04 1.411601927e-04 1.411601927e-04 7.156769727e-03 1.411601927e-04
1.411601927e-04 1.411601927e-04 6.107646817e-04 7.191210342e-01 1.411601927e-04 3.453312039e-03
1.411601927e-04 1.411601927e-04 1.206902671e-03 6.107646817e-04 9.233138649e-03 3.557013964e-04
1.890208140e-03 7.663354275e-03 0.000000000e+00 2.414836647e-01 1.411601927e-04 1.411601927e-04
0.000000000e+00 1.890208140e-03 1.890208140e-03 1.411601927e-04 1.411601927e-04 1.411601927e-04
1.411601927e-04 1.411601927e-04 6.107646817e-04 1.411601927e-04 1.411601927e-04 1.411601927e-04

7.935491304e-18 7.935491304e-18 7.935491304e-18 7.473184687e-03 7.935491304e-18 7.935491304e-18
1.709649775e-04 7.935491304e-18 1.709649775e-04 4.265206810e-01 0.000000000e+00 1.709649775e-04
1.709649775e-04 7.935491304e-18 8.901758693e-02 7.935491304e-18 1.472662809e-01 1.863983887e-03
1.709649775e-04 1.863983887e-03 0.000000000e+00 8.901758693e-02 2.325793636e-01 7.935491304e-18
0.000000000e+00 3.200593356e-03 0.000000000e+00 1.709649775e-04 7.935491304e-18 7.935491304e-18
1.709649775e-04 7.935491304e-18 7.935491304e-18 7.935491304e-18 7.935491304e-18 7.935491304e-18

5.646339297e-04 1.915815357e-03 2.240751235e-04 9.171678741e-02 4.915414187e-02 2.240751235e-04
1.915815357e-03 2.240751235e-04 1.422788347e-03 5.030729535e-02 0.000000000e+00 8.770759596e-02
5.481724747e-03 2.443029127e-03 2.762671684e-02 0.000000000e+00 1.905187337e-02 2.655800635e-01
1.057037313e-02 1.460539336e-01 0.000000000e+00 1.445462860e-01 6.849382936e-03 1.422788347e-03
0.000000000e+00 0.000000000e+00 0.000000000e+00 8.289251626e-03 2.240751235e-04 9.695167517e-04
4.827552192e-03 6.836347409e-02 2.240751235e-04 9.695167517e-04 5.646339297e-04 5.646339297e-04

