1.057116728e-17 5.588713731e-02 2.807966425e-02 5.738912537e-04 2.508581227e-02 1.057116728e-17
6.961680399e-03 2.508581227e-02 1.799028194e-01 1.071235057e-01 1.057116728e-17 5.588713731e-02
1.057116728e-17 0.000000000e+00 1.057116728e-17 1.348024979e-01 1.057116728e-17 7.850721919e-02
5.738912537e-04 7.203407156e-02 1.423430593e-01 7.850721919e-02 1.057116728e-17 1.057116728e-17
1.057116728e-17 1.057116728e-17 2.277488950e-04 1.057116728e-17 1.057116728e-17 5.738912537e-04
1.057116728e-17 1.446115342e-03 5.738912537e-04 4.263631129e-03 9.854122377e-04 5.738912537e-04

5.549293904e-18 5.549293904e-18 5.549293904e-18 3.012620227e-04 5.549293904e-18 5.549293904e-18
5.639852339e-03 9.340549474e-01 0.000000000e+00 2.261160004e-02 5.549293904e-18 5.549293904e-18
5.549293904e-18 0.000000000e+00 0.000000000e+00 5.549293904e-18 4.820192363e-03 5.172883922e-04
3.012620227e-04 3.012620227e-04 5.226002605e-03 2.622633077e-02 5.549293904e-18 5.549293904e-18
5.549293904e-18 5.549293904e-18 5.549293904e-18 5.549293904e-18 5.549293904e-18 5.549293904e-18
5.549293904e-18 5.549293904e-18 5.549293904e-18 5.549293904e-18 5.549293904e-18 5.549293904e-18

1.434219505e-03 5.939353842e-01 1.677473310e-04 7.258005480e-04 1.434219505e-03 7.258005480e-04
3.140356585e-03 0.000000000e+00 0.000000000e+00 1.579746908e-01 4.226967867e-04 4.226967867e-04
2.246223702e-03 0.000000000e+00 0.000000000e+00 0.000000000e+00 4.747384489e-02 1.065129159e-03
7.258005480e-04 5.127591535e-03 3.089932255e-02 1.432842324e-01 1.677473310e-04 1.065129159e-03
7.258005480e-04 1.677473310e-04 1.677473310e-04 1.677473310e-04 1.677473310e-04 4.226967867e-04
1.065129159e-03 1.065129159e-03 7.258005480e-04 7.258005480e-04 1.434219505e-03 7.258005480e-04

