7.312828517e-18 7.312828517e-18 7.312828517e-18 7.312828517e-18 7.312828517e-18 7.312828517e-18
7.312828517e-18 7.312828517e-18 3.375484299e-02 6.816797544e-04 7.312828517e-18 7.312828517e-18
7.312828517e-18 2.083714428e-02 1.222292563e-01 7.312828517e-18 3.970014111e-04 7.312828517e-18
7.312828517e-18 7.312828517e-18 5.795947429e-02 6.740513025e-01 4.806724190e-02 7.312828517e-18
7.312828517e-18 7.312828517e-18 7.312828517e-18 4.202205662e-02 7.312828517e-18 7.312828517e-18
7.312828517e-18 7.312828517e-18 7.312828517e-18 7.312828517e-18 7.312828517e-18 7.312828517e-18

7.469131258e-18 7.469131258e-18 7.469131258e-18 7.469131258e-18 7.469131258e-18 7.469131258e-18
7.469131258e-18 7.469131258e-18 4.033890986e-02 7.469131258e-18 7.469131258e-18 7.469131258e-18
2.574680878e-03 1.038046283e-01 7.469131258e-18 0.000000000e+00 4.506967201e-01 7.469131258e-18
7.469131258e-18 7.469131258e-18 3.260463545e-01 0.000000000e+00 8.735948915e-03 7.469131258e-18
7.469131258e-18 7.469131258e-18 6.780275742e-02 7.469131258e-18 7.469131258e-18 7.469131258e-18
7.469131258e-18 7.469131258e-18 7.469131258e-18 7.469131258e-18 7.469131258e-18 7.469131258e-18

5.470891520e-18 5.470891520e-18 5.470891520e-18 5.470891520e-18 5.470891520e-18 5.470891520e-18
5.470891520e-18 5.470891520e-18 5.470891520e-18 5.470891520e-18 5.470891520e-18 5.470891520e-18
8.695118940e-01 5.470891520e-18 0.000000000e+00 0.000000000e+00 1.269409963e-01 5.470891520e-18
5.470891520e-18 5.470891520e-18 2.539362899e-03 0.000000000e+00 0.000000000e+00 1.007746834e-03
5.470891520e-18 5.470891520e-18 5.470891520e-18 5.470891520e-18 5.470891520e-18 5.470891520e-18
5.470891520e-18 5.470891520e-18 5.470891520e-18 5.470891520e-18 5.470891520e-18 5.470891520e-18

5.577218402e-18 5.577218402e-18 5.577218402e-18 5.577218402e-18 5.577218402e-18 5.577218402e-18
5.577218402e-18 5.577218402e-18 5.577218402e-18 5.577218402e-18 5.577218402e-18 5.577218402e-18
1.358721560e-01 0.000000000e+00 0.000000000e+00 0.000000000e+00 1.170127654e-02 5.577218402e-18
5.577218402e-18 5.577218402e-18 8.524265675e-01 0.000000000e+00 0.000000000e+00 0.000000000e+00
5.577218402e-18 5.577218402e-18 5.577218402e-18 5.577218402e-18 5.577218402e-18 5.577218402e-18
5.577218402e-18 5.577218402e-18 5.577218402e-18 5.577218402e-18 5.577218402e-18 5.577218402e-18

