6.083106025e-18 1.310565464e-04 1.120517710e-03 1.310565464e-04 6.182375692e-03 6.083106025e-18
1.310565464e-04 6.083106025e-18 1.310565464e-04 3.302418032e-04 3.078414197e-02 1.120517710e-03
1.310565464e-04 6.083106025e-18 3.302418032e-04 8.803673476e-01 6.083106025e-18 6.002133426e-02
1.310565464e-04 6.083106025e-18 6.083106025e-18 1.754915081e-03 1.009461709e-02 3.302418032e-04
1.310565464e-04 6.083106025e-18 6.083106025e-18 1.310565464e-04 1.310565464e-04 1.310565464e-04
6.083106025e-18 1.310565464e-04 5.728715848e-03 1.310565464e-04 1.310565464e-04 1.310565464e-04

6.214783467e-18 6.214783467e-18 1.338934509e-04 1.144772902e-03 1.338934509e-04 6.214783467e-18
6.214783467e-18 1.338934509e-04 6.214783467e-18 2.271031435e-02 9.787670638e-03 6.214783467e-18
1.338934509e-04 6.214783467e-18 0.000000000e+00 6.214783467e-18 0.000000000e+00 2.210509338e-01
6.214783467e-18 6.214783467e-18 1.338934509e-04 7.400084992e-01 4.092768103e-03 6.214783467e-18
6.214783467e-18 6.214783467e-18 6.214783467e-18 6.214783467e-18 6.214783467e-18 6.214783467e-18
6.214783467e-18 1.338934509e-04 1.338934509e-04 1.338934509e-04 6.214783467e-18 1.338934509e-04

5.322639526e-18 5.322639526e-18 1.146727924e-04 5.322639526e-18 5.322639526e-18 5.322639526e-18
5.322639526e-18 5.322639526e-18 5.322639526e-18 1.146727924e-04 1.834764678e-03 5.322639526e-18
5.322639526e-18 5.322639526e-18 0.000000000e+00 0.000000000e+00 0.000000000e+00 8.098808766e-02
5.322639526e-18 5.322639526e-18 1.146727924e-04 0.000000000e+00 9.160854808e-01 1.146727924e-04
5.322639526e-18 5.322639526e-18 5.322639526e-18 2.889573299e-04 5.322639526e-18 1.146727924e-04
5.322639526e-18 1.146727924e-04 5.322639526e-18 5.322639526e-18 1.146727924e-04 5.322639526e-18

5.954323881e-18 5.954323881e-18 2.052512308e-03 5.954323881e-18 5.954323881e-18 5.954323881e-18
5.954323881e-18 0.000000000e+00 1.096795836e-03 1.282820193e-04 8.145400492e-04 5.954323881e-18
8.145400492e-04 5.954323881e-18 0.000000000e+00 0.000000000e+00 0.000000000e+00 3.068084115e-01
5.954323881e-18 5.954323881e-18 1.282820193e-04 0.000000000e+00 6.869601821e-01 1.282820193e-04
5.954323881e-18 5.954323881e-18 5.954323881e-18 1.282820193e-04 0.000000000e+00 5.954323881e-18
5.954323881e-18 1.282820193e-04 5.954323881e-18 1.282820193e-04 5.550440614e-04 1.282820193e-04

0.000000000e+00 5.250869158e-18 1.810024747e-03 1.131265467e-04 5.250869158e-18 5.250869158e-18
5.250869158e-18 0.000000000e+00 7.183087968e-04 5.336557626e-03 2.850610349e-04 1.131265467e-04
3.817114999e-03 2.850610349e-04 0.000000000e+00 0.000000000e+00 0.000000000e+00 9.699175150e-01
5.250869158e-18 5.250869158e-18 5.250869158e-18 0.000000000e+00 0.000000000e+00 1.131265467e-04
1.131265467e-04 5.250869158e-18 1.131265467e-04 1.394762178e-02 0.000000000e+00 5.250869158e-18
5.250869158e-18 2.850610349e-04 1.131265467e-04 1.233387465e-03 9.672183687e-04 7.183087968e-04

0.000000000e+00 5.780721128e-18 8.146151201e-03 1.245418613e-04 3.138258253e-04 5.780721128e-18
1.245418613e-04 0.000000000e+00 6.314226453e-03 3.046764820e-03 3.138258253e-04 3.138258253e-04
9.295428453e-01 5.780721128e-18 0.000000000e+00 0.000000000e+00 0.000000000e+00 3.056123765e-02
1.245418613e-04 3.138258253e-04 0.000000000e+00 0.000000000e+00 0.000000000e+00 5.780721128e-18
3.138258253e-04 0.000000000e+00 3.138258253e-04 8.621781406e-03 0.000000000e+00 1.245418613e-04
5.780721128e-18 5.388613379e-04 1.667680070e-03 3.421556219e-03 5.443947319e-03 3.138258253e-04

0.000000000e+00 5.226349456e-18 7.149545488e-04 5.226349456e-18 1.125982857e-04 5.226349456e-18
5.226349456e-18 0.000000000e+00 4.871844876e-04 1.801572571e-03 5.226349456e-18 5.226349456e-18
3.125194098e-02 0.000000000e+00 0.000000000e+00 0.000000000e+00 0.000000000e+00 7.149545488e-04
9.596140654e-01 5.226349456e-18 0.000000000e+00 0.000000000e+00 0.000000000e+00 5.226349456e-18
5.226349456e-18 0.000000000e+00 2.425856528e-03 0.000000000e+00 0.000000000e+00 5.226349456e-18
5.226349456e-18 5.226349456e-18 1.125982857e-04 9.627018010e-04 1.801572571e-03 5.226349456e-18

0.000000000e+00 4.955677911e-18 1.067668441e-04 4.955677911e-18 4.955677911e-18 4.955677911e-18
4.955677911e-18 0.000000000e+00 4.955677911e-18 4.955677911e-18 4.955677911e-18 4.955677911e-18
1.509436616e-02 0.000000000e+00 0.000000000e+00 0.000000000e+00 0.000000000e+00 6.779272022e-04
9.817265323e-01 0.000000000e+00 0.000000000e+00 0.000000000e+00 0.000000000e+00 4.955677911e-18
4.955677911e-18 0.000000000e+00 0.000000000e+00 0.000000000e+00 0.000000000e+00 4.955677911e-18
9.128436761e-04 1.067668441e-04 9.128436761e-04 4.955677911e-18 4.619533048e-04 4.955677911e-18

0.000000000e+00 4.968080515e-18 1.070340501e-04 1.070340501e-04 4.968080515e-18 4.968080515e-18
4.968080515e-18 0.000000000e+00 1.070340501e-04 4.968080515e-18 4.968080515e-18 1.070340501e-04
1.662616914e-02 0.000000000e+00 0.000000000e+00 0.000000000e+00 0.000000000e+00 0.000000000e+00
9.799932641e-01 0.000000000e+00 0.000000000e+00 0.000000000e+00 0.000000000e+00 4.968080515e-18
0.000000000e+00 0.000000000e+00 0.000000000e+00 0.000000000e+00 0.000000000e+00 4.968080515e-18
1.070340501e-04 2.697089054e-04 4.968080515e-18 2.305978704e-03 2.697089054e-04 4.968080515e-18

0.000000000e+00 4.961310511e-18 6.192824917e-03 3.267288960e-03 4.961310511e-18 4.961310511e-18
4.961310511e-18 0.000000000e+00 4.961310511e-18 4.961310511e-18 4.961310511e-18 2.693413731e-04
0.000000000e+00 0.000000000e+00 0.000000000e+00 0.000000000e+00 0.000000000e+00 0.000000000e+00
9.856345231e-01 0.000000000e+00 0.000000000e+00 0.000000000e+00 0.000000000e+00 4.961310511e-18
0.000000000e+00 0.000000000e+00 0.000000000e+00 0.000000000e+00 0.000000000e+00 4.961310511e-18
1.068881948e-04 6.786977311e-04 0.000000000e+00 2.936554533e-03 9.138812100e-04 4.961310511e-18

0.000000000e+00 6.316665561e-02 6.316665561e-02 6.316665561e-02 6.316665561e-02 6.316665561e-02
6.316665561e-02 0.000000000e+00 0.000000000e+00 6.316665561e-02 6.316665561e-02 6.183334439e-02
0.000000000e+00 0.000000000e+00 0.000000000e+00 0.000000000e+00 0.000000000e+00 0.000000000e+00
6.183334439e-02 0.000000000e+00 0.000000000e+00 0.000000000e+00 0.000000000e+00 6.183334439e-02
0.000000000e+00 0.000000000e+00 0.000000000e+00 0.000000000e+00 0.000000000e+00 6.183334439e-02
6.183334439e-02 6.183334439e-02 0.000000000e+00 0.000000000e+00 6.183334439e-02 6.183334439e-02

0.000000000e+00 7.219072057e-02 7.219072057e-02 7.085695957e-02 7.219072057e-02 7.219072057e-02
7.219072057e-02 0.000000000e+00 0.000000000e+00 7.219072057e-02 7.085695957e-02 7.085695957e-02
0.000000000e+00 0.000000000e+00 0.000000000e+00 0.000000000e+00 0.000000000e+00 0.000000000e+00
0.000000000e+00 0.000000000e+00 0.000000000e+00 0.000000000e+00 0.000000000e+00 7.085695957e-02
0.000000000e+00 0.000000000e+00 0.000000000e+00 0.000000000e+00 0.000000000e+00 0.000000000e+00
7.085695957e-02 7.085695957e-02 0.000000000e+00 0.000000000e+00 7.085695957e-02 7.085695957e-02

