7.629586269e-18 7.629586269e-18 7.629586269e-18 7.629586269e-18 7.629586269e-18 7.629586269e-18
7.629586269e-18 1.643744533e-04 6.080733921e-03 4.141976675e-04 1.043712720e-03 7.629586269e-18
7.629586269e-18 2.397270229e-01 6.629656096e-02 3.582794499e-01 7.112069539e-04 7.629586269e-18
7.629586269e-18 4.141976675e-04 7.629586269e-18 0.000000000e+00 1.643744533e-04 7.629586269e-18
7.629586269e-18 1.643744533e-04 2.173971255e-02 3.039716861e-01 4.141976675e-04 7.629586269e-18
7.629586269e-18 7.629586269e-18 7.629586269e-18 7.629586269e-18 4.141976675e-04 7.629586269e-18

1.390926116e-04 1.390926116e-04 1.390926116e-04 1.390926116e-04 1.390926116e-04 1.390926116e-04
1.390926116e-04 1.390926116e-04 4.693261747e-03 1.592434046e-02 8.831830321e-04 1.390926116e-04
1.390926116e-04 1.836099510e-01 0.000000000e+00 7.639500551e-01 1.390926116e-04 1.390926116e-04
1.390926116e-04 7.551108707e-03 0.000000000e+00 0.000000000e+00 1.390926116e-04 1.390926116e-04
1.390926116e-04 1.390926116e-04 1.390926116e-04 1.902760162e-02 8.831830321e-04 1.390926116e-04
1.390926116e-04 1.390926116e-04 1.390926116e-04 1.390926116e-04 1.390926116e-04 1.390926116e-04

8.264827503e-04 1.910170443e-04 1.910170443e-04 1.910170443e-04 1.910170443e-04 1.910170443e-04
2.557817224e-03 0.000000000e+00 7.818569671e-02 1.105557828e-01 7.701324641e-03 1.910170443e-04
4.813327901e-04 1.869775733e-01 0.000000000e+00 2.864803537e-01 1.910170443e-04 1.910170443e-04
1.910170443e-04 2.660634695e-01 0.000000000e+00 0.000000000e+00 1.910170443e-04 4.813327901e-04
4.813327901e-04 8.264827503e-04 1.910170443e-04 3.332169646e-02 0.000000000e+00 4.672999139e-03
1.910170443e-04 4.813327901e-04 1.212882628e-03 1.910170443e-04 1.037000060e-02 5.838885029e-03

1.142943159e-04 5.305072205e-18 5.305072205e-18 5.305072205e-18 5.305072205e-18 5.305072205e-18
2.880036290e-04 0.000000000e+00 9.101816288e-01 5.305072205e-18 8.867089232e-02 5.305072205e-18
5.305072205e-18 5.305072205e-18 0.000000000e+00 1.142943159e-04 5.305072205e-18 5.305072205e-18
5.305072205e-18 0.000000000e+00 0.000000000e+00 0.000000000e+00 5.305072205e-18 5.305072205e-18
1.142943159e-04 5.305072205e-18 5.305072205e-18 5.305072205e-18 0.000000000e+00 1.142943159e-04
5.305072205e-18 5.305072205e-18 5.305072205e-18 2.880036290e-04 1.142943159e-04 0.000000000e+00

1.068768234e-03 5.802166646e-18 9.052108285e-01 5.802166646e-18 5.802166646e-18 1.362882867e-03
3.058067813e-03 0.000000000e+00 5.802166646e-18 0.000000000e+00 7.153271033e-02 1.362882867e-03
1.250038910e-04 1.362882867e-03 0.000000000e+00 3.149900672e-04 0.000000000e+00 2.340167144e-03
3.149900672e-04 0.000000000e+00 0.000000000e+00 0.000000000e+00 2.340167144e-03 5.802166646e-18
1.250038910e-04 2.000062256e-03 3.149900672e-04 5.802166646e-18 0.000000000e+00 1.250038910e-04
7.937252324e-04 5.408604243e-04 5.408604243e-04 5.408604243e-04 4.624291580e-03 0.000000000e+00

7.199751347e-18 7.199751347e-18 7.199751347e-18 7.199751347e-18 7.199751347e-18 4.261467289e-03
0.000000000e+00 0.000000000e+00 0.000000000e+00 0.000000000e+00 8.374165274e-02 1.116873272e-01
7.199751347e-18 9.561977971e-03 0.000000000e+00 7.296511624e-01 0.000000000e+00 7.199751347e-18
8.420880260e-03 0.000000000e+00 0.000000000e+00 0.000000000e+00 7.199751347e-18 7.199751347e-18
7.199751347e-18 6.253802205e-03 1.691164414e-03 7.199751347e-18 0.000000000e+00 6.253802205e-03
1.133889784e-02 6.253802205e-03 1.014583852e-02 7.199751347e-18 1.073822468e-02 0.000000000e+00

