1.337107289e-04 1.337107289e-04 1.083056904e-02 1.337107289e-04 1.337107289e-04 1.337107289e-04
1.337107289e-04 1.337107289e-04 7.564442199e-02 8.490102071e-04 6.206302263e-18 1.337107289e-04
4.511666306e-03 3.422994661e-02 6.206302263e-18 8.596708129e-01 1.337107289e-04 1.337107289e-04
1.337107289e-04 5.785327241e-04 8.745877118e-03 3.369299240e-04 6.206302263e-18 1.337107289e-04
1.337107289e-04 6.206302263e-18 1.337107289e-04 6.206302263e-18 6.206302263e-18 3.369299240e-04
6.206302263e-18 8.490102071e-04 1.337107289e-04 1.143210651e-03 1.337107289e-04 1.337107289e-04

1.509952897e-04 7.008580507e-18 7.008580507e-18 7.008580507e-18 7.008580507e-18 7.008580507e-18
7.008580507e-18 7.008580507e-18 2.674116123e-01 5.032180417e-02 7.008580507e-18 1.509952897e-04
1.646259902e-03 9.639067636e-02 0.000000000e+00 7.008580507e-18 1.283829768e-02 1.509952897e-04
7.008580507e-18 7.008580507e-18 5.706363731e-01 0.000000000e+00 1.509952897e-04 7.008580507e-18
7.008580507e-18 7.008580507e-18 1.509952897e-04 7.008580507e-18 7.008580507e-18 7.008580507e-18
7.008580507e-18 7.008580507e-18 7.008580507e-18 7.008580507e-18 7.008580507e-18 7.008580507e-18

5.736075268e-18 5.736075268e-18 5.736075268e-18 5.736075268e-18 5.736075268e-18 5.736075268e-18
5.736075268e-18 7.159904579e-03 8.706627440e-01 5.736075268e-18 5.736075268e-18 5.736075268e-18
7.233427340e-02 5.736075268e-18 0.000000000e+00 0.000000000e+00 5.736075268e-18 5.736075268e-18
5.736075268e-18 4.984307803e-02 0.000000000e+00 0.000000000e+00 5.736075268e-18 5.736075268e-18
5.736075268e-18 5.736075268e-18 5.736075268e-18 5.736075268e-18 5.736075268e-18 5.736075268e-18
5.736075268e-18 5.736075268e-18 5.736075268e-18 5.736075268e-18 5.736075268e-18 5.736075268e-18

6.232728643e-18 6.232728643e-18 4.783693609e-02 6.232728643e-18 6.232728643e-18 6.232728643e-18
6.232728643e-18 0.000000000e+00 6.232728643e-18 4.050146801e-01 6.232728643e-18 6.232728643e-18
5.471483838e-01 0.000000000e+00 0.000000000e+00 0.000000000e+00 6.232728643e-18 6.232728643e-18
6.232728643e-18 6.232728643e-18 0.000000000e+00 0.000000000e+00 6.232728643e-18 6.232728643e-18
6.232728643e-18 6.232728643e-18 6.232728643e-18 6.232728643e-18 6.232728643e-18 6.232728643e-18
6.232728643e-18 6.232728643e-18 6.232728643e-18 6.232728643e-18 6.232728643e-18 6.232728643e-18

