8.645036852e-18 1.862516729e-04 1.862516729e-04 6.743276567e-02 1.182624406e-03 8.645036852e-18
1.862516729e-04 1.862516729e-04 8.645036852e-18 8.645036852e-18 8.645036852e-18 8.645036852e-18
4.025741320e-01 7.847731100e-02 1.176506260e-01 1.862516729e-04 8.645036852e-18 8.645036852e-18
1.114672643e-01 8.645036852e-18 1.892910974e-01 1.659450031e-02 8.645036852e-18 1.182624406e-03
4.012670652e-03 0.000000000e+00 5.116918624e-03 1.862516729e-04 8.645036852e-18 8.645036852e-18
4.693248066e-04 1.592429404e-03 1.862516729e-04 4.693248066e-04 1.182624406e-03 8.645036852e-18

2.669170126e-03 1.704271865e-03 5.022872987e-04 3.189325545e-03 9.403197160e-03 4.294495995e-03
3.731661266e-03 1.993328466e-04 5.022872987e-04 6.093077075e-03 8.624631370e-04 4.294495995e-03
6.725887254e-03 2.519764869e-01 2.472334620e-01 1.614596057e-02 2.669170126e-03 2.669170126e-03
1.951175198e-01 0.000000000e+00 1.993328466e-04 2.086104049e-01 8.624631370e-04 8.624631370e-04
3.189325545e-03 0.000000000e+00 0.000000000e+00 1.082145181e-02 1.265684681e-03 8.624631370e-04
6.725887254e-03 5.022872987e-04 5.022872987e-04 2.173270922e-03 1.265684681e-03 2.173270922e-03

1.567771282e-04 1.567771282e-04 1.567771282e-04 3.950536080e-04 1.567771282e-04 3.950536080e-04
1.567771282e-04 1.567771282e-04 1.567771282e-04 1.567771282e-04 1.567771282e-04 1.567771282e-04
1.567771282e-04 2.508669212e-01 1.794899338e-02 3.835361330e-03 1.567771282e-04 1.567771282e-04
3.955633403e-01 0.000000000e+00 0.000000000e+00 3.246887234e-01 1.567771282e-04 1.567771282e-04
9.954727131e-04 0.000000000e+00 0.000000000e+00 0.000000000e+00 1.567771282e-04 1.567771282e-04
1.567771282e-04 1.340425591e-03 1.567771282e-04 6.783352375e-04 1.567771282e-04 1.567771282e-04

7.643801801e-04 1.766638719e-04 4.451650620e-04 2.826621951e-03 1.766638719e-04 1.121745664e-03
1.121745664e-03 1.766638719e-04 1.766638719e-04 1.766638719e-04 1.766638719e-04 7.722293547e-03
1.121745664e-03 1.496283710e-01 3.563715878e-01 5.887630523e-02 1.766638719e-04 1.766638719e-04
3.674644809e-01 0.000000000e+00 0.000000000e+00 0.000000000e+00 4.451650620e-04 1.510454858e-03
1.430977362e-02 0.000000000e+00 0.000000000e+00 0.000000000e+00 1.360751667e-02 4.451650620e-04
3.806107741e-03 1.766638719e-04 0.000000000e+00 1.766638719e-04 1.646807176e-02 1.766638719e-04

1.235316953e-04 1.235316953e-04 1.235316953e-04 1.235316953e-04 1.235316953e-04 1.235316953e-04
1.235316953e-04 1.235316953e-04 1.235316953e-04 1.235316953e-04 1.235316953e-04 3.112803664e-04
5.344906033e-04 8.724472089e-02 1.202986240e-02 1.654153424e-03 1.235316953e-04 1.235316953e-04
8.915124603e-01 0.000000000e+00 0.000000000e+00 0.000000000e+00 1.235316953e-04 1.235316953e-04
1.235316953e-04 0.000000000e+00 0.000000000e+00 0.000000000e+00 3.112803664e-04 1.235316953e-04
7.843773721e-04 0.000000000e+00 0.000000000e+00 0.000000000e+00 3.393803783e-03 1.235316953e-04

3.508695289e-04 1.392426648e-04 1.392426648e-04 1.392426648e-04 1.392426648e-04 1.190508038e-03
1.392426648e-04 1.392426648e-04 1.392426648e-04 1.392426648e-04 1.392426648e-04 8.841358104e-04
1.518124282e-03 3.508695289e-04 2.633495381e-02 8.066090654e-01 1.392426648e-04 1.392426648e-04
5.450243292e-02 0.000000000e+00 0.000000000e+00 0.000000000e+00 0.000000000e+00 1.190508038e-03
0.000000000e+00 0.000000000e+00 0.000000000e+00 0.000000000e+00 1.392426648e-04 3.508695289e-04
7.059551771e-03 0.000000000e+00 0.000000000e+00 0.000000000e+00 9.738473138e-02 6.024680205e-04

