6.396070445e-18 6.396070445e-18 6.396070445e-18 6.396070445e-18 1.377991605e-04 6.396070445e-18
6.396070445e-18 1.377991605e-04 4.935765974e-01 4.212155298e-03 6.396070445e-18 6.396070445e-18
6.396070445e-18 1.377991605e-04 1.178166249e-03 1.178166249e-03 2.403817845e-02 6.396070445e-18
6.396070445e-18 1.377991605e-04 0.000000000e+00 2.204786568e-03 4.723717574e-01 6.396070445e-18
1.377991605e-04 6.396070445e-18 1.377991605e-04 1.377991605e-04 1.377991605e-04 6.396070445e-18
6.396070445e-18 1.377991605e-04 6.396070445e-18 6.396070445e-18 6.396070445e-18 6.396070445e-18

1.572019845e-04 7.296669756e-18 7.296669756e-18 1.572019845e-04 1.572019845e-04 1.572019845e-04
1.572019845e-04 1.344058061e-03 0.000000000e+00 1.273336074e-02 0.000000000e+00 1.572019845e-04
3.961241786e-04 1.572019845e-04 1.572019845e-04 1.186518954e-01 3.907043459e-01 1.572019845e-04
1.572019845e-04 1.336601875e-02 0.000000000e+00 1.731529574e-02 4.418156516e-01 7.296669756e-18
3.961241786e-04 1.572019845e-04 1.572019845e-04 3.961241786e-04 6.801734836e-04 7.296669756e-18
7.296669756e-18 7.296669756e-18 1.572019845e-04 7.296669756e-18 7.296669756e-18 1.572019845e-04

3.561544983e-04 1.413400063e-04 1.413400063e-04 1.413400063e-04 1.413400063e-04 8.974530987e-04
2.645991546e-03 1.892615938e-03 0.000000000e+00 8.974530987e-04 0.000000000e+00 1.413400063e-04
1.413400063e-04 0.000000000e+00 0.000000000e+00 8.023590782e-01 3.457710960e-03 5.448673399e-02
1.088669954e-02 3.561544983e-04 0.000000000e+00 7.673116060e-03 1.096532612e-01 1.413400063e-04
3.561544983e-04 1.413400063e-04 1.413400063e-04 1.208440055e-03 6.115426901e-04 1.413400063e-04
1.413400063e-04 1.413400063e-04 1.413400063e-04 1.413400063e-04 1.413400063e-04 1.413400063e-04

3.172556730e-04 1.259029973e-04 1.259029973e-04 0.000000000e+00 1.259029973e-04 1.259029973e-04
1.076455485e-03 1.259029973e-04 0.000000000e+00 3.172556730e-04 0.000000000e+00 1.259029973e-04
1.259029973e-04 0.000000000e+00 0.000000000e+00 0.000000000e+00 8.762795924e-01 5.534321439e-02
1.259029973e-04 1.259029973e-04 0.000000000e+00 1.259029973e-04 1.259029973e-04 1.259029973e-04
1.259029973e-04 3.172556730e-04 1.259029973e-04 5.447506311e-04 6.316025714e-02 1.259029973e-04
1.259029973e-04 1.259029973e-04 1.259029973e-04 1.259029973e-04 1.259029973e-04 1.259029973e-04

9.270708473e-04 1.460045094e-04 1.460045094e-04 0.000000000e+00 6.317248229e-04 6.317248229e-04
6.887521108e-03 3.679083096e-04 0.000000000e+00 1.460045094e-04 0.000000000e+00 1.460045094e-04
1.460045094e-04 0.000000000e+00 0.000000000e+00 0.000000000e+00 6.563407898e-01 1.730486021e-01
9.270708473e-04 6.317248229e-04 0.000000000e+00 1.460045094e-04 0.000000000e+00 1.460045094e-04
9.270708473e-04 0.000000000e+00 1.460045094e-04 1.248320996e-03 1.550184993e-01 1.460045094e-04
3.679083096e-04 1.460045094e-04 1.460045094e-04 1.460045094e-04 1.460045094e-04 1.460045094e-04

4.000000000e-02 4.000000000e-02 4.000000000e-02 0.000000000e+00 4.000000000e-02 4.000000000e-02
4.000000000e-02 4.000000000e-02 0.000000000e+00 4.000000000e-02 0.000000000e+00 4.000000000e-02
4.000000000e-02 0.000000000e+00 0.000000000e+00 0.000000000e+00 4.000000000e-02 4.000000000e-02
4.000000000e-02 0.000000000e+00 0.000000000e+00 4.000000000e-02 0.000000000e+00 4.000000000e-02
4.000000000e-02 0.000000000e+00 4.000000000e-02 4.000000000e-02 4.000000000e-02 4.000000000e-02
0.000000000e+00 4.000000000e-02 4.000000000e-02 4.000000000e-02 4.000000000e-02 4.000000000e-02

