7.312828517e-18 7.312828517e-18 7.312828517e-18 7.312828517e-18 7.312828517e-18 7.312828517e-18
7.312828517e-18 7.312828517e-18 3.375484299e-02 6.816797544e-04 7.312828517e-18 7.312828517e-18
7.312828517e-18 2.083714428e-02 1.222292563e-01 7.312828517e-18 3.970014111e-04 7.312828517e-18
7.312828517e-18 7.312828517e-18 5.795947429e-02 6.740513025e-01 4.806724190e-02 7.312828517e-18
7.312828517e-18 7.312828517e-18 7.312828517e-18 4.202205662e-02 7.312828517e-18 7.312828517e-18
7.312828517e-18 7.312828517e-18 7.312828517e-18 7.312828517e-18 7.312828517e-18 7.312828517e-18

6.876472210e-18 6.876472210e-18 6.876472210e-18 6.876472210e-18 6.876472210e-18 6.876472210e-18
6.876472210e-18 6.876472210e-18 6.876472210e-18 6.876472210e-18 6.876472210e-18 6.876472210e-18
6.876472210e-18 1.955650209e-01 6.876472210e-18 0.000000000e+00 2.875434530e-02 5.480506589e-03
6.876472210e-18 6.876472210e-18 0.000000000e+00 2.087706645e-01 6.876472210e-18 6.876472210e-18
6.876472210e-18 6.876472210e-18 6.876472210e-18 5.614294628e-01 6.876472210e-18 6.876472210e-18
6.876472210e-18 6.876472210e-18 6.876472210e-18 6.876472210e-18 6.876472210e-18 6.876472210e-18

6.453297279e-18 6.453297279e-18 6.453297279e-18 6.453297279e-18 6.453297279e-18 6.453297279e-18
6.453297279e-18 6.453297279e-18 6.453297279e-18 6.453297279e-18 6.453297279e-18 6.453297279e-18
1.402552241e-01 6.453297279e-18 0.000000000e+00 0.000000000e+00 6.632300497e-01 6.453297279e-18
6.453297279e-18 9.624909636e-03 0.000000000e+00 0.000000000e+00 1.868898166e-01 6.453297279e-18
6.453297279e-18 6.453297279e-18 6.453297279e-18 6.453297279e-18 6.453297279e-18 6.453297279e-18
6.453297279e-18 6.453297279e-18 6.453297279e-18 6.453297279e-18 6.453297279e-18 6.453297279e-18

7.120834416e-18 7.120834416e-18 7.120834416e-18 7.120834416e-18 7.120834416e-18 7.120834416e-18
7.120834416e-18 7.120834416e-18 7.120834416e-18 7.120834416e-18 7.120834416e-18 7.120834416e-18
1.190201975e-01 0.000000000e+00 0.000000000e+00 0.000000000e+00 4.104448463e-01 7.120834416e-18
3.428009644e-01 0.000000000e+00 0.000000000e+00 0.000000000e+00 1.277339918e-01 7.120834416e-18
7.120834416e-18 7.120834416e-18 7.120834416e-18 7.120834416e-18 7.120834416e-18 7.120834416e-18
7.120834416e-18 7.120834416e-18 7.120834416e-18 7.120834416e-18 7.120834416e-18 7.120834416e-18

