9.192008530e-18 4.990189978e-04 8.568512310e-04 8.105857074e-02 4.859586736e-02 9.192008530e-18
4.990189978e-04 9.192008530e-18 0.000000000e+00 9.192008530e-18 1.846030016e-02 2.224057743e-01
1.257449079e-03 1.257449079e-03 1.677296942e-01 2.347175579e-01 1.763304129e-01 9.192008530e-18
4.990189978e-04 9.192008530e-18 2.530007921e-02 6.682123011e-03 9.192008530e-18 7.984303964e-03
2.159129805e-03 9.192008530e-18 9.192008530e-18 9.192008530e-18 9.192008530e-18 3.707379959e-03
9.192008530e-18 9.192008530e-18 9.192008530e-18 9.192008530e-18 9.192008530e-18 9.192008530e-18

6.902164713e-18 3.747071498e-04 6.902164713e-18 2.379242095e-03 2.556624821e-01 6.902164713e-18
6.902164713e-18 6.902164713e-18 0.000000000e+00 0.000000000e+00 6.902164713e-18 2.034223377e-02
6.902164713e-18 6.902164713e-18 1.658549347e-01 0.000000000e+00 5.526641019e-01 6.433989168e-04
6.902164713e-18 6.902164713e-18 6.902164713e-18 6.433989168e-04 6.433989168e-04 6.902164713e-18
1.487026310e-04 6.902164713e-18 6.902164713e-18 6.902164713e-18 6.902164713e-18 6.433989168e-04
6.902164713e-18 6.902164713e-18 6.902164713e-18 6.902164713e-18 6.902164713e-18 6.902164713e-18

3.801632213e-04 9.579512899e-04 2.413885990e-03 1.927413516e-02 2.558942822e-02 3.801632213e-04
1.508678744e-04 2.486607354e-02 0.000000000e+00 0.000000000e+00 0.000000000e+00 1.234578414e-01
1.508678744e-04 3.801632213e-04 0.000000000e+00 0.000000000e+00 7.719762469e-01 1.508678744e-04
3.801632213e-04 1.644870728e-03 1.102850852e-02 8.740893546e-03 6.527673809e-04 1.289902181e-03
1.508678744e-04 3.801632213e-04 1.508678744e-04 1.508678744e-04 1.644870728e-03 2.020199029e-03
1.508678744e-04 1.508678744e-04 1.508678744e-04 3.801632213e-04 1.508678744e-04 6.527673809e-04

