8.200758039e-18 8.200758039e-18 8.200758039e-18 8.200758039e-18 8.200758039e-18 8.200758039e-18
8.200758039e-18 1.766799761e-04 1.766799761e-04 7.337888385e-02 8.200758039e-18 8.200758039e-18
8.200758039e-18 8.200758039e-18 5.588162366e-02 3.344746393e-01 1.946073421e-02 8.200758039e-18
8.200758039e-18 7.766326462e-02 3.754739243e-01 8.200758039e-18 2.826879617e-03 8.200758039e-18
8.200758039e-18 8.200758039e-18 4.807881281e-02 1.223119774e-02 1.766799761e-04 8.200758039e-18
8.200758039e-18 8.200758039e-18 8.200758039e-18 8.200758039e-18 8.200758039e-18 8.200758039e-18

4.865453962e-18 4.865453962e-18 4.865453962e-18 4.865453962e-18 4.865453962e-18 4.865453962e-18
4.865453962e-18 4.865453962e-18 4.865453962e-18 8.962242826e-04 4.865453962e-18 4.865453962e-18
4.865453962e-18 4.865453962e-18 0.000000000e+00 9.899441943e-01 1.142856497e-03 4.865453962e-18
4.865453962e-18 4.865453962e-18 8.962242826e-04 0.000000000e+00 4.865453962e-18 4.865453962e-18
4.865453962e-18 4.865453962e-18 2.641374790e-04 4.865453962e-18 4.865453962e-18 4.865453962e-18
4.865453962e-18 4.865453962e-18 4.865453962e-18 6.856363205e-03 4.865453962e-18 4.865453962e-18

6.531657538e-18 6.531657538e-18 3.442550499e-03 6.531657538e-18 6.531657538e-18 6.531657538e-18
6.531657538e-18 6.531657538e-18 1.407202959e-04 2.251524733e-03 6.531657538e-18 6.531657538e-18
6.531657538e-18 6.531657538e-18 0.000000000e+00 1.091724825e-01 3.866028645e-03 6.531657538e-18
6.531657538e-18 6.531657538e-18 0.000000000e+00 0.000000000e+00 6.531657538e-18 6.531657538e-18
4.748183054e-03 4.371854494e-02 6.531657538e-18 0.000000000e+00 5.176812723e-02 1.534234484e-03
6.531657538e-18 6.531657538e-18 6.531657538e-18 7.793576037e-01 6.531657538e-18 6.531657538e-18

6.435049617e-18 6.435049617e-18 7.028943210e-03 6.435049617e-18 6.435049617e-18 6.435049617e-18
6.435049617e-18 6.435049617e-18 6.435049617e-18 6.435049617e-18 6.435049617e-18 3.808847296e-03
6.435049617e-18 6.435049617e-18 0.000000000e+00 0.000000000e+00 3.199957507e-01 6.435049617e-18
6.435049617e-18 6.435049617e-18 0.000000000e+00 0.000000000e+00 6.435049617e-18 6.435049617e-18
2.595425571e-03 6.353682274e-01 0.000000000e+00 0.000000000e+00 2.553751133e-02 3.808847296e-03
1.856447277e-03 6.435049617e-18 6.435049617e-18 6.435049617e-18 6.435049617e-18 6.435049617e-18

