4.034102739e-04 5.051454219e-01 8.540256842e-02 4.034102739e-04 1.600934733e-04 7.430880780e-18
3.301177392e-01 7.430880780e-18 2.638663862e-02 1.600934733e-04 7.430880780e-18 4.034102739e-04
3.449109325e-03 3.928522211e-02 3.916491670e-03 1.600934733e-04 1.600934733e-04 7.430880780e-18
4.034102739e-04 1.600934733e-04 1.600934733e-04 0.000000000e+00 4.034102739e-04 1.600934733e-04
4.034102739e-04 7.430880780e-18 7.430880780e-18 4.034102739e-04 6.926842292e-04 1.600934733e-04
7.430880780e-18 7.430880780e-18 4.034102739e-04 4.034102739e-04 6.926842292e-04 7.430880780e-18

4.768025354e-04 5.046889653e-02 2.533743311e-03 1.892192116e-04 1.201467102e-03 1.892192116e-04
1.021541290e-01 0.000000000e+00 3.011844989e-01 0.000000000e+00 1.617801502e-03 8.187039797e-04
1.201467102e-03 2.697423945e-01 1.824007834e-01 8.782777795e-18 3.485447678e-02 1.201467102e-03
1.892192116e-04 1.892192116e-04 4.444609011e-02 0.000000000e+00 1.617801502e-03 1.892192116e-04
4.768025354e-04 1.892192116e-04 1.892192116e-04 1.892192116e-04 4.768025354e-04 1.892192116e-04
1.892192116e-04 1.892192116e-04 4.768025354e-04 1.892192116e-04 1.892192116e-04 1.892192116e-04

5.604453861e-18 1.931908771e-03 5.604453861e-18 5.604453861e-18 1.032349228e-03 5.604453861e-18
5.604453861e-18 0.000000000e+00 0.000000000e+00 0.000000000e+00 5.604453861e-18 3.042565659e-04
5.604453861e-18 5.224302365e-04 1.440548934e-01 0.000000000e+00 8.506843005e-01 1.207442982e-04
5.604453861e-18 5.604453861e-18 5.224302365e-04 0.000000000e+00 3.042565659e-04 5.604453861e-18
5.604453861e-18 5.604453861e-18 5.604453861e-18 5.604453861e-18 5.604453861e-18 5.224302365e-04
5.604453861e-18 5.604453861e-18 5.604453861e-18 5.604453861e-18 5.604453861e-18 5.604453861e-18

6.227192609e-18 1.147058686e-03 1.341607978e-04 6.227192609e-18 3.380640264e-04 6.227192609e-18
6.227192609e-18 0.000000000e+00 0.000000000e+00 0.000000000e+00 0.000000000e+00 6.227192609e-18
3.380640264e-04 1.097861461e-01 1.475718274e-01 0.000000000e+00 7.399441326e-01 6.227192609e-18
6.227192609e-18 6.227192609e-18 0.000000000e+00 0.000000000e+00 3.380640264e-04 6.227192609e-18
1.341607978e-04 1.341607978e-04 1.341607978e-04 6.227192609e-18 6.227192609e-18 6.227192609e-18
6.227192609e-18 6.227192609e-18 6.227192609e-18 6.227192609e-18 6.227192609e-18 6.227192609e-18

4.695298285e-18 4.695298285e-18 4.695298285e-18 4.695298285e-18 4.695298285e-18 4.695298285e-18
4.695298285e-18 0.000000000e+00 0.000000000e+00 0.000000000e+00 0.000000000e+00 4.695298285e-18
1.893737882e-03 4.695298285e-18 9.981062621e-01 0.000000000e+00 4.695298285e-18 4.695298285e-18
4.695298285e-18 0.000000000e+00 0.000000000e+00 0.000000000e+00 4.695298285e-18 4.695298285e-18
4.695298285e-18 0.000000000e+00 4.695298285e-18 4.695298285e-18 4.695298285e-18 4.695298285e-18
4.695298285e-18 4.695298285e-18 4.695298285e-18 4.695298285e-18 4.695298285e-18 4.695298285e-18

5.038609815e-18 5.038609815e-18 3.072153061e-02 1.085535578e-04 9.281198634e-04 5.038609815e-18
5.038609815e-18 0.000000000e+00 0.000000000e+00 0.000000000e+00 0.000000000e+00 5.038609815e-18
9.670965690e-01 0.000000000e+00 0.000000000e+00 0.000000000e+00 9.281198634e-04 5.038609815e-18
5.038609815e-18 0.000000000e+00 0.000000000e+00 0.000000000e+00 5.038609815e-18 5.038609815e-18
1.085535578e-04 0.000000000e+00 5.038609815e-18 5.038609815e-18 5.038609815e-18 5.038609815e-18
5.038609815e-18 5.038609815e-18 5.038609815e-18 5.038609815e-18 1.085535578e-04 5.038609815e-18

