8.233053753e-18 8.233053753e-18 8.233053753e-18 8.233053753e-18 8.233053753e-18 8.233053753e-18
8.233053753e-18 4.469589229e-04 7.674603674e-04 2.923510961e-02 8.233053753e-18 8.233053753e-18
8.233053753e-18 8.233053753e-18 4.358411049e-01 6.561693841e-03 1.168114515e-01 8.233053753e-18
8.233053753e-18 9.804694946e-02 1.553562700e-01 8.233053753e-18 7.674603674e-04 8.233053753e-18
8.233053753e-18 8.233053753e-18 0.000000000e+00 1.227936588e-02 1.438861752e-01 8.233053753e-18
8.233053753e-18 8.233053753e-18 8.233053753e-18 8.233053753e-18 8.233053753e-18 8.233053753e-18

1.573199277e-02 8.588283318e-18 8.588283318e-18 8.588283318e-18 8.588283318e-18 8.588283318e-18
8.588283318e-18 2.562167428e-01 8.588283318e-18 1.498734536e-02 8.588283318e-18 8.588283318e-18
8.588283318e-18 8.588283318e-18 8.588283318e-18 2.615882135e-02 1.193584002e-01 8.588283318e-18
8.588283318e-18 7.796211774e-02 0.000000000e+00 0.000000000e+00 8.588283318e-18 8.588283318e-18
8.588283318e-18 8.588283318e-18 0.000000000e+00 1.660981621e-01 3.039013557e-01 8.588283318e-18
8.588283318e-18 8.588283318e-18 8.588283318e-18 8.588283318e-18 8.588283318e-18 1.958506194e-02

3.424151508e-04 6.307341006e-18 6.307341006e-18 6.307341006e-18 6.307341006e-18 6.307341006e-18
6.307341006e-18 5.879512500e-04 6.307341006e-18 7.292386854e-01 6.307341006e-18 6.307341006e-18
3.424151508e-04 4.153722205e-03 0.000000000e+00 6.307341006e-18 2.060573024e-01 3.424151508e-04
6.307341006e-18 6.307341006e-18 0.000000000e+00 0.000000000e+00 6.307341006e-18 6.307341006e-18
6.307341006e-18 0.000000000e+00 0.000000000e+00 5.399658832e-02 3.733257731e-03 6.307341006e-18
6.307341006e-18 6.307341006e-18 6.307341006e-18 8.628321126e-04 6.307341006e-18 3.424151508e-04

