1.337107289e-04 1.337107289e-04 1.083056904e-02 1.337107289e-04 1.337107289e-04 1.337107289e-04
1.337107289e-04 1.337107289e-04 7.564442199e-02 8.490102071e-04 6.206302263e-18 1.337107289e-04
4.511666306e-03 3.422994661e-02 6.206302263e-18 8.596708129e-01 1.337107289e-04 1.337107289e-04
1.337107289e-04 5.785327241e-04 8.745877118e-03 3.369299240e-04 6.206302263e-18 1.337107289e-04
1.337107289e-04 6.206302263e-18 1.337107289e-04 6.206302263e-18 6.206302263e-18 3.369299240e-04
6.206302263e-18 8.490102071e-04 1.337107289e-04 1.143210651e-03 1.337107289e-04 1.337107289e-04

4.792075926e-18 0.000000000e+00 4.792075926e-18 4.162462500e-03 1.032421461e-04 4.792075926e-18
4.792075926e-18 1.032421461e-04 9.940587298e-01 4.467028226e-04 4.792075926e-18 4.792075926e-18
4.792075926e-18 1.125620579e-03 0.000000000e+00 4.792075926e-18 4.792075926e-18 4.792075926e-18
4.792075926e-18 4.792075926e-18 4.792075926e-18 4.792075926e-18 4.792075926e-18 4.792075926e-18
4.792075926e-18 4.792075926e-18 4.792075926e-18 4.792075926e-18 4.792075926e-18 4.792075926e-18
4.792075926e-18 4.792075926e-18 4.792075926e-18 4.792075926e-18 4.792075926e-18 4.792075926e-18

8.195755404e-18 0.000000000e+00 0.000000000e+00 4.319623570e-03 8.195755404e-18 8.195755404e-18
1.765721976e-04 1.103576235e-01 0.000000000e+00 2.618903664e-01 8.195755404e-18 8.195755404e-18
8.195755404e-18 2.162134879e-01 0.000000000e+00 8.195755404e-18 9.306346868e-02 4.449340570e-04
8.195755404e-18 8.195755404e-18 3.693226202e-02 2.766016617e-01 8.195755404e-18 8.195755404e-18
8.195755404e-18 8.195755404e-18 8.195755404e-18 8.195755404e-18 8.195755404e-18 8.195755404e-18
8.195755404e-18 8.195755404e-18 8.195755404e-18 8.195755404e-18 8.195755404e-18 8.195755404e-18

5.981463738e-18 0.000000000e+00 0.000000000e+00 1.288667298e-04 5.981463738e-18 5.981463738e-18
5.981463738e-18 7.943972194e-03 0.000000000e+00 4.378118265e-01 5.981463738e-18 5.981463738e-18
5.981463738e-18 0.000000000e+00 0.000000000e+00 0.000000000e+00 5.981463738e-18 5.981463738e-18
5.981463738e-18 5.981463738e-18 5.981463738e-18 5.541153346e-01 5.981463738e-18 5.981463738e-18
5.981463738e-18 5.981463738e-18 5.981463738e-18 5.981463738e-18 5.981463738e-18 5.981463738e-18
5.981463738e-18 5.981463738e-18 5.981463738e-18 5.981463738e-18 5.981463738e-18 5.981463738e-18

3.609445831e-02 0.000000000e+00 0.000000000e+00 3.609445831e-02 3.609445831e-02 3.609445831e-02
3.609445831e-02 3.609445831e-02 0.000000000e+00 3.476385421e-02 3.609445831e-02 3.609445831e-02
3.609445831e-02 0.000000000e+00 0.000000000e+00 0.000000000e+00 0.000000000e+00 0.000000000e+00
3.609445831e-02 3.609445831e-02 3.609445831e-02 3.609445831e-02 3.609445831e-02 3.609445831e-02
3.609445831e-02 3.609445831e-02 3.609445831e-02 3.609445831e-02 3.609445831e-02 3.476385421e-02
3.476385421e-02 3.476385421e-02 3.476385421e-02 3.476385421e-02 3.476385421e-02 3.476385421e-02

3.917969513e-02 0.000000000e+00 0.000000000e+00 0.000000000e+00 3.917969513e-02 3.917969513e-02
3.917969513e-02 3.917969513e-02 0.000000000e+00 0.000000000e+00 3.917969513e-02 3.917969513e-02
3.917969513e-02 0.000000000e+00 0.000000000e+00 0.000000000e+00 0.000000000e+00 0.000000000e+00
3.917969513e-02 3.917969513e-02 3.917969513e-02 3.917969513e-02 3.784597560e-02 3.784597560e-02
3.784597560e-02 3.784597560e-02 3.784597560e-02 3.784597560e-02 3.784597560e-02 3.784597560e-02
3.784597560e-02 3.784597560e-02 3.784597560e-02 3.784597560e-02 3.784597560e-02 3.784597560e-02

