6.414537687e-18 1.381970252e-04 6.414537687e-18 6.414537687e-18 6.414537687e-18 6.414537687e-18
6.414537687e-18 6.414537687e-18 1.506723962e-03 5.979438004e-04 5.739611066e-02 6.414537687e-18
6.414537687e-18 6.414537687e-18 0.000000000e+00 1.616362212e-01 7.542760675e-01 6.414537687e-18
6.414537687e-18 1.381970252e-04 6.519215958e-03 8.774964124e-04 6.414537687e-18 6.414537687e-18
6.414537687e-18 6.414537687e-18 3.482346820e-04 1.381970252e-04 1.642739483e-02 6.414537687e-18
6.414537687e-18 6.414537687e-18 6.414537687e-18 6.414537687e-18 6.414537687e-18 6.414537687e-18

5.850851564e-18 5.850851564e-18 5.850851564e-18 5.850851564e-18 1.260527758e-04 5.850851564e-18
5.850851564e-18 5.850851564e-18 5.850851564e-18 5.453986850e-04 6.041095826e-01 5.850851564e-18
5.850851564e-18 5.850851564e-18 0.000000000e+00 5.850851564e-18 5.850851564e-18 5.850851564e-18
5.850851564e-18 0.000000000e+00 5.850851564e-18 5.850851564e-18 0.000000000e+00 5.850851564e-18
5.850851564e-18 5.850851564e-18 5.850851564e-18 5.850851564e-18 3.952189659e-01 5.850851564e-18
5.850851564e-18 5.850851564e-18 5.850851564e-18 5.850851564e-18 5.850851564e-18 5.850851564e-18

4.798495763e-18 4.798495763e-18 4.798495763e-18 4.798495763e-18 4.798495763e-18 4.798495763e-18
4.798495763e-18 4.798495763e-18 4.798495763e-18 0.000000000e+00 9.899325216e-01 4.798495763e-18
4.798495763e-18 4.798495763e-18 0.000000000e+00 4.798495763e-18 0.000000000e+00 4.798495763e-18
4.798495763e-18 0.000000000e+00 4.798495763e-18 4.798495763e-18 0.000000000e+00 4.798495763e-18
4.798495763e-18 4.798495763e-18 4.798495763e-18 4.798495763e-18 1.006747842e-02 4.798495763e-18
4.798495763e-18 4.798495763e-18 4.798495763e-18 4.798495763e-18 4.798495763e-18 4.798495763e-18

1.294914571e-04 1.294914571e-04 1.294914571e-04 1.294914571e-04 0.000000000e+00 1.294914571e-04
1.294914571e-04 1.294914571e-04 1.315551201e-02 0.000000000e+00 0.000000000e+00 1.294914571e-04
1.678209284e-01 1.294914571e-04 0.000000000e+00 1.294914571e-04 0.000000000e+00 1.294914571e-04
1.294914571e-04 0.000000000e+00 1.294914571e-04 3.167850647e-03 0.000000000e+00 1.294914571e-04
1.294914571e-04 3.262980251e-04 8.222195007e-04 1.294914571e-04 8.094342016e-01 1.294914571e-04
1.294914571e-04 1.294914571e-04 1.294914571e-04 1.294914571e-04 2.424177766e-03 1.294914571e-04

1.096785146e-04 5.090825688e-18 1.096785146e-04 1.096785146e-04 0.000000000e+00 1.096785146e-04
1.096785146e-04 1.096785146e-04 0.000000000e+00 0.000000000e+00 0.000000000e+00 1.096785146e-04
1.096785146e-04 5.090825688e-18 0.000000000e+00 5.090825688e-18 0.000000000e+00 5.090825688e-18
1.096785146e-04 0.000000000e+00 1.096785146e-04 9.629371520e-01 0.000000000e+00 5.090825688e-18
0.000000000e+00 1.096785146e-04 1.096785146e-04 5.090825688e-18 5.090825688e-18 5.090825688e-18
1.096785146e-04 1.096785146e-04 1.096785146e-04 5.090825688e-18 3.530799176e-02 1.096785146e-04

