1.608301178e-04 1.608301178e-04 1.608301178e-04 1.608301178e-04 1.608301178e-04 1.608301178e-04
1.608301178e-04 4.027526402e-01 6.958715049e-04 2.498259890e-02 1.608301178e-04 1.608301178e-04
4.052665018e-04 2.668897187e-01 2.862209796e-01 9.914350943e-03 1.608301178e-04 1.608301178e-04
1.608301178e-04 7.465072789e-18 4.052665018e-04 0.000000000e+00 4.052665018e-04 1.608301178e-04
1.608301178e-04 2.153598632e-03 4.052665018e-04 1.608301178e-04 1.608301178e-04 1.608301178e-04
1.608301178e-04 6.958715049e-04 1.608301178e-04 6.958715049e-04 1.608301178e-04 1.608301178e-04

4.569920336e-04 4.569920336e-04 4.569920336e-04 1.813574087e-04 1.550584033e-03 1.813574087e-04
1.813574087e-04 2.398583147e-02 1.813574087e-04 1.550584033e-03 1.813574087e-04 1.813574087e-04
1.194335767e-01 8.869784893e-02 2.689877506e-01 1.813574087e-04 0.000000000e+00 1.813574087e-04
1.813574087e-04 0.000000000e+00 4.569920336e-04 0.000000000e+00 1.813574087e-04 1.151547766e-03
4.569920336e-04 4.002608661e-01 1.813574087e-04 2.428469697e-03 1.396903587e-02 1.813574087e-04
1.813574087e-04 4.569920336e-04 4.569920336e-04 7.206459950e-02 1.813574087e-04 1.813574087e-04

1.126344659e-04 1.126344659e-04 1.126344659e-04 1.126344659e-04 1.126344659e-04 1.126344659e-04
1.126344659e-04 2.470801055e-02 1.126344659e-04 1.126344659e-04 1.126344659e-04 1.126344659e-04
1.126344659e-04 1.126344659e-04 0.000000000e+00 1.126344659e-04 0.000000000e+00 1.126344659e-04
1.126344659e-04 0.000000000e+00 1.126344659e-04 0.000000000e+00 1.126344659e-04 1.228022444e-03
4.873410300e-04 2.108602173e-03 0.000000000e+00 1.126344659e-04 1.508233874e-03 1.126344659e-04
1.126344659e-04 1.126344659e-04 1.126344659e-04 9.671439283e-01 1.126344659e-04 1.126344659e-04

1.018840062e-03 7.013873360e-03 9.891365866e-03 1.604572550e-04 3.456946764e-03 1.604572550e-04
1.604572550e-04 1.604572550e-04 6.942582212e-04 3.925391145e-03 1.371890233e-03 1.749421094e-03
0.000000000e+00 6.486891551e-01 0.000000000e+00 2.148605806e-03 0.000000000e+00 7.013873360e-03
1.018840062e-03 0.000000000e+00 1.604572550e-04 0.000000000e+00 1.604572550e-04 1.429629021e-02
1.364279647e-02 1.299703765e-02 0.000000000e+00 2.567556760e-01 4.408264923e-03 1.018840062e-03
4.043269464e-04 1.749421094e-03 3.003880864e-03 0.000000000e+00 1.018840062e-03 1.749421094e-03

3.832629941e-02 3.698745002e-02 3.698745002e-02 3.698745002e-02 3.698745002e-02 3.698745002e-02
3.698745002e-02 0.000000000e+00 3.698745002e-02 3.698745002e-02 3.698745002e-02 3.698745002e-02
0.000000000e+00 3.698745002e-02 0.000000000e+00 0.000000000e+00 0.000000000e+00 3.698745002e-02
3.698745002e-02 0.000000000e+00 3.698745002e-02 0.000000000e+00 3.698745002e-02 3.698745002e-02
3.698745002e-02 3.698745002e-02 0.000000000e+00 3.698745002e-02 3.698745002e-02 3.698745002e-02
3.698745002e-02 3.698745002e-02 3.698745002e-02 0.000000000e+00 3.698745002e-02 3.698745002e-02

