6.468507115e-18 1.393597612e-04 6.468507115e-18 3.409266678e-03 1.393597612e-04 6.468507115e-18
1.393597612e-04 6.468507115e-18 1.393597612e-04 5.208299632e-02 8.848793262e-04 1.393597612e-04
1.393597612e-04 6.468507115e-18 7.750300650e-01 6.468507115e-18 1.458459893e-01 7.565611817e-03
1.393597612e-04 6.468507115e-18 1.866099430e-03 1.073417136e-02 3.511645933e-04 1.393597612e-04
1.393597612e-04 6.468507115e-18 6.468507115e-18 1.393597612e-04 6.468507115e-18 6.468507115e-18
1.393597612e-04 1.393597612e-04 1.393597612e-04 1.393597612e-04 1.393597612e-04 1.393597612e-04

7.757193357e-18 7.757193357e-18 1.671236647e-04 1.671236647e-04 7.757193357e-18 7.757193357e-18
7.757193357e-18 7.757193357e-18 5.665097716e-02 3.597112829e-01 7.757193357e-18 7.757193357e-18
7.883782307e-03 4.913403323e-02 7.757193357e-18 0.000000000e+00 1.524691811e-01 5.108527708e-03
7.757193357e-18 3.600570207e-03 0.000000000e+00 3.642717798e-01 7.757193357e-18 7.757193357e-18
7.757193357e-18 7.757193357e-18 1.671236647e-04 1.671236647e-04 7.757193357e-18 7.757193357e-18
7.757193357e-18 7.757193357e-18 7.757193357e-18 1.671236647e-04 1.671236647e-04 1.671236647e-04

5.108625569e-18 5.108625569e-18 5.108625569e-18 5.108625569e-18 5.108625569e-18 5.108625569e-18
5.108625569e-18 5.191992776e-03 9.648837736e-01 0.000000000e+00 5.108625569e-18 5.108625569e-18
2.585269008e-02 5.108625569e-18 0.000000000e+00 0.000000000e+00 5.108625569e-18 5.108625569e-18
5.108625569e-18 4.071543553e-03 0.000000000e+00 5.108625569e-18 5.108625569e-18 5.108625569e-18
5.108625569e-18 5.108625569e-18 5.108625569e-18 5.108625569e-18 5.108625569e-18 5.108625569e-18
5.108625569e-18 5.108625569e-18 5.108625569e-18 5.108625569e-18 5.108625569e-18 5.108625569e-18

6.894357215e-18 6.894357215e-18 2.903734395e-01 6.894357215e-18 6.894357215e-18 6.894357215e-18
6.894357215e-18 3.210500914e-01 6.894357215e-18 0.000000000e+00 6.894357215e-18 6.894357215e-18
3.775760891e-01 0.000000000e+00 0.000000000e+00 0.000000000e+00 5.988532698e-03 6.894357215e-18
6.894357215e-18 5.011847285e-03 0.000000000e+00 0.000000000e+00 6.894357215e-18 6.894357215e-18
6.894357215e-18 6.894357215e-18 6.894357215e-18 6.894357215e-18 6.894357215e-18 6.894357215e-18
6.894357215e-18 6.894357215e-18 6.894357215e-18 6.894357215e-18 6.894357215e-18 6.894357215e-18

