5.409487544e-18 1.165438762e-04 2.936721658e-04 6.745261663e-02 4.698754652e-03 5.409487544e-18
5.409487544e-18 5.409487544e-18 5.409487544e-18 5.409487544e-18 1.165438762e-04 7.400074868e-04
1.165438762e-04 5.409487544e-18 5.409487544e-18 5.409487544e-18 5.409487544e-18 9.236948166e-01
7.400074868e-04 5.409487544e-18 5.409487544e-18 5.409487544e-18 5.409487544e-18 1.270645665e-03
1.165438762e-04 5.409487544e-18 5.409487544e-18 5.409487544e-18 5.409487544e-18 1.165438762e-04
5.409487544e-18 1.165438762e-04 2.936721658e-04 1.165438762e-04 5.409487544e-18 5.409487544e-18

4.797125036e-18 4.797125036e-18 4.797125036e-18 6.562374741e-04 1.033509259e-04 0.000000000e+00
4.797125036e-18 4.797125036e-18 4.797125036e-18 4.797125036e-18 6.760074567e-03 4.797125036e-18
4.797125036e-18 4.797125036e-18 4.797125036e-18 4.797125036e-18 4.797125036e-18 9.923769861e-01
4.797125036e-18 4.797125036e-18 4.797125036e-18 0.000000000e+00 4.797125036e-18 1.033509259e-04
4.797125036e-18 4.797125036e-18 4.797125036e-18 4.797125036e-18 4.797125036e-18 4.797125036e-18
4.797125036e-18 4.797125036e-18 4.797125036e-18 4.797125036e-18 4.797125036e-18 4.797125036e-18

4.918085462e-18 4.918085462e-18 4.918085462e-18 4.918085462e-18 4.918085462e-18 0.000000000e+00
4.918085462e-18 4.918085462e-18 4.918085462e-18 4.918085462e-18 9.756630909e-01 0.000000000e+00
4.918085462e-18 4.918085462e-18 4.918085462e-18 0.000000000e+00 4.918085462e-18 4.918085462e-18
4.918085462e-18 4.918085462e-18 4.918085462e-18 0.000000000e+00 4.918085462e-18 2.433690911e-02
4.918085462e-18 4.918085462e-18 4.918085462e-18 4.918085462e-18 4.918085462e-18 4.918085462e-18
4.918085462e-18 4.918085462e-18 4.918085462e-18 4.918085462e-18 4.918085462e-18 4.918085462e-18

4.748295878e-18 4.748295878e-18 4.748295878e-18 4.748295878e-18 4.748295878e-18 0.000000000e+00
4.748295878e-18 4.748295878e-18 4.748295878e-18 4.748295878e-18 9.944463594e-01 0.000000000e+00
4.748295878e-18 4.748295878e-18 4.748295878e-18 0.000000000e+00 5.553640550e-03 0.000000000e+00
4.748295878e-18 4.748295878e-18 4.748295878e-18 0.000000000e+00 4.748295878e-18 0.000000000e+00
4.748295878e-18 4.748295878e-18 4.748295878e-18 4.748295878e-18 4.748295878e-18 4.748295878e-18
4.748295878e-18 4.748295878e-18 4.748295878e-18 4.748295878e-18 4.748295878e-18 4.748295878e-18

3.609445831e-02 3.609445831e-02 3.609445831e-02 3.609445831e-02 3.609445831e-02 0.000000000e+00
3.609445831e-02 3.609445831e-02 3.609445831e-02 3.609445831e-02 3.609445831e-02 0.000000000e+00
3.609445831e-02 3.609445831e-02 3.609445831e-02 0.000000000e+00 3.476385421e-02 0.000000000e+00
3.609445831e-02 3.609445831e-02 3.609445831e-02 0.000000000e+00 0.000000000e+00 0.000000000e+00
3.609445831e-02 3.609445831e-02 3.609445831e-02 0.000000000e+00 3.609445831e-02 3.476385421e-02
3.476385421e-02 3.476385421e-02 3.476385421e-02 3.476385421e-02 3.476385421e-02 3.476385421e-02

