8.911659747e-18 4.837993242e-04 9.057088331e-03 1.919958891e-04 1.919958891e-04 1.919958891e-04
1.919958891e-04 1.919958891e-04 1.919958891e-04 1.919958891e-04 1.919958891e-04 4.681638719e-01
8.307179654e-04 1.919958891e-04 0.000000000e+00 2.982374416e-02 3.256534927e-02 1.183556071e-02
4.837993242e-04 1.919958891e-04 7.515112611e-02 1.557459326e-01 8.911659747e-18 1.212791069e-01
1.919958891e-04 1.919958891e-04 1.919958891e-04 1.919958891e-04 5.857636396e-02 1.919958891e-04
1.919958891e-04 1.919958891e-04 4.837993242e-04 1.255824769e-02 1.950556648e-02 1.919958891e-04

2.085154534e-04 3.044182141e-02 3.337502489e-02 9.021939689e-04 2.085154534e-04 9.114583091e-03
2.085154534e-04 5.254260178e-04 2.085154534e-04 2.085154534e-04 2.309616560e-01 2.478610286e-02
5.728574621e-03 2.085154534e-04 0.000000000e+00 2.752519470e-01 2.085154534e-04 8.161722215e-02
2.085154534e-04 0.000000000e+00 7.035726695e-03 1.676643938e-01 0.000000000e+00 6.361634692e-02
2.085154534e-04 7.035726695e-03 2.085154534e-04 3.903566592e-03 5.449492453e-02 2.085154534e-04
2.085154534e-04 2.085154534e-04 2.085154534e-04 2.085154534e-04 2.085154534e-04 2.085154534e-04

5.887257211e-18 5.887257211e-18 5.487923093e-04 1.084442050e-03 5.887257211e-18 1.268371117e-04
5.887257211e-18 5.887257211e-18 5.887257211e-18 0.000000000e+00 3.940536034e-02 2.374486417e-03
5.887257211e-18 5.887257211e-18 0.000000000e+00 2.461788858e-02 0.000000000e+00 1.268371117e-04
5.887257211e-18 0.000000000e+00 5.887257211e-18 8.766077068e-01 0.000000000e+00 1.268371117e-04
5.887257211e-18 5.887257211e-18 5.887257211e-18 5.887257211e-18 5.498081214e-02 5.887257211e-18
5.887257211e-18 5.887257211e-18 5.887257211e-18 5.887257211e-18 5.887257211e-18 5.887257211e-18

6.086276755e-18 6.086276755e-18 1.311248578e-04 1.121101764e-03 0.000000000e+00 8.325909485e-04
6.086276755e-18 6.086276755e-18 1.311248578e-04 0.000000000e+00 0.000000000e+00 1.311248578e-04
6.086276755e-18 6.086276755e-18 0.000000000e+00 7.597034344e-03 0.000000000e+00 6.086276755e-18
1.311248578e-04 0.000000000e+00 6.086276755e-18 4.255751924e-01 0.000000000e+00 1.311248578e-04
6.086276755e-18 1.311248578e-04 6.086276755e-18 6.086276755e-18 5.638250817e-01 6.086276755e-18
1.311248578e-04 1.311248578e-04 6.086276755e-18 6.086276755e-18 6.086276755e-18 6.086276755e-18

4.754247439e-18 4.754247439e-18 4.754247439e-18 4.754247439e-18 0.000000000e+00 4.754247439e-18
4.754247439e-18 4.754247439e-18 0.000000000e+00 0.000000000e+00 0.000000000e+00 4.754247439e-18
4.754247439e-18 4.754247439e-18 0.000000000e+00 1.024271561e-04 0.000000000e+00 4.754247439e-18
4.754247439e-18 0.000000000e+00 4.754247439e-18 9.943369713e-01 0.000000000e+00 5.560601537e-03
0.000000000e+00 4.754247439e-18 4.754247439e-18 4.754247439e-18 4.754247439e-18 4.754247439e-18
4.754247439e-18 4.754247439e-18 4.754247439e-18 4.754247439e-18 4.754247439e-18 4.754247439e-18

