6.230037824e-18 6.230037824e-18 6.230037824e-18 6.230037824e-18 6.230037824e-18 6.230037824e-18
6.230037824e-18 6.230037824e-18 0.000000000e+00 6.230037824e-18 3.382184885e-04 6.230037824e-18
6.230037824e-18 6.230037824e-18 4.302327656e-01 5.454827984e-01 1.342220961e-04 6.230037824e-18
6.230037824e-18 3.382184885e-04 1.714755267e-02 4.528920852e-03 1.797303431e-03 6.230037824e-18
6.230037824e-18 6.230037824e-18 6.230037824e-18 6.230037824e-18 6.230037824e-18 6.230037824e-18
6.230037824e-18 6.230037824e-18 6.230037824e-18 6.230037824e-18 6.230037824e-18 6.230037824e-18

1.316805026e-04 5.697484447e-04 1.316805026e-04 1.316805026e-04 1.316805026e-04 1.316805026e-04
1.316805026e-04 1.316805026e-04 0.000000000e+00 0.000000000e+00 1.316805026e-04 1.763270177e-03
1.316805026e-04 5.697484447e-04 7.551537119e-01 0.000000000e+00 6.676152933e-03 1.316805026e-04
1.316805026e-04 5.697484447e-04 2.106888041e-03 3.318140741e-04 2.286605175e-01 1.316805026e-04
1.316805026e-04 1.316805026e-04 1.316805026e-04 1.316805026e-04 1.316805026e-04 1.316805026e-04
1.316805026e-04 1.316805026e-04 5.697484447e-04 1.316805026e-04 1.316805026e-04 1.316805026e-04

1.643992855e-04 1.331634213e-02 1.405594119e-03 1.643992855e-04 4.142602408e-04 1.643992855e-04
1.043870395e-03 1.405594119e-03 0.000000000e+00 0.000000000e+00 0.000000000e+00 7.834900547e-02
1.643992855e-04 1.643992855e-04 0.000000000e+00 0.000000000e+00 1.609227049e-01 8.334983165e-03
4.142602408e-04 7.755264228e-03 6.281764025e-01 1.405594119e-03 8.769952290e-02 1.643992855e-04
1.643992855e-04 1.043870395e-03 7.113143966e-04 1.643992855e-04 1.643992855e-04 1.643992855e-04
1.643992855e-04 7.113143966e-04 3.541875237e-03 7.113143966e-04 4.142602408e-04 4.142602408e-04

