6.468507115e-18 1.393597612e-04 6.468507115e-18 3.409266678e-03 1.393597612e-04 6.468507115e-18
1.393597612e-04 6.468507115e-18 1.393597612e-04 5.208299632e-02 8.848793262e-04 1.393597612e-04
1.393597612e-04 6.468507115e-18 7.750300650e-01 6.468507115e-18 1.458459893e-01 7.565611817e-03
1.393597612e-04 6.468507115e-18 1.866099430e-03 1.073417136e-02 3.511645933e-04 1.393597612e-04
1.393597612e-04 6.468507115e-18 6.468507115e-18 1.393597612e-04 6.468507115e-18 6.468507115e-18
1.393597612e-04 1.393597612e-04 1.393597612e-04 1.393597612e-04 1.393597612e-04 1.393597612e-04

7.609425341e-18 7.609425341e-18 1.639400993e-04 7.609425341e-18 7.609425341e-18 7.609425341e-18
7.609425341e-18 7.609425341e-18 4.292002579e-01 2.762440028e-01 7.609425341e-18 1.639400993e-04
1.010606533e-02 1.364983677e-01 7.609425341e-18 0.000000000e+00 3.263771055e-02 1.639400993e-04
7.609425341e-18 7.609425341e-18 1.146578353e-01 0.000000000e+00 7.609425341e-18 7.609425341e-18
7.609425341e-18 7.609425341e-18 1.639400993e-04 7.609425341e-18 7.609425341e-18 7.609425341e-18
7.609425341e-18 7.609425341e-18 7.609425341e-18 7.609425341e-18 7.609425341e-18 7.609425341e-18

5.736075268e-18 5.736075268e-18 5.736075268e-18 5.736075268e-18 5.736075268e-18 5.736075268e-18
5.736075268e-18 7.159904579e-03 8.706627440e-01 5.736075268e-18 5.736075268e-18 5.736075268e-18
7.233427340e-02 5.736075268e-18 0.000000000e+00 0.000000000e+00 5.736075268e-18 5.736075268e-18
5.736075268e-18 4.984307803e-02 0.000000000e+00 0.000000000e+00 5.736075268e-18 5.736075268e-18
5.736075268e-18 5.736075268e-18 5.736075268e-18 5.736075268e-18 5.736075268e-18 5.736075268e-18
5.736075268e-18 5.736075268e-18 5.736075268e-18 5.736075268e-18 5.736075268e-18 5.736075268e-18

7.549573307e-18 7.549573307e-18 1.171139979e-01 7.549573307e-18 7.549573307e-18 7.549573307e-18
7.549573307e-18 2.908702684e-01 7.549573307e-18 3.515615923e-01 7.549573307e-18 7.549573307e-18
2.056065225e-01 0.000000000e+00 0.000000000e+00 0.000000000e+00 7.549573307e-18 7.549573307e-18
7.549573307e-18 3.484761895e-02 0.000000000e+00 0.000000000e+00 7.549573307e-18 7.549573307e-18
7.549573307e-18 7.549573307e-18 0.000000000e+00 7.549573307e-18 7.549573307e-18 7.549573307e-18
7.549573307e-18 7.549573307e-18 7.549573307e-18 7.549573307e-18 7.549573307e-18 7.549573307e-18

