6.518960590e-18 6.518960590e-18 6.518960590e-18 6.518960590e-18 6.518960590e-18 6.518960590e-18
6.518960590e-18 6.518960590e-18 6.191198223e-01 1.404467484e-04 3.539036294e-04 6.518960590e-18
6.518960590e-18 1.404467484e-04 0.000000000e+00 6.518960590e-18 1.404467484e-04 6.518960590e-18
6.518960590e-18 3.539036294e-04 2.808061445e-01 6.625342929e-03 9.154429883e-02 6.518960590e-18
6.518960590e-18 1.404467484e-04 1.404467484e-04 3.539036294e-04 1.404467484e-04 6.518960590e-18
6.518960590e-18 6.518960590e-18 6.518960590e-18 6.518960590e-18 6.518960590e-18 6.518960590e-18

1.519508970e-04 1.519508970e-04 1.519508970e-04 1.519508970e-04 1.519508970e-04 1.519508970e-04
1.519508970e-04 1.519508970e-04 3.381400520e-01 2.431214352e-03 3.828922674e-04 1.519508970e-04
1.519508970e-04 3.273682837e-03 0.000000000e+00 0.000000000e+00 1.519508970e-04 1.519508970e-04
1.519508970e-04 1.941249680e-02 5.193338520e-01 0.000000000e+00 1.125695839e-01 1.519508970e-04
1.519508970e-04 1.519508970e-04 1.519508970e-04 1.519508970e-04 6.574533478e-04 1.519508970e-04
1.519508970e-04 1.519508970e-04 1.519508970e-04 1.519508970e-04 1.519508970e-04 1.519508970e-04

1.307483512e-04 1.307483512e-04 1.307483512e-04 1.307483512e-04 1.307483512e-04 1.307483512e-04
3.592067995e-03 0.000000000e+00 8.302002810e-04 2.030983786e-02 3.198599029e-03 1.307483512e-04
1.307483512e-04 3.294651999e-04 0.000000000e+00 0.000000000e+00 1.307483512e-04 1.307483512e-04
5.657152600e-04 1.212035285e-01 0.000000000e+00 0.000000000e+00 8.437482456e-01 8.302002810e-04
1.307483512e-04 1.307483512e-04 1.307483512e-04 1.307483512e-04 1.307483512e-04 1.307483512e-04
1.307483512e-04 1.307483512e-04 2.447707772e-03 3.294651999e-04 1.307483512e-04 1.307483512e-04

1.787595977e-04 9.536009470e-02 1.787595977e-04 4.504459601e-04 1.787595977e-04 1.787595977e-04
4.198920988e-02 0.000000000e+00 0.000000000e+00 0.000000000e+00 3.346514527e-03 1.787595977e-04
4.504459601e-04 5.533503185e-01 0.000000000e+00 0.000000000e+00 1.787595977e-04 1.787595977e-04
4.504459601e-04 5.354423243e-02 0.000000000e+00 0.000000000e+00 7.967064766e-02 1.528373062e-03
4.504459601e-04 7.734478590e-04 4.504459601e-04 1.787595977e-04 1.787595977e-04 4.504459601e-04
7.734478590e-04 1.153141658e-01 1.135052694e-03 4.767908906e-02 4.504459601e-04 7.734478590e-04

1.257729685e-04 9.581010459e-02 1.257729685e-04 7.986085700e-04 1.257729685e-04 5.441880293e-04
5.441880293e-04 0.000000000e+00 0.000000000e+00 0.000000000e+00 4.652742203e-03 1.257729685e-04
1.257729685e-04 8.845769218e-01 0.000000000e+00 0.000000000e+00 1.257729685e-04 1.257729685e-04
3.169280211e-04 0.000000000e+00 0.000000000e+00 0.000000000e+00 0.000000000e+00 2.012367496e-03
3.169280211e-04 7.986085700e-04 3.169280211e-04 1.257729685e-04 5.441880293e-04 1.257729685e-04
1.257729685e-04 3.076882357e-03 7.986085700e-04 2.709696464e-03 7.986085700e-04 1.257729685e-04

5.392321770e-18 2.927402642e-04 5.392321770e-18 1.161740508e-04 5.392321770e-18 5.392321770e-18
1.858784813e-03 0.000000000e+00 0.000000000e+00 0.000000000e+00 2.927402642e-04 5.392321770e-18
1.161740508e-04 0.000000000e+00 0.000000000e+00 0.000000000e+00 5.392321770e-18 9.280785702e-01
5.392321770e-18 0.000000000e+00 0.000000000e+00 0.000000000e+00 0.000000000e+00 0.000000000e+00
5.392321770e-18 5.392321770e-18 1.161740508e-04 5.392321770e-18 5.392321770e-18 5.392321770e-18
1.161740508e-04 7.376592419e-04 6.306897802e-03 7.376592419e-04 5.392321770e-18 6.123025193e-02

5.026272473e-18 5.490149396e-03 5.026272473e-18 4.685339164e-04 1.082877578e-04 5.026272473e-18
0.000000000e+00 0.000000000e+00 0.000000000e+00 0.000000000e+00 1.082877578e-04 1.082877578e-04
9.258473056e-04 0.000000000e+00 0.000000000e+00 0.000000000e+00 5.026272473e-18 9.844166167e-01
1.082877578e-04 0.000000000e+00 0.000000000e+00 0.000000000e+00 0.000000000e+00 0.000000000e+00
5.026272473e-18 2.728680509e-04 6.875844024e-04 5.026272473e-18 3.310069894e-03 0.000000000e+00
1.082877578e-04 4.685339164e-04 3.310069894e-03 5.026272473e-18 1.082877578e-04 5.026272473e-18

4.812654667e-02 4.812654667e-02 4.812654667e-02 4.812654667e-02 4.812654667e-02 4.812654667e-02
0.000000000e+00 0.000000000e+00 0.000000000e+00 0.000000000e+00 4.812654667e-02 4.812654667e-02
4.812654667e-02 0.000000000e+00 0.000000000e+00 0.000000000e+00 4.812654667e-02 4.812654667e-02
4.812654667e-02 0.000000000e+00 0.000000000e+00 0.000000000e+00 0.000000000e+00 0.000000000e+00
4.812654667e-02 4.679436166e-02 0.000000000e+00 0.000000000e+00 4.679436166e-02 0.000000000e+00
4.679436166e-02 4.679436166e-02 4.679436166e-02 4.679436166e-02 4.679436166e-02 4.679436166e-02

5.312238650e-02 5.312238650e-02 5.312238650e-02 5.312238650e-02 5.312238650e-02 5.312238650e-02
0.000000000e+00 0.000000000e+00 0.000000000e+00 0.000000000e+00 5.312238650e-02 5.179019457e-02
5.312238650e-02 0.000000000e+00 0.000000000e+00 0.000000000e+00 0.000000000e+00 5.312238650e-02
5.312238650e-02 0.000000000e+00 0.000000000e+00 0.000000000e+00 0.000000000e+00 0.000000000e+00
5.312238650e-02 5.312238650e-02 0.000000000e+00 0.000000000e+00 5.179019457e-02 0.000000000e+00
5.179019457e-02 5.179019457e-02 0.000000000e+00 5.179019457e-02 5.179019457e-02 5.179019457e-02

