7.364978510e-18 7.364978510e-18 7.364978510e-18 7.364978510e-18 7.364978510e-18 7.364978510e-18
7.364978510e-18 7.364978510e-18 1.007514888e-03 3.998325483e-04 1.586736520e-04 7.364978510e-18
7.364978510e-18 3.998325483e-04 1.401279720e-01 4.336711688e-01 3.998325483e-04 7.364978510e-18
7.364978510e-18 3.998325483e-04 1.893067943e-01 2.327211988e-01 1.007514888e-03 7.364978510e-18
7.364978510e-18 7.364978510e-18 7.364978510e-18 3.998325483e-04 7.364978510e-18 7.364978510e-18
7.364978510e-18 7.364978510e-18 7.364978510e-18 7.364978510e-18 7.364978510e-18 7.364978510e-18

3.197591536e-04 1.268965042e-04 1.268965042e-04 1.268965042e-04 3.197591536e-04 0.000000000e+00
1.268965042e-04 8.057425771e-04 2.783659638e-02 2.733902307e-03 3.197591536e-04 1.268965042e-04
1.268965042e-04 1.268965042e-04 9.267283449e-01 5.986132584e-03 3.197591536e-04 5.116146458e-03
1.268965042e-04 5.490492860e-04 1.699209959e-03 0.000000000e+00 1.678298221e-02 5.986132584e-03
3.197591536e-04 1.268965042e-04 1.084949850e-03 1.268965042e-04 3.197591536e-04 5.490492860e-04
1.268965042e-04 1.268965042e-04 1.268965042e-04 1.268965042e-04 1.268965042e-04 3.197591536e-04

6.816992491e-18 1.468676511e-04 1.468676511e-04 1.468676511e-04 1.468676511e-04 0.000000000e+00
6.816992491e-18 1.468676511e-04 7.460555850e-02 6.538149075e-01 6.816992491e-18 0.000000000e+00
6.816992491e-18 6.816992491e-18 1.468676511e-04 0.000000000e+00 6.816992491e-18 6.816992491e-18
6.816992491e-18 6.816992491e-18 6.816992491e-18 0.000000000e+00 3.700832902e-04 1.798401307e-01
1.468676511e-04 6.816992491e-18 1.468676511e-04 8.886674159e-02 1.468676511e-04 3.700832902e-04
1.468676511e-04 6.816992491e-18 1.468676511e-04 3.700832902e-04 1.468676511e-04 6.816992491e-18

4.981245098e-18 4.981245098e-18 4.981245098e-18 4.981245098e-18 4.981245098e-18 0.000000000e+00
4.981245098e-18 4.981245098e-18 4.691047241e-03 7.429385611e-03 4.981245098e-18 0.000000000e+00
4.981245098e-18 4.981245098e-18 4.981245098e-18 0.000000000e+00 4.981245098e-18 0.000000000e+00
4.981245098e-18 4.981245098e-18 4.981245098e-18 0.000000000e+00 4.981245098e-18 0.000000000e+00
4.981245098e-18 4.981245098e-18 4.981245098e-18 9.825900824e-01 2.009067788e-03 4.981245098e-18
4.981245098e-18 4.981245098e-18 3.280416954e-03 4.981245098e-18 4.981245098e-18 4.981245098e-18

3.609445831e-02 3.609445831e-02 3.609445831e-02 3.609445831e-02 3.609445831e-02 0.000000000e+00
3.609445831e-02 3.609445831e-02 3.609445831e-02 3.609445831e-02 3.609445831e-02 0.000000000e+00
3.609445831e-02 3.609445831e-02 3.609445831e-02 0.000000000e+00 3.476385421e-02 0.000000000e+00
3.609445831e-02 3.609445831e-02 3.609445831e-02 0.000000000e+00 0.000000000e+00 0.000000000e+00
3.609445831e-02 3.609445831e-02 3.609445831e-02 0.000000000e+00 3.609445831e-02 3.476385421e-02
3.476385421e-02 3.476385421e-02 3.476385421e-02 3.476385421e-02 3.476385421e-02 3.476385421e-02

