6.518960590e-18 6.518960590e-18 6.518960590e-18 6.518960590e-18 6.518960590e-18 6.518960590e-18
6.518960590e-18 6.518960590e-18 6.191198223e-01 1.404467484e-04 3.539036294e-04 6.518960590e-18
6.518960590e-18 1.404467484e-04 0.000000000e+00 6.518960590e-18 1.404467484e-04 6.518960590e-18
6.518960590e-18 3.539036294e-04 2.808061445e-01 6.625342929e-03 9.154429883e-02 6.518960590e-18
6.518960590e-18 1.404467484e-04 1.404467484e-04 3.539036294e-04 1.404467484e-04 6.518960590e-18
6.518960590e-18 6.518960590e-18 6.518960590e-18 6.518960590e-18 6.518960590e-18 6.518960590e-18

1.457805682e-04 1.457805682e-04 1.457805682e-04 1.457805682e-04 3.673440130e-04 1.457805682e-04
1.457805682e-04 1.928053650e-02 7.756819769e-01 0.000000000e+00 6.876957049e-03 1.457805682e-04
1.457805682e-04 2.128295984e-02 0.000000000e+00 0.000000000e+00 3.673440130e-04 1.457805682e-04
1.457805682e-04 1.457805682e-04 4.456125787e-03 1.394454135e-01 2.196127647e-02 3.673440130e-04
1.457805682e-04 4.456125787e-03 1.952077362e-03 3.673440130e-04 1.457805682e-04 1.457805682e-04
1.457805682e-04 3.673440130e-04 1.457805682e-04 1.457805682e-04 1.457805682e-04 1.457805682e-04

7.639486171e-03 7.561836104e-04 7.561836104e-04 1.747694773e-04 1.747694773e-04 6.465278925e-03
1.747694773e-04 1.620110473e-01 0.000000000e+00 0.000000000e+00 5.099406066e-01 1.109717008e-03
1.747694773e-04 1.747694773e-04 0.000000000e+00 0.000000000e+00 1.747694773e-04 1.747694773e-04
1.143148635e-02 0.000000000e+00 1.747694773e-04 1.749949799e-01 1.012569046e-02 1.747694773e-04
1.747694773e-04 9.547804369e-02 1.747694773e-04 1.494258012e-03 1.747694773e-04 1.747694773e-04
7.561836104e-04 3.271816462e-03 7.561836104e-04 4.403914866e-04 1.747694773e-04 1.012569046e-02

1.335267030e-04 1.335267030e-04 3.364662077e-04 1.335267030e-04 1.335267030e-04 1.335267030e-04
1.335267030e-04 2.705478267e-01 0.000000000e+00 0.000000000e+00 0.000000000e+00 1.335267030e-04
1.335267030e-04 1.335267030e-04 0.000000000e+00 0.000000000e+00 1.335267030e-04 1.335267030e-04
8.231235616e-03 0.000000000e+00 0.000000000e+00 7.089603905e-01 3.266568019e-03 1.335267030e-04
1.335267030e-04 5.383459322e-03 1.335267030e-04 1.335267030e-04 1.335267030e-04 1.335267030e-04
1.335267030e-04 3.364662077e-04 1.335267030e-04 1.335267030e-04 1.335267030e-04 1.335267030e-04

