1.665064437e-04 1.665064437e-04 1.665064437e-04 7.204315407e-04 4.195699468e-04 7.728544499e-18
1.665064437e-04 1.665064437e-04 7.728544499e-18 7.728544499e-18 7.728544499e-18 1.665064437e-04
2.238214360e-01 2.052894718e-02 4.793151015e-01 1.665064437e-04 7.728544499e-18 7.728544499e-18
1.934498870e-01 7.728544499e-18 5.266386510e-02 0.000000000e+00 7.728544499e-18 1.665064437e-04
4.195699468e-04 2.354016598e-02 7.204315407e-04 1.665064437e-04 1.665064437e-04 4.195699468e-04
7.728544499e-18 4.195699468e-04 1.057250016e-03 4.195699468e-04 4.195699468e-04 7.728544499e-18

1.696841258e-04 4.275772039e-04 1.696841258e-04 7.341805727e-04 7.341805727e-04 4.275772039e-04
7.341805727e-04 4.275772039e-04 1.696841258e-04 1.696841258e-04 1.696841258e-04 1.696841258e-04
2.714946013e-03 5.725480365e-03 2.587185988e-01 1.696841258e-04 0.000000000e+00 4.275772039e-04
1.306990245e-02 0.000000000e+00 4.917797889e-01 0.000000000e+00 2.714946013e-03 1.450778868e-03
7.341805727e-04 1.762960851e-01 1.696841258e-04 7.417196372e-03 1.077427039e-03 1.696841258e-04
1.696841258e-04 1.723883263e-02 1.442730647e-02 4.275772039e-04 4.275772039e-04 1.696841258e-04

8.718277449e-03 6.948414180e-04 1.605920437e-04 1.019695916e-03 1.605920437e-04 4.046665926e-04
5.603574652e-01 1.750890658e-03 1.605920437e-04 1.605920437e-04 1.605920437e-04 4.046665926e-04
4.046665926e-04 4.411967991e-03 0.000000000e+00 3.096810829e-01 0.000000000e+00 4.046665926e-04
6.190841641e-02 0.000000000e+00 1.430829950e-02 0.000000000e+00 4.046665926e-04 1.019695916e-03
6.948414180e-04 2.570439442e-02 0.000000000e+00 4.046665926e-04 1.605920437e-04 1.605920437e-04
1.605920437e-04 1.750890658e-03 6.948414180e-04 3.006404210e-03 1.605920437e-04 4.046665926e-04

7.807767371e-03 9.135455964e-03 4.879854607e-04 1.936571584e-04 8.379058606e-04 1.936571584e-04
2.189843290e-01 1.936571584e-04 5.320370578e-03 1.936571584e-04 1.936571584e-04 1.936571584e-04
0.000000000e+00 4.168210711e-01 0.000000000e+00 1.936571584e-04 0.000000000e+00 1.936571584e-04
1.070467181e-01 0.000000000e+00 2.049834547e-02 0.000000000e+00 1.936571584e-04 4.879854607e-04
3.098514535e-03 5.269870688e-02 0.000000000e+00 6.675547201e-02 8.379058606e-04 1.936571584e-04
1.936571584e-04 4.752139063e-02 4.879854607e-04 0.000000000e+00 3.855387614e-02 4.879854607e-04

3.832629941e-02 3.698745002e-02 3.698745002e-02 3.698745002e-02 3.698745002e-02 3.698745002e-02
3.698745002e-02 0.000000000e+00 3.698745002e-02 3.698745002e-02 3.698745002e-02 3.698745002e-02
0.000000000e+00 3.698745002e-02 0.000000000e+00 0.000000000e+00 0.000000000e+00 3.698745002e-02
3.698745002e-02 0.000000000e+00 3.698745002e-02 0.000000000e+00 3.698745002e-02 3.698745002e-02
3.698745002e-02 3.698745002e-02 0.000000000e+00 3.698745002e-02 3.698745002e-02 3.698745002e-02
3.698745002e-02 3.698745002e-02 3.698745002e-02 0.000000000e+00 3.698745002e-02 3.698745002e-02

