5.308496143e-04 5.308496143e-04 2.106678091e-04 5.308496143e-04 2.106678091e-04 5.308496143e-04
1.068078025e-02 2.106678091e-04 2.106678091e-04 2.106678091e-04 2.106678091e-04 9.115066712e-04
2.106678091e-04 5.308496143e-04 1.302648045e-01 0.000000000e+00 9.115066712e-04 1.337657207e-03
2.411879305e-02 1.952887479e-01 7.627267331e-02 1.298658871e-02 2.820951148e-03 5.308496143e-04
7.873299027e-02 9.778333500e-18 5.505743661e-02 2.106678091e-04 2.106678091e-04 1.801184431e-03
5.308496143e-04 3.072421880e-01 8.121268119e-02 7.108351464e-03 7.108351464e-03 5.308496143e-04

6.388225081e-02 1.158262274e-17 1.090784118e-02 2.720666097e-03 1.079697056e-03 1.079697056e-03
8.458818361e-02 1.158262274e-17 4.671577845e-03 2.495400423e-04 6.288015040e-04 6.104692943e-03
2.856917088e-02 9.619797153e-02 7.892633359e-02 0.000000000e+00 2.720666097e-03 3.341470497e-03
5.992113407e-02 1.609731850e-01 1.251837810e-01 1.158262274e-17 3.994142874e-02 3.341470497e-03
4.596566879e-02 0.000000000e+00 9.034643786e-02 0.000000000e+00 1.079697056e-03 9.231279978e-03
1.079697056e-03 5.992113407e-02 2.133537350e-03 2.720666097e-03 1.090784118e-02 1.584480502e-03

1.626028471e-04 4.970338289e-03 1.626028471e-04 4.097334995e-04 1.626028471e-04 1.626028471e-04
1.390234786e-03 2.680023411e-02 1.063567995e-02 4.097334995e-04 1.626028471e-04 1.626028471e-04
4.960878900e-02 1.626028471e-04 1.583472057e-02 0.000000000e+00 1.626028471e-04 1.626028471e-04
4.970338289e-03 1.070826923e-01 0.000000000e+00 0.000000000e+00 1.626028471e-04 1.626028471e-04
4.690929062e-02 0.000000000e+00 7.167887255e-01 0.000000000e+00 1.772813891e-03 1.626028471e-04
5.486543915e-03 2.177336396e-03 1.772813891e-03 1.626028471e-04 7.035416588e-04 1.626028471e-04

4.963633097e-18 1.069382334e-04 4.963633097e-18 2.694674625e-04 2.694674625e-04 4.963633097e-18
4.963633097e-18 2.694674625e-04 1.069382334e-04 1.069382334e-04 0.000000000e+00 1.069382334e-04
9.143090340e-04 0.000000000e+00 4.963633097e-18 0.000000000e+00 4.963633097e-18 2.694674625e-04
1.069382334e-04 9.860959377e-01 0.000000000e+00 0.000000000e+00 4.963633097e-18 4.963633097e-18
4.626948633e-04 0.000000000e+00 9.968458643e-03 0.000000000e+00 4.963633097e-18 4.963633097e-18
1.069382334e-04 4.626948633e-04 2.694674625e-04 4.963633097e-18 1.069382334e-04 4.963633097e-18

8.300160150e-18 7.816608620e-03 8.300160150e-18 1.528902572e-03 4.506020187e-04 0.000000000e+00
3.852593067e-03 7.737158227e-04 4.506020187e-04 8.300160150e-18 0.000000000e+00 1.666920209e-02
2.284535622e-02 0.000000000e+00 9.066185624e-03 0.000000000e+00 8.300160150e-18 5.535420287e-01
3.293920738e-02 0.000000000e+00 0.000000000e+00 0.000000000e+00 1.135445937e-03 1.788215296e-04
9.424899306e-02 0.000000000e+00 8.300160150e-18 0.000000000e+00 8.300160150e-18 1.135445937e-03
8.300160150e-18 1.697258345e-01 6.061627723e-02 2.284535622e-02 1.788215296e-04 8.300160150e-18

2.072902138e-04 2.775723397e-03 2.072902138e-04 1.277837730e-02 1.316210814e-03 0.000000000e+00
2.260027897e-03 5.417471163e-02 3.122746571e-02 2.775723397e-03 0.000000000e+00 5.694913441e-03
1.860818136e-01 0.000000000e+00 2.072902138e-04 0.000000000e+00 0.000000000e+00 3.581721865e-01
8.985528095e-02 0.000000000e+00 0.000000000e+00 0.000000000e+00 4.465932274e-03 2.775723397e-03
3.616044635e-02 0.000000000e+00 0.000000000e+00 0.000000000e+00 2.260027897e-03 5.694913441e-03
2.775723397e-03 1.564571646e-01 2.741563285e-02 5.694913441e-03 7.668324421e-03 8.968926652e-04

4.417400516e-02 4.417400516e-02 4.417400516e-02 4.417400516e-02 4.417400516e-02 0.000000000e+00
4.417400516e-02 4.417400516e-02 4.417400516e-02 4.417400516e-02 0.000000000e+00 4.417400516e-02
4.417400516e-02 0.000000000e+00 0.000000000e+00 0.000000000e+00 0.000000000e+00 4.284049527e-02
4.284049527e-02 0.000000000e+00 0.000000000e+00 0.000000000e+00 0.000000000e+00 4.284049527e-02
4.284049527e-02 0.000000000e+00 0.000000000e+00 0.000000000e+00 4.284049527e-02 4.284049527e-02
4.284049527e-02 4.284049527e-02 4.284049527e-02 4.284049527e-02 4.284049527e-02 4.284049527e-02

