7.173310368e-18 7.173310368e-18 7.173310368e-18 7.173310368e-18 7.173310368e-18 7.173310368e-18
7.173310368e-18 7.173310368e-18 1.545442870e-04 1.545442870e-04 5.717084799e-03 7.173310368e-18
7.173310368e-18 1.545442870e-04 2.525207786e-01 6.755406962e-03 7.173310368e-18 7.173310368e-18
7.173310368e-18 7.173310368e-18 1.190375791e-02 3.972487669e-01 3.214552901e-01 7.173310368e-18
7.173310368e-18 7.173310368e-18 1.545442870e-04 7.173310368e-18 3.780737591e-03 7.173310368e-18
7.173310368e-18 7.173310368e-18 7.173310368e-18 7.173310368e-18 7.173310368e-18 7.173310368e-18

5.697657160e-18 5.697657160e-18 5.697657160e-18 5.697657160e-18 5.697657160e-18 5.697657160e-18
5.697657160e-18 5.697657160e-18 5.697657160e-18 5.697657160e-18 5.697657160e-18 5.697657160e-18
5.697657160e-18 5.697657160e-18 2.237872044e-01 5.697657160e-18 0.000000000e+00 2.298015706e-03
5.697657160e-18 5.697657160e-18 7.794285358e-04 0.000000000e+00 7.731353514e-01 5.697657160e-18
5.697657160e-18 5.697657160e-18 5.697657160e-18 5.697657160e-18 5.697657160e-18 5.697657160e-18
5.697657160e-18 5.697657160e-18 5.697657160e-18 5.697657160e-18 5.697657160e-18 5.697657160e-18

6.504773303e-18 6.504773303e-18 6.504773303e-18 6.504773303e-18 6.504773303e-18 1.401410926e-04
6.504773303e-18 1.401410926e-04 1.401410926e-04 1.401410926e-04 6.919147020e-01 6.504773303e-18
6.504773303e-18 6.504773303e-18 0.000000000e+00 0.000000000e+00 0.000000000e+00 1.135142850e-02
6.504773303e-18 6.504773303e-18 6.504773303e-18 0.000000000e+00 4.830797301e-02 6.504773303e-18
6.504773303e-18 2.111171137e-02 6.504773303e-18 6.504773303e-18 2.266134797e-01 6.504773303e-18
1.401410926e-04 6.504773303e-18 6.504773303e-18 6.504773303e-18 6.504773303e-18 6.504773303e-18

5.806615064e-18 5.806615064e-18 5.806615064e-18 5.806615064e-18 5.806615064e-18 1.250997293e-04
5.806615064e-18 0.000000000e+00 5.806615064e-18 5.806615064e-18 2.107968100e-01 5.806615064e-18
5.806615064e-18 5.806615064e-18 0.000000000e+00 0.000000000e+00 0.000000000e+00 5.806615064e-18
5.806615064e-18 5.806615064e-18 0.000000000e+00 0.000000000e+00 7.730959662e-01 5.806615064e-18
5.806615064e-18 1.598212410e-02 5.806615064e-18 5.806615064e-18 5.806615064e-18 5.806615064e-18
5.806615064e-18 5.806615064e-18 5.806615064e-18 5.806615064e-18 5.806615064e-18 5.806615064e-18

