1.439980377e-04 3.628523176e-04 1.439980377e-04 6.230433239e-04 3.628523176e-04 1.439980377e-04
1.439980377e-04 6.683796837e-18 6.230433239e-04 1.439980377e-04 6.683796837e-18 3.628523176e-04
1.439980377e-04 1.231165904e-03 1.166384105e-02 5.805637082e-03 1.439980377e-04 3.628523176e-04
2.303968603e-03 3.382399548e-02 6.683796837e-18 7.859378555e-01 1.439980377e-04 1.439980377e-04
1.439980377e-04 1.439980377e-04 1.250786593e-01 1.439980377e-04 1.439980377e-04 1.439980377e-04
6.683796837e-18 3.628523176e-04 2.794866267e-02 1.439980377e-04 3.628523176e-04 6.230433239e-04

7.486544435e-18 7.486544435e-18 7.486544435e-18 7.486544435e-18 6.978730268e-04 7.486544435e-18
7.486544435e-18 7.486544435e-18 7.486544435e-18 7.486544435e-18 0.000000000e+00 1.024144873e-03
7.486544435e-18 7.486544435e-18 2.286111350e-01 1.024144873e-03 7.486544435e-18 4.064321620e-04
7.486544435e-18 1.051318614e-01 0.000000000e+00 5.299900455e-01 4.064321620e-04 7.486544435e-18
4.064321620e-04 2.505445587e-02 7.486544435e-18 8.177480952e-03 7.486544435e-18 7.486544435e-18
7.486544435e-18 7.486544435e-18 9.866312990e-02 7.486544435e-18 7.486544435e-18 4.064321620e-04

5.512323210e-18 5.512323210e-18 5.512323210e-18 5.512323210e-18 5.512323210e-18 5.512323210e-18
5.512323210e-18 5.512323210e-18 0.000000000e+00 5.512323210e-18 0.000000000e+00 5.512323210e-18
5.512323210e-18 5.512323210e-18 5.512323210e-18 7.540752079e-04 5.512323210e-18 5.512323210e-18
5.512323210e-18 1.315435765e-01 0.000000000e+00 8.629142692e-01 5.512323210e-18 5.512323210e-18
5.512323210e-18 5.512323210e-18 0.000000000e+00 5.512323210e-18 5.512323210e-18 5.512323210e-18
5.512323210e-18 5.512323210e-18 4.788079113e-03 5.512323210e-18 5.512323210e-18 5.512323210e-18

4.647784847e-18 4.647784847e-18 4.647784847e-18 4.647784847e-18 4.647784847e-18 4.647784847e-18
4.647784847e-18 4.647784847e-18 0.000000000e+00 4.647784847e-18 0.000000000e+00 4.647784847e-18
4.647784847e-18 4.647784847e-18 0.000000000e+00 4.647784847e-18 4.647784847e-18 4.647784847e-18
4.647784847e-18 4.647784847e-18 0.000000000e+00 1.000000000e+00 4.647784847e-18 4.647784847e-18
4.647784847e-18 4.647784847e-18 0.000000000e+00 4.647784847e-18 4.647784847e-18 4.647784847e-18
4.647784847e-18 4.647784847e-18 0.000000000e+00 4.647784847e-18 4.647784847e-18 4.647784847e-18

3.609445831e-02 3.609445831e-02 3.609445831e-02 3.609445831e-02 3.609445831e-02 3.609445831e-02
3.609445831e-02 3.609445831e-02 0.000000000e+00 0.000000000e+00 0.000000000e+00 3.609445831e-02
3.609445831e-02 3.609445831e-02 0.000000000e+00 3.609445831e-02 3.609445831e-02 3.609445831e-02
3.609445831e-02 0.000000000e+00 0.000000000e+00 3.609445831e-02 3.609445831e-02 3.609445831e-02
3.609445831e-02 3.609445831e-02 0.000000000e+00 3.476385421e-02 3.476385421e-02 3.476385421e-02
3.476385421e-02 3.476385421e-02 0.000000000e+00 3.476385421e-02 3.476385421e-02 3.476385421e-02

