9.478187166e-18 2.042013523e-04 9.478187166e-18 7.554057609e-03 7.554057609e-03 9.478187166e-18
2.042013523e-04 0.000000000e+00 5.145551644e-04 9.478187166e-18 9.478187166e-18 1.258796485e-02
9.478187166e-18 3.562161430e-02 2.029346946e-01 7.039015634e-02 9.478187166e-18 9.478187166e-18
2.042013523e-04 1.877935083e-01 9.478187166e-18 1.983616040e-01 9.478187166e-18 2.042013523e-04
2.042013523e-04 2.042013523e-04 1.498594372e-01 7.274621754e-02 9.478187166e-18 9.478187166e-18
9.478187166e-18 9.478187166e-18 4.903412093e-02 9.478187166e-18 3.822803366e-03 9.478187166e-18

8.295420326e-03 3.836710839e-02 5.080470563e-03 5.080470563e-03 9.156959801e-03 9.156959801e-03
2.757066435e-02 0.000000000e+00 1.473286652e-02 5.080470563e-03 8.295420326e-03 3.106976625e-02
2.958799890e-03 0.000000000e+00 1.535292915e-01 1.672928967e-02 1.003927318e-02 1.094142540e-02
2.872538423e-02 2.642791199e-02 0.000000000e+00 2.575779845e-01 1.723166522e-03 7.455708528e-03
1.672928967e-02 4.472919021e-02 7.978569976e-02 1.186258003e-02 2.090314937e-02 1.473286652e-02
1.983812420e-02 2.872538423e-02 1.878720823e-02 3.345925182e-02 1.572315345e-02 1.672928967e-02

4.351426720e-04 0.000000000e+00 2.762983741e-03 2.762983741e-03 2.312361518e-03 7.471710212e-04
4.224564321e-03 0.000000000e+00 5.278568353e-03 1.096490824e-03 1.476448668e-03 7.471710212e-04
1.726864838e-04 0.000000000e+00 4.162327708e-01 4.744240260e-03 1.726864838e-04 4.351426720e-04
3.720417512e-03 0.000000000e+00 0.000000000e+00 2.052713543e-02 1.476448668e-03 7.471710212e-04
2.764023291e-02 4.471643579e-01 3.611951687e-02 1.882752995e-03 2.312361518e-03 7.471710212e-04
2.762983741e-03 1.476448668e-03 2.312361518e-03 3.720417512e-03 2.312361518e-03 1.476448668e-03

