1.439980377e-04 3.628523176e-04 1.439980377e-04 6.230433239e-04 3.628523176e-04 1.439980377e-04
1.439980377e-04 6.683796837e-18 6.230433239e-04 1.439980377e-04 6.683796837e-18 3.628523176e-04
1.439980377e-04 1.231165904e-03 1.166384105e-02 5.805637082e-03 1.439980377e-04 3.628523176e-04
2.303968603e-03 3.382399548e-02 6.683796837e-18 7.859378555e-01 1.439980377e-04 1.439980377e-04
1.439980377e-04 1.439980377e-04 1.250786593e-01 1.439980377e-04 1.439980377e-04 1.439980377e-04
6.683796837e-18 3.628523176e-04 2.794866267e-02 1.439980377e-04 3.628523176e-04 6.230433239e-04

7.009117123e-18 7.009117123e-18 3.694198526e-03 7.009117123e-18 7.009117123e-18 7.009117123e-18
7.009117123e-18 7.009117123e-18 5.032565709e-02 1.510068508e-04 7.009117123e-18 1.510068508e-04
2.826962167e-03 5.770033609e-01 7.009117123e-18 1.108210177e-01 7.009117123e-18 1.510068508e-04
7.009117123e-18 1.510068508e-04 0.000000000e+00 0.000000000e+00 1.510068508e-04 1.510068508e-04
7.009117123e-18 7.009117123e-18 2.531619151e-01 9.588337351e-04 7.009117123e-18 7.009117123e-18
7.009117123e-18 7.009117123e-18 1.510068508e-04 1.510068508e-04 7.009117123e-18 7.009117123e-18

7.274340583e-18 7.274340583e-18 7.274340583e-18 7.274340583e-18 7.274340583e-18 7.274340583e-18
7.274340583e-18 7.274340583e-18 7.274340583e-18 7.274340583e-18 7.274340583e-18 4.790543270e-03
7.274340583e-18 7.274340583e-18 0.000000000e+00 1.441281877e-01 7.274340583e-18 7.274340583e-18
7.274340583e-18 2.547496433e-01 0.000000000e+00 0.000000000e+00 0.000000000e+00 7.274340583e-18
1.339944992e-03 1.567209170e-04 7.274340583e-18 1.032091260e-01 3.376449802e-03 7.274340583e-18
7.274340583e-18 7.274340583e-18 4.882493840e-01 7.274340583e-18 7.274340583e-18 7.274340583e-18

7.785641839e-18 7.785641839e-18 7.785641839e-18 7.785641839e-18 7.785641839e-18 7.785641839e-18
7.785641839e-18 7.785641839e-18 7.785641839e-18 7.785641839e-18 7.785641839e-18 1.920371035e-02
7.785641839e-18 7.373200861e-02 0.000000000e+00 1.161643266e-01 0.000000000e+00 7.785641839e-18
3.508418080e-02 7.785641839e-18 0.000000000e+00 0.000000000e+00 0.000000000e+00 7.785641839e-18
4.103470680e-03 1.530283416e-01 0.000000000e+00 1.847564648e-02 1.034009817e-02 7.785641839e-18
7.785641839e-18 7.785641839e-18 5.698682167e-01 7.785641839e-18 7.785641839e-18 7.785641839e-18

