8.201760919e-18 8.201760919e-18 8.201760919e-18 8.201760919e-18 8.201760919e-18 8.201760919e-18
8.201760919e-18 8.201760919e-18 2.290052508e-01 3.307986928e-03 8.201760919e-18 8.201760919e-18
8.201760919e-18 1.767015824e-04 2.417243646e-02 3.532932635e-01 9.539621324e-02 8.201760919e-18
8.201760919e-18 8.201760919e-18 1.370871934e-01 7.723941941e-03 1.496603105e-01 8.201760919e-18
8.201760919e-18 1.767015824e-04 8.201760919e-18 8.201760919e-18 8.201760919e-18 8.201760919e-18
8.201760919e-18 8.201760919e-18 8.201760919e-18 8.201760919e-18 8.201760919e-18 8.201760919e-18

5.506738211e-18 5.506738211e-18 5.506738211e-18 5.506738211e-18 2.989517442e-04 5.506738211e-18
5.506738211e-18 5.506738211e-18 8.387520632e-01 5.506738211e-18 0.000000000e+00 5.506738211e-18
5.506738211e-18 5.506738211e-18 5.506738211e-18 5.506738211e-18 1.604356635e-01 5.506738211e-18
5.506738211e-18 5.506738211e-18 0.000000000e+00 5.506738211e-18 5.506738211e-18 5.506738211e-18
5.506738211e-18 5.506738211e-18 5.506738211e-18 5.506738211e-18 5.133214792e-04 5.506738211e-18
5.506738211e-18 5.506738211e-18 5.506738211e-18 5.506738211e-18 5.506738211e-18 5.506738211e-18

6.379074842e-18 6.379074842e-18 6.379074842e-18 6.379074842e-18 6.379074842e-18 6.379074842e-18
6.379074842e-18 1.448727382e-01 6.379074842e-18 2.175985479e-01 0.000000000e+00 6.379074842e-18
6.379074842e-18 6.379074842e-18 6.379074842e-18 6.373912809e-01 0.000000000e+00 6.379074842e-18
6.379074842e-18 6.379074842e-18 0.000000000e+00 6.379074842e-18 0.000000000e+00 6.379074842e-18
6.379074842e-18 6.379074842e-18 6.379074842e-18 6.379074842e-18 6.379074842e-18 1.374330013e-04
6.379074842e-18 6.379074842e-18 6.379074842e-18 6.379074842e-18 6.379074842e-18 6.379074842e-18

5.997267204e-18 5.997267204e-18 5.997267204e-18 5.997267204e-18 5.997267204e-18 5.997267204e-18
8.451306395e-03 1.112968565e-01 0.000000000e+00 5.997267204e-18 0.000000000e+00 2.834348227e-02
5.997267204e-18 1.292072051e-04 8.399849158e-01 0.000000000e+00 0.000000000e+00 5.997267204e-18
5.997267204e-18 5.997267204e-18 0.000000000e+00 5.997267204e-18 0.000000000e+00 5.997267204e-18
5.997267204e-18 5.997267204e-18 5.997267204e-18 5.997267204e-18 5.997267204e-18 7.014446274e-03
5.997267204e-18 5.997267204e-18 4.779785540e-03 5.997267204e-18 5.997267204e-18 5.997267204e-18

3.107637549e-04 1.233266779e-04 5.724317307e-18 5.724317307e-18 9.052209901e-01 3.107637549e-04
7.830755925e-04 3.625780406e-02 0.000000000e+00 0.000000000e+00 0.000000000e+00 1.233266779e-04
7.830755925e-04 5.047917197e-02 0.000000000e+00 0.000000000e+00 0.000000000e+00 5.336035444e-04
1.233266779e-04 5.724317307e-18 0.000000000e+00 5.724317307e-18 0.000000000e+00 3.107637549e-04
5.724317307e-18 1.233266779e-04 1.233266779e-04 3.107637549e-04 1.233266779e-04 3.107637549e-04
1.233266779e-04 1.233266779e-04 2.656992729e-03 3.107637549e-04 1.233266779e-04 3.107637549e-04

