4.797614235e-04 1.318551270e-01 1.208923033e-03 7.004186663e-02 1.854104702e-02 8.837280979e-18
8.837280979e-18 0.000000000e+00 8.837280979e-18 2.316371915e-01 8.837280979e-18 4.797614235e-04
1.618810597e-02 2.347402858e-02 3.587622241e-01 1.228189244e-01 8.837280979e-18 4.797614235e-04
4.797614235e-04 8.837280979e-18 4.101902471e-03 4.797614235e-04 8.837280979e-18 1.033614654e-02
7.676182775e-03 8.837280979e-18 8.837280979e-18 8.837280979e-18 8.837280979e-18 4.797614235e-04
8.837280979e-18 8.837280979e-18 8.837280979e-18 4.797614235e-04 8.837280979e-18 8.837280979e-18

8.745229604e-04 1.322046278e-02 9.534682081e-03 1.097276818e-02 3.139639459e-02 5.093107828e-04
6.076370613e-01 0.000000000e+00 0.000000000e+00 2.314019081e-02 1.728102701e-03 2.203659773e-03
2.021201181e-04 0.000000000e+00 7.791753656e-02 2.582186892e-02 6.392801621e-02 2.314019081e-02
1.637172956e-02 1.399236737e-02 1.477507026e-02 3.783841091e-03 3.783841091e-03 2.706493136e-03
3.783841091e-03 2.021201181e-04 5.093107828e-04 5.093107828e-04 1.728102701e-03 1.968302308e-02
5.093107828e-04 5.093107828e-04 2.021201181e-04 8.745229604e-04 1.637172956e-02 7.477066135e-03

3.931116870e-04 3.931116870e-04 3.557633569e-01 3.931116870e-04 3.931116870e-04 3.931116870e-04
3.931116870e-04 0.000000000e+00 0.000000000e+00 1.849032113e-01 1.560064764e-04 1.560064764e-04
0.000000000e+00 0.000000000e+00 7.241179187e-18 2.497042761e-02 3.931116870e-04 3.931116870e-04
3.931116870e-04 0.000000000e+00 4.248781800e-01 2.496103622e-03 7.241179187e-18 3.931116870e-04
1.560064764e-04 1.560064764e-04 1.560064764e-04 7.241179187e-18 3.931116870e-04 3.931116870e-04
7.241179187e-18 1.560064764e-04 1.560064764e-04 3.931116870e-04 3.931116870e-04 3.931116870e-04

1.500213383e-04 3.670089165e-03 7.077008364e-03 1.282664400e-03 7.077008364e-03 3.780300842e-04
6.491046322e-04 0.000000000e+00 0.000000000e+00 7.149679891e-02 1.500213383e-04 3.780300842e-04
0.000000000e+00 0.000000000e+00 0.000000000e+00 1.303105804e-01 1.500213383e-04 1.500213383e-04
7.507735947e-01 0.000000000e+00 0.000000000e+00 9.248045189e-03 1.500213383e-04 1.500213383e-04
9.525761211e-04 1.500213383e-04 1.282664400e-03 1.500213383e-04 1.500213383e-04 3.780300842e-04
1.500213383e-04 6.491046322e-04 6.048481347e-03 6.491046322e-04 5.549766540e-03 6.491046322e-04

1.415591843e-04 1.415591843e-04 1.210314001e-03 3.567067923e-04 6.124910183e-04 3.567067923e-04
1.203599762e-02 0.000000000e+00 0.000000000e+00 6.124910183e-04 1.415591843e-04 1.415591843e-04
0.000000000e+00 0.000000000e+00 0.000000000e+00 1.261252525e-02 1.415591843e-04 1.415591843e-04
8.348814348e-01 0.000000000e+00 0.000000000e+00 0.000000000e+00 1.415591843e-04 1.415591843e-04
1.203599762e-02 0.000000000e+00 3.567067923e-04 4.879680278e-02 1.415591843e-04 1.415591843e-04
1.415591843e-04 5.879248558e-02 1.203599762e-02 3.463072883e-03 1.415591843e-04 1.415591843e-04

