1.165164994e-17 2.510271883e-04 1.165164994e-17 4.137435190e-02 4.016435013e-03 4.872201261e-02
1.165164994e-17 1.165164994e-17 2.510271883e-04 1.165164994e-17 1.165164994e-17 9.088486187e-02
2.033320225e-02 8.223216577e-02 7.241882627e-02 8.365917264e-02 1.165164994e-17 6.695443389e-02
1.165164994e-17 0.000000000e+00 1.165164994e-17 1.012458990e-01 1.165164994e-17 9.286294241e-03
1.012078204e-02 1.057705330e-01 9.529103191e-02 5.250544549e-02 1.165164994e-17 1.165164994e-17
1.165164994e-17 2.033320225e-02 2.657088470e-02 5.765762871e-02 1.012078204e-02 1.165164994e-17

1.650576664e-04 1.650576664e-04 1.650576664e-04 1.411223197e-03 1.650576664e-04 6.106008148e-03
1.650576664e-04 1.650576664e-04 1.650576664e-04 1.650576664e-04 1.650576664e-04 1.650576664e-04
1.650576664e-04 4.491610665e-02 2.245431057e-01 2.333534233e-02 1.650576664e-04 1.650576664e-04
1.048050853e-03 0.000000000e+00 0.000000000e+00 6.117310342e-01 1.650576664e-04 1.650576664e-04
6.654708107e-03 0.000000000e+00 1.650576664e-04 3.121734295e-02 1.650576664e-04 1.650576664e-04
1.650576664e-04 1.336967098e-02 3.203613823e-02 1.650576664e-04 1.650576664e-04 1.650576664e-04

3.151704321e-04 1.250754689e-04 1.250754689e-04 1.250754689e-04 1.250754689e-04 1.250754689e-04
1.250754689e-04 1.250754689e-04 1.250754689e-04 1.250754689e-04 1.250754689e-04 1.250754689e-04
7.941797233e-04 0.000000000e+00 6.195711758e-02 1.069380216e-03 1.250754689e-04 1.250754689e-04
9.057291567e-01 0.000000000e+00 0.000000000e+00 1.711008346e-02 1.250754689e-04 1.250754689e-04
3.151704321e-04 0.000000000e+00 0.000000000e+00 2.341507135e-03 1.250754689e-04 1.250754689e-04
5.411701236e-04 7.941797233e-04 6.341280158e-03 3.151704321e-04 1.250754689e-04 1.250754689e-04

1.089367003e-03 4.323155816e-04 1.715645523e-04 1.466856288e-03 2.297338273e-03 2.745032836e-03
5.717686835e-02 1.808519514e-01 1.815987331e-02 4.323155816e-04 1.715645523e-04 2.297338273e-03
1.715645523e-04 0.000000000e+00 0.000000000e+00 4.197117633e-03 1.715645523e-04 1.715645523e-04
6.251602433e-01 0.000000000e+00 0.000000000e+00 5.244273878e-03 1.715645523e-04 7.423167054e-04
0.000000000e+00 0.000000000e+00 0.000000000e+00 9.940005412e-03 1.715645523e-04 1.715645523e-04
2.115257255e-02 9.940005412e-03 5.138908557e-02 1.870520886e-03 1.870520886e-03 1.715645523e-04

4.715268429e-18 4.715268429e-18 4.715268429e-18 4.715268429e-18 4.715268429e-18 1.015873788e-04
6.450396477e-04 6.450396477e-04 4.715268429e-18 4.715268429e-18 4.715268429e-18 4.715268429e-18
0.000000000e+00 0.000000000e+00 0.000000000e+00 0.000000000e+00 4.715268429e-18 4.715268429e-18
9.983035712e-01 0.000000000e+00 0.000000000e+00 1.015873788e-04 4.715268429e-18 4.715268429e-18
0.000000000e+00 0.000000000e+00 0.000000000e+00 4.715268429e-18 4.715268429e-18 4.715268429e-18
1.015873788e-04 4.715268429e-18 1.015873788e-04 4.715268429e-18 4.715268429e-18 4.715268429e-18

4.751570306e-18 4.751570306e-18 4.751570306e-18 4.429270113e-04 4.751570306e-18 4.751570306e-18
1.023694790e-04 2.504344515e-03 0.000000000e+00 4.751570306e-18 1.023694790e-04 4.751570306e-18
0.000000000e+00 0.000000000e+00 0.000000000e+00 0.000000000e+00 0.000000000e+00 4.751570306e-18
9.964876651e-01 0.000000000e+00 0.000000000e+00 2.579549229e-04 4.751570306e-18 4.751570306e-18
0.000000000e+00 0.000000000e+00 0.000000000e+00 4.751570306e-18 4.751570306e-18 4.751570306e-18
4.751570306e-18 4.751570306e-18 1.023694790e-04 4.751570306e-18 4.751570306e-18 4.751570306e-18

