5.639409848e-18 5.639409848e-18 5.639409848e-18 5.639409848e-18 5.639409848e-18 5.639409848e-18
5.639409848e-18 0.000000000e+00 5.639409848e-18 3.061542688e-04 5.639409848e-18 5.639409848e-18
5.639409848e-18 1.033025479e-02 8.932938175e-01 8.001255304e-02 5.639409848e-18 5.639409848e-18
5.639409848e-18 5.639409848e-18 3.713853727e-03 1.234336665e-02 5.639409848e-18 5.639409848e-18
5.639409848e-18 5.639409848e-18 5.639409848e-18 5.639409848e-18 5.639409848e-18 5.639409848e-18
5.639409848e-18 5.639409848e-18 5.639409848e-18 5.639409848e-18 5.639409848e-18 5.639409848e-18

6.432334272e-18 2.985625093e-03 6.432334272e-18 1.385804409e-04 6.432334272e-18 6.432334272e-18
3.492008293e-04 0.000000000e+00 0.000000000e+00 5.996027442e-04 3.492008293e-04 6.432334272e-18
6.432334272e-18 0.000000000e+00 7.706959829e-01 2.023179082e-02 1.385804409e-04 6.432334272e-18
6.432334272e-18 1.305070082e-01 7.039583679e-02 2.217287055e-03 3.492008293e-04 6.432334272e-18
6.432334272e-18 1.385804409e-04 1.385804409e-04 3.492008293e-04 6.432334272e-18 1.385804409e-04
6.432334272e-18 1.385804409e-04 6.432334272e-18 6.432334272e-18 1.385804409e-04 6.432334272e-18

6.657477965e-18 6.657477965e-18 6.657477965e-18 6.657477965e-18 6.657477965e-18 6.657477965e-18
6.657477965e-18 0.000000000e+00 0.000000000e+00 1.204506650e-01 6.657477965e-18 6.657477965e-18
0.000000000e+00 0.000000000e+00 6.657477965e-18 6.657477965e-18 0.000000000e+00 6.657477965e-18
6.657477965e-18 1.062578107e-01 6.778644816e-01 6.657477965e-18 6.657477965e-18 6.657477965e-18
6.657477965e-18 6.657477965e-18 9.542704271e-02 6.657477965e-18 6.657477965e-18 6.657477965e-18
6.657477965e-18 6.657477965e-18 6.657477965e-18 6.657477965e-18 6.657477965e-18 6.657477965e-18

5.192338267e-18 5.192338267e-18 5.192338267e-18 5.192338267e-18 5.192338267e-18 5.192338267e-18
5.192338267e-18 0.000000000e+00 0.000000000e+00 5.192338267e-18 5.192338267e-18 5.192338267e-18
0.000000000e+00 0.000000000e+00 0.000000000e+00 0.000000000e+00 0.000000000e+00 5.192338267e-18
5.192338267e-18 7.518448330e-02 9.248155167e-01 5.192338267e-18 5.192338267e-18 5.192338267e-18
5.192338267e-18 5.192338267e-18 5.192338267e-18 5.192338267e-18 5.192338267e-18 5.192338267e-18
5.192338267e-18 5.192338267e-18 5.192338267e-18 5.192338267e-18 5.192338267e-18 5.192338267e-18

5.350202178e-18 5.350202178e-18 0.000000000e+00 5.350202178e-18 5.350202178e-18 5.350202178e-18
5.350202178e-18 0.000000000e+00 0.000000000e+00 0.000000000e+00 5.350202178e-18 1.421147512e-02
0.000000000e+00 0.000000000e+00 0.000000000e+00 0.000000000e+00 0.000000000e+00 5.350202178e-18
5.350202178e-18 9.281014006e-01 5.637431955e-02 5.350202178e-18 5.350202178e-18 5.350202178e-18
5.350202178e-18 5.350202178e-18 7.318973627e-04 5.350202178e-18 5.350202178e-18 5.350202178e-18
5.350202178e-18 5.350202178e-18 2.904536609e-04 5.350202178e-18 5.350202178e-18 2.904536609e-04

5.739532172e-18 5.739532172e-18 0.000000000e+00 0.000000000e+00 5.739532172e-18 5.739532172e-18
5.739532172e-18 0.000000000e+00 0.000000000e+00 0.000000000e+00 0.000000000e+00 6.269236151e-03
0.000000000e+00 0.000000000e+00 0.000000000e+00 0.000000000e+00 0.000000000e+00 5.739532172e-18
5.739532172e-18 7.802866409e-01 2.125975114e-01 5.739532172e-18 5.739532172e-18 5.739532172e-18
5.739532172e-18 5.739532172e-18 5.739532172e-18 5.739532172e-18 5.350218281e-04 5.739532172e-18
5.739532172e-18 5.739532172e-18 5.739532172e-18 5.739532172e-18 5.739532172e-18 3.115897448e-04

5.079144262e-18 5.079144262e-18 0.000000000e+00 0.000000000e+00 5.079144262e-18 5.079144262e-18
5.079144262e-18 0.000000000e+00 0.000000000e+00 0.000000000e+00 0.000000000e+00 4.783242987e-03
0.000000000e+00 0.000000000e+00 0.000000000e+00 0.000000000e+00 0.000000000e+00 5.079144262e-18
5.079144262e-18 3.096867820e-02 9.635532617e-01 0.000000000e+00 0.000000000e+00 5.079144262e-18
5.079144262e-18 5.079144262e-18 5.079144262e-18 5.079144262e-18 5.079144262e-18 5.079144262e-18
5.079144262e-18 5.079144262e-18 6.948171615e-04 5.079144262e-18 5.079144262e-18 5.079144262e-18

