1.439980377e-04 3.628523176e-04 1.439980377e-04 6.230433239e-04 3.628523176e-04 1.439980377e-04
1.439980377e-04 6.683796837e-18 6.230433239e-04 1.439980377e-04 6.683796837e-18 3.628523176e-04
1.439980377e-04 1.231165904e-03 1.166384105e-02 5.805637082e-03 1.439980377e-04 3.628523176e-04
2.303968603e-03 3.382399548e-02 6.683796837e-18 7.859378555e-01 1.439980377e-04 1.439980377e-04
1.439980377e-04 1.439980377e-04 1.250786593e-01 1.439980377e-04 1.439980377e-04 1.439980377e-04
6.683796837e-18 3.628523176e-04 2.794866267e-02 1.439980377e-04 3.628523176e-04 6.230433239e-04

6.827727468e-18 6.827727468e-18 6.827727468e-18 6.827727468e-18 6.827727468e-18 6.827727468e-18
6.827727468e-18 6.827727468e-18 3.706660744e-04 6.827727468e-18 6.827727468e-18 6.827727468e-18
6.827727468e-18 6.827727468e-18 3.099488503e-01 0.000000000e+00 6.827727468e-18 6.827727468e-18
3.706660744e-04 9.886473789e-02 0.000000000e+00 6.827727468e-18 4.243656579e-02 6.827727468e-18
6.827727468e-18 6.827727468e-18 5.467038278e-01 9.340199793e-04 6.827727468e-18 6.827727468e-18
6.827727468e-18 6.827727468e-18 3.706660744e-04 6.827727468e-18 6.827727468e-18 6.827727468e-18

5.616620957e-18 5.616620957e-18 5.616620957e-18 5.616620957e-18 5.616620957e-18 5.616620957e-18
5.616620957e-18 5.616620957e-18 5.616620957e-18 5.616620957e-18 5.616620957e-18 5.616620957e-18
5.616620957e-18 5.616620957e-18 1.078133266e-02 0.000000000e+00 8.629399290e-02 5.616620957e-18
5.616620957e-18 5.616620957e-18 0.000000000e+00 0.000000000e+00 5.616620957e-18 1.936102885e-03
5.616620957e-18 5.616620957e-18 2.607004512e-03 8.926732889e-01 5.708278096e-03 5.616620957e-18
5.616620957e-18 5.616620957e-18 5.616620957e-18 0.000000000e+00 5.616620957e-18 5.616620957e-18

7.662549434e-18 7.662549434e-18 7.662549434e-18 7.662549434e-18 7.662549434e-18 6.107005363e-03
7.662549434e-18 7.662549434e-18 7.662549434e-18 1.142847489e-02 7.662549434e-18 7.662549434e-18
7.662549434e-18 7.662549434e-18 1.362702075e-01 0.000000000e+00 0.000000000e+00 7.662549434e-18
7.662549434e-18 7.787593898e-03 0.000000000e+00 0.000000000e+00 0.000000000e+00 1.607640288e-02
7.662549434e-18 7.662549434e-18 5.845076551e-01 1.304032195e-01 8.177596695e-02 7.662549434e-18
7.662549434e-18 7.662549434e-18 7.662549434e-18 0.000000000e+00 2.564347388e-02 7.662549434e-18

