8.228047915e-18 8.228047915e-18 8.228047915e-18 8.228047915e-18 8.228047915e-18 8.228047915e-18
8.228047915e-18 8.228047915e-18 9.684296332e-02 2.373709304e-03 4.466871642e-04 8.228047915e-18
8.228047915e-18 6.938629661e-02 2.325798772e-01 3.797934887e-02 8.228047915e-18 8.228047915e-18
8.228047915e-18 4.466871642e-04 8.228047915e-18 4.405755209e-01 5.907761428e-02 8.228047915e-18
8.228047915e-18 4.466871642e-04 7.669937383e-04 5.907761428e-02 8.228047915e-18 8.228047915e-18
8.228047915e-18 8.228047915e-18 8.228047915e-18 8.228047915e-18 8.228047915e-18 8.228047915e-18

5.245580212e-18 5.245580212e-18 5.245580212e-18 5.245580212e-18 5.245580212e-18 5.245580212e-18
5.245580212e-18 5.245580212e-18 5.245580212e-18 5.245580212e-18 5.245580212e-18 5.245580212e-18
5.245580212e-18 7.903972311e-02 0.000000000e+00 2.847739067e-04 5.245580212e-18 5.245580212e-18
7.175852791e-04 5.245580212e-18 0.000000000e+00 9.199579177e-01 5.245580212e-18 5.245580212e-18
5.245580212e-18 5.245580212e-18 5.245580212e-18 5.245580212e-18 5.245580212e-18 5.245580212e-18
5.245580212e-18 5.245580212e-18 5.245580212e-18 5.245580212e-18 5.245580212e-18 5.245580212e-18

1.282497544e-04 5.952826279e-18 5.952826279e-18 5.952826279e-18 5.952826279e-18 5.952826279e-18
5.952826279e-18 5.952826279e-18 5.952826279e-18 1.282497544e-04 5.952826279e-18 5.952826279e-18
3.231691304e-04 0.000000000e+00 0.000000000e+00 8.359420191e-02 3.231691304e-04 3.231691304e-04
7.590986228e-02 0.000000000e+00 0.000000000e+00 8.352962869e-01 3.137473904e-03 3.231691304e-04
5.952826279e-18 1.282497544e-04 1.282497544e-04 1.282497544e-04 1.282497544e-04 5.952826279e-18
5.952826279e-18 5.952826279e-18 5.952826279e-18 5.952826279e-18 5.952826279e-18 5.952826279e-18

1.499525594e-04 6.960181254e-18 6.960181254e-18 6.960181254e-18 6.960181254e-18 6.960181254e-18
6.960181254e-18 6.960181254e-18 6.960181254e-18 6.960181254e-18 6.960181254e-18 6.960181254e-18
9.521394023e-04 0.000000000e+00 0.000000000e+00 0.000000000e+00 1.569318087e-01 6.960181254e-18
1.824358467e-01 0.000000000e+00 0.000000000e+00 6.960181254e-18 5.745473568e-01 1.499525594e-04
6.960181254e-18 6.960181254e-18 8.483294327e-02 6.960181254e-18 6.960181254e-18 6.960181254e-18
6.960181254e-18 6.960181254e-18 0.000000000e+00 6.960181254e-18 6.960181254e-18 6.960181254e-18

