1.439980377e-04 3.628523176e-04 1.439980377e-04 6.230433239e-04 3.628523176e-04 1.439980377e-04
1.439980377e-04 6.683796837e-18 6.230433239e-04 1.439980377e-04 6.683796837e-18 3.628523176e-04
1.439980377e-04 1.231165904e-03 1.166384105e-02 5.805637082e-03 1.439980377e-04 3.628523176e-04
2.303968603e-03 3.382399548e-02 6.683796837e-18 7.859378555e-01 1.439980377e-04 1.439980377e-04
1.439980377e-04 1.439980377e-04 1.250786593e-01 1.439980377e-04 1.439980377e-04 1.439980377e-04
6.683796837e-18 3.628523176e-04 2.794866267e-02 1.439980377e-04 3.628523176e-04 6.230433239e-04

6.432952058e-18 6.432952058e-18 6.432952058e-18 1.385937507e-04 6.432952058e-18 6.432952058e-18
6.432952058e-18 6.432952058e-18 6.432952058e-18 6.432952058e-18 6.432952058e-18 6.432952058e-18
6.432952058e-18 1.511049351e-03 4.964227044e-01 0.000000000e+00 6.432952058e-18 6.432952058e-18
4.540052169e-01 6.432952058e-18 0.000000000e+00 3.998290713e-02 6.432952058e-18 6.432952058e-18
6.432952058e-18 4.676429187e-03 2.985911844e-03 6.432952058e-18 6.432952058e-18 6.432952058e-18
6.432952058e-18 1.385937507e-04 1.385937507e-04 6.432952058e-18 6.432952058e-18 6.432952058e-18

6.143983322e-18 6.143983322e-18 6.143983322e-18 6.143983322e-18 6.143983322e-18 6.143983322e-18
6.143983322e-18 6.143983322e-18 6.143983322e-18 0.000000000e+00 6.143983322e-18 6.143983322e-18
2.851784438e-03 6.008280548e-01 9.676167398e-03 0.000000000e+00 6.143983322e-18 6.143983322e-18
6.143983322e-18 0.000000000e+00 0.000000000e+00 1.323681081e-04 6.143983322e-18 6.143983322e-18
5.336747701e-03 3.810425094e-01 6.143983322e-18 6.143983322e-18 6.143983322e-18 6.143983322e-18
1.323681081e-04 6.143983322e-18 6.143983322e-18 6.143983322e-18 6.143983322e-18 6.143983322e-18

4.724633349e-18 4.724633349e-18 4.724633349e-18 4.724633349e-18 4.724633349e-18 4.724633349e-18
4.724633349e-18 4.724633349e-18 4.724633349e-18 0.000000000e+00 4.724633349e-18 4.724633349e-18
0.000000000e+00 9.962344959e-01 3.765504086e-03 0.000000000e+00 4.724633349e-18 4.724633349e-18
0.000000000e+00 0.000000000e+00 0.000000000e+00 4.724633349e-18 4.724633349e-18 4.724633349e-18
4.724633349e-18 4.724633349e-18 4.724633349e-18 4.724633349e-18 4.724633349e-18 4.724633349e-18
4.724633349e-18 4.724633349e-18 4.724633349e-18 4.724633349e-18 4.724633349e-18 4.724633349e-18

