6.396070445e-18 6.396070445e-18 6.396070445e-18 6.396070445e-18 1.377991605e-04 6.396070445e-18
6.396070445e-18 1.377991605e-04 4.935765974e-01 4.212155298e-03 6.396070445e-18 6.396070445e-18
6.396070445e-18 1.377991605e-04 1.178166249e-03 1.178166249e-03 2.403817845e-02 6.396070445e-18
6.396070445e-18 1.377991605e-04 0.000000000e+00 2.204786568e-03 4.723717574e-01 6.396070445e-18
1.377991605e-04 6.396070445e-18 1.377991605e-04 1.377991605e-04 1.377991605e-04 6.396070445e-18
6.396070445e-18 1.377991605e-04 6.396070445e-18 6.396070445e-18 6.396070445e-18 6.396070445e-18

6.544919083e-18 6.544919083e-18 6.544919083e-18 6.544919083e-18 6.544919083e-18 6.544919083e-18
6.100975597e-04 6.100975597e-04 6.544919083e-18 4.891276284e-01 0.000000000e+00 6.100975597e-04
6.544919083e-18 1.410060072e-04 0.000000000e+00 1.205584403e-03 4.336816206e-01 6.544919083e-18
6.544919083e-18 6.544919083e-18 0.000000000e+00 1.410060072e-04 7.073680424e-02 6.544919083e-18
6.544919083e-18 6.544919083e-18 1.410060072e-04 6.544919083e-18 6.544919083e-18 6.544919083e-18
6.544919083e-18 3.553128732e-04 2.639738830e-03 6.544919083e-18 6.544919083e-18 6.544919083e-18

4.242942850e-04 1.683812986e-04 4.242942850e-04 1.069154602e-03 1.037984247e-02 2.254712857e-03
7.285435667e-04 1.782293026e-02 0.000000000e+00 0.000000000e+00 0.000000000e+00 4.242942850e-04
4.242942850e-04 3.839833923e-01 0.000000000e+00 4.504892595e-01 7.360247466e-03 1.683812986e-04
1.683812986e-04 1.683812986e-04 0.000000000e+00 4.625963296e-03 9.198812765e-02 4.242942850e-04
1.683812986e-04 5.681520379e-03 9.755575946e-03 4.242942850e-04 2.254712857e-03 4.242942850e-04
1.683812986e-04 3.152224938e-03 3.152224938e-03 7.285435667e-04 1.683812986e-04 4.242942850e-04

1.326355682e-03 5.263646014e-04 2.088879305e-04 1.326355682e-03 5.738807739e-03 7.048294816e-03
9.130864733e-03 1.861132720e-02 0.000000000e+00 0.000000000e+00 0.000000000e+00 7.727429045e-03
9.038055840e-04 2.362070355e-01 0.000000000e+00 2.994938499e-01 3.543048993e-02 2.088879305e-04
2.088879305e-04 0.000000000e+00 0.000000000e+00 5.110188584e-03 9.695718856e-02 5.263646014e-04
5.263646014e-04 1.277772379e-01 0.000000000e+00 2.088879305e-04 1.691992237e-02 1.785966683e-03
9.038055840e-04 8.300419132e-02 4.054317961e-02 9.038055840e-04 2.088879305e-04 5.263646014e-04

1.380325324e-03 1.614438293e-04 1.614438293e-04 1.614438293e-04 3.478201864e-03 1.760177441e-03
1.025104418e-03 1.129119726e-01 0.000000000e+00 0.000000000e+00 0.000000000e+00 1.025104418e-03
1.614438293e-04 2.421275310e-01 0.000000000e+00 5.732779340e-01 3.133472650e-02 1.614438293e-04
1.614438293e-04 0.000000000e+00 0.000000000e+00 1.614438293e-04 0.000000000e+00 1.614438293e-04
1.614438293e-04 8.185142627e-03 0.000000000e+00 6.985268805e-04 1.572185218e-02 1.614438293e-04
1.614438293e-04 3.949526484e-03 0.000000000e+00 1.025104418e-03 1.614438293e-04 1.614438293e-04

1.650616067e-03 1.930572264e-04 1.930572264e-04 1.930572264e-04 1.930572264e-04 2.104849570e-03
1.225836977e-03 1.190098671e-02 0.000000000e+00 0.000000000e+00 0.000000000e+00 1.650616067e-03
1.930572264e-04 2.943557322e-01 0.000000000e+00 2.348780087e-01 1.552346472e-01 6.514135330e-03
1.930572264e-04 0.000000000e+00 0.000000000e+00 0.000000000e+00 0.000000000e+00 4.864737268e-04
4.864737268e-04 1.168151498e-01 0.000000000e+00 0.000000000e+00 1.284441877e-01 2.585136319e-03
8.353101055e-04 9.787930203e-03 0.000000000e+00 2.553321714e-02 1.930572264e-04 4.159291857e-03

4.417400516e-02 4.417400516e-02 4.417400516e-02 4.417400516e-02 4.417400516e-02 4.417400516e-02
4.417400516e-02 4.417400516e-02 0.000000000e+00 0.000000000e+00 0.000000000e+00 4.417400516e-02
4.417400516e-02 4.417400516e-02 0.000000000e+00 4.284049527e-02 4.284049527e-02 4.284049527e-02
4.284049527e-02 0.000000000e+00 0.000000000e+00 0.000000000e+00 0.000000000e+00 4.284049527e-02
4.284049527e-02 0.000000000e+00 0.000000000e+00 0.000000000e+00 4.284049527e-02 4.284049527e-02
4.284049527e-02 4.284049527e-02 0.000000000e+00 4.284049527e-02 0.000000000e+00 4.284049527e-02

