5.639409848e-18 5.639409848e-18 5.639409848e-18 5.639409848e-18 5.639409848e-18 5.639409848e-18
5.639409848e-18 0.000000000e+00 5.639409848e-18 3.061542688e-04 5.639409848e-18 5.639409848e-18
5.639409848e-18 1.033025479e-02 8.932938175e-01 8.001255304e-02 5.639409848e-18 5.639409848e-18
5.639409848e-18 5.639409848e-18 3.713853727e-03 1.234336665e-02 5.639409848e-18 5.639409848e-18
5.639409848e-18 5.639409848e-18 5.639409848e-18 5.639409848e-18 5.639409848e-18 5.639409848e-18
5.639409848e-18 5.639409848e-18 5.639409848e-18 5.639409848e-18 5.639409848e-18 5.639409848e-18

6.150184193e-18 6.150184193e-18 6.150184193e-18 8.666795931e-03 6.150184193e-18 6.150184193e-18
6.150184193e-18 0.000000000e+00 0.000000000e+00 2.120027228e-03 6.150184193e-18 6.150184193e-18
6.150184193e-18 6.150184193e-18 0.000000000e+00 6.541969511e-01 6.150184193e-18 6.150184193e-18
5.342133862e-03 3.338833664e-04 2.120027228e-03 3.268226762e-01 1.325017018e-04 6.150184193e-18
6.150184193e-18 6.150184193e-18 6.150184193e-18 1.325017018e-04 6.150184193e-18 6.150184193e-18
6.150184193e-18 1.325017018e-04 6.150184193e-18 6.150184193e-18 6.150184193e-18 6.150184193e-18

5.492624444e-18 9.114741773e-03 5.492624444e-18 1.584567067e-03 5.492624444e-18 5.492624444e-18
5.492624444e-18 0.000000000e+00 0.000000000e+00 2.981855311e-04 2.981855311e-04 5.492624444e-18
5.492624444e-18 0.000000000e+00 0.000000000e+00 5.492624444e-18 0.000000000e+00 5.492624444e-18
5.120058365e-04 5.492624444e-18 5.120058365e-04 8.357454000e-02 9.038075829e-01 5.492624444e-18
5.492624444e-18 2.981855311e-04 5.492624444e-18 5.492624444e-18 5.492624444e-18 5.492624444e-18
5.492624444e-18 5.492624444e-18 5.492624444e-18 5.492624444e-18 5.492624444e-18 5.492624444e-18

5.414691023e-18 5.047411187e-04 5.414691023e-18 5.414691023e-18 5.414691023e-18 2.939546540e-04
5.047411187e-04 0.000000000e+00 0.000000000e+00 0.000000000e+00 5.414691023e-18 5.414691023e-18
5.414691023e-18 0.000000000e+00 0.000000000e+00 0.000000000e+00 0.000000000e+00 5.414691023e-18
2.939546540e-04 2.939546540e-04 5.414691023e-18 9.289887308e-01 5.559561968e-02 5.414691023e-18
5.414691023e-18 6.333061039e-03 5.414691023e-18 7.191242278e-03 5.414691023e-18 5.414691023e-18
5.414691023e-18 5.414691023e-18 5.414691023e-18 5.414691023e-18 5.414691023e-18 5.414691023e-18

7.747822394e-18 1.625530971e-02 7.747822394e-18 1.220205566e-02 7.747822394e-18 2.083556986e-01
3.596220591e-03 0.000000000e+00 0.000000000e+00 0.000000000e+00 7.747822394e-18 0.000000000e+00
7.747822394e-18 0.000000000e+00 0.000000000e+00 0.000000000e+00 0.000000000e+00 7.747822394e-18
1.819901951e-03 8.268601377e-02 0.000000000e+00 5.468068631e-02 1.838589939e-02 7.747822394e-18
7.747822394e-18 5.654014919e-01 7.747822394e-18 3.661672212e-02 7.747822394e-18 7.747822394e-18
7.747822394e-18 7.747822394e-18 7.747822394e-18 7.747822394e-18 7.747822394e-18 7.747822394e-18

5.258524577e-18 5.258524577e-18 5.258524577e-18 0.000000000e+00 5.258524577e-18 8.726264486e-03
5.258524577e-18 0.000000000e+00 0.000000000e+00 0.000000000e+00 0.000000000e+00 0.000000000e+00
5.258524577e-18 0.000000000e+00 0.000000000e+00 0.000000000e+00 0.000000000e+00 5.258524577e-18
5.258524577e-18 5.258524577e-18 0.000000000e+00 5.898830339e-02 5.258524577e-18 5.258524577e-18
5.258524577e-18 9.322854321e-01 5.258524577e-18 5.258524577e-18 5.258524577e-18 5.258524577e-18
5.258524577e-18 5.258524577e-18 5.258524577e-18 5.258524577e-18 5.258524577e-18 5.258524577e-18

4.417400516e-02 4.417400516e-02 4.417400516e-02 0.000000000e+00 0.000000000e+00 4.417400516e-02
4.417400516e-02 0.000000000e+00 0.000000000e+00 0.000000000e+00 0.000000000e+00 0.000000000e+00
4.417400516e-02 0.000000000e+00 0.000000000e+00 0.000000000e+00 0.000000000e+00 4.417400516e-02
4.417400516e-02 0.000000000e+00 0.000000000e+00 4.417400516e-02 4.417400516e-02 4.417400516e-02
4.284049527e-02 4.284049527e-02 4.284049527e-02 4.284049527e-02 4.284049527e-02 4.284049527e-02
4.284049527e-02 4.284049527e-02 4.284049527e-02 4.284049527e-02 4.284049527e-02 4.284049527e-02

