1.439980377e-04 3.628523176e-04 1.439980377e-04 6.230433239e-04 3.628523176e-04 1.439980377e-04
1.439980377e-04 6.683796837e-18 6.230433239e-04 1.439980377e-04 6.683796837e-18 3.628523176e-04
1.439980377e-04 1.231165904e-03 1.166384105e-02 5.805637082e-03 1.439980377e-04 3.628523176e-04
2.303968603e-03 3.382399548e-02 6.683796837e-18 7.859378555e-01 1.439980377e-04 1.439980377e-04
1.439980377e-04 1.439980377e-04 1.250786593e-01 1.439980377e-04 1.439980377e-04 1.439980377e-04
6.683796837e-18 3.628523176e-04 2.794866267e-02 1.439980377e-04 3.628523176e-04 6.230433239e-04

6.198876981e-18 6.198876981e-18 6.198876981e-18 6.198876981e-18 6.198876981e-18 6.198876981e-18
6.198876981e-18 6.198876981e-18 6.198876981e-18 6.198876981e-18 6.198876981e-18 6.198876981e-18
6.198876981e-18 2.136812097e-03 7.038875191e-02 6.198876981e-18 6.198876981e-18 6.198876981e-18
2.114517643e-01 6.198876981e-18 0.000000000e+00 0.000000000e+00 6.198876981e-18 6.198876981e-18
6.198876981e-18 7.151746773e-01 8.479944428e-04 6.198876981e-18 6.198876981e-18 6.198876981e-18
6.198876981e-18 6.198876981e-18 6.198876981e-18 6.198876981e-18 6.198876981e-18 6.198876981e-18

5.797987123e-18 5.797987123e-18 5.797987123e-18 5.797987123e-18 5.797987123e-18 5.797987123e-18
5.797987123e-18 5.797987123e-18 5.797987123e-18 5.797987123e-18 5.797987123e-18 5.797987123e-18
1.249138459e-04 2.654624082e-01 7.931534815e-04 5.797987123e-18 0.000000000e+00 5.797987123e-18
5.797987123e-18 0.000000000e+00 0.000000000e+00 0.000000000e+00 5.797987123e-18 5.797987123e-18
1.672661137e-03 7.308788650e-01 5.797987123e-18 5.797987123e-18 5.797987123e-18 5.797987123e-18
1.067998359e-03 5.797987123e-18 5.797987123e-18 5.797987123e-18 5.797987123e-18 5.797987123e-18

4.978433629e-18 4.978433629e-18 4.978433629e-18 4.978433629e-18 4.978433629e-18 4.978433629e-18
4.978433629e-18 4.978433629e-18 4.978433629e-18 4.978433629e-18 4.978433629e-18 4.978433629e-18
4.978433629e-18 9.666776966e-01 3.332230342e-02 0.000000000e+00 0.000000000e+00 4.978433629e-18
0.000000000e+00 0.000000000e+00 0.000000000e+00 0.000000000e+00 4.978433629e-18 4.978433629e-18
4.978433629e-18 4.978433629e-18 4.978433629e-18 4.978433629e-18 4.978433629e-18 4.978433629e-18
4.978433629e-18 4.978433629e-18 4.978433629e-18 4.978433629e-18 4.978433629e-18 4.978433629e-18

