1.439980377e-04 3.628523176e-04 1.439980377e-04 6.230433239e-04 3.628523176e-04 1.439980377e-04
1.439980377e-04 6.683796837e-18 6.230433239e-04 1.439980377e-04 6.683796837e-18 3.628523176e-04
1.439980377e-04 1.231165904e-03 1.166384105e-02 5.805637082e-03 1.439980377e-04 3.628523176e-04
2.303968603e-03 3.382399548e-02 6.683796837e-18 7.859378555e-01 1.439980377e-04 1.439980377e-04
1.439980377e-04 1.439980377e-04 1.250786593e-01 1.439980377e-04 1.439980377e-04 1.439980377e-04
6.683796837e-18 3.628523176e-04 2.794866267e-02 1.439980377e-04 3.628523176e-04 6.230433239e-04

7.009117123e-18 7.009117123e-18 3.694198526e-03 7.009117123e-18 7.009117123e-18 7.009117123e-18
7.009117123e-18 7.009117123e-18 5.032565709e-02 1.510068508e-04 7.009117123e-18 1.510068508e-04
2.826962167e-03 5.770033609e-01 7.009117123e-18 1.108210177e-01 7.009117123e-18 1.510068508e-04
7.009117123e-18 1.510068508e-04 0.000000000e+00 0.000000000e+00 1.510068508e-04 1.510068508e-04
7.009117123e-18 7.009117123e-18 2.531619151e-01 9.588337351e-04 7.009117123e-18 7.009117123e-18
7.009117123e-18 7.009117123e-18 1.510068508e-04 1.510068508e-04 7.009117123e-18 7.009117123e-18

5.854891508e-18 5.854891508e-18 5.854891508e-18 5.854891508e-18 5.854891508e-18 5.854891508e-18
5.854891508e-18 5.854891508e-18 5.180146061e-01 5.854891508e-18 5.854891508e-18 5.854891508e-18
5.854891508e-18 4.819853939e-01 0.000000000e+00 5.854891508e-18 5.854891508e-18 5.854891508e-18
5.854891508e-18 5.854891508e-18 0.000000000e+00 0.000000000e+00 5.854891508e-18 5.854891508e-18
5.854891508e-18 5.854891508e-18 5.854891508e-18 0.000000000e+00 5.854891508e-18 5.854891508e-18
5.854891508e-18 5.854891508e-18 5.854891508e-18 5.854891508e-18 5.854891508e-18 5.854891508e-18

5.345343818e-18 5.345343818e-18 5.345343818e-18 5.345343818e-18 5.345343818e-18 5.345343818e-18
5.345343818e-18 5.345343818e-18 6.740698876e-02 5.345343818e-18 5.345343818e-18 5.345343818e-18
2.481088818e-03 0.000000000e+00 0.000000000e+00 0.000000000e+00 5.345343818e-18 5.345343818e-18
7.099142369e-03 5.345343818e-18 0.000000000e+00 0.000000000e+00 5.345343818e-18 5.345343818e-18
5.345343818e-18 1.151619415e-04 9.228976181e-01 0.000000000e+00 5.345343818e-18 5.345343818e-18
5.345343818e-18 5.345343818e-18 5.345343818e-18 5.345343818e-18 5.345343818e-18 5.345343818e-18

3.609445831e-02 3.609445831e-02 3.609445831e-02 3.609445831e-02 3.609445831e-02 3.609445831e-02
3.609445831e-02 3.609445831e-02 3.609445831e-02 3.609445831e-02 3.609445831e-02 3.609445831e-02
3.609445831e-02 0.000000000e+00 0.000000000e+00 0.000000000e+00 3.609445831e-02 3.609445831e-02
3.609445831e-02 0.000000000e+00 0.000000000e+00 0.000000000e+00 3.609445831e-02 3.609445831e-02
3.609445831e-02 3.609445831e-02 3.476385421e-02 0.000000000e+00 0.000000000e+00 3.476385421e-02
3.476385421e-02 3.476385421e-02 3.476385421e-02 3.476385421e-02 3.476385421e-02 3.476385421e-02

