1.439980377e-04 3.628523176e-04 1.439980377e-04 6.230433239e-04 3.628523176e-04 1.439980377e-04
1.439980377e-04 6.683796837e-18 6.230433239e-04 1.439980377e-04 6.683796837e-18 3.628523176e-04
1.439980377e-04 1.231165904e-03 1.166384105e-02 5.805637082e-03 1.439980377e-04 3.628523176e-04
2.303968603e-03 3.382399548e-02 6.683796837e-18 7.859378555e-01 1.439980377e-04 1.439980377e-04
1.439980377e-04 1.439980377e-04 1.250786593e-01 1.439980377e-04 1.439980377e-04 1.439980377e-04
6.683796837e-18 3.628523176e-04 2.794866267e-02 1.439980377e-04 3.628523176e-04 6.230433239e-04

1.099929293e-04 1.099929293e-04 1.099929293e-04 1.099929293e-04 5.105419524e-18 1.099929293e-04
1.099929293e-04 5.105419524e-18 1.099929293e-04 1.099929293e-04 1.099929293e-04 1.099929293e-04
5.105419524e-18 5.105419524e-18 3.711380508e-03 0.000000000e+00 3.362192471e-03 2.369725826e-03
2.771648140e-04 1.099929293e-04 0.000000000e+00 9.841966249e-01 5.105419524e-18 2.771648140e-04
5.105419524e-18 1.099929293e-04 6.984115668e-04 1.472862331e-03 4.759117651e-04 4.759117651e-04
5.105419524e-18 2.771648140e-04 6.984115668e-04 1.099929293e-04 2.771648140e-04 5.105419524e-18

1.218777490e-03 4.836721676e-04 1.919454269e-04 1.919454269e-04 1.919454269e-04 1.218777490e-03
1.919454269e-04 1.919454269e-04 1.919454269e-04 4.135338863e-03 1.919454269e-04 1.218777490e-03
1.218777490e-03 1.919454269e-04 2.894664650e-01 0.000000000e+00 1.186879648e-01 2.092727927e-03
4.135338863e-03 4.836721676e-04 0.000000000e+00 0.000000000e+00 0.000000000e+00 1.218777490e-03
1.919454269e-04 4.836721676e-04 2.981590560e-02 7.971894439e-02 2.570248747e-03 1.641110315e-03
4.695710887e-03 1.919454269e-04 1.148748427e-01 3.593363196e-03 3.267174028e-01 8.390277624e-03

4.073380021e-03 2.175863180e-04 1.181240269e-02 2.913593568e-03 9.511086794e-03 9.414413208e-04
1.026427447e-02 2.175863180e-04 4.687755115e-03 2.175863180e-04 5.686556937e-02 2.303121429e-02
4.073380021e-03 2.175863180e-04 2.977658859e-01 0.000000000e+00 5.570209740e-02 2.303121429e-02
7.341795735e-03 1.181240269e-02 0.000000000e+00 0.000000000e+00 0.000000000e+00 9.511086794e-03
2.175863180e-04 9.414413208e-04 3.795653559e-02 0.000000000e+00 1.103154610e-02 6.039163673e-02
9.414413208e-04 3.481381088e-03 3.076168061e-02 0.000000000e+00 3.191263838e-01 9.414413208e-04

1.858131624e-04 1.858131624e-04 1.858131624e-04 1.958718894e-01 1.858131624e-04 1.858131624e-04
1.858131624e-04 1.858131624e-04 1.858131624e-04 0.000000000e+00 3.020390497e-01 1.858131624e-04
1.858131624e-04 1.858131624e-04 0.000000000e+00 0.000000000e+00 1.858131624e-04 1.363646990e-01
1.858131624e-04 1.858131624e-04 0.000000000e+00 0.000000000e+00 0.000000000e+00 1.325099805e-01
1.858131624e-04 1.858131624e-04 1.858131624e-04 0.000000000e+00 1.480919620e-01 1.858131624e-04
1.858131624e-04 1.858131624e-04 6.835687329e-02 0.000000000e+00 1.286346977e-02 1.858131624e-04

5.491183310e-18 5.491183310e-18 5.491183310e-18 5.491183310e-18 5.491183310e-18 5.491183310e-18
5.491183310e-18 0.000000000e+00 5.491183310e-18 0.000000000e+00 2.063736562e-02 5.491183310e-18
5.491183310e-18 5.491183310e-18 0.000000000e+00 0.000000000e+00 0.000000000e+00 4.376439750e-03
5.491183310e-18 5.491183310e-18 0.000000000e+00 0.000000000e+00 0.000000000e+00 9.094737139e-01
5.491183310e-18 5.491183310e-18 5.491183310e-18 0.000000000e+00 5.491183310e-18 5.491183310e-18
5.491183310e-18 5.491183310e-18 1.183039582e-04 0.000000000e+00 6.539417678e-02 5.491183310e-18

