7.872857597e-18 7.872857597e-18 7.872857597e-18 7.872857597e-18 7.872857597e-18 7.872857597e-18
7.872857597e-18 7.872857597e-18 1.026310653e-01 7.872857597e-18 7.872857597e-18 7.872857597e-18
7.872857597e-18 0.000000000e+00 1.957428841e-01 4.521656937e-01 7.872857597e-18 7.872857597e-18
7.872857597e-18 1.139981065e-01 7.872857597e-18 1.109437507e-02 1.197916331e-01 7.872857597e-18
7.872857597e-18 1.450192769e-03 4.274044671e-04 2.271240460e-03 7.872857597e-18 7.872857597e-18
7.872857597e-18 7.872857597e-18 4.274044671e-04 7.872857597e-18 7.872857597e-18 7.872857597e-18

5.215173446e-18 7.349185421e-03 5.215173446e-18 5.215173446e-18 5.215173446e-18 5.215173446e-18
5.215173446e-18 0.000000000e+00 5.215173446e-18 5.215173446e-18 5.215173446e-18 5.215173446e-18
5.215173446e-18 0.000000000e+00 9.647657915e-01 9.553139771e-03 5.215173446e-18 5.215173446e-18
5.215173446e-18 1.797720094e-03 0.000000000e+00 7.134256921e-04 9.606431624e-04 5.215173446e-18
5.215173446e-18 1.486009433e-02 5.215173446e-18 5.215173446e-18 5.215173446e-18 5.215173446e-18
5.215173446e-18 5.215173446e-18 5.215173446e-18 5.215173446e-18 5.215173446e-18 5.215173446e-18

1.265142454e-04 1.265142454e-04 1.265142454e-04 1.265142454e-04 1.265142454e-04 1.265142454e-04
1.265142454e-04 0.000000000e+00 0.000000000e+00 1.265142454e-04 1.265142454e-04 1.265142454e-04
1.265142454e-04 0.000000000e+00 0.000000000e+00 1.639624620e-01 1.265142454e-04 1.265142454e-04
1.285304616e-02 1.265142454e-04 0.000000000e+00 8.194498113e-01 3.187959218e-04 1.265142454e-04
1.265142454e-04 1.265142454e-04 1.265142454e-04 1.265142454e-04 1.265142454e-04 1.265142454e-04
1.265142454e-04 1.265142454e-04 1.265142454e-04 1.265142454e-04 1.265142454e-04 1.265142454e-04

4.152740046e-04 7.130551014e-04 4.152740046e-04 4.152740046e-04 1.648015979e-04 4.152740046e-04
0.000000000e+00 0.000000000e+00 0.000000000e+00 6.548594422e-02 7.130551014e-04 4.152740046e-04
1.648015979e-04 0.000000000e+00 0.000000000e+00 6.096535360e-03 4.520089473e-01 7.130551014e-04
1.604884109e-02 0.000000000e+00 0.000000000e+00 3.667370314e-01 8.060077246e-02 7.130551014e-04
7.130551014e-04 7.130551014e-04 4.152740046e-04 1.409033842e-03 7.130551014e-04 4.152740046e-04
4.152740046e-04 4.152740046e-04 7.130551014e-04 4.152740046e-04 7.130551014e-04 7.130551014e-04

