5.639409848e-18 5.639409848e-18 5.639409848e-18 5.639409848e-18 5.639409848e-18 5.639409848e-18
5.639409848e-18 0.000000000e+00 5.639409848e-18 3.061542688e-04 5.639409848e-18 5.639409848e-18
5.639409848e-18 1.033025479e-02 8.932938175e-01 8.001255304e-02 5.639409848e-18 5.639409848e-18
5.639409848e-18 5.639409848e-18 3.713853727e-03 1.234336665e-02 5.639409848e-18 5.639409848e-18
5.639409848e-18 5.639409848e-18 5.639409848e-18 5.639409848e-18 5.639409848e-18 5.639409848e-18
5.639409848e-18 5.639409848e-18 5.639409848e-18 5.639409848e-18 5.639409848e-18 5.639409848e-18

1.141443103e-04 5.298109561e-18 5.298109561e-18 1.141443103e-04 5.298109561e-18 5.298109561e-18
1.141443103e-04 0.000000000e+00 0.000000000e+00 5.298109561e-18 9.262802863e-01 4.938737474e-04
5.298109561e-18 1.141443103e-04 0.000000000e+00 2.876256385e-04 1.141443103e-04 1.141443103e-04
1.141443103e-04 1.141443103e-04 1.141443103e-04 7.134019393e-02 1.141443103e-04 5.298109561e-18
5.298109561e-18 5.298109561e-18 5.298109561e-18 5.298109561e-18 1.141443103e-04 5.298109561e-18
5.298109561e-18 1.141443103e-04 1.141443103e-04 5.298109561e-18 5.298109561e-18 1.141443103e-04

4.369869857e-04 1.734184002e-04 1.734184002e-04 1.734184002e-04 1.734184002e-04 1.734184002e-04
1.734184002e-04 0.000000000e+00 0.000000000e+00 0.000000000e+00 3.191809297e-01 6.379709304e-02
2.001314902e-01 0.000000000e+00 0.000000000e+00 1.620357269e-01 4.369869857e-04 1.734184002e-04
1.734184002e-04 1.734184002e-04 1.734184002e-04 2.472174687e-01 1.734184002e-04 1.734184002e-04
1.734184002e-04 1.734184002e-04 1.734184002e-04 1.734184002e-04 1.734184002e-04 1.734184002e-04
1.734184002e-04 2.774694403e-03 1.734184002e-04 1.734184002e-04 1.734184002e-04 1.734184002e-04

