1.439980377e-04 3.628523176e-04 1.439980377e-04 6.230433239e-04 3.628523176e-04 1.439980377e-04
1.439980377e-04 6.683796837e-18 6.230433239e-04 1.439980377e-04 6.683796837e-18 3.628523176e-04
1.439980377e-04 1.231165904e-03 1.166384105e-02 5.805637082e-03 1.439980377e-04 3.628523176e-04
2.303968603e-03 3.382399548e-02 6.683796837e-18 7.859378555e-01 1.439980377e-04 1.439980377e-04
1.439980377e-04 1.439980377e-04 1.250786593e-01 1.439980377e-04 1.439980377e-04 1.439980377e-04
6.683796837e-18 3.628523176e-04 2.794866267e-02 1.439980377e-04 3.628523176e-04 6.230433239e-04

5.612554684e-18 5.612554684e-18 3.046963462e-04 5.612554684e-18 5.612554684e-18 5.612554684e-18
5.612554684e-18 5.612554684e-18 5.612554684e-18 1.209188251e-04 5.612554684e-18 1.209188251e-04
5.612554684e-18 5.612554684e-18 8.682005481e-01 1.210748450e-01 5.612554684e-18 5.612554684e-18
1.209188251e-04 1.209188251e-04 0.000000000e+00 6.130539854e-03 5.612554684e-18 1.209188251e-04
1.209188251e-04 5.612554684e-18 3.322020031e-03 0.000000000e+00 5.612554684e-18 1.209188251e-04
5.612554684e-18 5.612554684e-18 1.209188251e-04 5.612554684e-18 5.612554684e-18 5.612554684e-18

4.874182227e-18 4.874182227e-18 2.646113221e-04 4.874182227e-18 4.874182227e-18 4.874182227e-18
4.874182227e-18 4.874182227e-18 0.000000000e+00 4.874182227e-18 4.874182227e-18 4.874182227e-18
4.874182227e-18 1.156663376e-02 4.874182227e-18 9.862028684e-01 4.874182227e-18 4.874182227e-18
4.874182227e-18 4.874182227e-18 0.000000000e+00 1.965886503e-03 4.874182227e-18 4.874182227e-18
4.874182227e-18 4.874182227e-18 0.000000000e+00 0.000000000e+00 4.874182227e-18 4.874182227e-18
4.874182227e-18 4.874182227e-18 4.874182227e-18 4.874182227e-18 4.874182227e-18 4.874182227e-18

5.281760280e-18 5.281760280e-18 0.000000000e+00 5.281760280e-18 5.281760280e-18 5.281760280e-18
5.281760280e-18 5.281760280e-18 0.000000000e+00 5.281760280e-18 5.281760280e-18 5.281760280e-18
5.281760280e-18 5.141384933e-02 0.000000000e+00 9.378502450e-01 5.281760280e-18 5.281760280e-18
5.281760280e-18 5.367952857e-03 0.000000000e+00 5.367952857e-03 5.281760280e-18 5.281760280e-18
5.281760280e-18 5.281760280e-18 0.000000000e+00 0.000000000e+00 5.281760280e-18 5.281760280e-18
5.281760280e-18 5.281760280e-18 5.281760280e-18 5.281760280e-18 5.281760280e-18 5.281760280e-18

9.470349153e-03 6.013296883e-18 0.000000000e+00 6.013296883e-18 6.013296883e-18 6.013296883e-18
1.412475683e-03 6.013296883e-18 0.000000000e+00 6.013296883e-18 6.013296883e-18 6.013296883e-18
6.013296883e-18 8.282994412e-01 0.000000000e+00 0.000000000e+00 6.013296883e-18 6.013296883e-18
4.371361204e-03 1.125311152e-01 0.000000000e+00 6.013296883e-18 4.391525757e-02 6.013296883e-18
6.013296883e-18 0.000000000e+00 0.000000000e+00 0.000000000e+00 6.013296883e-18 6.013296883e-18
6.013296883e-18 6.013296883e-18 6.013296883e-18 6.013296883e-18 6.013296883e-18 6.013296883e-18

5.565195065e-04 5.970151954e-18 0.000000000e+00 5.970151954e-18 5.970151954e-18 5.970151954e-18
3.241097128e-04 5.970151954e-18 0.000000000e+00 5.970151954e-18 5.970151954e-18 5.970151954e-18
5.970151954e-18 7.676178835e-01 0.000000000e+00 0.000000000e+00 5.970151954e-18 5.970151954e-18
3.241097128e-04 2.101662053e-01 0.000000000e+00 0.000000000e+00 1.472570550e-02 1.099711393e-03
5.970151954e-18 0.000000000e+00 0.000000000e+00 0.000000000e+00 0.000000000e+00 5.970151954e-18
5.970151954e-18 5.970151954e-18 5.970151954e-18 5.185755404e-03 5.970151954e-18 5.970151954e-18

2.785283019e-04 5.130535187e-18 0.000000000e+00 5.130535187e-18 5.130535187e-18 5.130535187e-18
5.130535187e-18 5.130535187e-18 0.000000000e+00 5.130535187e-18 5.130535187e-18 5.130535187e-18
5.130535187e-18 9.562084882e-01 0.000000000e+00 0.000000000e+00 5.130535187e-18 4.782529712e-04
0.000000000e+00 5.130535187e-18 0.000000000e+00 0.000000000e+00 5.130535187e-18 3.937746979e-02
2.785283019e-04 0.000000000e+00 0.000000000e+00 0.000000000e+00 0.000000000e+00 0.000000000e+00
5.130535187e-18 5.130535187e-18 5.130535187e-18 3.378732481e-03 5.130535187e-18 5.130535187e-18

4.647784847e-18 4.647784847e-18 0.000000000e+00 4.647784847e-18 4.647784847e-18 4.647784847e-18
4.647784847e-18 4.647784847e-18 0.000000000e+00 4.647784847e-18 4.647784847e-18 4.647784847e-18
4.647784847e-18 1.000000000e+00 0.000000000e+00 0.000000000e+00 4.647784847e-18 4.647784847e-18
0.000000000e+00 4.647784847e-18 0.000000000e+00 0.000000000e+00 0.000000000e+00 0.000000000e+00
4.647784847e-18 0.000000000e+00 0.000000000e+00 0.000000000e+00 0.000000000e+00 0.000000000e+00
4.647784847e-18 4.647784847e-18 4.647784847e-18 4.647784847e-18 4.647784847e-18 4.647784847e-18

