3.022496610e-03 1.047695557e-17 1.047695557e-17 7.616214204e-03 2.257191654e-04 1.929871717e-03
2.257191654e-04 1.047695557e-17 2.257191654e-04 2.257191654e-04 1.047695557e-17 1.929871717e-03
2.257191654e-04 1.075726824e-01 1.189666820e-01 0.000000000e+00 9.100426489e-03 3.022496610e-03
5.778410633e-02 1.262308644e-01 1.047695557e-17 1.350876343e-01 3.022496610e-03 9.100426489e-03
5.687766556e-04 2.257191654e-04 1.132338454e-01 6.020423141e-02 1.047695557e-17 1.433227362e-03
1.433227362e-03 1.929871717e-03 3.828531690e-02 1.895547042e-01 7.616214204e-03 1.047695557e-17

5.299249204e-02 8.862082588e-18 8.862082588e-18 8.862082588e-18 8.862082588e-18 1.909277816e-04
8.862082588e-18 8.862082588e-18 1.909277816e-04 8.862082588e-18 8.862082588e-18 1.909277816e-04
8.862082588e-18 6.691381914e-02 4.424502200e-01 0.000000000e+00 1.909277816e-04 8.862082588e-18
5.195597868e-02 7.247703106e-02 0.000000000e+00 8.862082588e-18 3.993491021e-02 8.862082588e-18
5.508075015e-02 8.862082588e-18 1.361573974e-01 0.000000000e+00 8.044759360e-02 8.862082588e-18
8.862082588e-18 8.862082588e-18 8.260965326e-04 8.862082588e-18 8.862082588e-18 8.862082588e-18

5.792144800e-18 5.792144800e-18 5.792144800e-18 5.792144800e-18 5.792144800e-18 5.792144800e-18
5.792144800e-18 5.792144800e-18 5.792144800e-18 5.792144800e-18 5.792144800e-18 5.792144800e-18
5.792144800e-18 5.792144800e-18 7.011845521e-01 0.000000000e+00 5.792144800e-18 5.792144800e-18
5.792144800e-18 5.792144800e-18 0.000000000e+00 0.000000000e+00 0.000000000e+00 5.792144800e-18
5.792144800e-18 2.688475463e-03 2.961269725e-01 0.000000000e+00 5.792144800e-18 5.792144800e-18
5.792144800e-18 5.792144800e-18 5.792144800e-18 5.792144800e-18 5.792144800e-18 5.792144800e-18

5.636040716e-18 5.636040716e-18 5.636040716e-18 5.636040716e-18 5.636040716e-18 5.636040716e-18
5.636040716e-18 5.636040716e-18 5.636040716e-18 5.636040716e-18 5.636040716e-18 5.636040716e-18
5.636040716e-18 5.636040716e-18 7.647743970e-01 0.000000000e+00 5.636040716e-18 5.636040716e-18
0.000000000e+00 0.000000000e+00 0.000000000e+00 0.000000000e+00 0.000000000e+00 5.636040716e-18
5.636040716e-18 5.636040716e-18 2.352256030e-01 0.000000000e+00 5.636040716e-18 5.636040716e-18
5.636040716e-18 5.636040716e-18 5.636040716e-18 5.636040716e-18 5.636040716e-18 5.636040716e-18

5.889888012e-18 5.889888012e-18 5.889888012e-18 5.889888012e-18 5.889888012e-18 5.889888012e-18
5.889888012e-18 5.889888012e-18 0.000000000e+00 5.889888012e-18 5.889888012e-18 3.486171103e-03
5.889888012e-18 5.889888012e-18 3.827362373e-01 0.000000000e+00 5.889888012e-18 5.889888012e-18
0.000000000e+00 0.000000000e+00 0.000000000e+00 0.000000000e+00 0.000000000e+00 5.889888012e-18
5.889888012e-18 5.889888012e-18 6.137775916e-01 0.000000000e+00 5.889888012e-18 5.889888012e-18
5.889888012e-18 5.889888012e-18 0.000000000e+00 5.889888012e-18 5.889888012e-18 5.889888012e-18

4.000000000e-02 4.000000000e-02 4.000000000e-02 4.000000000e-02 4.000000000e-02 4.000000000e-02
4.000000000e-02 4.000000000e-02 0.000000000e+00 4.000000000e-02 4.000000000e-02 4.000000000e-02
4.000000000e-02 4.000000000e-02 0.000000000e+00 0.000000000e+00 4.000000000e-02 0.000000000e+00
0.000000000e+00 0.000000000e+00 0.000000000e+00 0.000000000e+00 0.000000000e+00 4.000000000e-02
4.000000000e-02 4.000000000e-02 4.000000000e-02 0.000000000e+00 4.000000000e-02 4.000000000e-02
4.000000000e-02 4.000000000e-02 0.000000000e+00 4.000000000e-02 4.000000000e-02 4.000000000e-02

4.417400516e-02 4.417400516e-02 4.417400516e-02 4.417400516e-02 4.417400516e-02 4.417400516e-02
4.417400516e-02 4.417400516e-02 0.000000000e+00 4.417400516e-02 4.417400516e-02 4.417400516e-02
0.000000000e+00 4.284049527e-02 0.000000000e+00 0.000000000e+00 4.284049527e-02 0.000000000e+00
0.000000000e+00 0.000000000e+00 0.000000000e+00 0.000000000e+00 0.000000000e+00 4.284049527e-02
4.284049527e-02 4.284049527e-02 0.000000000e+00 0.000000000e+00 4.284049527e-02 4.284049527e-02
4.284049527e-02 4.284049527e-02 0.000000000e+00 4.284049527e-02 4.284049527e-02 4.284049527e-02

