9.192008530e-18 4.990189978e-04 8.568512310e-04 8.105857074e-02 4.859586736e-02 9.192008530e-18
4.990189978e-04 9.192008530e-18 0.000000000e+00 9.192008530e-18 1.846030016e-02 2.224057743e-01
1.257449079e-03 1.257449079e-03 1.677296942e-01 2.347175579e-01 1.763304129e-01 9.192008530e-18
4.990189978e-04 9.192008530e-18 2.530007921e-02 6.682123011e-03 9.192008530e-18 7.984303964e-03
2.159129805e-03 9.192008530e-18 9.192008530e-18 9.192008530e-18 9.192008530e-18 3.707379959e-03
9.192008530e-18 9.192008530e-18 9.192008530e-18 9.192008530e-18 9.192008530e-18 9.192008530e-18

2.333556544e-03 5.236087657e-03 2.140342762e-04 8.629321277e-03 1.481716045e-02 2.084325715e-02
2.637754918e-01 0.000000000e+00 0.000000000e+00 0.000000000e+00 1.648596824e-02 2.638875860e-02
8.629321277e-03 5.708761624e-02 6.542460832e-03 3.606541990e-01 1.819815543e-02 2.333556544e-03
1.829967320e-03 1.906985213e-02 2.866029887e-03 1.309252696e-01 5.236087657e-03 2.333556544e-03
1.359032940e-03 1.359032940e-03 4.611228694e-03 1.359032940e-03 1.359032940e-03 2.333556544e-03
1.829967320e-03 4.006883118e-03 1.359032940e-03 2.333556544e-03 1.829967320e-03 1.829967320e-03

2.087869594e-02 0.000000000e+00 1.914998196e-03 7.081523144e-03 7.081523144e-03 2.810304322e-03
2.323019443e-02 0.000000000e+00 0.000000000e+00 0.000000000e+00 3.288188564e-03 3.288188564e-03
1.710470652e-02 7.081523144e-03 0.000000000e+00 7.401202505e-01 3.784135701e-03 3.288188564e-03
2.810304322e-03 4.296916842e-03 1.039620968e-01 4.296916842e-03 2.810304322e-03 3.288188564e-03
3.288188564e-03 2.810304322e-03 2.810304322e-03 2.810304322e-03 2.810304322e-03 3.288188564e-03
2.810304322e-03 2.810304322e-03 3.288188564e-03 3.784135701e-03 3.784135701e-03 3.288188564e-03

