7.629586269e-18 7.629586269e-18 7.629586269e-18 7.629586269e-18 7.629586269e-18 7.629586269e-18
7.629586269e-18 1.643744533e-04 6.080733921e-03 4.141976675e-04 1.043712720e-03 7.629586269e-18
7.629586269e-18 2.397270229e-01 6.629656096e-02 3.582794499e-01 7.112069539e-04 7.629586269e-18
7.629586269e-18 4.141976675e-04 7.629586269e-18 0.000000000e+00 1.643744533e-04 7.629586269e-18
7.629586269e-18 1.643744533e-04 2.173971255e-02 3.039716861e-01 4.141976675e-04 7.629586269e-18
7.629586269e-18 7.629586269e-18 7.629586269e-18 7.629586269e-18 4.141976675e-04 7.629586269e-18

1.662657405e-04 1.662657405e-04 7.193900783e-04 1.662657405e-04 1.662657405e-04 1.662657405e-04
1.662657405e-04 1.662657405e-04 3.582086791e-03 4.189634127e-04 5.541094725e-02 1.662657405e-04
1.662657405e-04 6.150698651e-03 9.406182986e-02 6.335658434e-01 1.662657405e-04 1.662657405e-04
1.662657405e-04 1.662657405e-04 0.000000000e+00 0.000000000e+00 2.350613611e-02 1.662657405e-04
4.189634127e-04 2.660251848e-03 0.000000000e+00 1.553525467e-01 7.843311154e-03 2.660251848e-03
1.662657405e-04 2.226384437e-03 1.662657405e-04 8.429611745e-03 1.662657405e-04 1.662657405e-04

1.417287440e-04 1.417287440e-04 1.417287440e-04 1.417287440e-04 2.267659903e-03 1.417287440e-04
1.417287440e-04 3.571340557e-04 1.417287440e-04 1.417287440e-04 1.408496028e-01 1.417287440e-04
3.893733882e-03 1.417287440e-04 0.000000000e+00 3.571340557e-04 0.000000000e+00 1.417287440e-04
1.417287440e-04 1.417287440e-04 0.000000000e+00 0.000000000e+00 7.541226768e-01 1.417287440e-04
1.417287440e-04 8.999214289e-04 0.000000000e+00 3.571340557e-04 1.417287440e-04 3.053453225e-03
1.417287440e-04 1.417287440e-04 1.417287440e-04 5.714144891e-03 8.482133405e-02 6.132246601e-04

4.659284791e-18 4.659284791e-18 4.659284791e-18 4.659284791e-18 4.659284791e-18 4.659284791e-18
4.659284791e-18 0.000000000e+00 4.659284791e-18 4.659284791e-18 1.003812479e-04 4.659284791e-18
4.659284791e-18 4.659284791e-18 0.000000000e+00 4.659284791e-18 0.000000000e+00 4.659284791e-18
4.659284791e-18 4.659284791e-18 0.000000000e+00 0.000000000e+00 9.997992375e-01 4.659284791e-18
4.659284791e-18 4.659284791e-18 0.000000000e+00 4.659284791e-18 0.000000000e+00 4.659284791e-18
4.659284791e-18 4.659284791e-18 4.659284791e-18 4.659284791e-18 1.003812479e-04 4.659284791e-18

0.000000000e+00 1.380500307e-04 1.380500307e-04 1.380500307e-04 1.380500307e-04 3.478642793e-04
1.380500307e-04 0.000000000e+00 1.380500307e-04 1.380500307e-04 5.159493105e-01 1.380500307e-04
1.380500307e-04 1.380500307e-04 0.000000000e+00 1.380500307e-04 0.000000000e+00 1.888497856e-02
1.380500307e-04 1.380500307e-04 0.000000000e+00 0.000000000e+00 0.000000000e+00 1.380500307e-04
1.380500307e-04 4.536171653e-01 0.000000000e+00 1.380500307e-04 0.000000000e+00 1.380500307e-04
1.380500307e-04 3.478642793e-04 1.380500307e-04 1.380500307e-04 7.494508707e-03 5.973077925e-04

0.000000000e+00 5.139481936e-18 5.139481936e-18 5.139481936e-18 5.139481936e-18 2.385536197e-03
2.385536197e-03 0.000000000e+00 0.000000000e+00 5.139481936e-18 5.139481936e-18 5.139481936e-18
5.139481936e-18 5.139481936e-18 0.000000000e+00 0.000000000e+00 0.000000000e+00 9.550293629e-01
5.139481936e-18 5.139481936e-18 0.000000000e+00 0.000000000e+00 0.000000000e+00 5.139481936e-18
5.139481936e-18 4.008883791e-02 0.000000000e+00 5.139481936e-18 0.000000000e+00 5.139481936e-18
5.139481936e-18 5.139481936e-18 5.139481936e-18 5.139481936e-18 1.107267817e-04 5.139481936e-18

0.000000000e+00 5.396349506e-18 5.396349506e-18 5.396349506e-18 5.396349506e-18 1.697328058e-02
7.604497439e-03 0.000000000e+00 0.000000000e+00 1.267559644e-03 0.000000000e+00 5.396349506e-18
5.396349506e-18 5.396349506e-18 0.000000000e+00 0.000000000e+00 0.000000000e+00 9.508193358e-01
5.396349506e-18 5.396349506e-18 0.000000000e+00 0.000000000e+00 0.000000000e+00 5.396349506e-18
5.396349506e-18 1.860173212e-03 0.000000000e+00 5.396349506e-18 0.000000000e+00 5.396349506e-18
1.331039046e-02 5.396349506e-18 5.396349506e-18 1.162608258e-04 8.048502048e-03 0.000000000e+00

