8.228047915e-18 8.228047915e-18 8.228047915e-18 8.228047915e-18 8.228047915e-18 8.228047915e-18
8.228047915e-18 8.228047915e-18 9.684296332e-02 2.373709304e-03 4.466871642e-04 8.228047915e-18
8.228047915e-18 6.938629661e-02 2.325798772e-01 3.797934887e-02 8.228047915e-18 8.228047915e-18
8.228047915e-18 4.466871642e-04 8.228047915e-18 4.405755209e-01 5.907761428e-02 8.228047915e-18
8.228047915e-18 4.466871642e-04 7.669937383e-04 5.907761428e-02 8.228047915e-18 8.228047915e-18
8.228047915e-18 8.228047915e-18 8.228047915e-18 8.228047915e-18 8.228047915e-18 8.228047915e-18

5.431494301e-18 5.431494301e-18 5.431494301e-18 5.431494301e-18 5.431494301e-18 5.431494301e-18
5.431494301e-18 5.431494301e-18 1.067571027e-01 5.431494301e-18 5.431494301e-18 5.431494301e-18
5.431494301e-18 5.431494301e-18 5.431494301e-18 5.431494301e-18 5.431494301e-18 5.431494301e-18
5.431494301e-18 5.431494301e-18 0.000000000e+00 0.000000000e+00 5.431494301e-18 5.431494301e-18
5.431494301e-18 5.431494301e-18 8.864631779e-01 5.431494301e-18 5.431494301e-18 5.431494301e-18
5.431494301e-18 5.431494301e-18 6.779719424e-03 5.431494301e-18 5.431494301e-18 5.431494301e-18

5.479482254e-18 5.479482254e-18 1.625115043e-01 5.479482254e-18 5.479482254e-18 5.479482254e-18
5.479482254e-18 5.479482254e-18 5.479482254e-18 5.479482254e-18 5.479482254e-18 5.479482254e-18
5.479482254e-18 5.479482254e-18 0.000000000e+00 0.000000000e+00 5.479482254e-18 5.479482254e-18
5.479482254e-18 5.479482254e-18 0.000000000e+00 0.000000000e+00 5.479482254e-18 5.479482254e-18
5.479482254e-18 5.479482254e-18 8.374884957e-01 5.479482254e-18 5.479482254e-18 5.479482254e-18
5.479482254e-18 5.479482254e-18 5.479482254e-18 5.479482254e-18 5.479482254e-18 5.479482254e-18

6.081247746e-18 6.081247746e-18 8.034712526e-01 6.081247746e-18 6.081247746e-18 6.081247746e-18
6.081247746e-18 6.081247746e-18 0.000000000e+00 3.205159233e-03 6.081247746e-18 6.081247746e-18
6.081247746e-18 6.081247746e-18 0.000000000e+00 0.000000000e+00 6.081247746e-18 6.081247746e-18
6.081247746e-18 6.081247746e-18 0.000000000e+00 0.000000000e+00 6.081247746e-18 6.081247746e-18
6.081247746e-18 6.081247746e-18 1.204891641e-01 0.000000000e+00 6.081247746e-18 6.081247746e-18
6.081247746e-18 6.081247746e-18 9.577365056e-03 6.325705897e-02 6.081247746e-18 6.081247746e-18

