1.439980377e-04 3.628523176e-04 1.439980377e-04 6.230433239e-04 3.628523176e-04 1.439980377e-04
1.439980377e-04 6.683796837e-18 6.230433239e-04 1.439980377e-04 6.683796837e-18 3.628523176e-04
1.439980377e-04 1.231165904e-03 1.166384105e-02 5.805637082e-03 1.439980377e-04 3.628523176e-04
2.303968603e-03 3.382399548e-02 6.683796837e-18 7.859378555e-01 1.439980377e-04 1.439980377e-04
1.439980377e-04 1.439980377e-04 1.250786593e-01 1.439980377e-04 1.439980377e-04 1.439980377e-04
6.683796837e-18 3.628523176e-04 2.794866267e-02 1.439980377e-04 3.628523176e-04 6.230433239e-04

6.308867372e-18 6.308867372e-18 1.162103306e-03 3.424980147e-04 6.308867372e-18 6.308867372e-18
6.308867372e-18 6.308867372e-18 3.625294662e-02 8.630409166e-04 6.308867372e-18 5.880935332e-04
6.308867372e-18 2.174726835e-03 6.308867372e-18 0.000000000e+00 3.424980147e-04 3.424980147e-04
3.424980147e-04 4.586225926e-03 0.000000000e+00 7.559026839e-01 1.359204272e-04 6.308867372e-18
6.308867372e-18 6.308867372e-18 1.937620456e-01 3.424980147e-04 6.308867372e-18 3.424980147e-04
6.308867372e-18 6.308867372e-18 2.174726835e-03 6.308867372e-18 3.424980147e-04 6.308867372e-18

5.706655758e-18 5.706655758e-18 8.797402684e-01 5.706655758e-18 5.706655758e-18 5.706655758e-18
5.706655758e-18 1.967138741e-03 5.706655758e-18 9.365673459e-02 5.706655758e-18 5.706655758e-18
3.098049384e-04 1.852136325e-02 0.000000000e+00 0.000000000e+00 1.646312954e-03 5.706655758e-18
5.706655758e-18 5.706655758e-18 0.000000000e+00 0.000000000e+00 5.706655758e-18 5.706655758e-18
5.706655758e-18 5.706655758e-18 3.377717600e-03 7.806595266e-04 5.706655758e-18 5.706655758e-18
5.706655758e-18 5.706655758e-18 5.706655758e-18 5.706655758e-18 5.706655758e-18 5.706655758e-18

7.175884674e-18 7.175884674e-18 1.018122230e-01 7.175884674e-18 7.175884674e-18 1.685558323e-03
3.330750618e-03 1.702866780e-02 0.000000000e+00 5.719136505e-03 7.175884674e-18 8.957108674e-03
9.816472152e-04 0.000000000e+00 0.000000000e+00 0.000000000e+00 7.175884674e-18 7.175884674e-18
7.175884674e-18 6.966677441e-01 0.000000000e+00 0.000000000e+00 7.175884674e-18 7.175884674e-18
7.175884674e-18 5.216503439e-03 7.175884674e-18 9.252432899e-02 7.175884674e-18 7.175884674e-18
7.175884674e-18 7.175884674e-18 6.607633128e-02 7.175884674e-18 7.175884674e-18 7.175884674e-18

3.609445831e-02 3.609445831e-02 3.609445831e-02 3.609445831e-02 3.609445831e-02 3.609445831e-02
3.609445831e-02 3.609445831e-02 0.000000000e+00 3.609445831e-02 3.609445831e-02 3.609445831e-02
3.609445831e-02 0.000000000e+00 0.000000000e+00 0.000000000e+00 3.609445831e-02 3.609445831e-02
3.609445831e-02 3.476385421e-02 0.000000000e+00 0.000000000e+00 3.609445831e-02 3.609445831e-02
3.609445831e-02 3.609445831e-02 0.000000000e+00 3.609445831e-02 0.000000000e+00 3.476385421e-02
3.476385421e-02 3.476385421e-02 3.476385421e-02 3.476385421e-02 3.476385421e-02 3.476385421e-02

