8.228047915e-18 8.228047915e-18 8.228047915e-18 8.228047915e-18 8.228047915e-18 8.228047915e-18
8.228047915e-18 8.228047915e-18 9.684296332e-02 2.373709304e-03 4.466871642e-04 8.228047915e-18
8.228047915e-18 6.938629661e-02 2.325798772e-01 3.797934887e-02 8.228047915e-18 8.228047915e-18
8.228047915e-18 4.466871642e-04 8.228047915e-18 4.405755209e-01 5.907761428e-02 8.228047915e-18
8.228047915e-18 4.466871642e-04 7.669937383e-04 5.907761428e-02 8.228047915e-18 8.228047915e-18
8.228047915e-18 8.228047915e-18 8.228047915e-18 8.228047915e-18 8.228047915e-18 8.228047915e-18

4.647784847e-18 4.647784847e-18 4.647784847e-18 4.647784847e-18 4.647784847e-18 4.647784847e-18
4.647784847e-18 4.647784847e-18 4.647784847e-18 4.647784847e-18 4.647784847e-18 4.647784847e-18
4.647784847e-18 4.647784847e-18 1.000000000e+00 0.000000000e+00 4.647784847e-18 4.647784847e-18
4.647784847e-18 4.647784847e-18 0.000000000e+00 4.647784847e-18 4.647784847e-18 4.647784847e-18
4.647784847e-18 4.647784847e-18 4.647784847e-18 4.647784847e-18 4.647784847e-18 4.647784847e-18
4.647784847e-18 4.647784847e-18 4.647784847e-18 4.647784847e-18 4.647784847e-18 4.647784847e-18

9.198162984e-18 9.198162984e-18 9.198162984e-18 1.006652255e-01 9.198162984e-18 9.198162984e-18
2.355615672e-02 2.653577772e-03 0.000000000e+00 3.170694627e-03 9.198162984e-18 9.198162984e-18
9.198162984e-18 9.198162984e-18 0.000000000e+00 0.000000000e+00 1.006652255e-01 2.160575438e-03
2.134248081e-01 1.692689174e-01 0.000000000e+00 1.238552589e-01 4.144937821e-02 9.198162984e-18
9.198162984e-18 9.198162984e-18 9.198162984e-18 2.134248081e-01 9.198162984e-18 9.198162984e-18
9.198162984e-18 9.198162984e-18 4.847948685e-03 9.198162984e-18 8.574249306e-04 9.198162984e-18

4.213037253e-03 1.645098722e-02 3.600741433e-03 1.317249074e-01 2.453618028e-03 6.879070439e-03
6.368992552e-02 5.505484365e-03 0.000000000e+00 1.061618864e-02 1.428955185e-03 2.453618028e-03
4.213037253e-03 0.000000000e+00 0.000000000e+00 0.000000000e+00 0.000000000e+00 2.250463396e-04
4.367937460e-02 2.191564273e-02 0.000000000e+00 4.256299580e-02 1.221739497e-02 9.837177669e-03
4.213037253e-03 5.403955118e-02 2.250463396e-04 4.559821871e-01 4.213037253e-03 4.848476408e-03
5.505484365e-03 7.593511721e-03 2.875080984e-02 2.191564273e-02 2.286328295e-02 6.182730003e-03

1.470681224e-03 1.470681224e-03 0.000000000e+00 1.463072855e-01 8.568278445e-03 1.174293600e-02
1.683743531e-01 3.705884463e-03 0.000000000e+00 2.451642525e-02 1.470681224e-03 1.470681224e-03
1.470681224e-03 0.000000000e+00 0.000000000e+00 0.000000000e+00 0.000000000e+00 0.000000000e+00
6.177752048e-02 3.817528912e-02 0.000000000e+00 1.341933369e-02 1.257414759e-02 1.514987353e-02
1.174293600e-02 1.876104009e-02 2.855666749e-02 1.470681224e-03 1.514987353e-02 6.363268088e-03
1.514987353e-02 8.568278445e-03 2.255558789e-02 8.568278445e-03 3.397058460e-01 1.174293600e-02

2.239358943e-03 5.111920933e-03 0.000000000e+00 0.000000000e+00 2.239358943e-03 5.111920933e-03
7.426625499e-01 4.594461883e-03 0.000000000e+00 8.074381981e-02 2.239358943e-03 2.239358943e-03
2.239358943e-03 0.000000000e+00 0.000000000e+00 0.000000000e+00 0.000000000e+00 0.000000000e+00
6.186542539e-03 6.845127069e-02 0.000000000e+00 2.239358943e-03 2.239358943e-03 2.239358943e-03
2.239358943e-03 2.239358943e-03 8.478736255e-03 0.000000000e+00 9.078894839e-03 5.111920933e-03
2.239358943e-03 2.239358943e-03 3.130759238e-03 2.239358943e-03 2.998617686e-02 2.239358943e-03

