1.439980377e-04 3.628523176e-04 1.439980377e-04 6.230433239e-04 3.628523176e-04 1.439980377e-04
1.439980377e-04 6.683796837e-18 6.230433239e-04 1.439980377e-04 6.683796837e-18 3.628523176e-04
1.439980377e-04 1.231165904e-03 1.166384105e-02 5.805637082e-03 1.439980377e-04 3.628523176e-04
2.303968603e-03 3.382399548e-02 6.683796837e-18 7.859378555e-01 1.439980377e-04 1.439980377e-04
1.439980377e-04 1.439980377e-04 1.250786593e-01 1.439980377e-04 1.439980377e-04 1.439980377e-04
6.683796837e-18 3.628523176e-04 2.794866267e-02 1.439980377e-04 3.628523176e-04 6.230433239e-04

7.009117123e-18 7.009117123e-18 3.694198526e-03 7.009117123e-18 7.009117123e-18 7.009117123e-18
7.009117123e-18 7.009117123e-18 5.032565709e-02 1.510068508e-04 7.009117123e-18 1.510068508e-04
2.826962167e-03 5.770033609e-01 7.009117123e-18 1.108210177e-01 7.009117123e-18 1.510068508e-04
7.009117123e-18 1.510068508e-04 0.000000000e+00 0.000000000e+00 1.510068508e-04 1.510068508e-04
7.009117123e-18 7.009117123e-18 2.531619151e-01 9.588337351e-04 7.009117123e-18 7.009117123e-18
7.009117123e-18 7.009117123e-18 1.510068508e-04 1.510068508e-04 7.009117123e-18 7.009117123e-18

5.706655758e-18 5.706655758e-18 8.797402684e-01 5.706655758e-18 5.706655758e-18 5.706655758e-18
5.706655758e-18 1.967138741e-03 5.706655758e-18 9.365673459e-02 5.706655758e-18 5.706655758e-18
3.098049384e-04 1.852136325e-02 0.000000000e+00 0.000000000e+00 1.646312954e-03 5.706655758e-18
5.706655758e-18 5.706655758e-18 0.000000000e+00 0.000000000e+00 5.706655758e-18 5.706655758e-18
5.706655758e-18 5.706655758e-18 3.377717600e-03 7.806595266e-04 5.706655758e-18 5.706655758e-18
5.706655758e-18 5.706655758e-18 5.706655758e-18 5.706655758e-18 5.706655758e-18 5.706655758e-18

6.328756823e-18 6.328756823e-18 4.857396383e-02 6.328756823e-18 6.328756823e-18 6.328756823e-18
6.328756823e-18 7.186354806e-02 0.000000000e+00 6.160555052e-02 6.328756823e-18 6.328756823e-18
8.073405615e-01 6.328756823e-18 0.000000000e+00 0.000000000e+00 6.328756823e-18 6.328756823e-18
6.328756823e-18 2.937548700e-03 0.000000000e+00 0.000000000e+00 6.328756823e-18 6.328756823e-18
6.328756823e-18 6.328756823e-18 2.181582919e-03 0.000000000e+00 6.328756823e-18 6.328756823e-18
6.328756823e-18 6.328756823e-18 6.328756823e-18 5.497244483e-03 6.328756823e-18 6.328756823e-18

