6.982442023e-18 6.982442023e-18 6.982442023e-18 6.982442023e-18 1.504321532e-04 6.982442023e-18
6.982442023e-18 6.982442023e-18 1.921846957e-02 1.504321532e-04 6.982442023e-18 6.982442023e-18
6.982442023e-18 2.496348047e-01 5.710471127e-02 0.000000000e+00 1.504321532e-04 6.982442023e-18
1.504321532e-04 9.551846327e-04 6.982442023e-18 4.012354089e-02 7.096387874e-03 6.982442023e-18
6.982442023e-18 1.504321532e-04 3.790652727e-04 6.242061776e-01 1.504321532e-04 6.982442023e-18
6.982442023e-18 6.982442023e-18 3.790652727e-04 6.982442023e-18 6.982442023e-18 6.982442023e-18

6.989519227e-18 6.989519227e-18 6.989519227e-18 6.989519227e-18 6.989519227e-18 6.989519227e-18
6.989519227e-18 6.989519227e-18 4.978470709e-01 6.989519227e-18 6.989519227e-18 6.989519227e-18
6.989519227e-18 6.989519227e-18 6.989519227e-18 0.000000000e+00 6.989519227e-18 6.989519227e-18
1.505846269e-04 6.803756123e-02 0.000000000e+00 2.797880864e-01 1.541766969e-01 6.989519227e-18
6.989519227e-18 6.989519227e-18 6.989519227e-18 0.000000000e+00 6.989519227e-18 6.989519227e-18
6.989519227e-18 6.989519227e-18 6.989519227e-18 6.989519227e-18 6.989519227e-18 6.989519227e-18

5.815156616e-18 5.815156616e-18 5.815156616e-18 5.815156616e-18 5.815156616e-18 5.815156616e-18
5.815156616e-18 5.815156616e-18 3.828398860e-01 5.815156616e-18 5.815156616e-18 5.815156616e-18
5.815156616e-18 5.815156616e-18 5.815156616e-18 0.000000000e+00 5.815156616e-18 5.815156616e-18
6.171601140e-01 5.815156616e-18 0.000000000e+00 0.000000000e+00 0.000000000e+00 5.815156616e-18
5.815156616e-18 5.815156616e-18 5.815156616e-18 0.000000000e+00 5.815156616e-18 5.815156616e-18
5.815156616e-18 5.815156616e-18 5.815156616e-18 5.815156616e-18 5.815156616e-18 5.815156616e-18

6.100091315e-18 6.100091315e-18 9.098112972e-03 6.100091315e-18 6.100091315e-18 6.100091315e-18
6.100091315e-18 4.434456345e-03 6.100091315e-18 1.759815167e-03 6.100091315e-18 6.100091315e-18
6.100091315e-18 6.100091315e-18 7.735624264e-01 0.000000000e+00 6.100091315e-18 2.831411573e-03
0.000000000e+00 0.000000000e+00 0.000000000e+00 0.000000000e+00 0.000000000e+00 6.100091315e-18
6.100091315e-18 6.100091315e-18 1.447576616e-02 0.000000000e+00 6.100091315e-18 6.100091315e-18
6.100091315e-18 6.100091315e-18 1.938380114e-01 6.100091315e-18 6.100091315e-18 6.100091315e-18

5.146030136e-18 5.146030136e-18 8.104489614e-03 1.208761612e-03 5.146030136e-18 5.146030136e-18
5.146030136e-18 5.230007744e-03 0.000000000e+00 4.469911954e-03 5.146030136e-18 5.146030136e-18
5.146030136e-18 5.146030136e-18 9.748103310e-01 0.000000000e+00 5.146030136e-18 5.146030136e-18
0.000000000e+00 0.000000000e+00 0.000000000e+00 0.000000000e+00 0.000000000e+00 4.796973634e-04
5.146030136e-18 5.146030136e-18 4.101354766e-03 0.000000000e+00 5.146030136e-18 1.484578085e-03
5.146030136e-18 5.146030136e-18 0.000000000e+00 5.146030136e-18 5.146030136e-18 1.108678584e-04

4.000000000e-02 4.000000000e-02 4.000000000e-02 4.000000000e-02 4.000000000e-02 4.000000000e-02
4.000000000e-02 4.000000000e-02 0.000000000e+00 4.000000000e-02 4.000000000e-02 4.000000000e-02
4.000000000e-02 4.000000000e-02 0.000000000e+00 0.000000000e+00 4.000000000e-02 0.000000000e+00
0.000000000e+00 0.000000000e+00 0.000000000e+00 0.000000000e+00 0.000000000e+00 4.000000000e-02
4.000000000e-02 4.000000000e-02 4.000000000e-02 0.000000000e+00 4.000000000e-02 4.000000000e-02
4.000000000e-02 4.000000000e-02 0.000000000e+00 4.000000000e-02 4.000000000e-02 4.000000000e-02

4.417400516e-02 4.417400516e-02 4.417400516e-02 4.417400516e-02 4.417400516e-02 4.417400516e-02
4.417400516e-02 4.417400516e-02 0.000000000e+00 4.417400516e-02 4.417400516e-02 4.417400516e-02
0.000000000e+00 4.284049527e-02 0.000000000e+00 0.000000000e+00 4.284049527e-02 0.000000000e+00
0.000000000e+00 0.000000000e+00 0.000000000e+00 0.000000000e+00 0.000000000e+00 4.284049527e-02
4.284049527e-02 4.284049527e-02 0.000000000e+00 0.000000000e+00 4.284049527e-02 4.284049527e-02
4.284049527e-02 4.284049527e-02 0.000000000e+00 4.284049527e-02 4.284049527e-02 4.284049527e-02

