1.156973393e-17 1.156973393e-17 6.248523931e-02 6.281017920e-04 1.156973393e-17 1.725592961e-02
1.156973393e-17 1.582717338e-03 2.492623613e-04 2.131163211e-03 1.156973393e-17 1.156973393e-01
2.962966259e-02 5.725227127e-02 0.000000000e+00 3.073210703e-02 4.666379449e-03 1.005340976e-01
6.281017920e-04 8.879908853e-02 1.156973393e-17 1.219086412e-01 2.492623613e-04 2.532347741e-02
1.582717338e-03 2.717638619e-03 5.854974915e-02 2.962966259e-02 1.156973393e-17 1.004962867e-02
1.919940790e-02 1.156973393e-17 1.393971278e-01 1.156973393e-17 6.648371599e-02 1.263750982e-02

4.304125501e-04 1.708093337e-04 1.460399260e-03 1.708093337e-04 1.708093337e-04 7.390490643e-04
1.708093337e-04 1.708093337e-04 4.304125501e-04 1.708093337e-04 1.708093337e-04 7.390490643e-04
6.318780617e-03 2.105945998e-02 0.000000000e+00 3.460887820e-01 7.390490643e-04 1.708093337e-04
2.519305731e-01 4.304125501e-04 0.000000000e+00 0.000000000e+00 1.708093337e-04 1.084571664e-03
1.862286946e-03 3.354344161e-01 3.197679586e-03 2.732949339e-03 1.708093337e-04 1.708093337e-04
1.708093337e-04 1.383555603e-02 1.084571664e-03 1.862286946e-03 6.318780617e-03 1.708093337e-04

5.984879395e-18 5.984879395e-18 5.984879395e-18 5.984879395e-18 5.984879395e-18 5.984879395e-18
5.984879395e-18 0.000000000e+00 5.984879395e-18 5.984879395e-18 5.984879395e-18 5.984879395e-18
8.433849583e-03 7.200545966e-01 0.000000000e+00 5.984879395e-18 5.984879395e-18 5.984879395e-18
5.984879395e-18 0.000000000e+00 0.000000000e+00 0.000000000e+00 5.984879395e-18 5.984879395e-18
9.931614802e-03 2.612550298e-01 5.984879395e-18 5.984879395e-18 5.984879395e-18 5.984879395e-18
3.249092413e-04 5.984879395e-18 5.984879395e-18 5.984879395e-18 5.984879395e-18 5.984879395e-18

