6.230037824e-18 6.230037824e-18 6.230037824e-18 6.230037824e-18 6.230037824e-18 6.230037824e-18
6.230037824e-18 6.230037824e-18 0.000000000e+00 6.230037824e-18 3.382184885e-04 6.230037824e-18
6.230037824e-18 6.230037824e-18 4.302327656e-01 5.454827984e-01 1.342220961e-04 6.230037824e-18
6.230037824e-18 3.382184885e-04 1.714755267e-02 4.528920852e-03 1.797303431e-03 6.230037824e-18
6.230037824e-18 6.230037824e-18 6.230037824e-18 6.230037824e-18 6.230037824e-18 6.230037824e-18
6.230037824e-18 6.230037824e-18 6.230037824e-18 6.230037824e-18 6.230037824e-18 6.230037824e-18

6.495782641e-18 6.495782641e-18 6.495782641e-18 6.495782641e-18 3.526453367e-04 6.495782641e-18
6.495782641e-18 0.000000000e+00 0.000000000e+00 0.000000000e+00 6.495782641e-18 6.495782641e-18
6.495782641e-18 6.495782641e-18 6.495782641e-18 1.215602155e-01 6.495782641e-18 6.495782641e-18
6.495782641e-18 4.969453065e-01 6.495782641e-18 3.811418327e-01 6.495782641e-18 6.495782641e-18
6.495782641e-18 6.495782641e-18 6.495782641e-18 6.495782641e-18 6.495782641e-18 6.495782641e-18
6.495782641e-18 6.495782641e-18 6.495782641e-18 6.495782641e-18 6.495782641e-18 6.495782641e-18

1.465150531e-03 0.000000000e+00 7.785854904e-03 1.972856957e-03 1.008635277e-02 2.515768021e-03
1.465150531e-03 0.000000000e+00 0.000000000e+00 0.000000000e+00 7.053316868e-03 4.319753226e-03
4.593778857e-02 1.488500156e-01 0.000000000e+00 2.442422797e-02 4.971288016e-03 2.307467495e-04
1.972856957e-03 3.947399732e-01 4.319753226e-03 1.336886850e-02 1.008635277e-02 4.593778857e-02
5.644937944e-03 4.593778857e-02 3.051792967e-02 1.972856957e-03 7.558864472e-02 1.961912497e-02
3.584312172e-02 4.364111385e-02 4.319753226e-03 1.972856957e-03 1.972856957e-03 1.465150531e-03

