8.201760919e-18 8.201760919e-18 8.201760919e-18 8.201760919e-18 8.201760919e-18 8.201760919e-18
8.201760919e-18 8.201760919e-18 2.290052508e-01 3.307986928e-03 8.201760919e-18 8.201760919e-18
8.201760919e-18 1.767015824e-04 2.417243646e-02 3.532932635e-01 9.539621324e-02 8.201760919e-18
8.201760919e-18 8.201760919e-18 1.370871934e-01 7.723941941e-03 1.496603105e-01 8.201760919e-18
8.201760919e-18 1.767015824e-04 8.201760919e-18 8.201760919e-18 8.201760919e-18 8.201760919e-18
8.201760919e-18 8.201760919e-18 8.201760919e-18 8.201760919e-18 8.201760919e-18 8.201760919e-18

6.687353624e-18 6.687353624e-18 6.687353624e-18 6.687353624e-18 6.687353624e-18 6.687353624e-18
6.687353624e-18 4.235767243e-02 6.687353624e-18 2.664320299e-01 0.000000000e+00 6.687353624e-18
6.687353624e-18 6.687353624e-18 6.687353624e-18 8.813081190e-02 6.687353624e-18 6.687353624e-18
6.687353624e-18 6.687353624e-18 6.024561109e-01 0.000000000e+00 6.233748768e-04 6.687353624e-18
6.687353624e-18 6.687353624e-18 6.687353624e-18 6.687353624e-18 6.687353624e-18 6.687353624e-18
6.687353624e-18 6.687353624e-18 6.687353624e-18 6.687353624e-18 6.687353624e-18 6.687353624e-18

5.699446133e-18 5.699446133e-18 5.699446133e-18 5.699446133e-18 5.699446133e-18 5.699446133e-18
5.699446133e-18 7.256254651e-01 0.000000000e+00 5.699446133e-18 0.000000000e+00 2.743745349e-01
5.699446133e-18 5.699446133e-18 5.699446133e-18 5.699446133e-18 5.699446133e-18 5.699446133e-18
5.699446133e-18 5.699446133e-18 5.699446133e-18 0.000000000e+00 5.699446133e-18 5.699446133e-18
5.699446133e-18 5.699446133e-18 0.000000000e+00 5.699446133e-18 5.699446133e-18 5.699446133e-18
5.699446133e-18 5.699446133e-18 5.699446133e-18 5.699446133e-18 5.699446133e-18 5.699446133e-18

4.859550308e-18 4.859550308e-18 4.859550308e-18 4.859550308e-18 4.859550308e-18 4.859550308e-18
9.832423634e-01 4.859550308e-18 0.000000000e+00 0.000000000e+00 0.000000000e+00 0.000000000e+00
4.859550308e-18 4.859550308e-18 4.859550308e-18 4.859550308e-18 1.675763657e-02 4.859550308e-18
4.859550308e-18 4.859550308e-18 4.859550308e-18 0.000000000e+00 4.859550308e-18 4.859550308e-18
4.859550308e-18 4.859550308e-18 0.000000000e+00 4.859550308e-18 4.859550308e-18 4.859550308e-18
4.859550308e-18 4.859550308e-18 4.859550308e-18 4.859550308e-18 4.859550308e-18 4.859550308e-18

