1.439980377e-04 3.628523176e-04 1.439980377e-04 6.230433239e-04 3.628523176e-04 1.439980377e-04
1.439980377e-04 6.683796837e-18 6.230433239e-04 1.439980377e-04 6.683796837e-18 3.628523176e-04
1.439980377e-04 1.231165904e-03 1.166384105e-02 5.805637082e-03 1.439980377e-04 3.628523176e-04
2.303968603e-03 3.382399548e-02 6.683796837e-18 7.859378555e-01 1.439980377e-04 1.439980377e-04
1.439980377e-04 1.439980377e-04 1.250786593e-01 1.439980377e-04 1.439980377e-04 1.439980377e-04
6.683796837e-18 3.628523176e-04 2.794866267e-02 1.439980377e-04 3.628523176e-04 6.230433239e-04

1.099929293e-04 1.099929293e-04 1.099929293e-04 1.099929293e-04 5.105419524e-18 1.099929293e-04
1.099929293e-04 5.105419524e-18 1.099929293e-04 1.099929293e-04 1.099929293e-04 1.099929293e-04
5.105419524e-18 5.105419524e-18 3.711380508e-03 0.000000000e+00 3.362192471e-03 2.369725826e-03
2.771648140e-04 1.099929293e-04 0.000000000e+00 9.841966249e-01 5.105419524e-18 2.771648140e-04
5.105419524e-18 1.099929293e-04 6.984115668e-04 1.472862331e-03 4.759117651e-04 4.759117651e-04
5.105419524e-18 2.771648140e-04 6.984115668e-04 1.099929293e-04 2.771648140e-04 5.105419524e-18

5.282393045e-18 5.282393045e-18 5.282393045e-18 5.282393045e-18 5.282393045e-18 1.138057082e-04
5.282393045e-18 5.282393045e-18 5.282393045e-18 1.138057082e-04 5.282393045e-18 1.138057082e-04
1.138057082e-04 5.282393045e-18 1.138057082e-04 0.000000000e+00 1.240792176e-03 1.138057082e-04
2.867724148e-04 1.138057082e-04 0.000000000e+00 0.000000000e+00 0.000000000e+00 2.867724148e-04
5.282393045e-18 1.138057082e-04 9.379626012e-01 5.282393045e-18 5.781081376e-02 4.924087014e-04
5.282393045e-18 5.282393045e-18 7.226212038e-04 5.282393045e-18 2.867724148e-04 5.282393045e-18

6.219407304e-18 1.339930685e-04 5.797543363e-04 0.000000000e+00 5.797543363e-04 1.339930685e-04
6.219407304e-18 6.219407304e-18 1.339930685e-04 6.219407304e-18 1.339930685e-04 1.339930685e-04
1.339930685e-04 6.219407304e-18 1.418298312e-02 0.000000000e+00 3.077643758e-02 1.339930685e-04
1.339930685e-04 6.219407304e-18 0.000000000e+00 0.000000000e+00 0.000000000e+00 4.521193004e-03
6.219407304e-18 6.219407304e-18 5.484506082e-02 0.000000000e+00 8.646871292e-01 1.592767310e-02
6.219407304e-18 6.219407304e-18 1.249042854e-02 6.219407304e-18 3.376413751e-04 6.219407304e-18

7.848825895e-18 7.848825895e-18 5.065022249e-02 0.000000000e+00 1.073704279e-03 7.848825895e-18
7.848825895e-18 7.848825895e-18 3.883953702e-02 0.000000000e+00 1.690978279e-04 7.848825895e-18
7.848825895e-18 0.000000000e+00 7.848825895e-18 0.000000000e+00 1.493337766e-01 5.168872647e-03
9.180042456e-03 4.260998256e-04 0.000000000e+00 0.000000000e+00 0.000000000e+00 2.468711932e-02
7.848825895e-18 1.690978279e-04 5.917703812e-01 0.000000000e+00 1.056861424e-01 1.690978279e-04
7.848825895e-18 7.848825895e-18 2.160310406e-02 7.848825895e-18 1.073704279e-03 7.848825895e-18

5.293146210e-18 2.873561864e-04 1.140373781e-04 0.000000000e+00 1.140373781e-04 1.140373781e-04
5.293146210e-18 5.293146210e-18 0.000000000e+00 0.000000000e+00 5.293146210e-18 5.293146210e-18
5.293146210e-18 0.000000000e+00 0.000000000e+00 0.000000000e+00 5.379524593e-03 2.873561864e-04
7.240922161e-04 5.293146210e-18 0.000000000e+00 0.000000000e+00 0.000000000e+00 2.456860834e-03
5.293146210e-18 7.240922161e-04 9.616656861e-01 0.000000000e+00 1.989308814e-02 7.459064085e-03
5.293146210e-18 5.293146210e-18 2.873561864e-04 5.293146210e-18 4.934110789e-04 5.293146210e-18

