2.455312879e-03 7.933615123e-04 7.933615123e-04 7.933615123e-04 1.833620497e-04 1.164276443e-03
5.675972083e-01 8.510912425e-18 1.833620497e-04 1.833620497e-04 8.510912425e-18 1.833620497e-04
1.062352183e-02 4.620434124e-04 6.006623654e-02 7.836941289e-02 2.933792796e-03 4.620434124e-04
1.164276443e-03 6.110858938e-02 8.510912425e-18 0.000000000e+00 1.833620497e-04 1.833620497e-04
4.620434124e-04 1.709245564e-02 9.781529299e-02 8.510912425e-02 2.455312879e-03 1.833620497e-04
1.833620497e-04 4.620434124e-04 3.432675900e-03 4.620434124e-04 2.455312879e-03 8.510912425e-18

4.804655128e-04 8.249935733e-04 8.249935733e-04 1.210697227e-03 1.104709152e-02 1.630230065e-03
5.238382664e-03 4.804655128e-04 4.804655128e-04 2.182962548e-02 1.777394773e-02 4.664579213e-03
8.249935733e-04 4.804655128e-04 7.804481980e-02 8.850250415e-02 1.906728651e-04 9.206018826e-02
4.107922350e-03 3.569539880e-03 0.000000000e+00 0.000000000e+00 4.478754177e-02 4.107922350e-03
8.249935733e-04 6.433682231e-03 0.000000000e+00 5.921249121e-01 4.107922350e-03 2.078853538e-03
1.906728651e-04 2.553208485e-03 4.804655128e-04 4.664579213e-03 8.249935733e-04 2.553208485e-03

1.895382244e-04 1.895382244e-04 1.895382244e-04 1.895382244e-04 8.200842678e-04 4.776063972e-04
1.895382244e-04 1.895382244e-04 1.895382244e-04 1.895382244e-04 4.636821610e-03 9.609518096e-03
1.895382244e-04 1.895382244e-04 8.915081259e-02 1.813015026e-01 0.000000000e+00 3.678758392e-02
4.776063972e-04 1.203492707e-03 0.000000000e+00 0.000000000e+00 2.365860866e-01 3.033752585e-02
1.895382244e-04 3.491323943e-02 0.000000000e+00 0.000000000e+00 1.895382244e-04 8.200842678e-04
1.895382244e-04 4.776063972e-04 7.641702355e-03 3.604846623e-01 1.895382244e-04 1.620529023e-03

1.282893971e-04 1.282893971e-04 1.282893971e-04 1.282893971e-04 1.282893971e-04 3.232690238e-04
1.282893971e-04 1.282893971e-04 1.282893971e-04 1.282893971e-04 1.096858916e-03 4.745832902e-03
1.282893971e-04 1.282893971e-04 1.717861517e-03 0.000000000e+00 0.000000000e+00 1.096858916e-03
5.550759835e-04 1.236665471e-01 0.000000000e+00 0.000000000e+00 8.555904201e-01 2.401674296e-03
1.282893971e-04 1.282893971e-04 0.000000000e+00 0.000000000e+00 0.000000000e+00 1.282893971e-04
1.282893971e-04 1.096858916e-03 2.763911275e-03 2.763911275e-03 1.282893971e-04 1.282893971e-04

