1.439980377e-04 3.628523176e-04 1.439980377e-04 6.230433239e-04 3.628523176e-04 1.439980377e-04
1.439980377e-04 6.683796837e-18 6.230433239e-04 1.439980377e-04 6.683796837e-18 3.628523176e-04
1.439980377e-04 1.231165904e-03 1.166384105e-02 5.805637082e-03 1.439980377e-04 3.628523176e-04
2.303968603e-03 3.382399548e-02 6.683796837e-18 7.859378555e-01 1.439980377e-04 1.439980377e-04
1.439980377e-04 1.439980377e-04 1.250786593e-01 1.439980377e-04 1.439980377e-04 1.439980377e-04
6.683796837e-18 3.628523176e-04 2.794866267e-02 1.439980377e-04 3.628523176e-04 6.230433239e-04

1.099929293e-04 1.099929293e-04 1.099929293e-04 1.099929293e-04 5.105419524e-18 1.099929293e-04
1.099929293e-04 5.105419524e-18 1.099929293e-04 1.099929293e-04 1.099929293e-04 1.099929293e-04
5.105419524e-18 5.105419524e-18 3.711380508e-03 0.000000000e+00 3.362192471e-03 2.369725826e-03
2.771648140e-04 1.099929293e-04 0.000000000e+00 9.841966249e-01 5.105419524e-18 2.771648140e-04
5.105419524e-18 1.099929293e-04 6.984115668e-04 1.472862331e-03 4.759117651e-04 4.759117651e-04
5.105419524e-18 2.771648140e-04 6.984115668e-04 1.099929293e-04 2.771648140e-04 5.105419524e-18

5.282393045e-18 5.282393045e-18 5.282393045e-18 5.282393045e-18 5.282393045e-18 1.138057082e-04
5.282393045e-18 5.282393045e-18 5.282393045e-18 1.138057082e-04 5.282393045e-18 1.138057082e-04
1.138057082e-04 5.282393045e-18 1.138057082e-04 0.000000000e+00 1.240792176e-03 1.138057082e-04
2.867724148e-04 1.138057082e-04 0.000000000e+00 0.000000000e+00 0.000000000e+00 2.867724148e-04
5.282393045e-18 1.138057082e-04 9.379626012e-01 5.282393045e-18 5.781081376e-02 4.924087014e-04
5.282393045e-18 5.282393045e-18 7.226212038e-04 5.282393045e-18 2.867724148e-04 5.282393045e-18

5.307045798e-18 5.307045798e-18 1.143368357e-04 1.143368357e-04 5.307045798e-18 5.307045798e-18
5.307045798e-18 5.307045798e-18 1.531029488e-03 1.143368357e-04 5.307045798e-18 5.307045798e-18
5.307045798e-18 0.000000000e+00 5.307045798e-18 0.000000000e+00 2.276253683e-02 2.140471821e-03
1.143368357e-04 2.881107721e-04 0.000000000e+00 0.000000000e+00 0.000000000e+00 2.881107721e-04
5.307045798e-18 1.143368357e-04 9.568934302e-01 0.000000000e+00 1.359114888e-02 1.143368357e-04
5.307045798e-18 5.307045798e-18 1.531029488e-03 5.307045798e-18 2.881107721e-04 5.307045798e-18

7.915166377e-18 7.915166377e-18 2.332777780e-02 0.000000000e+00 1.082779529e-03 7.915166377e-18
7.915166377e-18 7.915166377e-18 3.363945850e-01 7.915166377e-18 1.705270902e-04 7.915166377e-18
7.915166377e-18 0.000000000e+00 0.000000000e+00 0.000000000e+00 1.111509030e-01 4.684914933e-03
2.283446118e-03 7.915166377e-18 0.000000000e+00 0.000000000e+00 0.000000000e+00 7.454043851e-03
7.915166377e-18 1.705270902e-04 3.168414281e-01 0.000000000e+00 1.915118661e-01 1.705270902e-04
7.915166377e-18 7.915166377e-18 3.673894787e-03 7.915166377e-18 1.082779529e-03 7.915166377e-18

1.418912841e-04 1.418912841e-04 1.418912841e-04 0.000000000e+00 1.418912841e-04 1.418912841e-04
1.418912841e-04 6.586009996e-18 0.000000000e+00 0.000000000e+00 1.418912841e-04 6.586009996e-18
3.575436312e-04 0.000000000e+00 0.000000000e+00 0.000000000e+00 2.406686542e-02 1.418912841e-04
6.586009996e-18 4.787694528e-03 0.000000000e+00 0.000000000e+00 0.000000000e+00 3.575436312e-04
1.418912841e-04 1.418912841e-04 6.894768652e-01 0.000000000e+00 3.481860000e-02 2.403039750e-01
1.213153414e-03 6.586009996e-18 3.056955046e-03 6.586009996e-18 1.418912841e-04 6.586009996e-18

4.786214451e-18 4.786214451e-18 4.786214451e-18 0.000000000e+00 4.786214451e-18 4.786214451e-18
4.786214451e-18 4.786214451e-18 0.000000000e+00 0.000000000e+00 4.786214451e-18 4.786214451e-18
4.786214451e-18 0.000000000e+00 0.000000000e+00 0.000000000e+00 4.786214451e-18 4.786214451e-18
0.000000000e+00 0.000000000e+00 0.000000000e+00 0.000000000e+00 0.000000000e+00 4.786214451e-18
1.031158645e-04 4.786214451e-18 9.928428371e-01 0.000000000e+00 1.031158645e-04 1.031158645e-04
4.786214451e-18 4.786214451e-18 6.744699447e-03 4.786214451e-18 1.031158645e-04 4.786214451e-18

4.975673287e-18 0.000000000e+00 2.744259363e-02 0.000000000e+00 4.975673287e-18 4.975673287e-18
4.975673287e-18 4.975673287e-18 0.000000000e+00 0.000000000e+00 4.975673287e-18 4.975673287e-18
4.975673287e-18 0.000000000e+00 0.000000000e+00 0.000000000e+00 4.975673287e-18 4.975673287e-18
0.000000000e+00 0.000000000e+00 0.000000000e+00 0.000000000e+00 0.000000000e+00 4.975673287e-18
4.975673287e-18 0.000000000e+00 9.717162704e-01 0.000000000e+00 4.638172133e-04 4.975673287e-18
4.975673287e-18 4.975673287e-18 2.701211045e-04 4.975673287e-18 1.071976314e-04 4.975673287e-18

6.552815287e-02 0.000000000e+00 2.271418748e-04 0.000000000e+00 1.404514152e-01 2.271418748e-04
1.762193733e-01 0.000000000e+00 0.000000000e+00 0.000000000e+00 2.271418748e-04 4.866475882e-02
5.217148776e-02 0.000000000e+00 0.000000000e+00 0.000000000e+00 7.569897686e-02 1.942035712e-03
0.000000000e+00 0.000000000e+00 0.000000000e+00 0.000000000e+00 0.000000000e+00 2.271418748e-04
7.699573358e-02 0.000000000e+00 0.000000000e+00 0.000000000e+00 5.694006239e-02 6.428297887e-02
6.803627606e-02 2.271418748e-04 2.271418748e-04 1.096680629e-01 6.181069256e-02 2.271418748e-04

2.609284915e-02 0.000000000e+00 0.000000000e+00 0.000000000e+00 1.795601837e-02 4.983058146e-03
7.566670429e-18 0.000000000e+00 0.000000000e+00 0.000000000e+00 1.630189726e-04 7.566670429e-18
4.973574548e-02 0.000000000e+00 0.000000000e+00 0.000000000e+00 0.000000000e+00 9.971908856e-02
0.000000000e+00 0.000000000e+00 0.000000000e+00 0.000000000e+00 0.000000000e+00 1.777350793e-03
6.834212045e-01 0.000000000e+00 0.000000000e+00 0.000000000e+00 5.997135570e-02 7.566670429e-18
3.914514731e-02 7.566670429e-18 7.566670429e-18 1.255651970e-02 4.478643354e-03 7.566670429e-18

