5.308496143e-04 5.308496143e-04 2.106678091e-04 5.308496143e-04 2.106678091e-04 5.308496143e-04
1.068078025e-02 2.106678091e-04 2.106678091e-04 2.106678091e-04 2.106678091e-04 9.115066712e-04
2.106678091e-04 5.308496143e-04 1.302648045e-01 0.000000000e+00 9.115066712e-04 1.337657207e-03
2.411879305e-02 1.952887479e-01 7.627267331e-02 1.298658871e-02 2.820951148e-03 5.308496143e-04
7.873299027e-02 9.778333500e-18 5.505743661e-02 2.106678091e-04 2.106678091e-04 1.801184431e-03
5.308496143e-04 3.072421880e-01 8.121268119e-02 7.108351464e-03 7.108351464e-03 5.308496143e-04

9.487162851e-18 9.487162851e-18 2.043947276e-04 2.228459211e-03 5.150424395e-04 5.150424395e-04
1.036273733e-02 6.247805368e-03 1.485845784e-01 5.150424395e-04 2.228459211e-03 8.843646240e-04
9.487162851e-18 0.000000000e+00 9.487162851e-18 0.000000000e+00 9.487162851e-18 4.403550915e-03
2.736951336e-03 2.015981671e-01 1.156326134e-01 1.304792095e-01 9.487162851e-18 9.487162851e-18
6.247805368e-03 0.000000000e+00 1.457611560e-01 9.487162851e-18 9.487162851e-18 1.297825622e-03
6.247805368e-03 2.046584553e-01 1.297825622e-03 2.228459211e-03 3.826423497e-03 1.297825622e-03

1.791968999e-04 1.791968999e-04 1.791968999e-04 1.791968999e-04 1.791968999e-04 1.532111942e-03
1.532111942e-03 1.791968999e-04 1.309937285e-02 1.791968999e-04 7.753399555e-04 2.399539363e-03
1.791968999e-04 0.000000000e+00 0.000000000e+00 0.000000000e+00 1.791968999e-04 1.953734262e-03
2.399539363e-03 1.957350615e-01 0.000000000e+00 5.567233691e-02 1.791968999e-04 1.791968999e-04
1.953734262e-03 0.000000000e+00 1.943626884e-01 8.317583294e-18 6.046460308e-03 2.399539363e-03
1.953734262e-03 1.791968999e-04 4.521305186e-01 6.177088279e-02 1.953734262e-03 1.791968999e-04

5.358363650e-18 5.358363650e-18 1.154424453e-04 4.994904514e-04 4.994904514e-04 5.358363650e-18
1.154424453e-04 5.358363650e-18 2.908967338e-04 7.330138365e-04 0.000000000e+00 2.161169667e-03
5.358363650e-18 0.000000000e+00 0.000000000e+00 0.000000000e+00 1.154424453e-04 2.824158699e-03
1.258637068e-03 1.271561608e-02 0.000000000e+00 1.154424453e-04 5.358363650e-18 1.154424453e-04
1.258637068e-03 0.000000000e+00 9.676188621e-01 0.000000000e+00 5.358363650e-18 1.847079125e-03
9.870190235e-04 1.154424453e-04 3.895258031e-03 2.487132089e-03 1.154424453e-04 1.154424453e-04

4.819337450e-18 4.819337450e-18 4.819337450e-18 4.819337450e-18 4.819337450e-18 0.000000000e+00
4.819337450e-18 4.819337450e-18 4.819337450e-18 0.000000000e+00 0.000000000e+00 1.038294779e-04
4.819337450e-18 0.000000000e+00 0.000000000e+00 0.000000000e+00 4.819337450e-18 4.819337450e-18
4.819337450e-18 2.852521971e-03 0.000000000e+00 2.236938290e-03 4.819337450e-18 4.819337450e-18
1.943766155e-03 0.000000000e+00 4.819337450e-18 0.000000000e+00 4.819337450e-18 4.819337450e-18
4.819337450e-18 4.819337450e-18 9.928629441e-01 4.819337450e-18 4.819337450e-18 4.819337450e-18

5.022312108e-18 5.022312108e-18 5.022312108e-18 5.022312108e-18 5.022312108e-18 0.000000000e+00
5.022312108e-18 5.022312108e-18 5.022312108e-18 0.000000000e+00 0.000000000e+00 1.082024343e-04
5.022312108e-18 0.000000000e+00 0.000000000e+00 0.000000000e+00 5.022312108e-18 5.022312108e-18
1.082024343e-04 1.008630363e-02 0.000000000e+00 1.082024343e-04 5.022312108e-18 5.022312108e-18
5.022312108e-18 0.000000000e+00 0.000000000e+00 0.000000000e+00 0.000000000e+00 5.022312108e-18
5.022312108e-18 1.579681088e-02 9.737922782e-01 5.022312108e-18 5.022312108e-18 5.022312108e-18

