1.439980377e-04 3.628523176e-04 1.439980377e-04 6.230433239e-04 3.628523176e-04 1.439980377e-04
1.439980377e-04 6.683796837e-18 6.230433239e-04 1.439980377e-04 6.683796837e-18 3.628523176e-04
1.439980377e-04 1.231165904e-03 1.166384105e-02 5.805637082e-03 1.439980377e-04 3.628523176e-04
2.303968603e-03 3.382399548e-02 6.683796837e-18 7.859378555e-01 1.439980377e-04 1.439980377e-04
1.439980377e-04 1.439980377e-04 1.250786593e-01 1.439980377e-04 1.439980377e-04 1.439980377e-04
6.683796837e-18 3.628523176e-04 2.794866267e-02 1.439980377e-04 3.628523176e-04 6.230433239e-04

6.432952058e-18 6.432952058e-18 6.432952058e-18 1.385937507e-04 6.432952058e-18 6.432952058e-18
6.432952058e-18 6.432952058e-18 6.432952058e-18 6.432952058e-18 6.432952058e-18 6.432952058e-18
6.432952058e-18 1.511049351e-03 4.964227044e-01 0.000000000e+00 6.432952058e-18 6.432952058e-18
4.540052169e-01 6.432952058e-18 0.000000000e+00 3.998290713e-02 6.432952058e-18 6.432952058e-18
6.432952058e-18 4.676429187e-03 2.985911844e-03 6.432952058e-18 6.432952058e-18 6.432952058e-18
6.432952058e-18 1.385937507e-04 1.385937507e-04 6.432952058e-18 6.432952058e-18 6.432952058e-18

5.977779004e-18 5.977779004e-18 5.977779004e-18 5.977779004e-18 5.977779004e-18 5.977779004e-18
5.977779004e-18 5.977779004e-18 5.977779004e-18 5.977779004e-18 5.977779004e-18 5.977779004e-18
4.345541511e-03 2.632517701e-01 3.150625392e-03 0.000000000e+00 0.000000000e+00 5.977779004e-18
5.977779004e-18 0.000000000e+00 0.000000000e+00 1.101116307e-03 5.977779004e-18 5.977779004e-18
3.936687958e-03 7.236570282e-01 5.977779004e-18 5.977779004e-18 5.977779004e-18 5.977779004e-18
5.572304770e-04 5.977779004e-18 5.977779004e-18 5.977779004e-18 5.977779004e-18 5.977779004e-18

4.647784847e-18 4.647784847e-18 4.647784847e-18 4.647784847e-18 4.647784847e-18 4.647784847e-18
4.647784847e-18 4.647784847e-18 4.647784847e-18 4.647784847e-18 4.647784847e-18 4.647784847e-18
4.647784847e-18 1.000000000e+00 0.000000000e+00 0.000000000e+00 0.000000000e+00 4.647784847e-18
0.000000000e+00 0.000000000e+00 0.000000000e+00 4.647784847e-18 4.647784847e-18 4.647784847e-18
4.647784847e-18 4.647784847e-18 4.647784847e-18 4.647784847e-18 4.647784847e-18 4.647784847e-18
4.647784847e-18 4.647784847e-18 4.647784847e-18 4.647784847e-18 4.647784847e-18 4.647784847e-18

