8.228047915e-18 8.228047915e-18 8.228047915e-18 8.228047915e-18 8.228047915e-18 8.228047915e-18
8.228047915e-18 8.228047915e-18 9.684296332e-02 2.373709304e-03 4.466871642e-04 8.228047915e-18
8.228047915e-18 6.938629661e-02 2.325798772e-01 3.797934887e-02 8.228047915e-18 8.228047915e-18
8.228047915e-18 4.466871642e-04 8.228047915e-18 4.405755209e-01 5.907761428e-02 8.228047915e-18
8.228047915e-18 4.466871642e-04 7.669937383e-04 5.907761428e-02 8.228047915e-18 8.228047915e-18
8.228047915e-18 8.228047915e-18 8.228047915e-18 8.228047915e-18 8.228047915e-18 8.228047915e-18

5.445501693e-18 5.445501693e-18 5.445501693e-18 5.445501693e-18 5.445501693e-18 5.445501693e-18
5.445501693e-18 5.445501693e-18 1.003069988e-03 5.445501693e-18 0.000000000e+00 5.445501693e-18
5.445501693e-18 5.445501693e-18 9.121753803e-01 5.445501693e-18 5.445501693e-18 5.445501693e-18
5.445501693e-18 5.445501693e-18 0.000000000e+00 6.108574778e-02 5.445501693e-18 5.445501693e-18
5.445501693e-18 5.445501693e-18 5.445501693e-18 5.445501693e-18 5.445501693e-18 5.445501693e-18
5.445501693e-18 5.445501693e-18 2.573580190e-02 5.445501693e-18 5.445501693e-18 5.445501693e-18

5.387019506e-18 5.387019506e-18 5.387019506e-18 5.387019506e-18 5.387019506e-18 5.387019506e-18
5.387019506e-18 5.387019506e-18 0.000000000e+00 1.294468918e-01 0.000000000e+00 5.387019506e-18
5.387019506e-18 5.387019506e-18 5.387019506e-18 5.387019506e-18 5.387019506e-18 5.387019506e-18
5.387019506e-18 5.387019506e-18 0.000000000e+00 5.387019506e-18 5.387019506e-18 5.387019506e-18
5.387019506e-18 5.387019506e-18 0.000000000e+00 5.387019506e-18 5.387019506e-18 5.387019506e-18
5.387019506e-18 5.387019506e-18 8.705531082e-01 5.387019506e-18 5.387019506e-18 5.387019506e-18

5.989409237e-18 5.989409237e-18 5.989409237e-18 5.989409237e-18 5.989409237e-18 5.989409237e-18
5.989409237e-18 5.989409237e-18 0.000000000e+00 8.142573078e-01 0.000000000e+00 5.989409237e-18
5.989409237e-18 2.780037503e-03 0.000000000e+00 5.989409237e-18 5.989409237e-18 5.989409237e-18
4.773522787e-03 5.989409237e-18 0.000000000e+00 1.399586443e-01 2.415687028e-03 5.989409237e-18
5.989409237e-18 5.989409237e-18 0.000000000e+00 5.989409237e-18 5.989409237e-18 5.989409237e-18
5.989409237e-18 5.989409237e-18 0.000000000e+00 3.581480066e-02 5.989409237e-18 5.989409237e-18

3.609445831e-02 3.609445831e-02 3.609445831e-02 3.609445831e-02 3.609445831e-02 3.609445831e-02
3.609445831e-02 3.609445831e-02 0.000000000e+00 0.000000000e+00 0.000000000e+00 3.609445831e-02
3.609445831e-02 3.609445831e-02 0.000000000e+00 3.609445831e-02 3.609445831e-02 3.609445831e-02
3.609445831e-02 0.000000000e+00 0.000000000e+00 3.609445831e-02 3.609445831e-02 3.609445831e-02
3.609445831e-02 3.609445831e-02 0.000000000e+00 3.476385421e-02 3.476385421e-02 3.476385421e-02
3.476385421e-02 3.476385421e-02 0.000000000e+00 3.476385421e-02 3.476385421e-02 3.476385421e-02

