6.982442023e-18 6.982442023e-18 6.982442023e-18 6.982442023e-18 1.504321532e-04 6.982442023e-18
6.982442023e-18 6.982442023e-18 1.921846957e-02 1.504321532e-04 6.982442023e-18 6.982442023e-18
6.982442023e-18 2.496348047e-01 5.710471127e-02 0.000000000e+00 1.504321532e-04 6.982442023e-18
1.504321532e-04 9.551846327e-04 6.982442023e-18 4.012354089e-02 7.096387874e-03 6.982442023e-18
6.982442023e-18 1.504321532e-04 3.790652727e-04 6.242061776e-01 1.504321532e-04 6.982442023e-18
6.982442023e-18 6.982442023e-18 3.790652727e-04 6.982442023e-18 6.982442023e-18 6.982442023e-18

4.764638410e-18 4.764638410e-18 2.586643688e-04 4.764638410e-18 4.764638410e-18 4.764638410e-18
4.764638410e-18 4.764638410e-18 4.764638410e-18 4.764638410e-18 4.764638410e-18 4.764638410e-18
4.764638410e-18 4.764638410e-18 9.937940015e-01 0.000000000e+00 4.764638410e-18 4.764638410e-18
4.764638410e-18 4.764638410e-18 0.000000000e+00 4.764638410e-18 0.000000000e+00 4.764638410e-18
4.764638410e-18 4.764638410e-18 4.764638410e-18 5.947334157e-03 4.764638410e-18 4.764638410e-18
4.764638410e-18 4.764638410e-18 4.764638410e-18 4.764638410e-18 4.764638410e-18 4.764638410e-18

1.308053814e-04 1.308053814e-04 1.308053814e-04 1.308053814e-04 1.308053814e-04 1.308053814e-04
3.296089068e-04 1.308053814e-04 0.000000000e+00 5.554009310e-01 1.308053814e-04 1.308053814e-04
1.308053814e-04 4.404081058e-01 0.000000000e+00 0.000000000e+00 1.308053814e-04 1.308053814e-04
1.308053814e-04 1.308053814e-04 0.000000000e+00 1.308053814e-04 0.000000000e+00 1.308053814e-04
1.308053814e-04 1.308053814e-04 1.308053814e-04 3.296089068e-04 1.308053814e-04 1.308053814e-04
1.308053814e-04 1.308053814e-04 1.308053814e-04 1.308053814e-04 1.308053814e-04 1.308053814e-04

1.814910607e-04 7.852662131e-04 1.814910607e-04 1.814910607e-04 1.814910607e-04 1.978746863e-03
3.467786588e-01 1.617034315e-02 0.000000000e+00 1.669080182e-01 2.430259366e-03 1.978746863e-03
4.573288156e-04 0.000000000e+00 0.000000000e+00 0.000000000e+00 0.000000000e+00 4.573288156e-04
3.709824375e-01 6.123869864e-03 0.000000000e+00 1.051512158e-02 0.000000000e+00 7.852662131e-04
1.814910607e-04 2.430259366e-03 2.318640234e-02 2.903856972e-03 2.430259366e-03 2.400350792e-02
1.551726742e-03 7.852662131e-04 1.256425941e-02 1.551726742e-03 1.152396403e-03 1.814910607e-04

1.093166884e-04 1.093166884e-04 1.093166884e-04 1.093166884e-04 2.754607936e-04 1.093166884e-04
1.093166884e-04 1.545485527e-02 0.000000000e+00 9.795636040e-01 1.093166884e-04 1.093166884e-04
0.000000000e+00 0.000000000e+00 0.000000000e+00 0.000000000e+00 0.000000000e+00 1.093166884e-04
4.729858406e-04 1.093166884e-04 0.000000000e+00 0.000000000e+00 0.000000000e+00 1.093166884e-04
1.093166884e-04 1.093166884e-04 1.093166884e-04 1.093166884e-04 4.729858406e-04 4.729858406e-04
1.093166884e-04 1.093166884e-04 9.346445386e-04 2.754607936e-04 1.093166884e-04 1.093166884e-04

4.000000000e-02 4.000000000e-02 4.000000000e-02 4.000000000e-02 4.000000000e-02 4.000000000e-02
4.000000000e-02 4.000000000e-02 0.000000000e+00 0.000000000e+00 0.000000000e+00 4.000000000e-02
0.000000000e+00 0.000000000e+00 0.000000000e+00 0.000000000e+00 0.000000000e+00 4.000000000e-02
4.000000000e-02 4.000000000e-02 0.000000000e+00 0.000000000e+00 0.000000000e+00 4.000000000e-02
4.000000000e-02 4.000000000e-02 4.000000000e-02 4.000000000e-02 4.000000000e-02 4.000000000e-02
4.000000000e-02 4.000000000e-02 4.000000000e-02 4.000000000e-02 4.000000000e-02 4.000000000e-02

