8.228047915e-18 8.228047915e-18 8.228047915e-18 8.228047915e-18 8.228047915e-18 8.228047915e-18
8.228047915e-18 8.228047915e-18 9.684296332e-02 2.373709304e-03 4.466871642e-04 8.228047915e-18
8.228047915e-18 6.938629661e-02 2.325798772e-01 3.797934887e-02 8.228047915e-18 8.228047915e-18
8.228047915e-18 4.466871642e-04 8.228047915e-18 4.405755209e-01 5.907761428e-02 8.228047915e-18
8.228047915e-18 4.466871642e-04 7.669937383e-04 5.907761428e-02 8.228047915e-18 8.228047915e-18
8.228047915e-18 8.228047915e-18 8.228047915e-18 8.228047915e-18 8.228047915e-18 8.228047915e-18

5.431494301e-18 5.431494301e-18 5.431494301e-18 5.431494301e-18 5.431494301e-18 5.431494301e-18
5.431494301e-18 5.431494301e-18 1.067571027e-01 5.431494301e-18 5.431494301e-18 5.431494301e-18
5.431494301e-18 5.431494301e-18 5.431494301e-18 5.431494301e-18 5.431494301e-18 5.431494301e-18
5.431494301e-18 5.431494301e-18 0.000000000e+00 0.000000000e+00 5.431494301e-18 5.431494301e-18
5.431494301e-18 5.431494301e-18 8.864631779e-01 5.431494301e-18 5.431494301e-18 5.431494301e-18
5.431494301e-18 5.431494301e-18 6.779719424e-03 5.431494301e-18 5.431494301e-18 5.431494301e-18

5.758180947e-18 5.758180947e-18 5.758180947e-18 5.758180947e-18 5.758180947e-18 5.758180947e-18
5.758180947e-18 5.758180947e-18 3.200590183e-01 5.758180947e-18 5.758180947e-18 5.758180947e-18
5.758180947e-18 5.758180947e-18 0.000000000e+00 5.758180947e-18 5.758180947e-18 5.758180947e-18
5.758180947e-18 5.758180947e-18 0.000000000e+00 0.000000000e+00 0.000000000e+00 5.758180947e-18
5.758180947e-18 5.758180947e-18 5.758180947e-18 5.758180947e-18 5.758180947e-18 5.758180947e-18
5.758180947e-18 5.758180947e-18 6.799409817e-01 5.758180947e-18 5.758180947e-18 5.758180947e-18

6.051394803e-18 6.051394803e-18 7.553493867e-03 6.051394803e-18 6.051394803e-18 6.051394803e-18
6.051394803e-18 6.051394803e-18 6.774190167e-01 5.698852061e-03 6.051394803e-18 6.051394803e-18
6.051394803e-18 6.051394803e-18 0.000000000e+00 6.051394803e-18 0.000000000e+00 6.051394803e-18
6.051394803e-18 6.051394803e-18 0.000000000e+00 0.000000000e+00 0.000000000e+00 6.051394803e-18
6.051394803e-18 6.051394803e-18 0.000000000e+00 6.051394803e-18 6.051394803e-18 6.051394803e-18
6.051394803e-18 6.051394803e-18 3.057468719e-01 3.581765503e-03 6.051394803e-18 6.051394803e-18

