1.439980377e-04 3.628523176e-04 1.439980377e-04 6.230433239e-04 3.628523176e-04 1.439980377e-04
1.439980377e-04 6.683796837e-18 6.230433239e-04 1.439980377e-04 6.683796837e-18 3.628523176e-04
1.439980377e-04 1.231165904e-03 1.166384105e-02 5.805637082e-03 1.439980377e-04 3.628523176e-04
2.303968603e-03 3.382399548e-02 6.683796837e-18 7.859378555e-01 1.439980377e-04 1.439980377e-04
1.439980377e-04 1.439980377e-04 1.250786593e-01 1.439980377e-04 1.439980377e-04 1.439980377e-04
6.683796837e-18 3.628523176e-04 2.794866267e-02 1.439980377e-04 3.628523176e-04 6.230433239e-04

7.009117123e-18 7.009117123e-18 3.694198526e-03 7.009117123e-18 7.009117123e-18 7.009117123e-18
7.009117123e-18 7.009117123e-18 5.032565709e-02 1.510068508e-04 7.009117123e-18 1.510068508e-04
2.826962167e-03 5.770033609e-01 7.009117123e-18 1.108210177e-01 7.009117123e-18 1.510068508e-04
7.009117123e-18 1.510068508e-04 0.000000000e+00 0.000000000e+00 1.510068508e-04 1.510068508e-04
7.009117123e-18 7.009117123e-18 2.531619151e-01 9.588337351e-04 7.009117123e-18 7.009117123e-18
7.009117123e-18 7.009117123e-18 1.510068508e-04 1.510068508e-04 7.009117123e-18 7.009117123e-18

5.119058040e-18 5.119058040e-18 2.376056264e-03 5.119058040e-18 5.119058040e-18 5.119058040e-18
5.119058040e-18 5.119058040e-18 5.119058040e-18 5.119058040e-18 5.119058040e-18 5.119058040e-18
5.119058040e-18 4.780663700e-02 0.000000000e+00 9.498173067e-01 5.119058040e-18 0.000000000e+00
5.119058040e-18 5.119058040e-18 0.000000000e+00 0.000000000e+00 5.119058040e-18 5.119058040e-18
5.119058040e-18 5.119058040e-18 5.119058040e-18 5.119058040e-18 5.119058040e-18 5.119058040e-18
5.119058040e-18 5.119058040e-18 5.119058040e-18 5.119058040e-18 5.119058040e-18 5.119058040e-18

8.029604780e-18 8.029604780e-18 2.637630391e-01 8.029604780e-18 8.029604780e-18 8.029604780e-18
8.029604780e-18 1.104330663e-01 0.000000000e+00 1.745145109e-01 8.029604780e-18 3.727012389e-03
3.929060356e-01 8.029604780e-18 0.000000000e+00 0.000000000e+00 1.980545825e-02 0.000000000e+00
8.029604780e-18 9.391482723e-03 0.000000000e+00 0.000000000e+00 8.029604780e-18 4.752649983e-03
8.029604780e-18 8.029604780e-18 9.391482723e-03 8.029604780e-18 8.029604780e-18 8.029604780e-18
8.029604780e-18 8.029604780e-18 8.029604780e-18 1.131526209e-02 8.029604780e-18 8.029604780e-18

