8.228047915e-18 8.228047915e-18 8.228047915e-18 8.228047915e-18 8.228047915e-18 8.228047915e-18
8.228047915e-18 8.228047915e-18 9.684296332e-02 2.373709304e-03 4.466871642e-04 8.228047915e-18
8.228047915e-18 6.938629661e-02 2.325798772e-01 3.797934887e-02 8.228047915e-18 8.228047915e-18
8.228047915e-18 4.466871642e-04 8.228047915e-18 4.405755209e-01 5.907761428e-02 8.228047915e-18
8.228047915e-18 4.466871642e-04 7.669937383e-04 5.907761428e-02 8.228047915e-18 8.228047915e-18
8.228047915e-18 8.228047915e-18 8.228047915e-18 8.228047915e-18 8.228047915e-18 8.228047915e-18

6.034122473e-18 6.034122473e-18 6.034122473e-18 6.034122473e-18 6.034122473e-18 6.034122473e-18
6.034122473e-18 6.034122473e-18 6.034122473e-18 6.034122473e-18 6.034122473e-18 6.034122473e-18
6.034122473e-18 6.034122473e-18 0.000000000e+00 1.370386564e-01 6.034122473e-18 6.034122473e-18
3.571542168e-03 7.849973958e-01 0.000000000e+00 6.034122473e-18 7.439240567e-02 6.034122473e-18
6.034122473e-18 6.034122473e-18 6.034122473e-18 6.034122473e-18 6.034122473e-18 6.034122473e-18
6.034122473e-18 6.034122473e-18 6.034122473e-18 6.034122473e-18 6.034122473e-18 6.034122473e-18

5.146899923e-18 5.146899923e-18 5.146899923e-18 5.146899923e-18 5.146899923e-18 5.146899923e-18
5.146899923e-18 5.146899923e-18 5.146899923e-18 5.146899923e-18 5.146899923e-18 5.146899923e-18
5.146899923e-18 5.146899923e-18 0.000000000e+00 5.146899923e-18 5.146899923e-18 5.146899923e-18
6.490452945e-02 5.146899923e-18 0.000000000e+00 0.000000000e+00 9.350954706e-01 5.146899923e-18
5.146899923e-18 5.146899923e-18 5.146899923e-18 0.000000000e+00 5.146899923e-18 5.146899923e-18
5.146899923e-18 5.146899923e-18 5.146899923e-18 5.146899923e-18 5.146899923e-18 5.146899923e-18

5.677572766e-18 5.677572766e-18 5.677572766e-18 5.677572766e-18 5.677572766e-18 5.677572766e-18
5.677572766e-18 5.677572766e-18 0.000000000e+00 5.677572766e-18 5.677572766e-18 5.677572766e-18
5.677572766e-18 5.677572766e-18 0.000000000e+00 5.677572766e-18 5.677572766e-18 5.677572766e-18
2.599492043e-01 0.000000000e+00 0.000000000e+00 0.000000000e+00 7.400507957e-01 5.677572766e-18
5.677572766e-18 5.677572766e-18 5.677572766e-18 0.000000000e+00 5.677572766e-18 5.677572766e-18
5.677572766e-18 5.677572766e-18 5.677572766e-18 5.677572766e-18 5.677572766e-18 5.677572766e-18

