1.439980377e-04 3.628523176e-04 1.439980377e-04 6.230433239e-04 3.628523176e-04 1.439980377e-04
1.439980377e-04 6.683796837e-18 6.230433239e-04 1.439980377e-04 6.683796837e-18 3.628523176e-04
1.439980377e-04 1.231165904e-03 1.166384105e-02 5.805637082e-03 1.439980377e-04 3.628523176e-04
2.303968603e-03 3.382399548e-02 6.683796837e-18 7.859378555e-01 1.439980377e-04 1.439980377e-04
1.439980377e-04 1.439980377e-04 1.250786593e-01 1.439980377e-04 1.439980377e-04 1.439980377e-04
6.683796837e-18 3.628523176e-04 2.794866267e-02 1.439980377e-04 3.628523176e-04 6.230433239e-04

5.548763444e-18 1.195444845e-04 1.195444845e-04 1.195444845e-04 1.195444845e-04 0.000000000e+00
1.195444845e-04 5.548763444e-18 1.195444845e-04 5.548763444e-18 1.195444845e-04 3.012332249e-04
5.548763444e-18 1.195444845e-04 1.195444845e-04 9.219966093e-01 2.924510088e-03 1.022090965e-03
1.195444845e-04 1.195444845e-04 0.000000000e+00 6.377153176e-02 5.548763444e-18 1.195444845e-04
5.548763444e-18 5.548763444e-18 5.225503049e-03 1.195444845e-04 1.303360467e-03 1.195444845e-04
5.548763444e-18 1.195444845e-04 1.303360467e-03 1.195444845e-04 1.195444845e-04 1.195444845e-04

6.619606602e-18 6.170597043e-04 1.042522712e-02 9.055494452e-04 1.426151010e-04 0.000000000e+00
6.619606602e-18 3.593675355e-04 6.619606602e-18 1.426151010e-04 1.426151010e-04 3.593675355e-04
3.593675355e-04 6.619606602e-18 5.255899287e-01 4.273386870e-01 9.055494452e-04 2.697278238e-02
1.426151010e-04 6.619606602e-18 0.000000000e+00 0.000000000e+00 0.000000000e+00 2.281841616e-03
3.593675355e-04 6.619606602e-18 6.170597043e-04 1.426151010e-04 6.170597043e-04 3.593675355e-04
6.619606602e-18 6.619606602e-18 1.219341961e-03 6.619606602e-18 6.619606602e-18 6.619606602e-18

6.278473434e-18 6.278473434e-18 2.165064036e-02 6.278473434e-18 6.278473434e-18 0.000000000e+00
6.278473434e-18 6.278473434e-18 0.000000000e+00 1.431767986e-02 6.278473434e-18 6.278473434e-18
6.278473434e-18 5.439711893e-01 6.278473434e-18 4.200604905e-01 0.000000000e+00 6.278473434e-18
6.278473434e-18 6.278473434e-18 0.000000000e+00 0.000000000e+00 0.000000000e+00 6.278473434e-18
6.278473434e-18 6.278473434e-18 6.278473434e-18 6.278473434e-18 6.278473434e-18 6.278473434e-18
6.278473434e-18 6.278473434e-18 6.278473434e-18 6.278473434e-18 6.278473434e-18 6.278473434e-18

5.371652001e-18 5.371652001e-18 5.371652001e-18 5.371652001e-18 5.371652001e-18 0.000000000e+00
5.371652001e-18 5.459311513e-03 0.000000000e+00 7.079153857e-02 5.371652001e-18 5.371652001e-18
5.371652001e-18 5.058709781e-03 0.000000000e+00 9.186904401e-01 0.000000000e+00 5.371652001e-18
5.371652001e-18 5.371652001e-18 0.000000000e+00 0.000000000e+00 0.000000000e+00 5.371652001e-18
5.371652001e-18 5.371652001e-18 0.000000000e+00 5.371652001e-18 5.371652001e-18 5.371652001e-18
5.371652001e-18 5.371652001e-18 5.371652001e-18 5.371652001e-18 5.371652001e-18 5.371652001e-18

