2.420064211e-03 5.593262684e-04 2.219687767e-04 1.030287795e-01 3.552836650e-02 3.551500427e-03
5.593262684e-04 1.030287795e-17 4.782172326e-03 7.651475722e-02 2.219687767e-04 9.604031185e-04
1.057853314e-01 1.030287795e-17 1.085599599e-01 1.030287795e-17 1.644408379e-01 2.069125795e-02
1.270202718e-01 2.219687767e-04 7.779265260e-02 0.000000000e+00 1.582938361e-01 1.030287795e-17
9.604031185e-04 1.030287795e-17 2.219687767e-04 1.897806345e-03 2.219687767e-04 2.219687767e-04
2.420064211e-03 5.593262684e-04 1.897806345e-03 2.219687767e-04 2.219687767e-04 1.030287795e-17

1.141766488e-04 1.141766488e-04 5.299610582e-18 1.141766488e-04 2.877071265e-04 1.141766488e-04
5.299610582e-18 5.299610582e-18 2.137473002e-03 1.244836439e-03 1.141766488e-04 1.141766488e-04
5.299610582e-18 1.141766488e-04 9.599235502e-01 0.000000000e+00 0.000000000e+00 4.940136681e-04
1.141766488e-04 2.877071265e-04 5.299610582e-18 0.000000000e+00 2.922922210e-02 1.141766488e-04
1.141766488e-04 1.141766488e-04 2.137473002e-03 1.528884503e-03 1.244836439e-03 5.299610582e-18
5.299610582e-18 5.299610582e-18 1.141766488e-04 1.141766488e-04 5.299610582e-18 5.299610582e-18

1.142239785e-04 1.142239785e-04 5.301807433e-18 7.252770547e-04 2.878263899e-04 1.142239785e-04
5.301807433e-18 5.301807433e-18 4.992934224e-03 1.529518272e-03 1.142239785e-04 1.142239785e-04
5.301807433e-18 1.142239785e-04 9.720059248e-01 0.000000000e+00 0.000000000e+00 1.142239785e-04
1.142239785e-04 1.827583656e-03 0.000000000e+00 0.000000000e+00 2.138359049e-03 5.301807433e-18
2.878263899e-04 3.854144535e-03 0.000000000e+00 1.529518272e-03 1.142239785e-04 5.301807433e-18
1.827583656e-03 5.301807433e-18 7.471269419e-03 4.942184519e-04 5.301807433e-18 5.301807433e-18

