8.746384493e-18 4.748268030e-04 5.176905371e-03 2.523244209e-03 5.436164855e-02 8.746384493e-18
8.746384493e-18 4.748268030e-04 8.746384493e-18 3.527648009e-03 7.264196250e-02 4.193293350e-01
1.377469242e-02 8.746384493e-18 0.000000000e+00 9.553592210e-03 8.746384493e-18 3.015244912e-01
4.748268030e-04 8.746384493e-18 1.022983336e-02 5.127767224e-02 3.105791812e-02 1.022983336e-02
8.746384493e-18 8.746384493e-18 8.746384493e-18 1.884351417e-04 1.884351417e-04 4.748268030e-04
8.746384493e-18 8.153115063e-04 9.553592210e-03 1.196488568e-03 4.748268030e-04 4.748268030e-04

5.776898347e-18 5.776898347e-18 5.776898347e-18 5.776898347e-18 5.776898347e-18 5.776898347e-18
5.776898347e-18 5.776898347e-18 5.776898347e-18 5.776898347e-18 1.533836867e-01 5.776898347e-18
5.776898347e-18 5.776898347e-18 0.000000000e+00 8.255521467e-01 0.000000000e+00 2.681398686e-03
5.776898347e-18 5.776898347e-18 5.776898347e-18 1.702582038e-02 5.776898347e-18 5.776898347e-18
5.776898347e-18 5.776898347e-18 0.000000000e+00 5.776898347e-18 1.356947544e-03 5.776898347e-18
5.776898347e-18 5.776898347e-18 5.776898347e-18 5.776898347e-18 5.776898347e-18 5.776898347e-18

1.541663123e-04 1.541663123e-04 1.541663123e-04 1.541663123e-04 1.541663123e-04 1.541663123e-04
1.541663123e-04 1.541663123e-04 1.541663123e-04 1.541663123e-04 1.541663123e-04 1.541663123e-04
1.541663123e-04 1.541663123e-04 0.000000000e+00 1.406480131e-01 0.000000000e+00 1.541663123e-04
1.541663123e-04 1.541663123e-04 0.000000000e+00 1.541663123e-04 0.000000000e+00 5.777901961e-01
1.541663123e-04 1.541663123e-04 0.000000000e+00 1.078221602e-01 1.695771402e-01 1.541663123e-04
1.541663123e-04 1.541663123e-04 1.541663123e-04 1.541663123e-04 1.541663123e-04 1.541663123e-04

