8.200758039e-18 8.200758039e-18 8.200758039e-18 8.200758039e-18 8.200758039e-18 8.200758039e-18
8.200758039e-18 1.766799761e-04 1.766799761e-04 7.337888385e-02 8.200758039e-18 8.200758039e-18
8.200758039e-18 8.200758039e-18 5.588162366e-02 3.344746393e-01 1.946073421e-02 8.200758039e-18
8.200758039e-18 7.766326462e-02 3.754739243e-01 8.200758039e-18 2.826879617e-03 8.200758039e-18
8.200758039e-18 8.200758039e-18 4.807881281e-02 1.223119774e-02 1.766799761e-04 8.200758039e-18
8.200758039e-18 8.200758039e-18 8.200758039e-18 8.200758039e-18 8.200758039e-18 8.200758039e-18

6.642564553e-18 6.642564553e-18 6.642564553e-18 3.606138849e-04 6.642564553e-18 6.642564553e-18
6.642564553e-18 6.642564553e-18 6.642564553e-18 1.684989479e-01 6.642564553e-18 6.642564553e-18
6.642564553e-18 6.642564553e-18 4.572857735e-01 6.642564553e-18 6.642564553e-18 6.642564553e-18
6.642564553e-18 6.642564553e-18 0.000000000e+00 0.000000000e+00 6.642564553e-18 6.642564553e-18
6.642564553e-18 6.642564553e-18 6.642564553e-18 3.719383515e-01 6.642564553e-18 6.642564553e-18
6.642564553e-18 6.642564553e-18 6.642564553e-18 1.916313255e-03 6.642564553e-18 6.642564553e-18

6.879063935e-18 6.879063935e-18 6.879063935e-18 6.879063935e-18 6.879063935e-18 6.879063935e-18
6.879063935e-18 6.879063935e-18 6.879063935e-18 4.572950152e-01 6.879063935e-18 6.879063935e-18
6.879063935e-18 6.879063935e-18 4.604385089e-02 0.000000000e+00 6.879063935e-18 6.879063935e-18
1.255246105e-01 0.000000000e+00 0.000000000e+00 0.000000000e+00 6.879063935e-18 6.879063935e-18
6.879063935e-18 6.879063935e-18 6.879063935e-18 6.879063935e-18 6.879063935e-18 6.879063935e-18
6.879063935e-18 6.879063935e-18 6.879063935e-18 3.711365234e-01 6.879063935e-18 6.879063935e-18

5.451542707e-18 5.451542707e-18 5.451542707e-18 5.451542707e-18 5.451542707e-18 5.451542707e-18
5.451542707e-18 5.451542707e-18 5.451542707e-18 7.262425086e-02 5.451542707e-18 5.451542707e-18
5.451542707e-18 5.451542707e-18 5.451542707e-18 0.000000000e+00 5.451542707e-18 5.451542707e-18
2.530381975e-03 0.000000000e+00 0.000000000e+00 0.000000000e+00 5.451542707e-18 5.451542707e-18
5.451542707e-18 5.451542707e-18 0.000000000e+00 0.000000000e+00 5.451542707e-18 5.451542707e-18
5.451542707e-18 5.451542707e-18 1.606692404e-02 9.087784431e-01 5.451542707e-18 5.451542707e-18

