7.349290991e-18 7.349290991e-18 7.349290991e-18 7.349290991e-18 7.349290991e-18 7.349290991e-18
7.349290991e-18 7.349290991e-18 1.675961469e-02 7.349290991e-18 7.349290991e-18 7.349290991e-18
7.349290991e-18 5.460035441e-01 6.863467535e-02 7.349290991e-18 7.349290991e-18 7.349290991e-18
7.349290991e-18 7.349290991e-18 1.219578915e-02 2.231255093e-01 4.839902132e-03 7.349290991e-18
7.349290991e-18 0.000000000e+00 7.349290991e-18 1.284409652e-01 7.349290991e-18 7.349290991e-18
7.349290991e-18 7.349290991e-18 7.349290991e-18 7.349290991e-18 7.349290991e-18 7.349290991e-18

6.337774193e-18 6.337774193e-18 6.337774193e-18 6.337774193e-18 6.337774193e-18 6.337774193e-18
6.337774193e-18 6.337774193e-18 6.337774193e-18 6.337774193e-18 6.337774193e-18 6.337774193e-18
6.337774193e-18 6.337774193e-18 6.197791140e-01 0.000000000e+00 6.337774193e-18 6.337774193e-18
6.337774193e-18 0.000000000e+00 7.910959383e-03 6.337774193e-18 5.588886434e-02 6.337774193e-18
6.337774193e-18 0.000000000e+00 6.337774193e-18 3.164210623e-01 6.337774193e-18 6.337774193e-18
6.337774193e-18 6.337774193e-18 6.337774193e-18 6.337774193e-18 6.337774193e-18 6.337774193e-18

8.345329768e-18 8.345329768e-18 8.345329768e-18 1.456336904e-02 8.345329768e-18 8.345329768e-18
2.963379541e-02 3.365892039e-03 1.208394512e-01 1.141625054e-03 9.115523966e-03 8.345329768e-18
3.365892039e-03 0.000000000e+00 5.727054440e-01 0.000000000e+00 1.960251688e-03 2.876714872e-03
8.345329768e-18 0.000000000e+00 0.000000000e+00 8.234244570e-02 1.005481204e-01 5.495847066e-03
7.779263979e-04 0.000000000e+00 8.345329768e-18 3.944058157e-02 8.345329768e-18 8.345329768e-18
4.398457664e-03 1.797946795e-04 8.345329768e-18 8.345329768e-18 7.248867245e-03 8.345329768e-18

1.279848409e-04 1.279848409e-04 1.279848409e-04 5.537582451e-04 1.279848409e-04 1.279848409e-04
1.279848409e-04 1.279848409e-04 7.339600453e-01 3.225015901e-04 3.225015901e-04 1.279848409e-04
1.279848409e-04 0.000000000e+00 0.000000000e+00 0.000000000e+00 1.279848409e-04 1.279848409e-04
0.000000000e+00 0.000000000e+00 0.000000000e+00 2.604645987e-01 3.225015901e-04 1.279848409e-04
1.279848409e-04 0.000000000e+00 1.279848409e-04 8.126530840e-04 1.279848409e-04 1.279848409e-04
5.537582451e-04 1.279848409e-04 1.279848409e-04 1.279848409e-04 1.279848409e-04 1.279848409e-04

