1.872311106e-04 1.872311106e-04 1.872311106e-04 1.872311106e-04 1.872311106e-04 1.872311106e-04
1.872311106e-04 1.154183659e-02 2.160718882e-01 3.059300783e-01 9.492548280e-03 1.872311106e-04
1.872311106e-04 4.717928349e-04 2.808023492e-01 6.317550579e-03 1.145297102e-01 1.872311106e-04
1.872311106e-04 9.492548280e-03 6.926274385e-03 0.000000000e+00 2.143558823e-02 1.872311106e-04
4.717928349e-04 1.872311106e-04 3.505107639e-03 8.101019664e-04 1.872311106e-04 6.317550579e-03
1.872311106e-04 1.872311106e-04 1.872311106e-04 4.717928349e-04 2.041329040e-03 1.872311106e-04

1.909338534e-04 1.909338534e-04 8.261228042e-04 4.811231621e-04 0.000000000e+00 1.909338534e-04
1.909338534e-04 3.574425778e-03 3.574425778e-03 1.854735290e-01 1.212354399e-03 1.909338534e-04
1.909338534e-04 1.909338534e-04 2.114874379e-01 1.909338534e-04 0.000000000e+00 2.474502740e-01
1.909338534e-04 8.261228042e-04 8.261228042e-04 0.000000000e+00 8.346059939e-03 1.401226755e-01
4.811231621e-04 1.909338534e-04 1.617145664e-01 1.909338534e-04 1.909338534e-04 2.787502880e-02
1.909338534e-04 8.261228042e-04 1.909338534e-04 1.212354399e-03 8.261228042e-04 1.909338534e-04

1.208529783e-04 1.208529783e-04 1.208529783e-04 1.208529783e-04 0.000000000e+00 1.208529783e-04
1.208529783e-04 5.229004681e-04 1.208529783e-04 1.208529783e-04 1.208529783e-04 0.000000000e+00
1.208529783e-04 1.208529783e-04 4.872486762e-03 1.208529783e-04 0.000000000e+00 9.095065659e-01
1.208529783e-04 1.933647653e-03 1.208529783e-04 0.000000000e+00 3.045304226e-04 7.795978819e-02
3.045304226e-04 7.673685796e-04 0.000000000e+00 1.208529783e-04 1.208529783e-04 7.673685796e-04
1.208529783e-04 1.208529783e-04 1.208529783e-04 5.229004681e-04 1.208529783e-04 1.208529783e-04

1.312832162e-03 2.067581094e-04 3.870667788e-03 3.114730626e-02 0.000000000e+00 2.768598244e-03
7.648640189e-03 5.058085108e-03 4.454468434e-03 5.514690366e-02 6.320047690e-03 0.000000000e+00
4.641943789e-02 8.945903834e-04 0.000000000e+00 4.454468434e-03 0.000000000e+00 3.679566329e-01
2.254226510e-03 6.976430412e-03 5.209977886e-04 0.000000000e+00 5.680294863e-03 3.204240879e-01
2.768598244e-03 2.254226510e-03 0.000000000e+00 2.254226510e-03 2.067581094e-04 8.335964617e-03
5.058085108e-03 0.000000000e+00 2.013468366e-02 1.757950306e-02 5.514690366e-02 1.274557580e-02

3.832629941e-02 3.698745002e-02 3.698745002e-02 3.698745002e-02 0.000000000e+00 3.698745002e-02
3.698745002e-02 3.698745002e-02 3.698745002e-02 3.698745002e-02 3.698745002e-02 0.000000000e+00
3.698745002e-02 3.698745002e-02 0.000000000e+00 3.698745002e-02 0.000000000e+00 3.698745002e-02
3.698745002e-02 3.698745002e-02 0.000000000e+00 0.000000000e+00 3.698745002e-02 3.698745002e-02
3.698745002e-02 3.698745002e-02 0.000000000e+00 3.698745002e-02 0.000000000e+00 3.698745002e-02
3.698745002e-02 0.000000000e+00 3.698745002e-02 3.698745002e-02 3.698745002e-02 3.698745002e-02

