5.504885808e-18 5.504885808e-18 5.504885808e-18 5.504885808e-18 5.504885808e-18 5.504885808e-18
5.504885808e-18 0.000000000e+00 1.293053959e-03 1.185991695e-04 5.504885808e-18 5.504885808e-18
5.504885808e-18 5.504885808e-18 9.236080054e-01 2.011617747e-02 1.185991695e-04 5.504885808e-18
5.504885808e-18 1.185991695e-04 8.669651883e-03 4.572011541e-02 1.185991695e-04 5.504885808e-18
5.504885808e-18 5.504885808e-18 1.185991695e-04 5.504885808e-18 5.504885808e-18 5.504885808e-18
5.504885808e-18 5.504885808e-18 5.504885808e-18 5.504885808e-18 5.504885808e-18 5.504885808e-18

0.000000000e+00 6.315541023e-18 6.315541023e-18 6.315541023e-18 6.315541023e-18 6.315541023e-18
6.315541023e-18 0.000000000e+00 2.177027306e-03 1.163332603e-03 6.315541023e-18 6.315541023e-18
6.315541023e-18 6.315541023e-18 6.824522031e-01 9.946353845e-03 1.212293819e-02 6.315541023e-18
6.315541023e-18 1.360642067e-04 3.328644953e-03 2.842421850e-01 6.315541023e-18 6.315541023e-18
6.315541023e-18 6.315541023e-18 4.159122355e-03 6.315541023e-18 0.000000000e+00 1.360642067e-04
6.315541023e-18 6.315541023e-18 6.315541023e-18 6.315541023e-18 1.360642067e-04 6.315541023e-18

0.000000000e+00 8.062723043e-18 1.737061022e-04 8.062723043e-18 8.062723043e-18 8.062723043e-18
8.194297904e-03 0.000000000e+00 8.170404792e-02 0.000000000e+00 1.838655344e-02 8.062723043e-18
8.062723043e-18 8.062723043e-18 7.515826538e-04 4.377119493e-04 3.030191380e-02 8.062723043e-18
4.377119493e-04 1.496274384e-01 2.590777187e-01 8.062723043e-18 4.366360062e-01 4.377119493e-04
8.062723043e-18 8.062723043e-18 9.430218078e-03 1.102964997e-03 0.000000000e+00 1.737061022e-04
8.062723043e-18 8.062723043e-18 1.737061022e-04 2.779297635e-03 1.737061022e-04 0.000000000e+00

0.000000000e+00 7.103975684e-18 7.103975684e-18 7.103975684e-18 7.103975684e-18 7.103975684e-18
3.073711763e-01 0.000000000e+00 0.000000000e+00 0.000000000e+00 4.247956066e-02 7.103975684e-18
7.103975684e-18 7.103975684e-18 7.103975684e-18 7.103975684e-18 1.530505165e-04 7.103975684e-18
1.530505165e-04 3.934091006e-01 7.103975684e-18 0.000000000e+00 2.552831456e-01 1.530505165e-04
7.103975684e-18 7.103975684e-18 1.530505165e-04 1.530505165e-04 0.000000000e+00 7.103975684e-18
7.103975684e-18 7.103975684e-18 1.530505165e-04 3.856631349e-04 1.530505165e-04 0.000000000e+00

