1.404935970e-04 1.404935970e-04 1.404935970e-04 1.404935970e-04 3.540216804e-04 1.404935970e-04
1.404935970e-04 6.521135109e-18 1.404935970e-04 1.201203357e-03 1.404935970e-04 1.404935970e-04
1.404935970e-04 6.521135109e-18 6.078804896e-04 1.794876868e-02 3.437004588e-03 1.404935970e-04
1.404935970e-04 3.540216804e-04 7.878131145e-01 6.521135109e-18 1.438449539e-01 4.740533783e-03
3.540216804e-04 6.521135109e-18 1.404935970e-04 2.867575611e-02 1.404935970e-04 1.404935970e-04
1.404935970e-04 6.521135109e-18 1.404935970e-04 8.139834807e-03 1.404935970e-04 6.521135109e-18

1.466032570e-04 6.804720405e-18 6.804720405e-18 6.343154531e-04 3.694170589e-04 6.804720405e-18
6.804720405e-18 6.804720405e-18 3.694170589e-04 1.413204754e-01 6.804720405e-18 6.804720405e-18
3.694170589e-04 6.804720405e-18 0.000000000e+00 6.804720405e-18 9.037338024e-03 6.804720405e-18
6.804720405e-18 1.466032570e-04 7.074814171e-01 0.000000000e+00 7.447125208e-02 6.804720405e-18
3.694170589e-04 6.804720405e-18 1.466032570e-04 6.265861007e-02 6.804720405e-18 6.804720405e-18
3.694170589e-04 1.466032570e-04 6.804720405e-18 1.963093592e-03 6.804720405e-18 6.804720405e-18

5.074224913e-18 5.074224913e-18 5.074224913e-18 5.074224913e-18 5.074224913e-18 5.074224913e-18
5.074224913e-18 5.074224913e-18 5.074224913e-18 0.000000000e+00 5.074224913e-18 5.074224913e-18
5.074224913e-18 5.074224913e-18 0.000000000e+00 0.000000000e+00 5.074224913e-18 5.074224913e-18
5.074224913e-18 5.074224913e-18 9.499331841e-01 0.000000000e+00 5.006681593e-02 5.074224913e-18
5.074224913e-18 5.074224913e-18 5.074224913e-18 5.074224913e-18 5.074224913e-18 5.074224913e-18
5.074224913e-18 5.074224913e-18 5.074224913e-18 5.074224913e-18 5.074224913e-18 5.074224913e-18

4.647784847e-18 4.647784847e-18 4.647784847e-18 4.647784847e-18 4.647784847e-18 4.647784847e-18
4.647784847e-18 4.647784847e-18 4.647784847e-18 0.000000000e+00 4.647784847e-18 4.647784847e-18
4.647784847e-18 4.647784847e-18 0.000000000e+00 0.000000000e+00 4.647784847e-18 4.647784847e-18
4.647784847e-18 4.647784847e-18 1.000000000e+00 0.000000000e+00 4.647784847e-18 4.647784847e-18
4.647784847e-18 4.647784847e-18 4.647784847e-18 0.000000000e+00 4.647784847e-18 4.647784847e-18
4.647784847e-18 4.647784847e-18 4.647784847e-18 0.000000000e+00 4.647784847e-18 4.647784847e-18

3.609445831e-02 3.609445831e-02 3.609445831e-02 3.609445831e-02 3.609445831e-02 3.609445831e-02
3.609445831e-02 3.609445831e-02 3.609445831e-02 0.000000000e+00 3.609445831e-02 3.609445831e-02
3.609445831e-02 3.609445831e-02 0.000000000e+00 0.000000000e+00 3.609445831e-02 3.609445831e-02
3.609445831e-02 0.000000000e+00 3.609445831e-02 0.000000000e+00 0.000000000e+00 3.609445831e-02
3.476385421e-02 3.609445831e-02 3.609445831e-02 0.000000000e+00 3.476385421e-02 3.476385421e-02
3.476385421e-02 3.476385421e-02 3.476385421e-02 0.000000000e+00 3.476385421e-02 3.476385421e-02

