6.023594077e-18 6.023594077e-18 1.297744004e-04 1.297744004e-04 6.023594077e-18 6.023594077e-18
6.023594077e-18 6.023594077e-18 6.023594077e-18 6.023594077e-18 6.023594077e-18 1.297744004e-04
6.023594077e-18 6.023594077e-18 6.023594077e-18 6.023594077e-18 6.023594077e-18 1.297744004e-04
1.297744004e-04 6.023594077e-18 6.023594077e-18 1.297744004e-04 6.023594077e-18 1.297744004e-04
6.023594077e-18 6.023594077e-18 1.297744004e-04 7.518792344e-03 1.297744004e-04 1.297744004e-04
6.023594077e-18 3.270109976e-04 3.188768076e-01 6.023594077e-18 6.699032546e-01 2.076390406e-03

6.391447896e-18 6.391447896e-18 6.391447896e-18 6.391447896e-18 6.391447896e-18 6.391447896e-18
6.391447896e-18 6.391447896e-18 6.391447896e-18 6.391447896e-18 6.391447896e-18 6.391447896e-18
6.391447896e-18 6.391447896e-18 6.391447896e-18 6.391447896e-18 6.391447896e-18 6.391447896e-18
6.391447896e-18 6.391447896e-18 6.391447896e-18 0.000000000e+00 6.391447896e-18 6.391447896e-18
6.391447896e-18 6.391447896e-18 6.937465422e-01 1.226864453e-02 6.391447896e-18 6.391447896e-18
6.391447896e-18 1.166269154e-01 6.391447896e-18 0.000000000e+00 1.773578979e-01 6.391447896e-18

5.595234813e-18 5.595234813e-18 5.595234813e-18 5.595234813e-18 5.595234813e-18 5.595234813e-18
5.595234813e-18 5.595234813e-18 5.595234813e-18 5.595234813e-18 5.595234813e-18 5.595234813e-18
5.595234813e-18 5.595234813e-18 5.595234813e-18 1.205456798e-04 5.595234813e-18 5.595234813e-18
5.595234813e-18 5.595234813e-18 1.024933509e-02 0.000000000e+00 1.205456798e-04 5.595234813e-18
5.595234813e-18 1.205456798e-04 5.595234813e-18 0.000000000e+00 5.595234813e-18 5.595234813e-18
3.037560790e-04 1.353798277e-01 0.000000000e+00 0.000000000e+00 8.537054441e-01 5.595234813e-18

5.026642900e-18 5.026642900e-18 5.026642900e-18 5.026642900e-18 5.026642900e-18 5.026642900e-18
5.026642900e-18 5.026642900e-18 5.026642900e-18 5.026642900e-18 5.026642900e-18 5.026642900e-18
1.082957384e-04 5.026642900e-18 5.026642900e-18 4.685684465e-04 5.026642900e-18 5.026642900e-18
2.728881608e-04 1.082957384e-04 0.000000000e+00 0.000000000e+00 2.728881608e-04 5.026642900e-18
5.026642900e-18 2.649323227e-03 0.000000000e+00 0.000000000e+00 5.026642900e-18 5.026642900e-18
2.101918269e-02 9.746319894e-01 0.000000000e+00 0.000000000e+00 4.685684465e-04 5.026642900e-18

