1.111569215e-17 8.809992902e-02 2.741746112e-02 8.859139136e-03 2.432968474e-02 1.111569215e-17
2.133702377e-02 0.000000000e+00 1.214156432e-02 6.034526119e-04 1.111569215e-17 4.529289480e-02
2.332126491e-02 2.232363176e-02 1.476273254e-02 1.046811309e-02 1.111569215e-17 6.034526119e-04
1.214156432e-02 6.034526119e-04 1.657873919e-02 6.034526119e-04 1.111569215e-17 1.401734596e-01
4.483252400e-03 1.111569215e-17 1.111569215e-17 1.111569215e-17 1.111569215e-17 1.201372438e-01
1.111569215e-17 6.034526119e-04 1.231690290e-01 1.370411495e-01 1.449048599e-01 1.111569215e-17

0.000000000e+00 8.101996179e-02 2.067013306e-02 2.067013306e-02 5.583869321e-02 1.128407326e-17
3.549209356e-02 0.000000000e+00 1.146821705e-02 1.128407326e-17 1.128407326e-17 2.650539196e-03
2.889809613e-02 1.062668463e-02 2.650539196e-03 5.237602845e-03 1.128407326e-17 6.125937450e-04
1.128407326e-17 1.128407326e-17 1.281315689e-01 2.076548185e-01 1.053814179e-01 2.266179136e-02
1.062668463e-02 1.128407326e-17 1.128407326e-17 7.417024450e-02 0.000000000e+00 8.520124135e-02
1.128407326e-17 7.431167210e-03 1.128407326e-17 6.223564513e-02 2.067013306e-02 1.128407326e-17

0.000000000e+00 2.283944963e-03 8.046090650e-03 7.916895534e-18 7.379890546e-04 7.916895534e-18
2.102925464e-02 0.000000000e+00 1.450214655e-02 0.000000000e+00 7.916895534e-18 7.379890546e-04
1.836955828e-01 1.458304626e-03 2.411385934e-02 4.172648752e-03 2.729029500e-03 7.379890546e-04
7.916895534e-18 7.916895534e-18 1.450214655e-02 7.916895534e-18 1.115643302e-02 3.567564500e-02
1.859615889e-03 7.916895534e-18 7.916895534e-18 1.732825720e-02 0.000000000e+00 6.481597573e-01
7.916895534e-18 7.916895534e-18 7.916895534e-18 5.213700154e-03 1.859615889e-03 0.000000000e+00

0.000000000e+00 3.322529110e-02 3.134187446e-03 1.958867154e-04 1.243803112e-03 2.623024643e-03
6.609607924e-03 0.000000000e+00 0.000000000e+00 0.000000000e+00 4.936035922e-04 4.936035922e-04
1.958867154e-04 4.220251349e-03 1.146570946e-01 7.206272801e-02 1.243803112e-03 4.936035922e-04
1.243803112e-03 4.397869202e-02 3.667147090e-03 0.000000000e+00 1.211250300e-01 1.674807858e-03
2.135698706e-03 1.958867154e-04 8.253704486e-02 4.850067758e-01 0.000000000e+00 1.674807858e-03
1.958867154e-04 1.243803112e-03 4.220251349e-03 4.220251349e-03 5.987737973e-03 0.000000000e+00

