1.337107289e-04 1.337107289e-04 1.083056904e-02 1.337107289e-04 1.337107289e-04 1.337107289e-04
1.337107289e-04 1.337107289e-04 7.564442199e-02 8.490102071e-04 6.206302263e-18 1.337107289e-04
4.511666306e-03 3.422994661e-02 6.206302263e-18 8.596708129e-01 1.337107289e-04 1.337107289e-04
1.337107289e-04 5.785327241e-04 8.745877118e-03 3.369299240e-04 6.206302263e-18 1.337107289e-04
1.337107289e-04 6.206302263e-18 1.337107289e-04 6.206302263e-18 6.206302263e-18 3.369299240e-04
6.206302263e-18 8.490102071e-04 1.337107289e-04 1.143210651e-03 1.337107289e-04 1.337107289e-04

5.949858469e-18 5.949858469e-18 4.325244701e-03 6.498973555e-03 1.281858149e-04 5.949858469e-18
5.949858469e-18 1.281858149e-04 2.259081196e-01 5.949858469e-18 1.095973301e-03 1.281858149e-04
1.281858149e-04 1.281858149e-04 0.000000000e+00 7.605052733e-01 1.281858149e-04 1.281858149e-04
1.281858149e-04 5.949858469e-18 5.949858469e-18 1.281858149e-04 5.949858469e-18 1.281858149e-04
1.281858149e-04 1.281858149e-04 0.000000000e+00 5.949858469e-18 5.949858469e-18 1.281858149e-04
5.949858469e-18 5.949858469e-18 5.949858469e-18 5.949858469e-18 5.949858469e-18 5.949858469e-18

5.368416255e-04 1.240750645e-04 3.126495711e-04 1.661429419e-03 3.126495711e-04 5.759054340e-18
5.605993768e-02 1.474872611e-02 9.122457448e-01 0.000000000e+00 3.126495711e-04 3.126495711e-04
5.759054340e-18 1.352756129e-03 0.000000000e+00 5.853035836e-03 5.759054340e-18 1.240750645e-04
1.352756129e-03 0.000000000e+00 1.240750645e-04 3.408731844e-03 5.759054340e-18 5.759054340e-18
1.240750645e-04 5.368416255e-04 0.000000000e+00 5.759054340e-18 5.759054340e-18 1.240750645e-04
5.759054340e-18 1.240750645e-04 5.759054340e-18 5.759054340e-18 1.240750645e-04 1.240750645e-04

1.322065638e-01 9.351354953e-04 8.077397147e-02 8.713771740e-03 2.161289129e-04 2.161289129e-04
1.250898904e-01 5.446107338e-04 1.336416357e-01 0.000000000e+00 2.161289129e-04 2.356393790e-03
0.000000000e+00 9.368664270e-02 0.000000000e+00 8.717050225e-02 1.003181549e-17 1.372333055e-03
1.541292213e-01 0.000000000e+00 1.003181549e-17 0.000000000e+00 1.003181549e-17 2.161289129e-04
1.194682964e-01 5.417932645e-02 0.000000000e+00 3.458062607e-03 2.161289129e-04 1.003181549e-17
1.003181549e-17 2.161289129e-04 2.161289129e-04 2.161289129e-04 1.003181549e-17 5.446107338e-04

3.697443417e-04 6.810749006e-18 1.247591051e-02 9.316973583e-04 1.874590181e-02 1.254550693e-03
3.697443417e-04 1.467331392e-04 7.640858815e-01 0.000000000e+00 9.045344599e-03 6.810749006e-18
0.000000000e+00 1.253346035e-01 0.000000000e+00 4.806723890e-02 0.000000000e+00 1.490715773e-02
3.697443417e-04 0.000000000e+00 0.000000000e+00 0.000000000e+00 6.810749006e-18 1.254550693e-03
1.467331392e-04 2.347730228e-03 0.000000000e+00 6.810749006e-18 6.810749006e-18 6.810749006e-18
6.810749006e-18 6.810749006e-18 6.810749006e-18 1.467331392e-04 6.810749006e-18 6.810749006e-18

