6.518960590e-18 6.518960590e-18 6.518960590e-18 6.518960590e-18 6.518960590e-18 6.518960590e-18
6.518960590e-18 6.518960590e-18 6.191198223e-01 1.404467484e-04 3.539036294e-04 6.518960590e-18
6.518960590e-18 1.404467484e-04 0.000000000e+00 6.518960590e-18 1.404467484e-04 6.518960590e-18
6.518960590e-18 3.539036294e-04 2.808061445e-01 6.625342929e-03 9.154429883e-02 6.518960590e-18
6.518960590e-18 1.404467484e-04 1.404467484e-04 3.539036294e-04 1.404467484e-04 6.518960590e-18
6.518960590e-18 6.518960590e-18 6.518960590e-18 6.518960590e-18 6.518960590e-18 6.518960590e-18

1.618821611e-04 1.618821611e-04 1.618821611e-04 1.618821611e-04 1.618821611e-04 1.618821611e-04
1.618821611e-04 1.384073008e-03 1.524512145e-01 1.618821611e-04 3.030556180e-03 1.618821611e-04
1.618821611e-04 1.618821611e-04 0.000000000e+00 0.000000000e+00 2.686355331e-01 1.618821611e-04
1.618821611e-04 4.079174846e-04 7.004234317e-04 0.000000000e+00 4.946766631e-01 1.618821611e-04
1.618821611e-04 4.079174846e-04 6.432587003e-02 8.788315795e-03 1.618821611e-04 4.079174846e-04
1.618821611e-04 1.618821611e-04 1.618821611e-04 1.618821611e-04 1.384073008e-03 1.618821611e-04

1.280358140e-04 1.280358140e-04 1.280358140e-04 1.280358140e-04 1.280358140e-04 1.280358140e-04
1.280358140e-04 1.280358140e-04 2.943397466e-01 1.280358140e-04 1.280358140e-04 1.280358140e-04
1.280358140e-04 1.280358140e-04 0.000000000e+00 0.000000000e+00 1.280358140e-04 1.280358140e-04
1.280358140e-04 1.280358140e-04 0.000000000e+00 0.000000000e+00 7.017526206e-01 1.280358140e-04
1.280358140e-04 1.280358140e-04 3.226300343e-04 1.280358140e-04 0.000000000e+00 1.280358140e-04
1.280358140e-04 1.280358140e-04 1.280358140e-04 1.280358140e-04 1.280358140e-04 1.280358140e-04

3.012176869e-04 0.000000000e+00 1.195383183e-04 2.201914649e-02 1.022038245e-03 1.195383183e-04
1.195383183e-04 3.012176869e-04 0.000000000e+00 3.012176869e-04 1.022038245e-03 1.195383183e-04
1.195383183e-04 1.195383183e-04 0.000000000e+00 0.000000000e+00 7.590210085e-04 3.012176869e-04
1.195383183e-04 5.172122644e-04 0.000000000e+00 0.000000000e+00 9.459243880e-01 5.172122644e-04
5.172122644e-04 1.195383183e-04 1.970232977e-02 4.422102657e-03 0.000000000e+00 1.195383183e-04
1.195383183e-04 1.195383183e-04 1.195383183e-04 3.012176869e-04 5.172122644e-04 1.195383183e-04

