1.439980377e-04 3.628523176e-04 1.439980377e-04 6.230433239e-04 3.628523176e-04 1.439980377e-04
1.439980377e-04 6.683796837e-18 6.230433239e-04 1.439980377e-04 6.683796837e-18 3.628523176e-04
1.439980377e-04 1.231165904e-03 1.166384105e-02 5.805637082e-03 1.439980377e-04 3.628523176e-04
2.303968603e-03 3.382399548e-02 6.683796837e-18 7.859378555e-01 1.439980377e-04 1.439980377e-04
1.439980377e-04 1.439980377e-04 1.250786593e-01 1.439980377e-04 1.439980377e-04 1.439980377e-04
6.683796837e-18 3.628523176e-04 2.794866267e-02 1.439980377e-04 3.628523176e-04 6.230433239e-04

6.664286949e-18 6.664286949e-18 6.664286949e-18 2.297243358e-03 6.664286949e-18 6.664286949e-18
6.664286949e-18 6.664286949e-18 1.435777099e-04 2.687883045e-03 1.435777099e-04 1.435777099e-04
6.664286949e-18 6.664286949e-18 5.591773620e-01 6.664286949e-18 6.276038278e-03 6.773040856e-03
1.435777099e-04 4.388790245e-03 0.000000000e+00 3.965704251e-01 6.212246712e-04 6.664286949e-18
1.227572152e-03 6.664286949e-18 1.458658609e-02 0.000000000e+00 6.664286949e-18 1.435777099e-04
6.664286949e-18 6.664286949e-18 4.388790245e-03 1.435777099e-04 1.435777099e-04 6.664286949e-18

8.840500813e-18 8.840500813e-18 8.840500813e-18 2.076563434e-03 8.840500813e-18 8.840500813e-18
8.840500813e-18 8.840500813e-18 7.045825459e-03 6.426594766e-03 0.000000000e+00 5.232611964e-03
8.840500813e-18 5.232611964e-03 3.176856112e-01 0.000000000e+00 1.392291633e-02 4.799362230e-04
2.967648382e-01 3.047405061e-03 0.000000000e+00 1.003846052e-01 8.240847449e-04 8.840500813e-18
5.810863609e-02 1.904628163e-04 2.433258956e-02 0.000000000e+00 8.840500813e-18 5.821943747e-03
8.840500813e-18 4.659440626e-03 1.477633226e-01 8.840500813e-18 8.840500813e-18 8.840500813e-18

4.932793215e-18 4.932793215e-18 4.932793215e-18 4.932793215e-18 4.932793215e-18 4.932793215e-18
4.932793215e-18 4.932793215e-18 4.932793215e-18 2.919675405e-03 0.000000000e+00 4.932793215e-18
4.932793215e-18 4.932793215e-18 9.827472419e-01 0.000000000e+00 4.932793215e-18 4.932793215e-18
4.932793215e-18 4.932793215e-18 0.000000000e+00 1.700380931e-03 4.932793215e-18 4.932793215e-18
4.932793215e-18 0.000000000e+00 1.263270179e-02 0.000000000e+00 4.932793215e-18 4.932793215e-18
0.000000000e+00 4.932793215e-18 4.932793215e-18 4.932793215e-18 4.932793215e-18 4.932793215e-18

5.249049494e-18 5.249049494e-18 5.249049494e-18 5.249049494e-18 5.249049494e-18 5.249049494e-18
5.249049494e-18 5.249049494e-18 0.000000000e+00 2.849622484e-04 0.000000000e+00 5.249049494e-18
5.249049494e-18 5.249049494e-18 9.205663527e-01 0.000000000e+00 5.249049494e-18 5.249049494e-18
7.831753789e-02 5.249049494e-18 0.000000000e+00 7.180598703e-04 5.249049494e-18 5.249049494e-18
5.249049494e-18 0.000000000e+00 0.000000000e+00 0.000000000e+00 5.249049494e-18 5.249049494e-18
0.000000000e+00 1.130873432e-04 5.249049494e-18 5.249049494e-18 5.249049494e-18 5.249049494e-18

