9.478187166e-18 2.042013523e-04 9.478187166e-18 7.554057609e-03 7.554057609e-03 9.478187166e-18
2.042013523e-04 0.000000000e+00 5.145551644e-04 9.478187166e-18 9.478187166e-18 1.258796485e-02
9.478187166e-18 3.562161430e-02 2.029346946e-01 7.039015634e-02 9.478187166e-18 9.478187166e-18
2.042013523e-04 1.877935083e-01 9.478187166e-18 1.983616040e-01 9.478187166e-18 2.042013523e-04
2.042013523e-04 2.042013523e-04 1.498594372e-01 7.274621754e-02 9.478187166e-18 9.478187166e-18
9.478187166e-18 9.478187166e-18 4.903412093e-02 9.478187166e-18 3.822803366e-03 9.478187166e-18

2.667008357e-03 3.120525529e-03 1.666880223e-04 1.817353428e-03 4.200274962e-04 4.200274962e-04
6.934429549e-01 0.000000000e+00 3.070419623e-02 1.666880223e-04 1.666880223e-04 4.200274962e-04
1.666880223e-04 0.000000000e+00 6.720439939e-03 3.152569203e-02 1.817353428e-03 4.200274962e-04
1.666880223e-04 3.402222719e-02 0.000000000e+00 1.557471112e-01 1.058402968e-03 1.058402968e-03
3.591184577e-03 1.666880223e-04 1.350172981e-02 2.667008357e-03 1.817353428e-03 1.817353428e-03
2.667008357e-03 4.200274962e-04 4.200274962e-04 2.667008357e-03 1.817353428e-03 2.232039010e-03

6.995904764e-04 1.616896481e-04 4.074323824e-04 1.382427045e-03 1.026665270e-03 4.074323824e-04
4.940883854e-01 0.000000000e+00 0.000000000e+00 3.955540140e-03 1.616896481e-04 1.616896481e-04
1.616896481e-04 0.000000000e+00 0.000000000e+00 1.382427045e-03 1.616896481e-04 1.616896481e-04
4.074323824e-04 1.021353957e-01 0.000000000e+00 2.465293615e-01 1.616896481e-04 1.616896481e-04
1.616896481e-04 1.616896481e-04 1.439679061e-01 1.616896481e-04 1.616896481e-04 1.616896481e-04
1.616896481e-04 1.616896481e-04 1.616896481e-04 1.616896481e-04 6.995904764e-04 1.616896481e-04

5.348319335e-03 0.000000000e+00 8.423075140e-04 2.483403940e-03 1.446302112e-03 1.134185330e-03
8.423075140e-04 0.000000000e+00 0.000000000e+00 2.122481935e-03 8.423075140e-04 8.423075140e-04
9.087630381e-01 0.000000000e+00 0.000000000e+00 2.122481935e-03 1.134185330e-03 1.134185330e-03
1.446302112e-03 0.000000000e+00 0.000000000e+00 4.802803403e-02 8.423075140e-04 8.423075140e-04
8.423075140e-04 1.326551209e-04 9.183445975e-03 8.423075140e-04 8.423075140e-04 8.423075140e-04
5.739653735e-04 5.739653735e-04 5.739653735e-04 1.446302112e-03 2.483403940e-03 1.446302112e-03

