6.441461623e-18 6.441461623e-18 6.441461623e-18 6.441461623e-18 6.441461623e-18 6.441461623e-18
6.441461623e-18 5.133805794e-03 1.387770838e-04 4.242047822e-03 6.441461623e-18 6.441461623e-18
6.441461623e-18 1.961987484e-02 1.798551006e-01 1.179945094e-02 6.441461623e-18 6.441461623e-18
6.441461623e-18 6.441461623e-18 2.026049932e-02 7.574420136e-01 3.496963382e-04 6.441461623e-18
6.441461623e-18 8.811795550e-04 1.387770838e-04 1.387770838e-04 6.441461623e-18 6.441461623e-18
6.441461623e-18 6.441461623e-18 6.441461623e-18 6.441461623e-18 6.441461623e-18 6.441461623e-18

5.990057033e-18 5.990057033e-18 5.990057033e-18 5.990057033e-18 1.290518667e-04 5.990057033e-18
5.990057033e-18 2.064829867e-03 1.290518667e-04 5.990057033e-18 5.990057033e-18 5.990057033e-18
5.990057033e-18 7.370859227e-01 1.728071380e-03 0.000000000e+00 5.990057033e-18 5.990057033e-18
5.990057033e-18 0.000000000e+00 3.251903267e-04 6.542882062e-03 5.990057033e-18 5.990057033e-18
5.990057033e-18 5.990057033e-18 1.728071380e-03 1.407016827e-03 5.990057033e-18 5.990057033e-18
5.990057033e-18 2.488599117e-01 5.990057033e-18 5.990057033e-18 5.990057033e-18 5.990057033e-18

4.743362336e-18 4.743362336e-18 4.743362336e-18 1.021926437e-04 4.743362336e-18 4.743362336e-18
1.021926437e-04 4.743362336e-18 4.743362336e-18 4.743362336e-18 4.743362336e-18 4.743362336e-18
1.368412463e-03 0.000000000e+00 9.974740771e-01 0.000000000e+00 1.021926437e-04 4.743362336e-18
4.743362336e-18 0.000000000e+00 1.021926437e-04 1.021926437e-04 4.743362336e-18 4.743362336e-18
4.743362336e-18 0.000000000e+00 1.021926437e-04 4.421618891e-04 4.743362336e-18 4.743362336e-18
4.743362336e-18 4.743362336e-18 4.743362336e-18 1.021926437e-04 4.743362336e-18 4.743362336e-18

4.813076348e-18 4.813076348e-18 4.813076348e-18 4.813076348e-18 4.813076348e-18 4.813076348e-18
4.813076348e-18 4.813076348e-18 4.813076348e-18 4.813076348e-18 4.813076348e-18 4.813076348e-18
9.915730539e-01 0.000000000e+00 0.000000000e+00 0.000000000e+00 5.257277306e-03 4.813076348e-18
4.813076348e-18 0.000000000e+00 4.813076348e-18 4.813076348e-18 4.813076348e-18 4.813076348e-18
4.813076348e-18 0.000000000e+00 4.813076348e-18 3.169668816e-03 4.813076348e-18 4.813076348e-18
4.813076348e-18 0.000000000e+00 4.813076348e-18 4.813076348e-18 4.813076348e-18 4.813076348e-18

