6.004980868e-18 3.260005171e-04 4.095072195e-01 5.858193758e-01 6.004980868e-18 5.597661526e-04
6.004980868e-18 6.004980868e-18 6.004980868e-18 6.004980868e-18 1.732376756e-03 1.293733910e-04
1.293733910e-04 6.004980868e-18 6.004980868e-18 6.004980868e-18 3.260005171e-04 3.260005171e-04
3.260005171e-04 6.004980868e-18 6.004980868e-18 6.004980868e-18 6.004980868e-18 5.597661526e-04
6.004980868e-18 6.004980868e-18 6.004980868e-18 6.004980868e-18 6.004980868e-18 6.004980868e-18
6.004980868e-18 6.004980868e-18 1.293733910e-04 1.293733910e-04 6.004980868e-18 6.004980868e-18

6.011845149e-18 6.011845149e-18 3.558356423e-03 4.976235002e-01 0.000000000e+00 6.011845149e-18
6.011845149e-18 6.011845149e-18 6.011845149e-18 6.011845149e-18 4.962643377e-01 5.604060201e-04
6.011845149e-18 6.011845149e-18 6.011845149e-18 1.295212774e-04 1.734357033e-03 6.011845149e-18
6.011845149e-18 6.011845149e-18 6.011845149e-18 0.000000000e+00 6.011845149e-18 1.295212774e-04
6.011845149e-18 6.011845149e-18 6.011845149e-18 6.011845149e-18 6.011845149e-18 6.011845149e-18
6.011845149e-18 6.011845149e-18 6.011845149e-18 6.011845149e-18 6.011845149e-18 6.011845149e-18

1.218522679e-04 4.912775591e-03 4.411684091e-02 9.140017042e-01 0.000000000e+00 1.218522679e-04
1.218522679e-04 5.655881258e-18 1.041822235e-03 0.000000000e+00 3.184574588e-02 1.041822235e-03
1.218522679e-04 1.328521591e-03 0.000000000e+00 1.218522679e-04 3.070484745e-04 5.655881258e-18
5.655881258e-18 5.655881258e-18 3.070484745e-04 0.000000000e+00 5.655881258e-18 1.218522679e-04
5.655881258e-18 5.655881258e-18 5.655881258e-18 5.655881258e-18 1.218522679e-04 5.655881258e-18
5.655881258e-18 5.655881258e-18 5.655881258e-18 5.655881258e-18 1.218522679e-04 1.218522679e-04

1.307665239e-04 1.425711261e-03 1.231483151e-01 8.407415381e-01 0.000000000e+00 3.295109922e-04
1.307665239e-04 0.000000000e+00 8.061084748e-03 0.000000000e+00 1.007227814e-02 1.118038052e-03
6.069644371e-18 1.118038052e-03 0.000000000e+00 6.069644371e-18 3.295109922e-04 6.069644371e-18
6.069644371e-18 6.069644371e-18 1.307665239e-04 0.000000000e+00 1.307665239e-04 1.059208844e-02
6.069644371e-18 6.069644371e-18 6.069644371e-18 3.295109922e-04 0.000000000e+00 1.307665239e-04
6.069644371e-18 6.069644371e-18 6.069644371e-18 1.751031529e-03 3.295109922e-04 6.069644371e-18

4.912999643e-04 1.237998334e-03 8.451585942e-02 1.764487816e-01 0.000000000e+00 4.912999643e-04
1.949725201e-04 0.000000000e+00 1.257727909e-01 0.000000000e+00 1.949725201e-04 8.215184783e-02
8.435970998e-04 4.478261198e-02 0.000000000e+00 1.949725201e-04 1.283998574e-01 1.949725201e-04
1.949725201e-04 0.000000000e+00 1.949725201e-04 0.000000000e+00 1.949725201e-04 3.335407650e-01
1.949725201e-04 1.949725201e-04 1.949725201e-04 3.119560321e-03 0.000000000e+00 1.949725201e-04
9.049822719e-18 1.949725201e-04 1.949725201e-04 1.201905473e-02 3.650032664e-03 0.000000000e+00

1.085741948e-04 5.039567700e-18 5.894314139e-03 9.799590605e-01 0.000000000e+00 5.039567700e-18
0.000000000e+00 0.000000000e+00 7.936821784e-03 0.000000000e+00 1.085741948e-04 5.039567700e-18
4.697732572e-04 9.282963073e-04 0.000000000e+00 5.039567700e-18 4.377437230e-03 5.039567700e-18
5.039567700e-18 0.000000000e+00 0.000000000e+00 0.000000000e+00 5.039567700e-18 1.085741948e-04
5.039567700e-18 5.039567700e-18 5.039567700e-18 5.039567700e-18 0.000000000e+00 5.039567700e-18
5.039567700e-18 5.039567700e-18 5.039567700e-18 1.085741948e-04 5.039567700e-18 0.000000000e+00

5.203940657e-18 1.121155028e-04 4.520213822e-03 9.727739328e-01 0.000000000e+00 1.121155028e-04
0.000000000e+00 0.000000000e+00 9.532563579e-03 0.000000000e+00 0.000000000e+00 5.203940657e-18
1.501284689e-03 2.098886792e-03 0.000000000e+00 0.000000000e+00 4.520213822e-03 5.203940657e-18
4.850956070e-04 0.000000000e+00 0.000000000e+00 0.000000000e+00 5.203940657e-18 1.121155028e-04
5.203940657e-18 5.203940657e-18 3.783000363e-03 1.121155028e-04 0.000000000e+00 5.203940657e-18
5.203940657e-18 5.203940657e-18 1.121155028e-04 1.121155028e-04 1.121155028e-04 0.000000000e+00

5.240101870e-18 5.240101870e-18 9.161386727e-01 5.240101870e-18 0.000000000e+00 1.128945725e-04
0.000000000e+00 0.000000000e+00 8.363553817e-02 0.000000000e+00 0.000000000e+00 5.240101870e-18
5.240101870e-18 5.240101870e-18 0.000000000e+00 0.000000000e+00 1.128945725e-04 5.240101870e-18
5.240101870e-18 0.000000000e+00 0.000000000e+00 0.000000000e+00 5.240101870e-18 5.240101870e-18
5.240101870e-18 0.000000000e+00 5.240101870e-18 5.240101870e-18 0.000000000e+00 5.240101870e-18
0.000000000e+00 5.240101870e-18 5.240101870e-18 5.240101870e-18 5.240101870e-18 0.000000000e+00

4.706126199e-18 2.184390282e-03 4.706126199e-18 0.000000000e+00 0.000000000e+00 1.013904154e-04
0.000000000e+00 0.000000000e+00 9.977142193e-01 0.000000000e+00 0.000000000e+00 4.706126199e-18
4.706126199e-18 4.706126199e-18 0.000000000e+00 0.000000000e+00 4.706126199e-18 4.706126199e-18
4.706126199e-18 0.000000000e+00 0.000000000e+00 0.000000000e+00 4.706126199e-18 4.706126199e-18
4.706126199e-18 0.000000000e+00 0.000000000e+00 4.706126199e-18 0.000000000e+00 4.706126199e-18
0.000000000e+00 4.706126199e-18 4.706126199e-18 4.706126199e-18 4.706126199e-18 0.000000000e+00

5.614793823e-02 5.481507721e-02 0.000000000e+00 0.000000000e+00 0.000000000e+00 5.614793823e-02
0.000000000e+00 0.000000000e+00 5.614793823e-02 0.000000000e+00 0.000000000e+00 5.614793823e-02
5.614793823e-02 5.614793823e-02 0.000000000e+00 0.000000000e+00 5.614793823e-02 5.614793823e-02
5.614793823e-02 0.000000000e+00 0.000000000e+00 0.000000000e+00 5.614793823e-02 5.481507721e-02
5.481507721e-02 0.000000000e+00 0.000000000e+00 5.481507721e-02 0.000000000e+00 5.481507721e-02
0.000000000e+00 0.000000000e+00 5.481507721e-02 5.481507721e-02 5.481507721e-02 0.000000000e+00

