3.786860130e-04 1.502816439e-04 1.502816439e-04 3.786860130e-04 1.502816439e-04 3.786860130e-04
1.502816439e-04 1.502816439e-04 9.542289582e-04 3.676457223e-03 4.128708915e-03 1.502816439e-04
1.502816439e-04 6.502309089e-04 6.569079212e-03 7.638966262e-01 8.599774945e-02 6.502309089e-04
1.502816439e-04 3.786860130e-04 2.012349099e-03 0.000000000e+00 1.502816439e-04 1.502816439e-04
1.502816439e-04 1.502816439e-04 4.584969142e-02 7.633979227e-02 3.676457223e-03 1.502816439e-04
1.502816439e-04 1.502816439e-04 1.502816439e-04 6.502309089e-04 6.502309089e-04 3.786860130e-04

1.482903257e-04 1.482903257e-04 1.482903257e-04 1.482903257e-04 1.482903257e-04 1.482903257e-04
1.482903257e-04 1.482903257e-04 1.482903257e-04 1.482903257e-04 1.482903257e-04 1.482903257e-04
1.482903257e-04 1.482903257e-04 1.482903257e-04 4.708688656e-01 0.000000000e+00 1.482903257e-04
1.482903257e-04 1.482903257e-04 1.482903257e-04 0.000000000e+00 0.000000000e+00 1.482903257e-04
1.482903257e-04 1.482903257e-04 2.224003889e-01 6.416149753e-04 1.482903257e-04 1.482903257e-04
1.482903257e-04 1.482903257e-04 1.482903257e-04 1.482903257e-04 3.017887111e-01 1.482903257e-04

5.419769338e-18 5.419769338e-18 5.419769338e-18 5.419769338e-18 5.419769338e-18 5.419769338e-18
5.419769338e-18 5.419769338e-18 5.052145038e-04 5.419769338e-18 5.419769338e-18 5.052145038e-04
1.167653907e-04 5.419769338e-18 5.419769338e-18 2.036897242e-02 0.000000000e+00 5.419769338e-18
1.167653907e-04 5.419769338e-18 5.419769338e-18 0.000000000e+00 0.000000000e+00 5.419769338e-18
5.419769338e-18 5.419769338e-18 0.000000000e+00 1.167653907e-04 0.000000000e+00 5.419769338e-18
5.419769338e-18 5.710733882e-02 1.167653907e-04 5.419769338e-18 9.210461982e-01 5.419769338e-18

