7.312828517e-18 7.312828517e-18 7.312828517e-18 7.312828517e-18 7.312828517e-18 7.312828517e-18
7.312828517e-18 7.312828517e-18 3.375484299e-02 6.816797544e-04 7.312828517e-18 7.312828517e-18
7.312828517e-18 2.083714428e-02 1.222292563e-01 7.312828517e-18 3.970014111e-04 7.312828517e-18
7.312828517e-18 7.312828517e-18 5.795947429e-02 6.740513025e-01 4.806724190e-02 7.312828517e-18
7.312828517e-18 7.312828517e-18 7.312828517e-18 4.202205662e-02 7.312828517e-18 7.312828517e-18
7.312828517e-18 7.312828517e-18 7.312828517e-18 7.312828517e-18 7.312828517e-18 7.312828517e-18

6.876472210e-18 6.876472210e-18 6.876472210e-18 6.876472210e-18 6.876472210e-18 6.876472210e-18
6.876472210e-18 6.876472210e-18 6.876472210e-18 6.876472210e-18 6.876472210e-18 6.876472210e-18
6.876472210e-18 1.955650209e-01 6.876472210e-18 0.000000000e+00 2.875434530e-02 5.480506589e-03
6.876472210e-18 6.876472210e-18 0.000000000e+00 2.087706645e-01 6.876472210e-18 6.876472210e-18
6.876472210e-18 6.876472210e-18 6.876472210e-18 5.614294628e-01 6.876472210e-18 6.876472210e-18
6.876472210e-18 6.876472210e-18 6.876472210e-18 6.876472210e-18 6.876472210e-18 6.876472210e-18

6.075385568e-18 6.075385568e-18 6.075385568e-18 6.075385568e-18 6.075385568e-18 6.075385568e-18
6.075385568e-18 6.075385568e-18 6.075385568e-18 6.075385568e-18 6.075385568e-18 6.075385568e-18
1.308902143e-04 1.369822438e-01 0.000000000e+00 0.000000000e+00 7.949840759e-01 1.112887387e-02
6.075385568e-18 5.594281509e-02 0.000000000e+00 0.000000000e+00 8.311010551e-04 6.075385568e-18
6.075385568e-18 6.075385568e-18 6.075385568e-18 6.075385568e-18 6.075385568e-18 6.075385568e-18
6.075385568e-18 6.075385568e-18 6.075385568e-18 6.075385568e-18 6.075385568e-18 6.075385568e-18

6.767573699e-18 6.767573699e-18 4.529760986e-02 6.767573699e-18 6.767573699e-18 6.767573699e-18
3.674004254e-04 7.247617577e-01 6.767573699e-18 0.000000000e+00 4.456810107e-03 1.359131048e-02
1.458029555e-04 1.626207923e-01 0.000000000e+00 0.000000000e+00 0.000000000e+00 6.767573699e-18
1.458029555e-04 3.577848223e-02 0.000000000e+00 0.000000000e+00 1.239682210e-02 6.767573699e-18
1.458029555e-04 6.767573699e-18 1.458029555e-04 6.767573699e-18 6.767573699e-18 6.767573699e-18
6.767573699e-18 6.767573699e-18 6.767573699e-18 6.767573699e-18 6.767573699e-18 1.458029555e-04

7.021493837e-18 1.512734990e-04 7.021493837e-18 1.047629881e-01 7.021493837e-18 1.512734990e-04
7.021493837e-18 1.205640600e-01 0.000000000e+00 0.000000000e+00 6.734285464e-01 6.098965301e-03
1.512734990e-04 7.021493837e-18 0.000000000e+00 0.000000000e+00 0.000000000e+00 1.512734990e-04
1.512734990e-04 1.932595576e-02 0.000000000e+00 0.000000000e+00 7.021493837e-18 7.021493837e-18
7.021493837e-18 7.021493837e-18 0.000000000e+00 7.021493837e-18 7.021493837e-18 7.303748643e-02
7.021493837e-18 7.021493837e-18 2.025630553e-03 7.021493837e-18 7.021493837e-18 7.021493837e-18

