7.461337435e-18 7.461337435e-18 7.461337435e-18 7.461337435e-18 7.461337435e-18 7.461337435e-18
7.461337435e-18 6.955233065e-04 4.050637156e-04 1.565425028e-02 7.461337435e-18 7.461337435e-18
7.461337435e-18 4.050637156e-04 7.461337435e-18 2.599382885e-01 1.981917839e-02 7.461337435e-18
7.461337435e-18 5.174894150e-02 5.576151879e-01 4.287544052e-02 7.461337435e-18 7.461337435e-18
7.461337435e-18 7.461337435e-18 5.084306214e-02 7.461337435e-18 7.461337435e-18 7.461337435e-18
7.461337435e-18 7.461337435e-18 7.461337435e-18 7.461337435e-18 7.461337435e-18 7.461337435e-18

4.821301409e-18 4.821301409e-18 1.661948641e-03 4.821301409e-18 4.821301409e-18 4.821301409e-18
4.821301409e-18 4.821301409e-18 4.821301409e-18 2.237849878e-03 4.821301409e-18 4.821301409e-18
4.821301409e-18 4.821301409e-18 0.000000000e+00 1.944558272e-03 4.821301409e-18 4.821301409e-18
4.821301409e-18 4.821301409e-18 9.932675519e-01 0.000000000e+00 4.821301409e-18 4.821301409e-18
4.821301409e-18 4.821301409e-18 8.880913127e-04 4.821301409e-18 4.821301409e-18 4.821301409e-18
4.821301409e-18 4.821301409e-18 4.821301409e-18 4.821301409e-18 4.821301409e-18 4.821301409e-18

5.396739005e-18 5.396739005e-18 8.836846040e-01 5.396739005e-18 5.396739005e-18 5.396739005e-18
5.396739005e-18 5.396739005e-18 0.000000000e+00 5.396739005e-18 5.396739005e-18 5.396739005e-18
5.396739005e-18 5.396739005e-18 0.000000000e+00 5.396739005e-18 5.396739005e-18 5.396739005e-18
5.396739005e-18 5.396739005e-18 5.396739005e-18 0.000000000e+00 0.000000000e+00 5.396739005e-18
5.396739005e-18 5.396739005e-18 1.138104517e-01 5.396739005e-18 5.396739005e-18 5.396739005e-18
5.396739005e-18 5.396739005e-18 2.504944350e-03 5.396739005e-18 5.396739005e-18 5.396739005e-18

6.317146464e-18 6.317146464e-18 4.118456631e-01 2.547872114e-03 6.317146464e-18 6.317146464e-18
6.317146464e-18 6.317146464e-18 0.000000000e+00 6.317146464e-18 6.317146464e-18 6.317146464e-18
6.317146464e-18 6.317146464e-18 0.000000000e+00 0.000000000e+00 6.317146464e-18 6.317146464e-18
6.317146464e-18 6.317146464e-18 0.000000000e+00 0.000000000e+00 0.000000000e+00 6.317146464e-18
6.317146464e-18 6.317146464e-18 5.458772497e-01 3.556903546e-02 6.317146464e-18 6.317146464e-18
6.317146464e-18 6.317146464e-18 4.160179625e-03 6.317146464e-18 6.317146464e-18 6.317146464e-18

