7.312828517e-18 7.312828517e-18 7.312828517e-18 7.312828517e-18 7.312828517e-18 7.312828517e-18
7.312828517e-18 7.312828517e-18 3.375484299e-02 6.816797544e-04 7.312828517e-18 7.312828517e-18
7.312828517e-18 2.083714428e-02 1.222292563e-01 7.312828517e-18 3.970014111e-04 7.312828517e-18
7.312828517e-18 7.312828517e-18 5.795947429e-02 6.740513025e-01 4.806724190e-02 7.312828517e-18
7.312828517e-18 7.312828517e-18 7.312828517e-18 4.202205662e-02 7.312828517e-18 7.312828517e-18
7.312828517e-18 7.312828517e-18 7.312828517e-18 7.312828517e-18 7.312828517e-18 7.312828517e-18

7.490077304e-18 7.490077304e-18 7.490077304e-18 7.490077304e-18 7.490077304e-18 8.181339872e-03
7.490077304e-18 7.490077304e-18 5.655439036e-02 1.759359676e-03 7.590111079e-02 7.490077304e-18
7.490077304e-18 6.508431114e-02 0.000000000e+00 0.000000000e+00 7.490077304e-18 7.490077304e-18
7.490077304e-18 7.490077304e-18 7.490077304e-18 6.903889994e-01 1.117123760e-02 7.490077304e-18
7.490077304e-18 5.286163605e-02 7.490077304e-18 2.355873790e-02 1.613688238e-04 7.490077304e-18
1.437750842e-02 7.490077304e-18 7.490077304e-18 7.490077304e-18 7.490077304e-18 7.490077304e-18

8.180236730e-18 2.819805726e-03 8.180236730e-18 8.180236730e-18 8.180236730e-18 1.086415900e-02
1.288306556e-02 2.359916257e-03 3.597141748e-02 1.762378579e-04 1.232587474e-01 8.180236730e-18
3.796929547e-03 3.246329098e-02 0.000000000e+00 0.000000000e+00 8.180236730e-18 8.180236730e-18
3.299305654e-03 4.440915738e-04 0.000000000e+00 0.000000000e+00 7.703671711e-03 8.180236730e-18
8.180236730e-18 8.180236730e-18 1.716253610e-02 3.246329098e-02 2.359916257e-03 2.410899983e-02
2.820866655e-02 8.180236730e-18 8.180236730e-18 8.180236730e-18 2.819805726e-03 6.568361458e-01

1.817904402e-01 1.275225714e-04 1.275225714e-04 1.275225714e-04 1.275225714e-04 1.275225714e-04
1.275225714e-04 0.000000000e+00 1.275225714e-04 1.275225714e-04 8.016657500e-01 1.275225714e-04
1.275225714e-04 1.275225714e-04 0.000000000e+00 0.000000000e+00 1.275225714e-04 1.275225714e-04
1.275225714e-04 1.275225714e-04 0.000000000e+00 0.000000000e+00 1.275225714e-04 1.275225714e-04
1.275225714e-04 0.000000000e+00 1.275225714e-04 8.097178559e-04 1.275225714e-04 1.275225714e-04
1.241850509e-02 1.275225714e-04 1.275225714e-04 1.275225714e-04 1.275225714e-04 1.275225714e-04

