7.534219381e-18 7.534219381e-18 7.534219381e-18 7.534219381e-18 7.534219381e-18 7.534219381e-18
7.534219381e-18 1.623198360e-04 2.173546731e-03 3.497074855e-03 2.173546731e-03 7.534219381e-18
7.534219381e-18 4.090203563e-04 4.296090453e-01 5.876819946e-02 8.451625778e-02 7.534219381e-18
7.534219381e-18 4.090203563e-04 3.716569457e-01 4.329424554e-02 2.597117376e-03 7.534219381e-18
7.534219381e-18 7.534219381e-18 1.623198360e-04 4.090203563e-04 1.623198360e-04 7.534219381e-18
7.534219381e-18 7.534219381e-18 7.534219381e-18 7.534219381e-18 7.534219381e-18 7.534219381e-18

5.337912775e-18 5.337912775e-18 4.975840827e-04 5.337912775e-18 0.000000000e+00 5.337912775e-18
5.337912775e-18 7.885777830e-02 7.302161961e-04 5.337912775e-18 1.840029513e-03 5.337912775e-18
5.337912775e-18 5.337912775e-18 9.172648152e-01 5.337912775e-18 1.150018446e-04 5.337912775e-18
5.337912775e-18 2.897864895e-04 2.897864895e-04 0.000000000e+00 1.150018446e-04 5.337912775e-18
5.337912775e-18 5.337912775e-18 5.337912775e-18 5.337912775e-18 5.337912775e-18 5.337912775e-18
5.337912775e-18 5.337912775e-18 5.337912775e-18 5.337912775e-18 5.337912775e-18 5.337912775e-18

5.494876924e-18 5.494876924e-18 5.494876924e-18 5.494876924e-18 0.000000000e+00 5.494876924e-18
2.983078145e-04 5.494876924e-18 8.689381917e-01 0.000000000e+00 1.256922677e-01 5.494876924e-18
5.494876924e-18 2.983078145e-04 0.000000000e+00 5.494876924e-18 5.494876924e-18 5.494876924e-18
5.494876924e-18 4.772925031e-03 5.494876924e-18 0.000000000e+00 5.494876924e-18 5.494876924e-18
5.494876924e-18 5.494876924e-18 5.494876924e-18 5.494876924e-18 5.494876924e-18 5.494876924e-18
5.494876924e-18 5.494876924e-18 5.494876924e-18 5.494876924e-18 5.494876924e-18 5.494876924e-18

5.560179835e-18 5.560179835e-18 5.560179835e-18 5.560179835e-18 0.000000000e+00 5.560179835e-18
3.018530019e-04 0.000000000e+00 1.876526209e-01 0.000000000e+00 8.119257356e-01 5.560179835e-18
5.560179835e-18 5.560179835e-18 0.000000000e+00 5.560179835e-18 5.560179835e-18 5.560179835e-18
5.560179835e-18 1.197904432e-04 5.560179835e-18 0.000000000e+00 5.560179835e-18 5.560179835e-18
5.560179835e-18 5.560179835e-18 5.560179835e-18 5.560179835e-18 0.000000000e+00 5.560179835e-18
5.560179835e-18 5.560179835e-18 5.560179835e-18 5.560179835e-18 5.560179835e-18 5.560179835e-18

1.560931516e-04 1.560931516e-04 1.560931516e-04 1.560931516e-04 0.000000000e+00 1.560931516e-04
5.266893824e-03 0.000000000e+00 4.056819584e-01 0.000000000e+00 2.392977573e-01 1.560931516e-04
1.560931516e-04 2.498430086e-02 0.000000000e+00 3.204672363e-01 1.560931516e-04 1.560931516e-04
1.560931516e-04 0.000000000e+00 1.560931516e-04 0.000000000e+00 3.933300948e-04 3.933300948e-04
1.560931516e-04 1.560931516e-04 1.560931516e-04 1.560931516e-04 0.000000000e+00 1.560931516e-04
1.560931516e-04 1.560931516e-04 3.933300948e-04 1.560931516e-04 1.560931516e-04 0.000000000e+00

1.123310785e-04 5.213946795e-18 5.213946795e-18 7.132578885e-04 0.000000000e+00 5.213946795e-18
0.000000000e+00 0.000000000e+00 9.530220489e-01 0.000000000e+00 2.935740994e-02 5.213946795e-18
5.213946795e-18 5.213946795e-18 0.000000000e+00 5.213946795e-18 5.213946795e-18 5.213946795e-18
5.213946795e-18 0.000000000e+00 0.000000000e+00 0.000000000e+00 5.213946795e-18 5.213946795e-18
2.830565807e-04 1.639956452e-02 5.213946795e-18 5.213946795e-18 0.000000000e+00 1.123310785e-04
5.213946795e-18 5.213946795e-18 5.213946795e-18 5.213946795e-18 5.213946795e-18 0.000000000e+00

1.420378042e-04 3.474781734e-03 9.018838389e-04 4.341719406e-03 0.000000000e+00 6.592810857e-18
0.000000000e+00 0.000000000e+00 7.156030699e-01 0.000000000e+00 0.000000000e+00 6.592810857e-18
4.341719406e-03 6.592810857e-18 0.000000000e+00 0.000000000e+00 6.592810857e-18 6.592810857e-18
2.659054848e-03 0.000000000e+00 0.000000000e+00 0.000000000e+00 1.978413555e-01 1.214406143e-03
9.018838389e-04 6.592810857e-18 3.579128387e-04 6.592810857e-18 0.000000000e+00 3.902224737e-03
6.417591222e-02 6.592810857e-18 6.592810857e-18 6.592810857e-18 1.420378042e-04 0.000000000e+00

1.943542437e-03 2.717189871e-03 8.340432178e-01 6.736949746e-18 0.000000000e+00 1.661705409e-02
0.000000000e+00 0.000000000e+00 1.352980843e-02 0.000000000e+00 0.000000000e+00 6.736949746e-18
5.681201643e-02 4.436642593e-03 0.000000000e+00 0.000000000e+00 6.736949746e-18 6.736949746e-18
1.175659777e-02 0.000000000e+00 0.000000000e+00 0.000000000e+00 1.061003100e-02 1.175659777e-02
1.352980843e-02 0.000000000e+00 1.582455994e-03 6.736949746e-18 0.000000000e+00 2.051989418e-02
0.000000000e+00 6.736949746e-18 6.736949746e-18 6.736949746e-18 1.451431824e-04 0.000000000e+00

1.167190463e-04 2.941135667e-04 5.417618219e-18 0.000000000e+00 0.000000000e+00 2.855389187e-03
0.000000000e+00 0.000000000e+00 9.250831667e-01 0.000000000e+00 0.000000000e+00 1.167190463e-04
6.451809447e-02 2.941135667e-04 0.000000000e+00 0.000000000e+00 1.867504741e-03 5.417618219e-18
5.050139831e-04 0.000000000e+00 0.000000000e+00 0.000000000e+00 5.417618219e-18 2.941135667e-04
5.417618219e-18 0.000000000e+00 0.000000000e+00 5.417618219e-18 0.000000000e+00 3.938333091e-03
0.000000000e+00 5.417618219e-18 5.417618219e-18 5.417618219e-18 1.167190463e-04 0.000000000e+00

5.614793823e-02 5.481507721e-02 0.000000000e+00 0.000000000e+00 0.000000000e+00 5.614793823e-02
0.000000000e+00 0.000000000e+00 5.614793823e-02 0.000000000e+00 0.000000000e+00 5.614793823e-02
5.614793823e-02 5.614793823e-02 0.000000000e+00 0.000000000e+00 5.614793823e-02 5.614793823e-02
5.614793823e-02 0.000000000e+00 0.000000000e+00 0.000000000e+00 5.614793823e-02 5.481507721e-02
5.481507721e-02 0.000000000e+00 0.000000000e+00 5.481507721e-02 0.000000000e+00 5.481507721e-02
0.000000000e+00 0.000000000e+00 5.481507721e-02 5.481507721e-02 5.481507721e-02 0.000000000e+00

