8.200758039e-18 8.200758039e-18 8.200758039e-18 8.200758039e-18 8.200758039e-18 8.200758039e-18
8.200758039e-18 1.766799761e-04 1.766799761e-04 7.337888385e-02 8.200758039e-18 8.200758039e-18
8.200758039e-18 8.200758039e-18 5.588162366e-02 3.344746393e-01 1.946073421e-02 8.200758039e-18
8.200758039e-18 7.766326462e-02 3.754739243e-01 8.200758039e-18 2.826879617e-03 8.200758039e-18
8.200758039e-18 8.200758039e-18 4.807881281e-02 1.223119774e-02 1.766799761e-04 8.200758039e-18
8.200758039e-18 8.200758039e-18 8.200758039e-18 8.200758039e-18 8.200758039e-18 8.200758039e-18

7.134046849e-18 7.134046849e-18 7.134046849e-18 7.134046849e-18 7.134046849e-18 7.134046849e-18
7.134046849e-18 7.134046849e-18 1.170828521e-01 7.134046849e-18 7.134046849e-18 7.134046849e-18
7.134046849e-18 7.134046849e-18 5.019351609e-01 0.000000000e+00 7.134046849e-18 7.134046849e-18
7.134046849e-18 1.424781714e-01 7.134046849e-18 0.000000000e+00 2.356264659e-01 7.134046849e-18
7.134046849e-18 7.134046849e-18 2.877349627e-03 7.134046849e-18 7.134046849e-18 7.134046849e-18
7.134046849e-18 7.134046849e-18 7.134046849e-18 7.134046849e-18 7.134046849e-18 7.134046849e-18

5.310923196e-18 5.310923196e-18 5.310923196e-18 5.310923196e-18 5.310923196e-18 5.310923196e-18
5.310923196e-18 5.310923196e-18 5.310923196e-18 5.310923196e-18 5.310923196e-18 5.310923196e-18
5.310923196e-18 5.310923196e-18 5.310923196e-18 0.000000000e+00 5.310923196e-18 5.310923196e-18
5.310923196e-18 8.939324844e-01 0.000000000e+00 0.000000000e+00 5.310923196e-18 1.060675156e-01
5.310923196e-18 0.000000000e+00 5.310923196e-18 5.310923196e-18 5.310923196e-18 5.310923196e-18
5.310923196e-18 5.310923196e-18 5.310923196e-18 5.310923196e-18 5.310923196e-18 5.310923196e-18

5.911489973e-18 5.911489973e-18 5.911489973e-18 2.743870585e-03 5.911489973e-18 5.911489973e-18
5.911489973e-18 5.911489973e-18 5.911489973e-18 0.000000000e+00 5.911489973e-18 5.911489973e-18
5.911489973e-18 1.705405571e-03 5.911489973e-18 0.000000000e+00 5.911489973e-18 7.851040150e-03
2.384260130e-03 7.630619062e-01 0.000000000e+00 0.000000000e+00 0.000000000e+00 2.222535174e-01
5.911489973e-18 0.000000000e+00 5.911489973e-18 5.911489973e-18 5.911489973e-18 5.911489973e-18
5.911489973e-18 5.911489973e-18 5.911489973e-18 5.911489973e-18 5.911489973e-18 5.911489973e-18

