9.370472343e-18 1.281862585e-03 9.370472343e-18 8.734870878e-04 2.201049538e-03 8.734870878e-04
2.201049538e-03 2.018807068e-04 0.000000000e+00 5.087075041e-04 9.370472343e-18 5.087075041e-04
3.230091308e-03 2.018807068e-04 4.349387979e-03 1.281862585e-03 9.370472343e-18 2.018807068e-04
1.194913528e-01 1.115924001e-01 1.623294858e-01 2.703287294e-03 9.370472343e-18 5.603250434e-02
2.681174360e-01 9.370472343e-18 4.325259671e-02 9.370472343e-18 9.370472343e-18 1.281862585e-03
9.370472343e-18 2.036567729e-01 9.523388249e-03 8.734870878e-04 3.230091308e-03 9.370472343e-18

3.886403889e-03 1.231495277e-02 2.429002431e-04 5.233127098e-03 1.231495277e-02 1.318665398e-02
3.546176411e-02 0.000000000e+00 0.000000000e+00 6.673232826e-03 7.424816973e-03 8.985652684e-03
7.424816973e-03 2.571065866e-02 1.542320405e-03 8.985652684e-03 3.252560145e-03 5.233127098e-03
2.616004068e-01 1.342665257e-01 6.673232826e-03 5.233127098e-03 3.886403889e-03 1.407301041e-02
1.231495277e-02 0.000000000e+00 8.794248618e-02 4.547275796e-03 2.076767865e-03 6.673232826e-03
1.698816591e-01 1.097478574e-01 5.233127098e-03 8.195937985e-03 5.233127098e-03 4.547275796e-03

1.331856843e-04 1.331856843e-04 1.331856843e-04 1.331856843e-04 1.331856843e-04 1.331856843e-04
1.331856843e-04 0.000000000e+00 0.000000000e+00 1.331856843e-04 1.331856843e-04 1.331856843e-04
1.331856843e-04 0.000000000e+00 1.331856843e-04 1.331856843e-04 1.138721583e-03 1.331856843e-04
2.130970949e-03 3.525002002e-01 1.452086698e-03 3.356068944e-04 1.331856843e-04 1.331856843e-04
0.000000000e+00 0.000000000e+00 1.331856843e-04 1.783425340e-03 1.331856843e-04 1.331856843e-04
1.331856843e-04 6.368170354e-01 5.762609878e-04 1.331856843e-04 3.356068944e-04 1.331856843e-04

