2.435427111e-02 1.067963844e-17 2.300858353e-04 6.321180784e-03 1.067963844e-17 9.955235913e-04
4.125576613e-02 1.067963844e-17 7.033114474e-03 1.067963844e-17 2.300858353e-04 6.321180784e-03
2.619577862e-01 1.967206220e-03 7.148235349e-02 0.000000000e+00 1.418361032e-02 4.957049053e-03
5.797799744e-04 2.300858353e-04 1.227403022e-01 1.067963844e-17 1.025460325e-01 9.955235913e-04
1.168785783e-01 1.067963844e-17 4.957049053e-03 6.136891766e-02 5.524966679e-02 1.460953988e-03
5.628769485e-03 3.681373365e-03 3.080968583e-03 7.931278484e-02 1.067963844e-17 1.067963844e-17

5.857070464e-03 6.998469027e-03 2.324379954e-03 6.998469027e-03 1.735840171e-04 1.735840171e-04
4.768898320e-03 1.735840171e-04 1.735840171e-04 1.892538553e-03 1.735840171e-04 1.735840171e-04
1.735840171e-04 4.246521379e-03 1.882747763e-01 0.000000000e+00 2.030250980e-01 1.735840171e-04
3.249623753e-03 4.259565694e-02 1.735840171e-04 0.000000000e+00 0.000000000e+00 1.735840171e-04
4.246521379e-03 1.892538553e-03 5.132972035e-01 3.249623753e-03 1.735840171e-04 1.735840171e-04
1.102189806e-03 1.735840171e-04 1.892538553e-03 1.735840171e-04 1.484122470e-03 1.735840171e-04

5.495299114e-18 5.495299114e-18 5.495299114e-18 5.495299114e-18 5.495299114e-18 5.495299114e-18
5.495299114e-18 5.495299114e-18 0.000000000e+00 5.495299114e-18 5.495299114e-18 5.495299114e-18
5.495299114e-18 5.495299114e-18 8.312247929e-01 0.000000000e+00 5.495299114e-18 5.495299114e-18
5.495299114e-18 5.495299114e-18 0.000000000e+00 0.000000000e+00 0.000000000e+00 5.495299114e-18
5.495299114e-18 5.495299114e-18 1.687752071e-01 5.495299114e-18 5.495299114e-18 5.495299114e-18
5.495299114e-18 5.495299114e-18 5.495299114e-18 5.495299114e-18 5.495299114e-18 5.495299114e-18

