7.374259596e-18 7.374259596e-18 7.374259596e-18 7.374259596e-18 7.374259596e-18 7.374259596e-18
7.374259596e-18 1.588736069e-04 0.000000000e+00 1.588736069e-04 1.588736069e-04 7.374259596e-18
7.374259596e-18 4.067164336e-02 1.588736069e-04 4.620035754e-01 1.588736069e-04 7.374259596e-18
7.374259596e-18 1.588736069e-04 4.496250954e-02 1.588736069e-04 1.588736069e-04 7.374259596e-18
7.374259596e-18 7.374259596e-18 1.845819333e-01 2.663504759e-01 7.374259596e-18 7.374259596e-18
7.374259596e-18 1.588736069e-04 7.374259596e-18 7.374259596e-18 7.374259596e-18 7.374259596e-18

1.620975749e-04 1.620975749e-04 1.620975749e-04 1.620975749e-04 1.620975749e-04 1.620975749e-04
1.029255444e-03 0.000000000e+00 0.000000000e+00 2.244627746e-01 4.084602935e-04 1.620975749e-04
1.620975749e-04 1.029255444e-03 3.492286385e-03 6.928092150e-02 1.620975749e-04 1.620975749e-04
1.620975749e-04 1.620975749e-04 1.385914770e-03 1.620975749e-04 1.620975749e-04 1.620975749e-04
1.620975749e-04 0.000000000e+00 2.997611378e-01 3.952596519e-01 1.620975749e-04 1.620975749e-04
1.620975749e-04 1.620975749e-04 1.620975749e-04 1.620975749e-04 1.620975749e-04 1.620975749e-04

8.614564544e-03 1.289056289e-02 2.148670236e-03 3.689420133e-03 8.527003484e-04 1.141809960e-02
4.940324773e-02 0.000000000e+00 0.000000000e+00 4.836045224e-02 6.024105521e-03 2.638956030e-03
8.527003484e-04 0.000000000e+00 1.970764668e-04 7.290485427e-03 1.684980089e-03 2.148670236e-03
4.966015778e-04 1.970764668e-04 2.170734241e-02 2.638956030e-03 4.245883765e-03 1.069895666e-02
0.000000000e+00 0.000000000e+00 1.970764668e-04 6.416100052e-01 6.233277360e-02 2.002172100e-02
1.214875224e-02 6.024105521e-03 3.689420133e-03 3.437872378e-02 1.069895666e-02 1.069895666e-02

