7.426780821e-18 7.426780821e-18 7.426780821e-18 1.600051424e-04 1.600051424e-04 1.600051424e-04
1.600051424e-04 1.600051424e-04 6.923020434e-04 4.031876939e-04 1.600051424e-04 1.600051424e-04
1.600051424e-04 1.600051424e-04 4.440983478e-02 0.000000000e+00 1.169644686e-02 1.600051424e-04
1.600051424e-04 6.923020434e-04 7.547977797e-03 1.252611019e-01 5.398892185e-03 7.426780821e-18
1.600051424e-04 1.600051424e-04 5.484932566e-01 2.519923087e-01 7.426780821e-18 1.600051424e-04
1.600051424e-04 7.426780821e-18 7.426780821e-18 1.600051424e-04 6.923020434e-04 1.600051424e-04

1.338327744e-04 1.338327744e-04 1.338327744e-04 1.338327744e-04 1.338327744e-04 1.338327744e-04
1.338327744e-04 1.338327744e-04 1.338327744e-04 1.338327744e-04 1.338327744e-04 1.338327744e-04
5.790607841e-04 4.236225620e-01 0.000000000e+00 0.000000000e+00 5.668152840e-01 1.338327744e-04
1.338327744e-04 1.338327744e-04 1.338327744e-04 1.338327744e-04 8.497851475e-04 1.338327744e-04
1.338327744e-04 3.372374593e-04 2.141324390e-03 1.459141742e-03 0.000000000e+00 1.338327744e-04
1.338327744e-04 1.338327744e-04 1.338327744e-04 1.338327744e-04 8.497851475e-04 1.338327744e-04

1.535361729e-04 1.535361729e-04 1.535361729e-04 1.535361729e-04 6.643124382e-04 1.535361729e-04
0.000000000e+00 1.535361729e-04 1.535361729e-04 1.535361729e-04 1.535361729e-04 1.535361729e-04
1.535361729e-04 1.535361729e-04 0.000000000e+00 0.000000000e+00 0.000000000e+00 6.028180942e-01
1.535361729e-04 1.535361729e-04 1.021501727e-01 1.535361729e-04 1.535361729e-04 1.535361729e-04
1.535361729e-04 1.535361729e-04 7.412994489e-02 2.113595926e-01 0.000000000e+00 1.535361729e-04
1.535361729e-04 1.535361729e-04 1.535361729e-04 1.535361729e-04 4.218121053e-03 9.748939295e-04

