7.309251173e-18 7.309251173e-18 7.309251173e-18 7.309251173e-18 7.309251173e-18 7.309251173e-18
7.309251173e-18 0.000000000e+00 3.852386033e-03 1.574730429e-04 7.309251173e-18 7.309251173e-18
7.309251173e-18 2.372270238e-02 2.693901642e-01 5.559386355e-01 7.309251173e-18 7.309251173e-18
7.309251173e-18 1.346375578e-03 7.309251173e-18 9.011298344e-02 1.599826393e-02 7.309251173e-18
7.309251173e-18 6.813462852e-04 1.574730429e-04 3.864219658e-02 7.309251173e-18 7.309251173e-18
7.309251173e-18 7.309251173e-18 7.309251173e-18 7.309251173e-18 7.309251173e-18 7.309251173e-18

6.867322640e-18 6.867322640e-18 6.867322640e-18 6.867322640e-18 6.867322640e-18 6.867322640e-18
6.867322640e-18 0.000000000e+00 6.699456252e-01 6.867322640e-18 6.867322640e-18 6.867322640e-18
6.867322640e-18 0.000000000e+00 6.867322640e-18 8.563082501e-02 6.867322640e-18 6.867322640e-18
6.867322640e-18 1.470342375e-01 0.000000000e+00 6.867322640e-18 6.867322640e-18 6.867322640e-18
6.867322640e-18 6.867322640e-18 6.867322640e-02 6.867322640e-18 6.867322640e-18 6.867322640e-18
6.867322640e-18 6.867322640e-18 2.871608587e-02 6.867322640e-18 6.867322640e-18 6.867322640e-18

4.190327507e-04 1.662932573e-04 1.662932573e-04 4.190327507e-04 1.662932573e-04 1.662932573e-04
1.662932573e-04 0.000000000e+00 0.000000000e+00 9.299760426e-02 1.662932573e-04 1.662932573e-04
1.662932573e-04 0.000000000e+00 0.000000000e+00 2.661693181e-02 4.190327507e-04 1.662932573e-04
1.421787350e-03 5.990713873e-01 0.000000000e+00 7.513507792e-02 1.372678826e-01 4.190327507e-04
4.190327507e-04 1.662932573e-04 6.117589827e-02 4.190327507e-04 7.195091367e-04 1.662932573e-04
1.662932573e-04 1.662932573e-04 4.190327507e-04 1.662932573e-04 1.662932573e-04 1.662932573e-04

3.517249117e-02 3.517249117e-02 3.517249117e-02 3.517249117e-02 3.517249117e-02 3.517249117e-02
3.517249117e-02 0.000000000e+00 0.000000000e+00 0.000000000e+00 3.517249117e-02 3.517249117e-02
3.517249117e-02 0.000000000e+00 0.000000000e+00 3.517249117e-02 3.517249117e-02 3.517249117e-02
3.517249117e-02 3.383900824e-02 0.000000000e+00 0.000000000e+00 3.383900824e-02 3.383900824e-02
3.383900824e-02 3.383900824e-02 3.383900824e-02 3.383900824e-02 3.383900824e-02 3.383900824e-02
3.383900824e-02 3.383900824e-02 3.383900824e-02 3.383900824e-02 3.383900824e-02 3.383900824e-02

