6.851136000e-18 9.372222214e-04 2.362540563e-02 1.476032507e-04 3.719368851e-04 6.851136000e-18
1.476032507e-04 3.719368851e-04 4.751682109e-02 6.386421745e-04 6.851136000e-18 1.609277438e-03
7.904268777e-01 3.936901080e-02 6.851136000e-18 4.096765815e-02 3.719368851e-04 6.851136000e-18
6.851136000e-18 1.476032507e-04 5.003401761e-02 0.000000000e+00 9.372222214e-04 3.719368851e-04
6.851136000e-18 6.851136000e-18 1.476032507e-04 3.719368851e-04 3.719368851e-04 3.719368851e-04
6.851136000e-18 6.851136000e-18 6.851136000e-18 3.719368851e-04 3.719368851e-04 6.851136000e-18

4.784596910e-18 4.784596910e-18 1.030810156e-04 4.784596910e-18 4.784596910e-18 4.784596910e-18
4.784596910e-18 4.784596910e-18 1.030810156e-04 4.784596910e-18 4.784596910e-18 1.030810156e-04
1.030810156e-04 1.030810156e-04 0.000000000e+00 4.460056514e-04 0.000000000e+00 4.784596910e-18
4.784596910e-18 1.030810156e-04 9.965937893e-01 0.000000000e+00 4.460056514e-04 1.030810156e-04
4.784596910e-18 1.030810156e-04 4.784596910e-18 1.030810156e-04 1.030810156e-04 4.784596910e-18
4.784596910e-18 4.784596910e-18 1.380308224e-03 1.030810156e-04 4.784596910e-18 4.784596910e-18

5.104129787e-18 5.104129787e-18 1.099651428e-04 1.099651428e-04 1.099651428e-04 1.099651428e-04
5.104129787e-18 1.099651428e-04 5.104129787e-18 5.104129787e-18 5.104129787e-18 5.104129787e-18
6.982351332e-04 9.711348625e-01 0.000000000e+00 1.099651428e-04 0.000000000e+00 1.099651428e-04
1.099651428e-04 5.104129787e-18 0.000000000e+00 0.000000000e+00 1.099651428e-04 1.099651428e-04
1.099651428e-04 2.412245565e-02 0.000000000e+00 9.401887455e-04 5.104129787e-18 5.104129787e-18
5.104129787e-18 1.198919553e-03 1.099651428e-04 4.757915397e-04 1.099651428e-04 5.104129787e-18

2.093542559e-04 5.275396676e-04 3.919269608e-03 5.751619161e-03 9.058232566e-04 1.329316664e-03
9.058232566e-04 6.399405009e-03 2.282531577e-03 2.093542559e-04 2.093542559e-04 2.093542559e-04
4.510400713e-03 3.871511957e-01 0.000000000e+00 1.239148784e-01 0.000000000e+00 1.090060136e-01
7.064029562e-03 0.000000000e+00 0.000000000e+00 0.000000000e+00 0.000000000e+00 2.093542559e-04
2.282531577e-03 1.322439626e-01 0.000000000e+00 2.215986177e-02 3.349668093e-03 5.137329006e-02
2.093542559e-04 8.194554664e-02 2.959785713e-02 1.369364007e-02 4.510400713e-03 3.919269608e-03

7.392259981e-04 1.164207995e-04 1.164207995e-04 5.037235440e-04 1.164207995e-04 1.164207995e-04
3.558675434e-03 5.037235440e-04 1.164207995e-04 1.164207995e-04 0.000000000e+00 1.164207995e-04
1.164207995e-04 9.654362743e-01 0.000000000e+00 7.392259981e-04 0.000000000e+00 7.614961149e-03
8.510412068e-03 0.000000000e+00 0.000000000e+00 0.000000000e+00 0.000000000e+00 0.000000000e+00
1.164207995e-04 3.558675434e-03 0.000000000e+00 2.933620318e-04 1.164207995e-04 5.491958549e-03
1.164207995e-04 5.037235440e-04 1.164207995e-04 7.392259981e-04 1.164207995e-04 2.933620318e-04

