5.666411961e-18 5.666411961e-18 1.220791450e-04 7.751542526e-04 1.220791450e-04 5.666411961e-18
1.220791450e-04 5.666411961e-18 5.666411961e-18 5.666411961e-18 5.666411961e-18 1.220791450e-04
1.043762007e-03 5.666411961e-18 5.666411961e-18 5.666411961e-18 5.666411961e-18 1.330995170e-03
9.036050873e-01 5.666411961e-18 5.666411961e-18 5.666411961e-18 5.666411961e-18 3.076201690e-04
8.451292530e-03 1.220791450e-04 5.666411961e-18 5.666411961e-18 5.666411961e-18 5.666411961e-18
5.666411961e-18 1.188840899e-02 7.065628871e-02 1.330995170e-03 5.666411961e-18 5.666411961e-18

5.655787346e-18 5.655787346e-18 5.655787346e-18 5.655787346e-18 5.655787346e-18 5.655787346e-18
5.655787346e-18 5.655787346e-18 5.655787346e-18 5.655787346e-18 5.655787346e-18 5.655787346e-18
5.655787346e-18 5.655787346e-18 5.655787346e-18 5.655787346e-18 5.655787346e-18 5.655787346e-18
5.655787346e-18 5.655787346e-18 0.000000000e+00 5.655787346e-18 5.655787346e-18 5.655787346e-18
7.573392384e-01 1.218502446e-04 5.655787346e-18 5.655787346e-18 5.655787346e-18 5.655787346e-18
0.000000000e+00 5.655787346e-18 2.425389114e-01 5.655787346e-18 5.655787346e-18 5.655787346e-18

5.079964770e-18 5.079964770e-18 5.079964770e-18 5.079964770e-18 5.079964770e-18 5.079964770e-18
5.079964770e-18 5.079964770e-18 5.079964770e-18 5.079964770e-18 5.079964770e-18 5.079964770e-18
5.079964770e-18 5.079964770e-18 5.079964770e-18 5.079964770e-18 5.079964770e-18 5.079964770e-18
5.079964770e-18 5.079964770e-18 0.000000000e+00 0.000000000e+00 5.079964770e-18 5.079964770e-18
6.949294053e-04 9.651227585e-01 6.746692890e-03 5.079964770e-18 5.079964770e-18 5.079964770e-18
0.000000000e+00 0.000000000e+00 5.079964770e-18 2.743561920e-02 5.079964770e-18 5.079964770e-18

5.820439810e-18 5.820439810e-18 5.820439810e-18 5.820439810e-18 5.820439810e-18 5.820439810e-18
5.820439810e-18 5.820439810e-18 5.820439810e-18 5.820439810e-18 5.820439810e-18 5.820439810e-18
5.820439810e-18 5.820439810e-18 5.820439810e-18 5.820439810e-18 5.820439810e-18 5.820439810e-18
5.820439810e-18 5.820439810e-18 0.000000000e+00 0.000000000e+00 0.000000000e+00 5.820439810e-18
5.820439810e-18 6.501457822e-01 3.487820836e-01 5.820439810e-18 5.820439810e-18 5.820439810e-18
0.000000000e+00 0.000000000e+00 0.000000000e+00 5.820439810e-18 1.072134180e-03 5.820439810e-18

