1.404935970e-04 1.404935970e-04 1.404935970e-04 1.404935970e-04 3.540216804e-04 1.404935970e-04
1.404935970e-04 6.521135109e-18 1.404935970e-04 1.201203357e-03 1.404935970e-04 1.404935970e-04
1.404935970e-04 6.521135109e-18 6.078804896e-04 1.794876868e-02 3.437004588e-03 1.404935970e-04
1.404935970e-04 3.540216804e-04 7.878131145e-01 6.521135109e-18 1.438449539e-01 4.740533783e-03
3.540216804e-04 6.521135109e-18 1.404935970e-04 2.867575611e-02 1.404935970e-04 1.404935970e-04
1.404935970e-04 6.521135109e-18 1.404935970e-04 8.139834807e-03 1.404935970e-04 6.521135109e-18

6.695412876e-18 6.695412876e-18 6.695412876e-18 1.233305597e-03 6.695412876e-18 6.695412876e-18
6.695412876e-18 6.695412876e-18 6.695412876e-18 1.232121339e-01 6.695412876e-18 6.695412876e-18
6.695412876e-18 3.634829332e-04 6.500213418e-01 6.695412876e-18 1.904157421e-01 3.634829332e-04
6.695412876e-18 6.695412876e-18 0.000000000e+00 0.000000000e+00 3.634829332e-04 6.695412876e-18
6.695412876e-18 6.695412876e-18 6.695412876e-18 3.388277956e-02 6.695412876e-18 6.695412876e-18
6.695412876e-18 6.695412876e-18 6.695412876e-18 1.442482977e-04 6.695412876e-18 6.695412876e-18

5.951970849e-18 5.951970849e-18 5.951970849e-18 5.951970849e-18 5.951970849e-18 5.951970849e-18
5.951970849e-18 5.951970849e-18 5.951970849e-18 3.522917370e-03 5.951970849e-18 5.951970849e-18
5.951970849e-18 5.951970849e-18 1.717083898e-03 0.000000000e+00 3.559093077e-02 5.951970849e-18
5.951970849e-18 0.000000000e+00 0.000000000e+00 0.000000000e+00 8.536583892e-01 5.951970849e-18
5.951970849e-18 5.951970849e-18 8.880535476e-02 5.951970849e-18 3.231226906e-04 5.951970849e-18
5.951970849e-18 5.951970849e-18 5.951970849e-18 1.638220128e-02 5.951970849e-18 5.951970849e-18

5.743600515e-18 5.743600515e-18 5.743600515e-18 5.743600515e-18 5.743600515e-18 5.743600515e-18
5.743600515e-18 5.743600515e-18 5.743600515e-18 5.743600515e-18 5.743600515e-18 5.743600515e-18
5.743600515e-18 5.743600515e-18 6.601077995e-02 0.000000000e+00 8.733168897e-01 5.743600515e-18
5.743600515e-18 0.000000000e+00 0.000000000e+00 0.000000000e+00 1.002311188e-02 5.743600515e-18
5.743600515e-18 5.743600515e-18 0.000000000e+00 0.000000000e+00 5.064921852e-02 5.743600515e-18
5.743600515e-18 5.743600515e-18 5.743600515e-18 5.743600515e-18 5.743600515e-18 5.743600515e-18

