7.534949777e-18 7.534949777e-18 7.534949777e-18 7.534949777e-18 7.534949777e-18 7.534949777e-18
7.534949777e-18 1.623355719e-04 1.061819777e-02 2.791014185e-01 7.023852263e-04 7.534949777e-18
7.534949777e-18 1.623355719e-04 1.168871480e-01 1.929672894e-02 7.023852263e-04 7.534949777e-18
7.534949777e-18 1.623355719e-04 9.183840818e-02 4.784394881e-01 1.030766630e-03 1.623355719e-04
7.534949777e-18 7.534949777e-18 1.623355719e-04 4.090600083e-04 1.623355719e-04 7.534949777e-18
7.534949777e-18 7.534949777e-18 7.534949777e-18 7.534949777e-18 7.534949777e-18 7.534949777e-18

1.199614897e-04 3.022840122e-04 1.199614897e-04 3.022840122e-04 3.022840122e-04 1.199614897e-04
3.022840122e-04 1.199614897e-04 7.617079799e-04 1.695978436e-02 7.617079799e-04 0.000000000e+00
1.199614897e-04 3.022840122e-04 0.000000000e+00 5.243731092e-03 1.025656310e-03 3.022840122e-04
1.199614897e-04 3.022840122e-04 1.606346521e-03 9.553121101e-01 7.846553947e-03 4.437757116e-03
1.199614897e-04 1.199614897e-04 5.190432210e-04 1.199614897e-04 1.307906960e-03 1.199614897e-04
1.199614897e-04 1.199614897e-04 1.199614897e-04 1.199614897e-04 1.199614897e-04 3.022840122e-04

5.441927659e-18 1.172427773e-04 1.172427773e-04 5.441927659e-18 5.441927659e-18 0.000000000e+00
5.441927659e-18 5.441927659e-18 9.159831035e-01 5.441927659e-18 5.441927659e-18 0.000000000e+00
5.441927659e-18 5.441927659e-18 0.000000000e+00 5.441927659e-18 5.441927659e-18 5.441927659e-18
5.441927659e-18 5.441927659e-18 0.000000000e+00 1.172427773e-04 1.172427773e-04 5.807713219e-02
5.441927659e-18 5.441927659e-18 2.511906484e-02 5.441927659e-18 1.172427773e-04 1.172427773e-04
5.441927659e-18 1.172427773e-04 5.441927659e-18 5.441927659e-18 5.441927659e-18 5.441927659e-18

4.647784847e-18 4.647784847e-18 4.647784847e-18 4.647784847e-18 4.647784847e-18 0.000000000e+00
4.647784847e-18 4.647784847e-18 1.000000000e+00 4.647784847e-18 0.000000000e+00 0.000000000e+00
4.647784847e-18 4.647784847e-18 0.000000000e+00 4.647784847e-18 4.647784847e-18 0.000000000e+00
4.647784847e-18 4.647784847e-18 0.000000000e+00 4.647784847e-18 4.647784847e-18 4.647784847e-18
4.647784847e-18 4.647784847e-18 4.647784847e-18 4.647784847e-18 4.647784847e-18 4.647784847e-18
4.647784847e-18 4.647784847e-18 4.647784847e-18 4.647784847e-18 4.647784847e-18 4.647784847e-18

3.609445831e-02 3.609445831e-02 3.609445831e-02 3.609445831e-02 3.609445831e-02 0.000000000e+00
3.609445831e-02 3.609445831e-02 3.609445831e-02 0.000000000e+00 0.000000000e+00 0.000000000e+00
3.609445831e-02 3.609445831e-02 0.000000000e+00 0.000000000e+00 3.476385421e-02 0.000000000e+00
3.609445831e-02 3.609445831e-02 0.000000000e+00 3.609445831e-02 3.609445831e-02 3.609445831e-02
3.609445831e-02 3.609445831e-02 3.609445831e-02 3.609445831e-02 3.609445831e-02 3.476385421e-02
3.476385421e-02 3.476385421e-02 3.476385421e-02 3.476385421e-02 3.476385421e-02 3.476385421e-02

3.917969513e-02 3.917969513e-02 3.917969513e-02 3.917969513e-02 3.917969513e-02 0.000000000e+00
3.917969513e-02 3.917969513e-02 0.000000000e+00 0.000000000e+00 0.000000000e+00 0.000000000e+00
3.917969513e-02 3.917969513e-02 0.000000000e+00 0.000000000e+00 0.000000000e+00 0.000000000e+00
3.917969513e-02 3.917969513e-02 0.000000000e+00 3.917969513e-02 3.784597560e-02 3.784597560e-02
3.784597560e-02 3.784597560e-02 3.784597560e-02 3.784597560e-02 3.784597560e-02 3.784597560e-02
3.784597560e-02 3.784597560e-02 3.784597560e-02 3.784597560e-02 3.784597560e-02 3.784597560e-02

