5.666411961e-18 5.666411961e-18 1.220791450e-04 7.751542526e-04 1.220791450e-04 5.666411961e-18
1.220791450e-04 5.666411961e-18 5.666411961e-18 5.666411961e-18 5.666411961e-18 1.220791450e-04
1.043762007e-03 5.666411961e-18 5.666411961e-18 5.666411961e-18 5.666411961e-18 1.330995170e-03
9.036050873e-01 5.666411961e-18 5.666411961e-18 5.666411961e-18 5.666411961e-18 3.076201690e-04
8.451292530e-03 1.220791450e-04 5.666411961e-18 5.666411961e-18 5.666411961e-18 5.666411961e-18
5.666411961e-18 1.188840899e-02 7.065628871e-02 1.330995170e-03 5.666411961e-18 5.666411961e-18

4.653528752e-18 4.653528752e-18 4.653528752e-18 4.653528752e-18 4.653528752e-18 4.653528752e-18
4.653528752e-18 4.653528752e-18 4.653528752e-18 4.653528752e-18 4.653528752e-18 4.653528752e-18
4.653528752e-18 4.653528752e-18 0.000000000e+00 4.653528752e-18 4.653528752e-18 4.653528752e-18
4.653528752e-18 4.653528752e-18 4.653528752e-18 4.653528752e-18 4.653528752e-18 4.653528752e-18
4.653528752e-18 1.002572378e-04 4.653528752e-18 4.653528752e-18 4.653528752e-18 4.653528752e-18
0.000000000e+00 4.653528752e-18 9.998997428e-01 4.653528752e-18 4.653528752e-18 4.653528752e-18

4.647784847e-18 4.647784847e-18 4.647784847e-18 4.647784847e-18 4.647784847e-18 4.647784847e-18
4.647784847e-18 4.647784847e-18 4.647784847e-18 4.647784847e-18 4.647784847e-18 4.647784847e-18
4.647784847e-18 4.647784847e-18 0.000000000e+00 4.647784847e-18 0.000000000e+00 4.647784847e-18
4.647784847e-18 4.647784847e-18 4.647784847e-18 4.647784847e-18 4.647784847e-18 4.647784847e-18
4.647784847e-18 4.647784847e-18 4.647784847e-18 4.647784847e-18 4.647784847e-18 4.647784847e-18
0.000000000e+00 0.000000000e+00 1.000000000e+00 4.647784847e-18 4.647784847e-18 4.647784847e-18

6.063753522e-18 1.306396094e-04 1.306396094e-04 1.306396094e-04 6.063753522e-18 1.306396094e-04
6.063753522e-18 6.063753522e-18 6.063753522e-18 5.652447616e-04 6.063753522e-18 1.306396094e-04
1.306396094e-04 1.306396094e-04 0.000000000e+00 5.652447616e-04 0.000000000e+00 1.306396094e-04
1.527970141e-01 3.291911877e-04 6.063753522e-18 1.058180836e-02 1.306396094e-04 6.063753522e-18
8.166111521e-01 5.652447616e-04 1.424327547e-03 1.116952949e-03 6.063753522e-18 6.063753522e-18
0.000000000e+00 0.000000000e+00 0.000000000e+00 0.000000000e+00 1.217782923e-02 2.090233751e-03

1.843895774e-04 5.421017808e-02 1.576508711e-03 1.576508711e-03 4.646326200e-04 6.821157033e-03
1.843895774e-04 6.821157033e-03 6.821157033e-03 5.218373459e-02 4.646326200e-04 7.978073664e-04
2.010348589e-03 1.843895774e-04 0.000000000e+00 0.000000000e+00 0.000000000e+00 7.978073664e-04
5.832007227e-02 1.001020634e-02 0.000000000e+00 5.625574094e-02 7.978073664e-04 1.843895774e-04
6.221671590e-03 6.133407920e-01 1.068305412e-02 2.469072007e-03 7.978073664e-04 4.646326200e-04
0.000000000e+00 0.000000000e+00 0.000000000e+00 0.000000000e+00 9.600747169e-02 9.348483595e-03

