7.461337435e-18 7.461337435e-18 7.461337435e-18 7.461337435e-18 7.461337435e-18 7.461337435e-18
7.461337435e-18 6.955233065e-04 4.050637156e-04 1.565425028e-02 7.461337435e-18 7.461337435e-18
7.461337435e-18 4.050637156e-04 7.461337435e-18 2.599382885e-01 1.981917839e-02 7.461337435e-18
7.461337435e-18 5.174894150e-02 5.576151879e-01 4.287544052e-02 7.461337435e-18 7.461337435e-18
7.461337435e-18 7.461337435e-18 5.084306214e-02 7.461337435e-18 7.461337435e-18 7.461337435e-18
7.461337435e-18 7.461337435e-18 7.461337435e-18 7.461337435e-18 7.461337435e-18 7.461337435e-18

6.549179252e-18 6.549179252e-18 6.549179252e-18 6.549179252e-18 7.659966521e-03 6.549179252e-18
6.549179252e-18 6.549179252e-18 6.549179252e-18 6.549179252e-18 6.549179252e-18 6.549179252e-18
6.549179252e-18 6.549179252e-18 0.000000000e+00 1.694443533e-01 6.549179252e-18 6.549179252e-18
6.549179252e-18 2.116132874e-01 6.549179252e-18 6.112823928e-01 6.549179252e-18 6.549179252e-18
6.549179252e-18 6.549179252e-18 0.000000000e+00 6.549179252e-18 6.549179252e-18 6.549179252e-18
6.549179252e-18 6.549179252e-18 6.549179252e-18 6.549179252e-18 6.549179252e-18 6.549179252e-18

6.173977944e-18 6.173977944e-18 6.173977944e-18 6.173977944e-18 5.755195487e-04 6.173977944e-18
6.173977944e-18 6.173977944e-18 6.173977944e-18 0.000000000e+00 1.330143226e-04 6.173977944e-18
6.173977944e-18 1.819610337e-02 0.000000000e+00 6.493051833e-01 2.865706708e-03 6.173977944e-18
6.173977944e-18 0.000000000e+00 6.173977944e-18 3.255897560e-01 6.173977944e-18 6.173977944e-18
8.445883023e-04 6.173977944e-18 0.000000000e+00 6.173977944e-18 6.173977944e-18 6.173977944e-18
6.173977944e-18 6.173977944e-18 6.173977944e-18 2.490128466e-03 6.173977944e-18 6.173977944e-18

1.876556150e-04 8.710202068e-18 9.532495317e-02 8.710202068e-18 4.728625188e-04 1.876556150e-04
8.710202068e-18 1.876556150e-04 1.013099872e-01 0.000000000e+00 1.147893805e-01 1.876556150e-04
0.000000000e+00 1.123074908e-01 0.000000000e+00 9.295668532e-02 1.135467404e-01 8.710202068e-18
1.876556150e-04 0.000000000e+00 8.710202068e-18 0.000000000e+00 8.710202068e-18 8.710202068e-18
1.876556150e-04 1.876556150e-04 0.000000000e+00 1.876556150e-04 8.710202068e-18 1.876556150e-04
1.876556150e-04 1.876556150e-04 1.876556150e-04 3.668523771e-01 8.710202068e-18 1.876556150e-04

5.010555963e-18 5.010555963e-18 2.720148275e-04 5.010555963e-18 5.010555963e-18 5.010555963e-18
5.010555963e-18 5.010555963e-18 9.785286277e-01 0.000000000e+00 1.051239108e-02 5.010555963e-18
0.000000000e+00 8.743881623e-03 0.000000000e+00 1.079491559e-04 0.000000000e+00 5.010555963e-18
5.010555963e-18 0.000000000e+00 0.000000000e+00 0.000000000e+00 5.010555963e-18 1.079491559e-04
5.010555963e-18 5.010555963e-18 0.000000000e+00 5.010555963e-18 5.010555963e-18 5.010555963e-18
5.010555963e-18 5.010555963e-18 5.010555963e-18 1.727186493e-03 5.010555963e-18 5.010555963e-18

