6.928170085e-18 6.928170085e-18 6.928170085e-18 6.928170085e-18 6.928170085e-18 6.928170085e-18
6.928170085e-18 6.928170085e-18 3.761189386e-04 3.761189386e-04 6.928170085e-18 6.928170085e-18
6.928170085e-18 9.477603360e-04 6.109519623e-02 1.745789465e-01 3.761189386e-04 6.928170085e-18
6.928170085e-18 3.761189386e-04 6.145671836e-01 1.461064109e-01 3.761189386e-04 6.928170085e-18
6.928170085e-18 1.492628997e-04 1.492628997e-04 3.761189386e-04 1.492628997e-04 6.928170085e-18
6.928170085e-18 6.928170085e-18 6.928170085e-18 6.928170085e-18 6.928170085e-18 6.928170085e-18

1.266587380e-04 3.191600203e-04 1.266587380e-04 1.266587380e-04 1.266587380e-04 3.191600203e-04
3.191600203e-04 1.266587380e-04 5.480205314e-04 2.026539808e-03 1.266587380e-04 1.266587380e-04
3.191600203e-04 1.696026146e-03 0.000000000e+00 8.284613862e-03 8.042328558e-04 5.878977840e-18
1.266587380e-04 3.793835404e-02 3.098551628e-03 9.281155847e-01 2.728779789e-03 1.266587380e-04
5.480205314e-04 2.026539808e-03 5.480205314e-04 1.082916977e-03 3.479713472e-03 3.191600203e-04
0.000000000e+00 5.878977840e-18 1.380925207e-03 2.026539808e-03 1.266587380e-04 8.042328558e-04

1.326787513e-04 3.343295032e-04 1.326787513e-04 1.326787513e-04 1.326787513e-04 1.326787513e-04
1.326787513e-04 1.326787513e-04 1.326787513e-04 3.343295032e-04 1.326787513e-04 1.326787513e-04
1.326787513e-04 3.245823913e-03 0.000000000e+00 1.666650930e-01 0.000000000e+00 3.245823913e-03
1.326787513e-04 1.326787513e-04 1.326787513e-04 1.937018473e-02 1.326787513e-04 1.326787513e-04
3.343295032e-04 3.343295032e-04 3.343295032e-04 3.343295032e-04 1.446559747e-03 1.326787513e-04
0.000000000e+00 0.000000000e+00 8.011653119e-01 1.326787513e-04 1.326787513e-04 3.343295032e-04

6.970366801e-18 1.501720004e-04 6.970366801e-18 6.970366801e-18 1.501720004e-04 1.501720004e-04
1.501720004e-04 1.501720004e-04 1.501720004e-04 1.501720004e-04 1.501720004e-04 6.970366801e-18
1.501720004e-04 1.447606207e-01 0.000000000e+00 5.456532798e-01 0.000000000e+00 1.283952543e-03
1.501720004e-04 1.501720004e-04 6.970366801e-18 2.790214213e-01 2.547139768e-02 1.501720004e-04
1.501720004e-04 3.784097288e-04 1.501720004e-04 6.497565091e-04 1.501720004e-04 6.970366801e-18
0.000000000e+00 0.000000000e+00 0.000000000e+00 0.000000000e+00 1.501720004e-04 3.784097288e-04

1.716461040e-04 1.716461040e-04 1.716461040e-04 1.716461040e-04 1.716461040e-04 1.716461040e-04
7.502957943e-03 1.716461040e-04 1.716461040e-04 1.716461040e-04 1.716461040e-04 1.716461040e-04
1.716461040e-04 1.716461040e-04 0.000000000e+00 0.000000000e+00 0.000000000e+00 4.153294660e-01
2.293455485e-01 5.791681415e-03 0.000000000e+00 1.716461040e-04 8.394826716e-02 1.716461040e-04
1.716461040e-04 4.199112696e-03 1.716461040e-04 2.252039179e-01 8.702394189e-03 1.716461040e-04
0.000000000e+00 0.000000000e+00 0.000000000e+00 0.000000000e+00 1.671537825e-02 1.716461040e-04

