6.468507115e-18 1.393597612e-04 6.468507115e-18 3.409266678e-03 1.393597612e-04 6.468507115e-18
1.393597612e-04 6.468507115e-18 1.393597612e-04 5.208299632e-02 8.848793262e-04 1.393597612e-04
1.393597612e-04 6.468507115e-18 7.750300650e-01 6.468507115e-18 1.458459893e-01 7.565611817e-03
1.393597612e-04 6.468507115e-18 1.866099430e-03 1.073417136e-02 3.511645933e-04 1.393597612e-04
1.393597612e-04 6.468507115e-18 6.468507115e-18 1.393597612e-04 6.468507115e-18 6.468507115e-18
1.393597612e-04 1.393597612e-04 1.393597612e-04 1.393597612e-04 1.393597612e-04 1.393597612e-04

7.077538957e-18 1.524809545e-04 6.597467733e-04 9.631848924e-02 1.524809545e-04 7.077538957e-18
1.303693823e-03 1.524809545e-04 7.077538957e-18 3.116834292e-01 3.842279286e-04 7.077538957e-18
3.842279286e-04 1.524809545e-04 5.524650081e-01 0.000000000e+00 3.842279286e-04 6.147646857e-03
3.842279286e-04 7.077538957e-18 2.085910116e-02 6.147646857e-03 1.524809545e-04 1.303693823e-03
6.597467733e-04 7.077538957e-18 0.000000000e+00 1.524809545e-04 7.077538957e-18 7.077538957e-18
7.077538957e-18 7.077538957e-18 7.077538957e-18 7.077538957e-18 7.077538957e-18 7.077538957e-18

7.177934537e-18 7.177934537e-18 7.177934537e-18 1.441543768e-02 7.177934537e-18 7.177934537e-18
7.177934537e-18 7.177934537e-18 0.000000000e+00 3.713407469e-02 1.441543768e-02 7.177934537e-18
7.177934537e-18 7.177934537e-18 4.941415805e-01 0.000000000e+00 7.177934537e-18 1.018413067e-01
7.177934537e-18 7.177934537e-18 7.177934537e-18 3.370702351e-01 0.000000000e+00 7.177934537e-18
7.177934537e-18 7.177934537e-18 0.000000000e+00 7.177934537e-18 7.177934537e-18 7.177934537e-18
7.177934537e-18 7.177934537e-18 9.819276325e-04 7.177934537e-18 7.177934537e-18 7.177934537e-18

5.188236174e-18 5.188236174e-18 5.188236174e-18 6.615988355e-02 5.188236174e-18 5.188236174e-18
5.188236174e-18 5.188236174e-18 0.000000000e+00 5.188236174e-18 9.326214410e-01 5.188236174e-18
5.188236174e-18 5.188236174e-18 0.000000000e+00 0.000000000e+00 0.000000000e+00 5.188236174e-18
5.188236174e-18 5.188236174e-18 5.188236174e-18 1.218675475e-03 0.000000000e+00 5.188236174e-18
5.188236174e-18 5.188236174e-18 0.000000000e+00 5.188236174e-18 5.188236174e-18 5.188236174e-18
5.188236174e-18 5.188236174e-18 5.188236174e-18 5.188236174e-18 5.188236174e-18 5.188236174e-18

6.262136919e-18 6.262136919e-18 6.262136919e-18 1.978732197e-01 6.262136919e-18 6.262136919e-18
6.262136919e-18 6.262136919e-18 0.000000000e+00 0.000000000e+00 6.857795770e-01 6.262136919e-18
6.262136919e-18 6.262136919e-18 0.000000000e+00 0.000000000e+00 0.000000000e+00 1.349136501e-04
6.262136919e-18 6.262136919e-18 0.000000000e+00 1.162122897e-01 0.000000000e+00 6.262136919e-18
6.262136919e-18 6.262136919e-18 0.000000000e+00 6.262136919e-18 6.262136919e-18 6.262136919e-18
6.262136919e-18 6.262136919e-18 6.262136919e-18 6.262136919e-18 6.262136919e-18 6.262136919e-18

3.917969513e-02 3.917969513e-02 3.917969513e-02 3.917969513e-02 3.917969513e-02 3.917969513e-02
3.917969513e-02 3.917969513e-02 0.000000000e+00 0.000000000e+00 3.917969513e-02 3.917969513e-02
3.917969513e-02 3.917969513e-02 0.000000000e+00 0.000000000e+00 0.000000000e+00 3.784597560e-02
3.784597560e-02 3.784597560e-02 0.000000000e+00 0.000000000e+00 0.000000000e+00 3.784597560e-02
3.784597560e-02 3.784597560e-02 0.000000000e+00 3.784597560e-02 3.784597560e-02 3.784597560e-02
3.784597560e-02 3.784597560e-02 0.000000000e+00 3.784597560e-02 3.784597560e-02 3.784597560e-02

