1.515379317e-04 1.515379317e-04 1.515379317e-04 1.515379317e-04 1.515379317e-04 1.515379317e-04
1.515379317e-04 1.515379317e-04 6.109626560e-03 1.988215004e-01 3.818516600e-04 1.515379317e-04
1.515379317e-04 1.515379317e-04 6.556665507e-04 0.000000000e+00 1.515379317e-04 1.515379317e-04
1.515379317e-04 3.818516600e-04 1.652176178e-03 3.097558141e-01 4.781499887e-01 1.515379317e-04
1.515379317e-04 1.515379317e-04 1.515379317e-04 1.515379317e-04 1.515379317e-04 1.515379317e-04
1.515379317e-04 1.515379317e-04 1.515379317e-04 1.515379317e-04 1.515379317e-04 1.515379317e-04

1.650586539e-04 1.650586539e-04 1.650586539e-04 1.650586539e-04 1.650586539e-04 1.650586539e-04
1.650586539e-04 1.650586539e-04 1.702420406e-01 7.255487690e-02 1.650586539e-04 7.141673178e-04
1.650586539e-04 1.650586539e-04 1.650586539e-04 0.000000000e+00 0.000000000e+00 1.650586539e-04
1.650586539e-04 1.650586539e-04 1.956321036e-01 1.799588874e-03 0.000000000e+00 6.106044677e-03
1.650586539e-04 1.650586539e-04 1.411231639e-03 5.224622305e-01 2.486544521e-02 1.650586539e-04
1.650586539e-04 4.159217449e-04 1.650586539e-04 1.650586539e-04 1.650586539e-04 1.650586539e-04

1.303389252e-04 1.303389252e-04 1.303389252e-04 1.303389252e-04 1.303389252e-04 1.303389252e-04
1.303389252e-04 1.303389252e-04 2.030843122e-01 6.608135455e-03 1.303389252e-04 1.303389252e-04
1.303389252e-04 1.303389252e-04 3.284335110e-04 0.000000000e+00 0.000000000e+00 1.303389252e-04
1.303389252e-04 1.303389252e-04 1.303389252e-04 0.000000000e+00 0.000000000e+00 8.034725484e-03
1.303389252e-04 1.303389252e-04 8.276005879e-04 7.778583196e-01 1.303389252e-04 0.000000000e+00
1.303389252e-04 1.303389252e-04 1.303389252e-04 1.303389252e-04 1.303389252e-04 1.303389252e-04

1.228102022e-04 1.228102022e-04 1.228102022e-04 1.228102022e-04 3.094623177e-04 1.228102022e-04
1.228102022e-04 1.228102022e-04 1.093497813e-01 0.000000000e+00 1.644492257e-03 1.228102022e-04
1.228102022e-04 7.797961765e-04 7.797961765e-04 0.000000000e+00 0.000000000e+00 1.228102022e-04
1.228102022e-04 1.228102022e-04 0.000000000e+00 0.000000000e+00 0.000000000e+00 3.094623177e-04
1.228102022e-04 1.228102022e-04 1.050012459e-03 8.802736931e-01 1.338965684e-03 0.000000000e+00
1.228102022e-04 1.228102022e-04 3.094623177e-04 1.644492257e-03 1.228102022e-04 1.228102022e-04

