7.840874988e-18 7.840874988e-18 7.840874988e-18 7.840874988e-18 7.840874988e-18 7.840874988e-18
7.840874988e-18 1.689265308e-04 1.689265308e-04 1.689265308e-04 7.840874988e-18 7.840874988e-18
7.840874988e-18 1.689265308e-04 2.603822282e-01 3.639411779e-03 3.422739028e-01 7.840874988e-18
7.840874988e-18 1.689265308e-04 1.716186577e-02 2.257117812e-01 5.163636548e-03 7.840874988e-18
7.840874988e-18 7.840874988e-18 1.382355583e-01 6.249129747e-03 7.840874988e-18 1.689265308e-04
7.840874988e-18 7.840874988e-18 7.840874988e-18 7.840874988e-18 1.689265308e-04 7.840874988e-18

4.817321696e-18 4.817321696e-18 4.817321696e-18 4.817321696e-18 4.817321696e-18 4.817321696e-18
4.817321696e-18 4.817321696e-18 4.817321696e-18 4.817321696e-18 4.817321696e-18 4.817321696e-18
4.817321696e-18 4.817321696e-18 1.942953148e-03 0.000000000e+00 8.873582434e-04 4.817321696e-18
4.817321696e-18 4.817321696e-18 4.490561570e-04 2.615244575e-04 9.938163228e-01 4.817321696e-18
4.817321696e-18 4.817321696e-18 2.538999192e-03 1.037860498e-04 0.000000000e+00 4.817321696e-18
4.817321696e-18 4.817321696e-18 4.817321696e-18 4.817321696e-18 4.817321696e-18 4.817321696e-18

5.881372600e-18 5.881372600e-18 5.881372600e-18 5.881372600e-18 5.881372600e-18 5.881372600e-18
5.881372600e-18 5.881372600e-18 5.881372600e-18 5.881372600e-18 5.881372600e-18 5.881372600e-18
3.192900279e-04 0.000000000e+00 5.959921309e-02 0.000000000e+00 6.678346385e-02 5.881372600e-18
5.881372600e-18 5.881372600e-18 1.267103316e-04 5.881372600e-18 1.341211537e-02 5.881372600e-18
5.881372600e-18 5.881372600e-18 8.045604544e-04 8.588279365e-01 0.000000000e+00 5.881372600e-18
5.881372600e-18 5.881372600e-18 1.267103316e-04 5.881372600e-18 0.000000000e+00 5.881372600e-18

5.132726783e-18 5.132726783e-18 5.132726783e-18 5.132726783e-18 5.132726783e-18 5.132726783e-18
5.132726783e-18 5.132726783e-18 5.132726783e-18 5.132726783e-18 7.021471472e-04 5.132726783e-18
5.132726783e-18 0.000000000e+00 5.132726783e-18 0.000000000e+00 5.687391892e-02 5.132726783e-18
5.132726783e-18 5.132726783e-18 0.000000000e+00 5.132726783e-18 5.132726783e-18 5.132726783e-18
5.132726783e-18 5.132726783e-18 5.132726783e-18 9.424239339e-01 0.000000000e+00 0.000000000e+00
5.132726783e-18 5.132726783e-18 5.132726783e-18 5.132726783e-18 0.000000000e+00 5.132726783e-18

