7.710567434e-18 7.710567434e-18 7.710567434e-18 7.710567434e-18 7.710567434e-18 7.710567434e-18
7.710567434e-18 7.710567434e-18 1.661191396e-04 7.187557731e-04 7.710567434e-18 7.710567434e-18
7.710567434e-18 4.185940015e-04 4.520495868e-02 4.879592262e-01 1.420298665e-03 7.710567434e-18
7.710567434e-18 7.710567434e-18 2.884625110e-01 2.897841690e-02 7.187557731e-04 7.710567434e-18
7.710567434e-18 6.305956076e-02 7.505640758e-02 7.710567434e-18 7.836395499e-03 7.710567434e-18
7.710567434e-18 7.710567434e-18 7.710567434e-18 7.710567434e-18 7.710567434e-18 7.710567434e-18

7.385889016e-18 7.385889016e-18 7.385889016e-18 7.385889016e-18 7.385889016e-18 7.385889016e-18
7.385889016e-18 7.385889016e-18 7.385889016e-18 7.385889016e-18 7.385889016e-18 7.385889016e-18
7.385889016e-18 7.385889016e-18 7.385889016e-18 4.678219294e-02 7.385889016e-18 7.385889016e-18
7.385889016e-18 7.385889016e-18 0.000000000e+00 4.518582811e-01 7.385889016e-18 7.385889016e-18
2.130754908e-03 9.105782232e-02 7.385889016e-18 0.000000000e+00 3.181493414e-01 9.002160735e-02
7.385889016e-18 7.385889016e-18 7.385889016e-18 7.385889016e-18 7.385889016e-18 7.385889016e-18

5.848512850e-18 5.848512850e-18 5.848512850e-18 5.848512850e-18 5.848512850e-18 5.848512850e-18
5.848512850e-18 5.848512850e-18 5.848512850e-18 5.848512850e-18 5.848512850e-18 5.848512850e-18
5.848512850e-18 5.848512850e-18 5.848512850e-18 4.500230401e-01 5.848512850e-18 5.848512850e-18
5.848512850e-18 5.848512850e-18 0.000000000e+00 5.848512850e-18 5.848512850e-18 5.848512850e-18
5.848512850e-18 0.000000000e+00 0.000000000e+00 0.000000000e+00 5.848512850e-18 5.499769599e-01
5.848512850e-18 5.848512850e-18 5.848512850e-18 5.848512850e-18 5.848512850e-18 5.848512850e-18

4.880720458e-18 4.880720458e-18 4.880720458e-18 4.880720458e-18 4.880720458e-18 4.880720458e-18
4.880720458e-18 4.880720458e-18 4.880720458e-18 4.880720458e-18 4.880720458e-18 4.880720458e-18
4.880720458e-18 4.880720458e-18 4.880720458e-18 9.806308480e-01 4.880720458e-18 4.880720458e-18
4.880720458e-18 4.880720458e-18 0.000000000e+00 4.880720458e-18 4.880720458e-18 4.880720458e-18
4.880720458e-18 0.000000000e+00 0.000000000e+00 0.000000000e+00 0.000000000e+00 0.000000000e+00
4.880720458e-18 4.880720458e-18 4.880720458e-18 1.936915198e-02 4.880720458e-18 4.880720458e-18

3.609445831e-02 3.609445831e-02 3.609445831e-02 3.609445831e-02 3.609445831e-02 3.609445831e-02
3.609445831e-02 3.609445831e-02 3.609445831e-02 3.609445831e-02 3.609445831e-02 3.609445831e-02
3.609445831e-02 3.609445831e-02 3.609445831e-02 0.000000000e+00 3.609445831e-02 3.609445831e-02
3.609445831e-02 3.609445831e-02 0.000000000e+00 0.000000000e+00 3.609445831e-02 3.476385421e-02
3.476385421e-02 0.000000000e+00 0.000000000e+00 0.000000000e+00 0.000000000e+00 0.000000000e+00
3.476385421e-02 3.476385421e-02 3.476385421e-02 3.476385421e-02 3.476385421e-02 3.476385421e-02

