7.071057808e-04 4.118091978e-04 4.118091978e-04 6.045669384e-03 2.614825415e-03 7.585590279e-18
1.634265884e-04 4.118091978e-04 7.709378853e-03 2.615809222e-02 4.118091978e-04 1.037694154e-03
6.227470796e-01 4.118091978e-04 0.000000000e+00 7.585590279e-18 1.729848096e-02 1.131369249e-02
7.071057808e-04 1.634265884e-04 3.171956136e-02 2.423929119e-01 2.385915738e-02 7.585590279e-18
7.585590279e-18 7.585590279e-18 1.634265884e-04 1.634265884e-04 7.585590279e-18 7.071057808e-04
4.118091978e-04 4.118091978e-04 1.634265884e-04 1.634265884e-04 7.071057808e-04 4.118091978e-04

2.143583399e-03 1.966099010e-04 8.506816356e-04 5.401491693e-03 4.954259058e-04 4.954259058e-04
1.680991008e-03 8.506816356e-04 1.680991008e-03 8.594170122e-03 1.248395055e-03 1.680991008e-03
8.506816356e-04 1.966099010e-04 0.000000000e+00 0.000000000e+00 1.308078413e-01 3.145758416e-03
1.248395055e-03 8.506816356e-04 2.314906535e-01 0.000000000e+00 3.687498603e-01 3.145758416e-03
4.954259058e-04 1.966099010e-04 2.143583399e-03 7.347912095e-02 1.966099010e-04 5.244015482e-02
1.248395055e-03 1.680991008e-03 4.954259058e-04 4.809821559e-03 9.615750146e-02 8.506816356e-04

8.222848153e-02 2.008940530e-04 4.842225430e-01 1.058824530e-01 5.062212924e-04 1.717619993e-03
2.690075489e-03 6.140799021e-03 6.140799021e-03 5.519190810e-03 5.062212924e-04 1.717619993e-03
1.275597724e-03 8.099540678e-03 0.000000000e+00 0.000000000e+00 7.431710088e-03 2.690075489e-03
2.008940530e-04 5.519190810e-03 0.000000000e+00 0.000000000e+00 2.388015172e-02 2.190292324e-03
2.690075489e-03 2.008940530e-04 8.099540678e-03 1.658293411e-01 0.000000000e+00 4.510289363e-02
5.519190810e-03 8.781438064e-03 8.692180850e-04 3.760888229e-03 1.018525442e-02 2.008940530e-04

9.029007137e-01 0.000000000e+00 1.251096993e-04 5.423202078e-02 1.251096993e-04 1.251096993e-04
3.152566874e-04 3.136257500e-02 0.000000000e+00 2.695406762e-03 1.251096993e-04 1.251096993e-04
1.251096993e-04 2.342147954e-03 0.000000000e+00 0.000000000e+00 5.413182301e-04 1.251096993e-04
1.251096993e-04 1.251096993e-04 0.000000000e+00 0.000000000e+00 1.251096993e-04 1.251096993e-04
1.251096993e-04 1.251096993e-04 3.152566874e-04 1.364036466e-03 0.000000000e+00 1.364036466e-03
1.251096993e-04 3.152566874e-04 1.251096993e-04 1.251096993e-04 1.251096993e-04 1.251096993e-04

