1.575525148e-04 1.575525148e-04 1.575525148e-04 3.970074596e-04 1.575525148e-04 1.575525148e-04
1.575525148e-04 1.575525148e-04 1.575525148e-04 1.575525148e-04 1.575525148e-04 3.970074596e-04
1.575525148e-04 1.575525148e-04 7.312939931e-18 3.970074596e-04 1.575525148e-04 3.854330216e-03
1.575525148e-04 1.575525148e-04 2.323777892e-01 6.136035993e-01 3.970074596e-04 1.575525148e-04
1.575525148e-04 1.575525148e-04 5.250711335e-02 7.312939931e-18 3.295405980e-02 2.520840236e-03
1.575525148e-04 1.575525148e-04 1.575525148e-04 5.612768663e-02 1.575525148e-04 1.000396111e-03

5.894314318e-18 5.894314318e-18 5.894314318e-18 5.894314318e-18 5.894314318e-18 5.894314318e-18
5.894314318e-18 5.894314318e-18 5.894314318e-18 5.894314318e-18 5.894314318e-18 1.269891524e-04
3.199926125e-04 5.894314318e-18 5.894314318e-18 5.894314318e-18 5.894314318e-18 1.269891524e-04
1.269891524e-04 3.199926125e-04 0.000000000e+00 8.637917426e-01 5.894314318e-18 5.894314318e-18
5.894314318e-18 7.936822026e-02 5.894314318e-18 0.000000000e+00 3.318825615e-02 5.894314318e-18
5.894314318e-18 5.894314318e-18 1.700450567e-03 2.093037776e-02 5.894314318e-18 5.894314318e-18

5.328126932e-18 5.328126932e-18 5.328126932e-18 5.328126932e-18 5.328126932e-18 5.328126932e-18
5.328126932e-18 5.328126932e-18 5.328126932e-18 5.328126932e-18 5.328126932e-18 5.328126932e-18
5.328126932e-18 5.328126932e-18 5.328126932e-18 5.328126932e-18 5.328126932e-18 5.328126932e-18
5.328126932e-18 5.328126932e-18 0.000000000e+00 8.925139473e-01 1.147910150e-04 5.328126932e-18
5.328126932e-18 0.000000000e+00 0.000000000e+00 0.000000000e+00 5.328126932e-18 1.147910150e-04
5.328126932e-18 5.328126932e-18 5.328126932e-18 1.072564706e-01 5.328126932e-18 5.328126932e-18

4.700273045e-18 4.700273045e-18 4.700273045e-18 4.700273045e-18 4.700273045e-18 4.700273045e-18
4.700273045e-18 4.700273045e-18 4.700273045e-18 4.700273045e-18 4.700273045e-18 4.700273045e-18
4.700273045e-18 4.700273045e-18 4.700273045e-18 4.700273045e-18 4.700273045e-18 4.700273045e-18
4.700273045e-18 4.700273045e-18 0.000000000e+00 4.700273045e-18 2.181673488e-03 4.700273045e-18
4.700273045e-18 0.000000000e+00 0.000000000e+00 0.000000000e+00 0.000000000e+00 0.000000000e+00
4.700273045e-18 4.700273045e-18 4.700273045e-18 9.978183265e-01 4.700273045e-18 4.700273045e-18

3.609445831e-02 3.609445831e-02 3.609445831e-02 3.609445831e-02 3.609445831e-02 3.609445831e-02
3.609445831e-02 3.609445831e-02 3.609445831e-02 3.609445831e-02 3.609445831e-02 3.609445831e-02
3.609445831e-02 3.609445831e-02 3.609445831e-02 0.000000000e+00 3.609445831e-02 3.609445831e-02
3.609445831e-02 3.609445831e-02 0.000000000e+00 0.000000000e+00 3.609445831e-02 3.476385421e-02
3.476385421e-02 0.000000000e+00 0.000000000e+00 0.000000000e+00 0.000000000e+00 0.000000000e+00
3.476385421e-02 3.476385421e-02 3.476385421e-02 3.476385421e-02 3.476385421e-02 3.476385421e-02

