7.708068245e-18 7.708068245e-18 7.708068245e-18 7.708068245e-18 7.708068245e-18 7.708068245e-18
7.708068245e-18 7.708068245e-18 2.223700384e-03 7.708068245e-18 3.056473567e-01 7.708068245e-18
7.708068245e-18 0.000000000e+00 1.660652962e-04 4.882287495e-02 1.788501671e-01 7.708068245e-18
7.708068245e-18 7.708068245e-18 3.424318245e-01 4.184583247e-04 7.708068245e-18 7.708068245e-18
7.708068245e-18 7.708068245e-18 7.708068245e-18 7.185228063e-04 1.207210300e-01 7.708068245e-18
7.708068245e-18 7.708068245e-18 7.708068245e-18 7.708068245e-18 7.708068245e-18 7.708068245e-18

7.286189967e-18 9.602271294e-02 7.286189967e-18 7.286189967e-18 7.286189967e-18 7.286189967e-18
7.286189967e-18 0.000000000e+00 7.286189967e-18 7.286189967e-18 2.009334254e-01 7.286189967e-18
7.286189967e-18 0.000000000e+00 7.286189967e-18 3.955552481e-04 7.286189967e-18 7.286189967e-18
7.286189967e-18 3.054855348e-01 6.791965893e-04 7.286189967e-18 0.000000000e+00 7.286189967e-18
7.286189967e-18 7.286189967e-18 7.286189967e-18 7.286189967e-18 3.931016253e-01 7.286189967e-18
7.286189967e-18 7.286189967e-18 7.286189967e-18 7.286189967e-18 3.381949799e-03 7.286189967e-18

5.916139237e-18 2.347821412e-02 5.916139237e-18 5.916139237e-18 5.916139237e-18 5.916139237e-18
5.916139237e-18 0.000000000e+00 5.916139237e-18 5.916139237e-18 6.717824184e-02 5.916139237e-18
5.916139237e-18 0.000000000e+00 5.916139237e-18 5.916139237e-18 0.000000000e+00 5.916139237e-18
5.916139237e-18 0.000000000e+00 5.916139237e-18 5.916139237e-18 0.000000000e+00 5.916139237e-18
5.916139237e-18 5.916139237e-02 5.916139237e-18 5.916139237e-18 5.916139237e-18 5.916139237e-18
5.916139237e-18 1.274593560e-04 5.916139237e-18 5.916139237e-18 8.500546923e-01 5.916139237e-18

