7.840874988e-18 7.840874988e-18 7.840874988e-18 7.840874988e-18 7.840874988e-18 7.840874988e-18
7.840874988e-18 1.689265308e-04 1.689265308e-04 1.689265308e-04 7.840874988e-18 7.840874988e-18
7.840874988e-18 1.689265308e-04 2.603822282e-01 3.639411779e-03 3.422739028e-01 7.840874988e-18
7.840874988e-18 1.689265308e-04 1.716186577e-02 2.257117812e-01 5.163636548e-03 7.840874988e-18
7.840874988e-18 7.840874988e-18 1.382355583e-01 6.249129747e-03 7.840874988e-18 1.689265308e-04
7.840874988e-18 7.840874988e-18 7.840874988e-18 7.840874988e-18 1.689265308e-04 7.840874988e-18

4.822646410e-18 4.822646410e-18 4.822646410e-18 4.822646410e-18 4.822646410e-18 4.822646410e-18
4.822646410e-18 4.822646410e-18 4.822646410e-18 4.822646410e-18 1.391285123e-03 4.822646410e-18
4.822646410e-18 4.822646410e-18 1.039007672e-04 1.039007672e-04 9.908057212e-01 4.822646410e-18
4.822646410e-18 4.822646410e-18 0.000000000e+00 4.822646410e-18 4.822646410e-18 4.822646410e-18
4.822646410e-18 4.822646410e-18 4.822646410e-18 4.822646410e-18 0.000000000e+00 4.822646410e-18
4.822646410e-18 4.822646410e-18 4.822646410e-18 4.822646410e-18 7.595192160e-03 4.822646410e-18

5.943964773e-18 5.943964773e-18 5.943964773e-18 5.943964773e-18 5.943964773e-18 5.943964773e-18
5.943964773e-18 5.943964773e-18 1.037276596e-02 5.943964773e-18 5.943964773e-18 5.943964773e-18
5.943964773e-18 5.943964773e-18 0.000000000e+00 5.943964773e-18 3.487637676e-01 5.943964773e-18
5.943964773e-18 5.943964773e-18 0.000000000e+00 5.943964773e-18 0.000000000e+00 5.943964773e-18
5.943964773e-18 5.943964773e-18 6.408634665e-01 5.943964773e-18 0.000000000e+00 5.943964773e-18
5.943964773e-18 5.943964773e-18 5.943964773e-18 5.943964773e-18 5.943964773e-18 5.943964773e-18

4.758498050e-18 4.758498050e-18 4.758498050e-18 4.758498050e-18 4.758498050e-18 4.758498050e-18
4.758498050e-18 4.758498050e-18 4.758498050e-18 4.758498050e-18 3.133726081e-03 4.758498050e-18
4.758498050e-18 4.758498050e-18 0.000000000e+00 0.000000000e+00 9.952259742e-01 4.758498050e-18
4.758498050e-18 4.758498050e-18 0.000000000e+00 4.758498050e-18 0.000000000e+00 4.758498050e-18
4.758498050e-18 4.758498050e-18 1.640299723e-03 4.758498050e-18 0.000000000e+00 4.758498050e-18
4.758498050e-18 4.758498050e-18 4.758498050e-18 4.758498050e-18 0.000000000e+00 4.758498050e-18

