6.441461623e-18 6.441461623e-18 6.441461623e-18 6.441461623e-18 6.441461623e-18 6.441461623e-18
6.441461623e-18 5.133805794e-03 1.387770838e-04 4.242047822e-03 6.441461623e-18 6.441461623e-18
6.441461623e-18 1.961987484e-02 1.798551006e-01 1.179945094e-02 6.441461623e-18 6.441461623e-18
6.441461623e-18 6.441461623e-18 2.026049932e-02 7.574420136e-01 3.496963382e-04 6.441461623e-18
6.441461623e-18 8.811795550e-04 1.387770838e-04 1.387770838e-04 6.441461623e-18 6.441461623e-18
6.441461623e-18 6.441461623e-18 6.441461623e-18 6.441461623e-18 6.441461623e-18 6.441461623e-18

6.372698002e-18 6.372698002e-18 6.372698002e-18 6.372698002e-18 1.372956165e-04 6.372698002e-18
6.372698002e-18 1.372956165e-04 1.372956165e-04 7.954552106e-03 6.372698002e-18 6.372698002e-18
6.372698002e-18 8.017247446e-01 7.061359873e-02 2.132685944e-02 6.372698002e-18 6.372698002e-18
6.372698002e-18 0.000000000e+00 0.000000000e+00 2.570277517e-03 1.372956165e-04 1.372956165e-04
1.372956165e-04 6.372698002e-18 9.227596160e-02 1.838459462e-03 6.372698002e-18 6.372698002e-18
6.372698002e-18 6.372698002e-18 6.372698002e-18 8.717728239e-04 6.372698002e-18 6.372698002e-18

7.837144586e-18 5.245660167e-02 1.688461617e-04 1.688461617e-04 1.688461617e-04 1.688461617e-04
7.837144586e-18 1.716015472e-01 1.688461617e-04 1.688461617e-04 3.390935523e-01 1.688461617e-04
0.000000000e+00 7.837144586e-18 4.254656666e-04 0.000000000e+00 7.837144586e-18 7.837144586e-18
1.688461617e-04 0.000000000e+00 0.000000000e+00 1.688461617e-04 1.688461617e-04 1.688461617e-04
1.688461617e-04 2.946521027e-01 7.305549124e-04 1.688461617e-04 1.688461617e-04 1.688461617e-04
7.837144586e-18 1.381697908e-01 7.837144586e-18 1.688461617e-04 1.688461617e-04 7.837144586e-18

2.850698993e-04 7.399717662e-03 2.850698993e-04 1.131300645e-04 1.131300645e-04 2.850698993e-04
5.251032441e-18 9.626971007e-01 1.131300645e-04 2.850698993e-04 1.131300645e-04 1.131300645e-04
0.000000000e+00 0.000000000e+00 0.000000000e+00 0.000000000e+00 1.131300645e-04 1.131300645e-04
1.131300645e-04 0.000000000e+00 0.000000000e+00 1.131300645e-04 1.131300645e-04 1.131300645e-04
5.251032441e-18 2.598448120e-02 2.850698993e-04 1.131300645e-04 1.131300645e-04 1.131300645e-04
5.251032441e-18 2.850698993e-04 1.131300645e-04 1.131300645e-04 1.131300645e-04 2.850698993e-04

