5.488774694e-18 5.488774694e-18 5.488774694e-18 5.488774694e-18 5.488774694e-18 5.488774694e-18
5.488774694e-18 0.000000000e+00 7.508538163e-04 1.289269586e-03 5.116469745e-04 5.488774694e-18
5.488774694e-18 1.182520661e-04 9.253510152e-01 4.982561510e-02 1.182520661e-04 5.488774694e-18
5.488774694e-18 1.182520661e-04 1.892033057e-03 1.949032942e-02 2.979765345e-04 5.488774694e-18
5.488774694e-18 5.488774694e-18 1.182520661e-04 1.182520661e-04 5.488774694e-18 5.488774694e-18
5.488774694e-18 5.488774694e-18 5.488774694e-18 5.488774694e-18 5.488774694e-18 5.488774694e-18

1.291207269e-04 9.438782397e-03 1.291207269e-04 1.291207269e-04 1.291207269e-04 0.000000000e+00
1.291207269e-04 0.000000000e+00 5.586729388e-04 1.103966686e-03 1.291207269e-04 1.291207269e-04
1.291207269e-04 0.000000000e+00 2.065931631e-03 2.781821733e-03 1.291207269e-04 8.689225087e-01
1.291207269e-04 1.001733987e-01 2.417237418e-03 9.438782397e-03 1.291207269e-04 1.291207269e-04
1.291207269e-04 1.291207269e-04 1.291207269e-04 1.291207269e-04 1.291207269e-04 1.291207269e-04
1.291207269e-04 1.291207269e-04 1.291207269e-04 1.291207269e-04 1.291207269e-04 1.291207269e-04

6.582762633e-18 1.418213218e-04 6.582762633e-18 6.582762633e-18 6.582762633e-18 0.000000000e+00
6.582762633e-18 0.000000000e+00 6.582762633e-18 6.582762633e-18 6.582762633e-18 0.000000000e+00
6.582762633e-18 0.000000000e+00 4.789385888e-01 1.418213218e-04 6.582762633e-18 6.582762633e-18
6.582762633e-18 3.591692519e-01 6.582762633e-18 6.582762633e-18 6.582762633e-18 1.614666954e-01
6.582762633e-18 6.582762633e-18 0.000000000e+00 1.418213218e-04 6.582762633e-18 6.582762633e-18
6.582762633e-18 6.582762633e-18 6.582762633e-18 6.582762633e-18 6.582762633e-18 6.582762633e-18

3.517249117e-02 3.517249117e-02 3.517249117e-02 3.517249117e-02 3.517249117e-02 0.000000000e+00
3.517249117e-02 0.000000000e+00 3.517249117e-02 3.517249117e-02 0.000000000e+00 0.000000000e+00
3.517249117e-02 0.000000000e+00 3.517249117e-02 3.517249117e-02 3.517249117e-02 0.000000000e+00
3.517249117e-02 3.517249117e-02 3.383900824e-02 3.383900824e-02 3.383900824e-02 3.383900824e-02
3.383900824e-02 3.383900824e-02 0.000000000e+00 3.383900824e-02 3.383900824e-02 3.383900824e-02
3.383900824e-02 3.383900824e-02 3.383900824e-02 3.383900824e-02 3.383900824e-02 3.383900824e-02

3.832629941e-02 3.698745002e-02 3.698745002e-02 3.698745002e-02 3.698745002e-02 0.000000000e+00
3.698745002e-02 0.000000000e+00 3.698745002e-02 3.698745002e-02 0.000000000e+00 0.000000000e+00
3.698745002e-02 0.000000000e+00 3.698745002e-02 3.698745002e-02 0.000000000e+00 0.000000000e+00
3.698745002e-02 3.698745002e-02 3.698745002e-02 3.698745002e-02 3.698745002e-02 0.000000000e+00
3.698745002e-02 3.698745002e-02 0.000000000e+00 3.698745002e-02 3.698745002e-02 3.698745002e-02
3.698745002e-02 3.698745002e-02 3.698745002e-02 3.698745002e-02 3.698745002e-02 3.698745002e-02

4.000000000e-02 4.000000000e-02 4.000000000e-02 4.000000000e-02 4.000000000e-02 0.000000000e+00
4.000000000e-02 0.000000000e+00 4.000000000e-02 0.000000000e+00 0.000000000e+00 0.000000000e+00
4.000000000e-02 0.000000000e+00 4.000000000e-02 4.000000000e-02 0.000000000e+00 0.000000000e+00
4.000000000e-02 4.000000000e-02 4.000000000e-02 4.000000000e-02 4.000000000e-02 0.000000000e+00
4.000000000e-02 4.000000000e-02 0.000000000e+00 4.000000000e-02 4.000000000e-02 0.000000000e+00
4.000000000e-02 4.000000000e-02 4.000000000e-02 4.000000000e-02 4.000000000e-02 4.000000000e-02

4.417400516e-02 4.417400516e-02 4.417400516e-02 4.417400516e-02 0.000000000e+00 0.000000000e+00
4.417400516e-02 0.000000000e+00 4.417400516e-02 0.000000000e+00 0.000000000e+00 0.000000000e+00
4.417400516e-02 0.000000000e+00 4.417400516e-02 0.000000000e+00 0.000000000e+00 0.000000000e+00
4.417400516e-02 4.417400516e-02 4.417400516e-02 4.284049527e-02 4.284049527e-02 0.000000000e+00
4.284049527e-02 4.284049527e-02 0.000000000e+00 4.284049527e-02 4.284049527e-02 0.000000000e+00
4.284049527e-02 4.284049527e-02 4.284049527e-02 4.284049527e-02 4.284049527e-02 4.284049527e-02

