1.742959381e-04 7.541347253e-04 1.900300430e-03 1.074444962e-02 2.333912945e-03 1.742959381e-04
4.391982425e-04 7.027171880e-03 1.742959381e-04 1.742959381e-04 1.742959381e-04 4.391982425e-04
8.964352795e-02 2.464142060e-02 1.074444962e-02 1.742959381e-04 1.742959381e-04 4.391982425e-04
5.102676418e-01 8.090100798e-18 2.774307869e-01 7.541347253e-04 1.742959381e-04 1.900300430e-03
1.742959381e-04 4.932715340e-02 1.742959381e-04 1.742959381e-04 1.742959381e-04 1.742959381e-04
1.742959381e-04 4.263937657e-03 4.391982425e-04 2.788735009e-03 1.106710222e-03 1.742959381e-04

1.250334318e-04 5.803537806e-18 5.803537806e-18 1.250334318e-04 5.803537806e-18 5.803537806e-18
1.165523830e-02 1.250334318e-04 5.803537806e-18 5.803537806e-18 5.803537806e-18 5.803537806e-18
5.803537806e-18 2.149683385e-01 3.150645052e-04 5.803537806e-18 5.803537806e-18 5.803537806e-18
7.726862584e-01 0.000000000e+00 0.000000000e+00 5.803537806e-18 5.803537806e-18 5.803537806e-18
5.803537806e-18 5.803537806e-18 5.803537806e-18 5.803537806e-18 5.803537806e-18 5.803537806e-18
5.803537806e-18 5.803537806e-18 5.803537806e-18 5.803537806e-18 5.803537806e-18 5.803537806e-18

6.201499076e-18 6.201499076e-18 6.201499076e-18 6.201499076e-18 6.201499076e-18 6.201499076e-18
6.201499076e-18 8.708625811e-02 6.201499076e-18 6.201499076e-18 6.201499076e-18 6.201499076e-18
0.000000000e+00 6.201499076e-18 2.217146960e-01 0.000000000e+00 6.201499076e-18 6.201499076e-18
6.911990459e-01 0.000000000e+00 0.000000000e+00 6.201499076e-18 6.201499076e-18 6.201499076e-18
6.201499076e-18 6.201499076e-18 6.201499076e-18 6.201499076e-18 6.201499076e-18 6.201499076e-18
6.201499076e-18 6.201499076e-18 6.201499076e-18 6.201499076e-18 6.201499076e-18 6.201499076e-18

4.728099763e-18 2.491974220e-03 4.728099763e-18 4.728099763e-18 4.728099763e-18 4.728099763e-18
4.407391583e-04 4.728099763e-18 9.969654228e-01 4.728099763e-18 4.728099763e-18 4.728099763e-18
0.000000000e+00 0.000000000e+00 0.000000000e+00 0.000000000e+00 4.728099763e-18 4.728099763e-18
4.728099763e-18 0.000000000e+00 0.000000000e+00 1.018638215e-04 4.728099763e-18 4.728099763e-18
4.728099763e-18 4.728099763e-18 4.728099763e-18 4.728099763e-18 4.728099763e-18 4.728099763e-18
4.728099763e-18 4.728099763e-18 4.728099763e-18 4.728099763e-18 4.728099763e-18 4.728099763e-18

