6.241729522e-18 1.344739861e-04 6.241729522e-18 1.344739861e-04 1.344739861e-04 6.241729522e-18
6.241729522e-18 6.241729522e-18 6.241729522e-18 6.241729522e-18 6.241729522e-18 6.241729522e-18
3.388532115e-04 1.839578253e-02 3.694422891e-03 1.344739861e-04 6.241729522e-18 6.241729522e-18
1.796778918e-01 6.241729522e-18 7.711736192e-01 1.466132696e-03 0.000000000e+00 6.241729522e-18
6.241729522e-18 2.345812313e-02 6.241729522e-18 6.241729522e-18 6.241729522e-18 6.241729522e-18
6.241729522e-18 8.538565879e-04 1.344739861e-04 1.344739861e-04 1.344739861e-04 6.241729522e-18

6.765589508e-18 6.765589508e-18 6.765589508e-18 3.672927070e-04 6.765589508e-18 6.765589508e-18
6.765589508e-18 1.994721804e-01 6.765589508e-18 6.765589508e-18 6.765589508e-18 6.765589508e-18
1.049523203e-01 6.765589508e-18 6.552425675e-01 6.765589508e-18 0.000000000e+00 6.765589508e-18
5.392133750e-03 0.000000000e+00 2.975070926e-02 6.765589508e-18 0.000000000e+00 6.765589508e-18
6.765589508e-18 4.455503411e-03 6.765589508e-18 6.765589508e-18 6.765589508e-18 6.765589508e-18
6.765589508e-18 6.765589508e-18 6.765589508e-18 3.672927070e-04 6.765589508e-18 6.765589508e-18

1.340791870e-03 2.509119496e-03 3.951615587e-04 2.509119496e-03 3.951615587e-04 1.568199685e-04
1.568199685e-04 3.931172443e-02 2.935788116e-03 3.378583802e-03 0.000000000e+00 1.568199685e-04
1.527156766e-02 0.000000000e+00 2.044942059e-01 9.957447317e-04 0.000000000e+00 1.568199685e-04
1.340791870e-03 0.000000000e+00 6.540704157e-01 9.957447317e-04 0.000000000e+00 1.568199685e-04
1.568199685e-04 6.702525892e-02 1.568199685e-04 1.568199685e-04 1.568199685e-04 1.568199685e-04
1.568199685e-04 1.568199685e-04 1.568199685e-04 6.785205964e-04 1.568199685e-04 1.568199685e-04

