7.312828517e-18 7.312828517e-18 7.312828517e-18 7.312828517e-18 7.312828517e-18 7.312828517e-18
7.312828517e-18 7.312828517e-18 3.375484299e-02 6.816797544e-04 7.312828517e-18 7.312828517e-18
7.312828517e-18 2.083714428e-02 1.222292563e-01 7.312828517e-18 3.970014111e-04 7.312828517e-18
7.312828517e-18 7.312828517e-18 5.795947429e-02 6.740513025e-01 4.806724190e-02 7.312828517e-18
7.312828517e-18 7.312828517e-18 7.312828517e-18 4.202205662e-02 7.312828517e-18 7.312828517e-18
7.312828517e-18 7.312828517e-18 7.312828517e-18 7.312828517e-18 7.312828517e-18 7.312828517e-18

6.646983491e-18 3.503333756e-03 6.646983491e-18 6.646983491e-18 6.646983491e-18 6.646983491e-18
6.646983491e-18 6.646983491e-18 6.646983491e-18 6.646983491e-18 6.646983491e-18 6.646983491e-18
6.646983491e-18 6.646983491e-18 5.322314540e-01 0.000000000e+00 6.646983491e-18 6.646983491e-18
6.646983491e-18 6.646983491e-18 1.401765386e-01 1.224384828e-03 3.213029652e-01 6.646983491e-18
6.646983491e-18 6.646983491e-18 0.000000000e+00 6.646983491e-18 6.646983491e-18 1.561323635e-03
6.646983491e-18 6.646983491e-18 6.646983491e-18 6.646983491e-18 6.646983491e-18 6.646983491e-18

5.405514126e-18 5.405514126e-18 5.405514126e-18 5.405514126e-18 5.405514126e-18 5.405514126e-18
5.405514126e-18 5.405514126e-18 0.000000000e+00 3.559820855e-03 5.405514126e-18 5.405514126e-18
5.405514126e-18 7.394639308e-04 9.156980877e-01 0.000000000e+00 5.405514126e-18 7.356384152e-02
5.405514126e-18 5.405514126e-18 1.164582715e-04 6.322327675e-03 0.000000000e+00 5.405514126e-18
5.405514126e-18 5.405514126e-18 0.000000000e+00 5.405514126e-18 5.405514126e-18 5.405514126e-18
5.405514126e-18 5.405514126e-18 5.405514126e-18 5.405514126e-18 5.405514126e-18 5.405514126e-18

6.426829291e-18 6.426829291e-18 6.426829291e-18 3.994485212e-02 6.426829291e-18 6.426829291e-18
2.983069907e-03 7.564287420e-02 0.000000000e+00 6.426829291e-18 8.020858784e-01 8.791778801e-04
6.426829291e-18 6.426829291e-18 0.000000000e+00 0.000000000e+00 0.000000000e+00 8.791778801e-04
6.426829291e-18 6.426829291e-18 6.426829291e-18 6.858816171e-02 0.000000000e+00 5.122143914e-03
6.426829291e-18 6.426829291e-18 0.000000000e+00 3.489019730e-04 6.426829291e-18 6.426829291e-18
6.426829291e-18 6.426829291e-18 3.387300123e-03 1.384618397e-04 6.426829291e-18 6.426829291e-18

4.930029881e-18 4.930029881e-18 4.930029881e-18 4.930029881e-18 4.930029881e-18 4.930029881e-18
4.930029881e-18 4.642815725e-03 0.000000000e+00 0.000000000e+00 8.181143596e-03 4.930029881e-18
4.930029881e-18 4.930029881e-18 0.000000000e+00 0.000000000e+00 0.000000000e+00 4.930029881e-18
4.930029881e-18 4.930029881e-18 0.000000000e+00 9.849752008e-01 0.000000000e+00 1.988411338e-03
4.930029881e-18 4.930029881e-18 0.000000000e+00 1.062142740e-04 4.930029881e-18 4.930029881e-18
4.930029881e-18 4.930029881e-18 4.930029881e-18 1.062142740e-04 4.930029881e-18 4.930029881e-18

3.917969513e-02 3.917969513e-02 3.917969513e-02 3.917969513e-02 3.917969513e-02 3.917969513e-02
3.917969513e-02 3.917969513e-02 0.000000000e+00 0.000000000e+00 3.917969513e-02 3.917969513e-02
3.917969513e-02 3.917969513e-02 0.000000000e+00 0.000000000e+00 0.000000000e+00 3.784597560e-02
3.784597560e-02 3.784597560e-02 0.000000000e+00 0.000000000e+00 0.000000000e+00 3.784597560e-02
3.784597560e-02 3.784597560e-02 0.000000000e+00 3.784597560e-02 3.784597560e-02 3.784597560e-02
3.784597560e-02 3.784597560e-02 0.000000000e+00 3.784597560e-02 3.784597560e-02 3.784597560e-02

