7.044717876e-18 7.044717876e-18 7.044717876e-18 2.007319089e-02 7.044717876e-18 7.044717876e-18
7.044717876e-18 7.044717876e-18 7.044717876e-18 3.644489629e-02 7.044717876e-18 7.044717876e-18
7.044717876e-18 7.044717876e-18 5.058127149e-02 7.044717876e-18 6.135842705e-01 9.356078272e-03
7.044717876e-18 7.044717876e-18 9.356078272e-03 2.596405104e-01 9.637038495e-04 7.044717876e-18
7.044717876e-18 0.000000000e+00 7.044717876e-18 7.044717876e-18 7.044717876e-18 7.044717876e-18
7.044717876e-18 7.044717876e-18 7.044717876e-18 7.044717876e-18 7.044717876e-18 7.044717876e-18

2.280138191e-02 3.446639797e-03 2.154149873e-04 2.849019303e-02 7.968885640e-03 2.154149873e-04
2.655898953e-02 1.367799910e-03 1.574693110e-02 1.824492653e-01 2.154149873e-04 2.154149873e-04
2.154149873e-04 2.154149873e-04 2.982934556e-01 0.000000000e+00 1.778157435e-01 1.169452473e-02
2.154149873e-04 0.000000000e+00 8.946634296e-02 5.978897837e-02 4.615229320e-02 2.154149873e-04
5.428117539e-04 0.000000000e+00 2.154149873e-04 2.154149873e-04 2.154149873e-04 2.348610057e-03
1.409006609e-02 9.320465186e-04 4.032731073e-03 2.884518325e-03 5.428117539e-04 2.154149873e-04

4.468353448e-04 7.672481749e-04 4.468353448e-04 2.374496740e-03 7.672481749e-04 1.773267241e-04
1.264579992e-01 1.773267241e-04 4.468353448e-04 2.837227585e-03 8.230777424e-18 1.773267241e-04
2.074025947e-01 0.000000000e+00 2.185371647e-01 0.000000000e+00 2.374496740e-03 7.672481749e-04
8.230777424e-18 0.000000000e+00 0.000000000e+00 1.516122165e-03 4.468353448e-04 1.773267241e-04
3.736411583e-01 0.000000000e+00 5.410092258e-02 1.773267241e-04 8.230777424e-18 1.773267241e-04
3.319690052e-03 7.672481749e-04 4.468353448e-04 4.468353448e-04 4.468353448e-04 1.773267241e-04

1.403750992e-04 8.913263204e-04 1.403750992e-04 3.434105683e-03 6.073677794e-04 1.200190215e-03
2.246001587e-03 3.537230847e-04 2.627927757e-03 1.530470901e-03 1.403750992e-04 3.537230847e-04
1.209166877e-01 0.000000000e+00 0.000000000e+00 0.000000000e+00 3.537230847e-04 1.879695331e-03
0.000000000e+00 0.000000000e+00 0.000000000e+00 8.229810079e-01 3.537230847e-04 1.403750992e-04
5.659569354e-03 0.000000000e+00 6.073677794e-04 1.403750992e-04 1.403750992e-04 1.403750992e-04
1.137038303e-02 1.668630114e-02 1.879695331e-03 1.200190215e-03 1.530470901e-03 3.537230847e-04

