1.337107289e-04 1.337107289e-04 1.083056904e-02 1.337107289e-04 1.337107289e-04 1.337107289e-04
1.337107289e-04 1.337107289e-04 7.564442199e-02 8.490102071e-04 6.206302263e-18 1.337107289e-04
4.511666306e-03 3.422994661e-02 6.206302263e-18 8.596708129e-01 1.337107289e-04 1.337107289e-04
1.337107289e-04 5.785327241e-04 8.745877118e-03 3.369299240e-04 6.206302263e-18 1.337107289e-04
1.337107289e-04 6.206302263e-18 1.337107289e-04 6.206302263e-18 6.206302263e-18 3.369299240e-04
6.206302263e-18 8.490102071e-04 1.337107289e-04 1.143210651e-03 1.337107289e-04 1.337107289e-04

5.935029521e-18 1.278663349e-04 8.119006179e-04 5.935029521e-18 5.935029521e-18 5.935029521e-18
5.935029521e-18 5.935029521e-18 5.734078420e-01 0.000000000e+00 5.935029521e-18 5.935029521e-18
5.532454995e-04 4.240315123e-01 0.000000000e+00 8.119006179e-04 5.935029521e-18 5.935029521e-18
5.935029521e-18 5.935029521e-18 5.935029521e-18 1.278663349e-04 5.935029521e-18 5.935029521e-18
5.935029521e-18 5.935029521e-18 5.935029521e-18 5.935029521e-18 5.935029521e-18 1.278663349e-04
5.935029521e-18 5.935029521e-18 5.935029521e-18 5.935029521e-18 5.935029521e-18 5.935029521e-18

5.584617611e-18 5.584617611e-18 1.121558113e-02 5.584617611e-18 5.584617611e-18 5.584617611e-18
5.584617611e-18 0.000000000e+00 5.510280422e-02 0.000000000e+00 5.584617611e-18 5.584617611e-18
3.305484332e-03 9.159468073e-01 0.000000000e+00 5.584617611e-18 8.329298579e-03 5.584617611e-18
5.584617611e-18 5.584617611e-18 6.100024455e-03 0.000000000e+00 5.584617611e-18 5.584617611e-18
5.584617611e-18 5.584617611e-18 5.584617611e-18 5.584617611e-18 5.584617611e-18 5.584617611e-18
5.584617611e-18 5.584617611e-18 5.584617611e-18 5.584617611e-18 5.584617611e-18 5.584617611e-18

5.289875132e-18 5.289875132e-18 5.289875132e-18 5.289875132e-18 5.289875132e-18 5.289875132e-18
5.289875132e-18 0.000000000e+00 7.889698542e-03 0.000000000e+00 5.289875132e-18 5.289875132e-18
9.465373536e-01 5.289875132e-18 0.000000000e+00 0.000000000e+00 0.000000000e+00 5.289875132e-18
5.289875132e-18 1.455984940e-02 3.101309843e-02 0.000000000e+00 5.289875132e-18 5.289875132e-18
5.289875132e-18 5.289875132e-18 5.289875132e-18 5.289875132e-18 5.289875132e-18 5.289875132e-18
5.289875132e-18 5.289875132e-18 5.289875132e-18 5.289875132e-18 5.289875132e-18 5.289875132e-18

6.018589895e-18 5.667958305e-03 6.018589895e-18 6.018589895e-18 6.018589895e-18 6.018589895e-18
1.413718970e-03 0.000000000e+00 6.271894480e-01 0.000000000e+00 6.018589895e-18 6.018589895e-18
0.000000000e+00 0.000000000e+00 0.000000000e+00 0.000000000e+00 0.000000000e+00 6.018589895e-18
6.018589895e-18 1.736302824e-03 3.631692404e-01 0.000000000e+00 6.018589895e-18 8.233315163e-04
6.018589895e-18 6.018589895e-18 6.018589895e-18 6.018589895e-18 6.018589895e-18 6.018589895e-18
6.018589895e-18 6.018589895e-18 6.018589895e-18 6.018589895e-18 6.018589895e-18 6.018589895e-18

5.347857478e-18 2.903263710e-04 5.347857478e-18 5.347857478e-18 0.000000000e+00 5.347857478e-18
4.985110978e-04 0.000000000e+00 5.999040887e-02 0.000000000e+00 5.347857478e-18 0.000000000e+00
0.000000000e+00 0.000000000e+00 0.000000000e+00 0.000000000e+00 0.000000000e+00 5.347857478e-18
5.347857478e-18 1.269068450e-02 9.262397428e-01 0.000000000e+00 5.347857478e-18 2.903263710e-04
5.347857478e-18 5.347857478e-18 5.347857478e-18 5.347857478e-18 5.347857478e-18 5.347857478e-18
5.347857478e-18 5.347857478e-18 5.347857478e-18 5.347857478e-18 5.347857478e-18 5.347857478e-18

4.810356394e-18 4.810356394e-18 0.000000000e+00 4.810356394e-18 0.000000000e+00 4.810356394e-18
2.611463228e-04 0.000000000e+00 9.896464911e-01 0.000000000e+00 4.810356394e-18 0.000000000e+00
0.000000000e+00 0.000000000e+00 0.000000000e+00 0.000000000e+00 0.000000000e+00 4.810356394e-18
4.810356394e-18 4.810356394e-18 1.009236260e-02 0.000000000e+00 4.810356394e-18 4.810356394e-18
4.810356394e-18 4.810356394e-18 0.000000000e+00 4.810356394e-18 4.810356394e-18 4.810356394e-18
4.810356394e-18 4.810356394e-18 4.810356394e-18 4.810356394e-18 4.810356394e-18 4.810356394e-18

4.618203788e-02 4.618203788e-02 0.000000000e+00 4.618203788e-02 0.000000000e+00 4.618203788e-02
4.618203788e-02 0.000000000e+00 4.484830177e-02 0.000000000e+00 4.618203788e-02 0.000000000e+00
0.000000000e+00 0.000000000e+00 0.000000000e+00 0.000000000e+00 0.000000000e+00 4.618203788e-02
4.618203788e-02 4.618203788e-02 4.618203788e-02 0.000000000e+00 0.000000000e+00 0.000000000e+00
4.484830177e-02 4.484830177e-02 0.000000000e+00 4.484830177e-02 4.484830177e-02 4.484830177e-02
4.484830177e-02 4.484830177e-02 4.484830177e-02 4.484830177e-02 4.484830177e-02 4.484830177e-02

