7.312828517e-18 7.312828517e-18 7.312828517e-18 7.312828517e-18 7.312828517e-18 7.312828517e-18
7.312828517e-18 7.312828517e-18 3.375484299e-02 6.816797544e-04 7.312828517e-18 7.312828517e-18
7.312828517e-18 2.083714428e-02 1.222292563e-01 7.312828517e-18 3.970014111e-04 7.312828517e-18
7.312828517e-18 7.312828517e-18 5.795947429e-02 6.740513025e-01 4.806724190e-02 7.312828517e-18
7.312828517e-18 7.312828517e-18 7.312828517e-18 4.202205662e-02 7.312828517e-18 7.312828517e-18
7.312828517e-18 7.312828517e-18 7.312828517e-18 7.312828517e-18 7.312828517e-18 7.312828517e-18

5.687872965e-18 5.687872965e-18 5.687872965e-18 5.687872965e-18 5.687872965e-18 5.687872965e-18
5.687872965e-18 5.687872965e-18 5.687872965e-18 5.687872965e-18 5.687872965e-18 5.687872965e-18
5.687872965e-18 8.276084543e-01 5.687872965e-18 0.000000000e+00 1.539311434e-01 5.687872965e-18
5.687872965e-18 5.687872965e-18 1.846040235e-02 5.687872965e-18 5.687872965e-18 5.687872965e-18
5.687872965e-18 5.687872965e-18 5.687872965e-18 0.000000000e+00 5.687872965e-18 5.687872965e-18
5.687872965e-18 5.687872965e-18 5.687872965e-18 5.687872965e-18 5.687872965e-18 5.687872965e-18

4.762217793e-18 4.762217793e-18 4.762217793e-18 4.762217793e-18 4.762217793e-18 4.762217793e-18
4.762217793e-18 4.762217793e-18 4.762217793e-18 4.762217793e-18 4.762217793e-18 4.762217793e-18
4.762217793e-18 0.000000000e+00 0.000000000e+00 0.000000000e+00 6.710883528e-03 4.762217793e-18
4.762217793e-18 4.762217793e-18 9.932891165e-01 4.762217793e-18 4.762217793e-18 4.762217793e-18
4.762217793e-18 4.762217793e-18 4.762217793e-18 0.000000000e+00 4.762217793e-18 4.762217793e-18
4.762217793e-18 4.762217793e-18 4.762217793e-18 4.762217793e-18 4.762217793e-18 4.762217793e-18

5.002844338e-18 5.002844338e-18 5.002844338e-18 1.077830139e-04 5.002844338e-18 6.843794787e-04
1.443270418e-03 5.002844338e-18 1.077830139e-04 5.002844338e-18 0.000000000e+00 5.002844338e-18
5.002844338e-18 0.000000000e+00 0.000000000e+00 0.000000000e+00 9.826356475e-01 7.878986114e-03
1.077830139e-04 1.077830139e-04 0.000000000e+00 5.002844338e-18 6.244668420e-03 5.002844338e-18
5.002844338e-18 5.002844338e-18 5.002844338e-18 0.000000000e+00 4.663500165e-04 5.002844338e-18
1.077830139e-04 5.002844338e-18 5.002844338e-18 1.077830139e-04 5.002844338e-18 5.002844338e-18

