1.512701091e-04 1.512701091e-04 1.512701091e-04 1.512701091e-04 1.512701091e-04 1.512701091e-04
1.512701091e-04 7.021336493e-18 1.512701091e-04 1.512701091e-04 1.512701091e-04 4.155865161e-03
1.512701091e-04 7.021336493e-18 1.512701091e-04 1.512701091e-04 1.512701091e-04 6.545077497e-04
1.512701091e-04 7.021336493e-18 1.512701091e-04 1.512701091e-04 4.784480674e-02 6.899385808e-01
1.512701091e-04 1.512701091e-04 1.512701091e-04 2.069345984e-02 7.021336493e-18 1.606091853e-01
1.512701091e-04 3.811767894e-04 1.512701091e-04 1.512701091e-04 7.209193501e-02 1.512701091e-04

6.252439574e-18 1.347047272e-04 1.347047272e-04 6.252439574e-18 6.252439574e-18 1.347047272e-04
6.252439574e-18 6.252439574e-18 6.252439574e-18 6.252439574e-18 6.252439574e-18 3.394346426e-04
6.252439574e-18 6.252439574e-18 6.252439574e-18 6.252439574e-18 9.325336073e-03 5.828335046e-04
6.252439574e-18 6.252439574e-18 0.000000000e+00 7.884584013e-02 6.252439574e-18 7.312897689e-03
6.252439574e-18 6.252439574e-18 6.252439574e-18 8.308612208e-01 0.000000000e+00 5.113451074e-02
1.347047272e-04 6.252439574e-18 6.252439574e-18 1.347047272e-04 2.092440281e-02 6.252439574e-18

5.023144244e-18 5.023144244e-18 5.023144244e-18 5.023144244e-18 5.023144244e-18 5.023144244e-18
5.023144244e-18 5.023144244e-18 5.023144244e-18 5.023144244e-18 5.023144244e-18 5.023144244e-18
5.023144244e-18 5.023144244e-18 0.000000000e+00 5.023144244e-18 5.023144244e-18 5.023144244e-18
5.023144244e-18 5.023144244e-18 0.000000000e+00 5.023144244e-18 0.000000000e+00 2.726982246e-04
5.023144244e-18 5.023144244e-18 5.023144244e-18 9.655302642e-01 0.000000000e+00 3.301714090e-02
5.023144244e-18 5.023144244e-18 5.023144244e-18 1.179896692e-03 5.023144244e-18 5.023144244e-18

4.647784847e-18 4.647784847e-18 4.647784847e-18 4.647784847e-18 4.647784847e-18 4.647784847e-18
4.647784847e-18 4.647784847e-18 4.647784847e-18 4.647784847e-18 4.647784847e-18 4.647784847e-18
4.647784847e-18 4.647784847e-18 0.000000000e+00 0.000000000e+00 4.647784847e-18 4.647784847e-18
4.647784847e-18 4.647784847e-18 0.000000000e+00 4.647784847e-18 0.000000000e+00 4.647784847e-18
4.647784847e-18 4.647784847e-18 4.647784847e-18 1.000000000e+00 0.000000000e+00 4.647784847e-18
4.647784847e-18 4.647784847e-18 4.647784847e-18 4.647784847e-18 0.000000000e+00 4.647784847e-18

