1.404935970e-04 1.404935970e-04 1.404935970e-04 1.404935970e-04 3.540216804e-04 1.404935970e-04
1.404935970e-04 6.521135109e-18 1.404935970e-04 1.201203357e-03 1.404935970e-04 1.404935970e-04
1.404935970e-04 6.521135109e-18 6.078804896e-04 1.794876868e-02 3.437004588e-03 1.404935970e-04
1.404935970e-04 3.540216804e-04 7.878131145e-01 6.521135109e-18 1.438449539e-01 4.740533783e-03
3.540216804e-04 6.521135109e-18 1.404935970e-04 2.867575611e-02 1.404935970e-04 1.404935970e-04
1.404935970e-04 6.521135109e-18 1.404935970e-04 8.139834807e-03 1.404935970e-04 6.521135109e-18

6.731508131e-18 6.731508131e-18 6.731508131e-18 6.731508131e-18 6.731508131e-18 6.731508131e-18
6.731508131e-18 6.731508131e-18 6.731508131e-18 6.731508131e-18 6.731508131e-18 6.731508131e-18
6.731508131e-18 6.731508131e-18 3.108325179e-01 0.000000000e+00 6.731508131e-18 6.731508131e-18
6.731508131e-18 1.044236273e-01 6.731508131e-18 0.000000000e+00 2.960084130e-02 6.731508131e-18
6.731508131e-18 6.731508131e-18 5.541500802e-01 6.274908264e-04 6.731508131e-18 6.731508131e-18
6.731508131e-18 6.731508131e-18 3.654424852e-04 6.731508131e-18 6.731508131e-18 6.731508131e-18

5.107498476e-18 5.107498476e-18 5.107498476e-18 5.107498476e-18 5.107498476e-18 5.107498476e-18
5.107498476e-18 5.107498476e-18 5.107498476e-18 5.107498476e-18 5.107498476e-18 5.107498476e-18
5.107498476e-18 5.107498476e-18 8.043806053e-03 0.000000000e+00 3.295982580e-02 5.107498476e-18
5.107498476e-18 5.107498476e-18 0.000000000e+00 0.000000000e+00 5.107498476e-18 5.107498476e-18
5.107498476e-18 0.000000000e+00 5.107498476e-18 9.589963682e-01 5.107498476e-18 5.107498476e-18
5.107498476e-18 5.107498476e-18 5.107498476e-18 5.107498476e-18 5.107498476e-18 5.107498476e-18

7.145349713e-18 7.145349713e-18 7.145349713e-18 7.261954041e-03 7.145349713e-18 7.145349713e-18
7.145349713e-18 7.145349713e-18 7.145349713e-18 0.000000000e+00 7.145349713e-18 7.145349713e-18
7.145349713e-18 7.145349713e-18 8.609024485e-02 0.000000000e+00 6.190779370e-01 7.145349713e-18
7.145349713e-18 7.145349713e-18 0.000000000e+00 0.000000000e+00 0.000000000e+00 7.145349713e-18
4.705595866e-03 0.000000000e+00 2.019755568e-01 7.145349713e-18 4.868985790e-02 7.145349713e-18
7.145349713e-18 7.145349713e-18 7.145349713e-18 3.219885353e-02 7.145349713e-18 7.145349713e-18

