5.869499404e-04 1.991534073e-03 9.391199045e-03 1.479021170e-03 5.869499404e-04 1.081171034e-17
7.762838281e-02 1.081171034e-17 2.329312382e-04 1.007834935e-03 2.329312382e-04 1.479021170e-03
2.366433872e-02 1.081171034e-17 3.728302027e-02 2.176423173e-01 5.963039697e-02 8.433318937e-02
2.171314545e-02 1.081171034e-17 1.007834935e-03 0.000000000e+00 1.081171034e-17 1.645085564e-01
1.007834935e-03 5.869499404e-04 3.119070003e-03 4.520975915e-02 1.023896471e-01 9.534170738e-02
1.081171034e-17 5.869499404e-04 1.991534073e-03 2.268349623e-02 2.268349623e-02 1.081171034e-17

5.251716614e-18 5.251716614e-18 5.251716614e-18 5.251716614e-18 5.251716614e-18 5.251716614e-18
5.251716614e-18 5.251716614e-18 5.251716614e-18 5.251716614e-18 5.251716614e-18 5.251716614e-18
5.251716614e-18 5.251716614e-18 1.131448046e-04 9.526933125e-01 0.000000000e+00 5.251716614e-18
5.251716614e-18 5.251716614e-18 5.251716614e-18 0.000000000e+00 0.000000000e+00 7.184247271e-04
5.251716614e-18 5.251716614e-18 5.251716614e-18 2.252522353e-02 5.251716614e-18 3.108443262e-03
5.251716614e-18 5.251716614e-18 5.251716614e-18 5.251716614e-18 2.084145119e-02 5.251716614e-18

5.668057607e-18 5.668057607e-18 5.668057607e-18 5.668057607e-18 5.668057607e-18 5.668057607e-18
5.668057607e-18 5.668057607e-18 5.668057607e-18 5.668057607e-18 5.668057607e-18 5.668057607e-18
5.668057607e-18 5.668057607e-18 5.668057607e-18 5.668057607e-18 0.000000000e+00 5.668057607e-18
5.668057607e-18 5.668057607e-18 5.668057607e-18 0.000000000e+00 0.000000000e+00 5.668057607e-18
5.668057607e-18 5.668057607e-18 0.000000000e+00 7.459991261e-01 0.000000000e+00 5.668057607e-18
5.668057607e-18 5.668057607e-18 5.668057607e-18 5.668057607e-18 2.540008739e-01 5.668057607e-18

