1.165164994e-17 2.510271883e-04 1.165164994e-17 4.137435190e-02 4.016435013e-03 4.872201261e-02
1.165164994e-17 1.165164994e-17 2.510271883e-04 1.165164994e-17 1.165164994e-17 9.088486187e-02
2.033320225e-02 8.223216577e-02 7.241882627e-02 8.365917264e-02 1.165164994e-17 6.695443389e-02
1.165164994e-17 0.000000000e+00 1.165164994e-17 1.012458990e-01 1.165164994e-17 9.286294241e-03
1.012078204e-02 1.057705330e-01 9.529103191e-02 5.250544549e-02 1.165164994e-17 1.165164994e-17
1.165164994e-17 2.033320225e-02 2.657088470e-02 5.765762871e-02 1.012078204e-02 1.165164994e-17

5.595428457e-18 1.030686734e-03 1.314321708e-03 5.595428457e-18 5.595428457e-18 5.595428457e-18
5.595428457e-18 0.000000000e+00 6.544452824e-03 3.037665915e-04 5.595428457e-18 5.595428457e-18
3.037665915e-04 9.117193094e-01 5.595428457e-18 6.663562605e-02 5.595428457e-18 5.595428457e-18
5.595428457e-18 0.000000000e+00 0.000000000e+00 9.764537990e-03 5.595428457e-18 5.595428457e-18
5.595428457e-18 5.595428457e-18 1.314321708e-03 5.595428457e-18 5.595428457e-18 5.595428457e-18
5.595428457e-18 5.595428457e-18 5.595428457e-18 3.037665915e-04 7.654438458e-04 5.595428457e-18

1.649784006e-04 3.088520119e-03 1.649784006e-04 1.649784006e-04 1.649784006e-04 1.649784006e-04
1.245213284e-01 0.000000000e+00 2.765851192e-01 1.649784006e-04 7.657619017e-18 1.649784006e-04
7.657619017e-18 0.000000000e+00 0.000000000e+00 1.017007127e-02 4.157195193e-04 1.649784006e-04
1.649784006e-04 0.000000000e+00 0.000000000e+00 4.069282255e-01 1.649784006e-04 1.649784006e-04
1.649784006e-04 1.649784006e-04 1.739092678e-01 1.649784006e-04 1.649784006e-04 1.649784006e-04
1.649784006e-04 1.649784006e-04 1.649784006e-04 4.157195193e-04 4.157195193e-04 4.157195193e-04

3.185345110e-04 0.000000000e+00 1.264105045e-04 1.264105045e-04 1.264105045e-04 1.264105045e-04
7.826910985e-01 0.000000000e+00 8.026566711e-04 5.469464873e-04 3.185345110e-04 1.264105045e-04
0.000000000e+00 0.000000000e+00 0.000000000e+00 2.108484960e-01 1.264105045e-04 1.264105045e-04
1.264105045e-04 0.000000000e+00 0.000000000e+00 1.692702171e-03 1.264105045e-04 1.264105045e-04
1.264105045e-04 1.264105045e-04 1.264105045e-04 1.264105045e-04 1.264105045e-04 1.264105045e-04
1.264105045e-04 1.264105045e-04 1.264105045e-04 1.264105045e-04 1.264105045e-04 1.264105045e-04

