9.027537571e-18 9.027537571e-18 9.027537571e-18 9.027537571e-18 1.234949768e-03 9.027537571e-18
9.027537571e-18 1.932859679e-01 3.021154067e-02 4.979005468e-02 4.900901404e-04 9.027537571e-18
9.027537571e-18 1.062528438e-01 1.151182819e-01 5.083003945e-02 1.944924011e-04 9.027537571e-18
9.027537571e-18 9.027537571e-18 3.923358242e-01 2.572302939e-02 0.000000000e+00 4.900901404e-04
1.944924011e-04 1.732872601e-02 2.120496883e-03 1.234949768e-03 4.900901404e-04 1.944924011e-04
9.027537571e-18 1.198945786e-02 9.027537571e-18 9.027537571e-18 4.900901404e-04 9.027537571e-18

1.312219127e-03 5.207545056e-04 1.766931505e-03 9.592380008e-18 8.941726491e-04 1.766931505e-03
5.207545056e-04 2.366012861e-02 8.832768473e-02 9.849025706e-02 4.452388393e-03 8.941726491e-04
5.207545056e-04 3.517662809e-01 1.720687377e-01 2.921717247e-02 8.941726491e-04 1.312219127e-03
4.452388393e-03 0.000000000e+00 9.592380008e-18 0.000000000e+00 0.000000000e+00 1.757129420e-02
2.066615625e-04 1.588779093e-01 4.452388393e-03 2.187484386e-02 2.066615625e-04 8.941726491e-04
5.207545056e-04 1.312219127e-03 1.766931505e-03 7.645068611e-03 1.312219127e-03 5.207545056e-04

7.011507400e-04 1.385510207e-03 1.997953406e-02 1.385510207e-03 1.385510207e-03 1.766789153e-03
7.011507400e-04 1.766789153e-03 6.260050410e-01 3.471899082e-02 2.143232073e-02 7.011507400e-04
1.620502569e-04 1.766789153e-03 7.011507400e-04 2.169936927e-03 2.593047179e-01 4.083410595e-04
1.766789153e-03 0.000000000e+00 0.000000000e+00 0.000000000e+00 0.000000000e+00 1.028954993e-03
1.620502569e-04 1.028954993e-03 9.989566251e-03 1.620502569e-04 0.000000000e+00 1.620502569e-04
7.011507400e-04 1.620502569e-04 4.452029689e-03 1.766789153e-03 4.083410595e-04 1.766789153e-03

