1.617290705e-04 1.617290705e-04 1.617290705e-04 1.617290705e-04 1.617290705e-04 1.617290705e-04
1.617290705e-04 1.617290705e-04 1.617290705e-04 4.075317207e-04 1.617290705e-04 1.617290705e-04
1.617290705e-04 2.990796761e-01 0.000000000e+00 4.080575533e-01 1.617290705e-04 1.617290705e-04
1.617290705e-04 1.382764102e-03 1.617290705e-04 8.011376755e-02 3.027690210e-03 1.617290705e-04
1.617290705e-04 4.075317207e-04 1.617290705e-04 2.031568004e-01 1.617290705e-04 1.617290705e-04
1.617290705e-04 1.617290705e-04 1.617290705e-04 1.617290705e-04 1.617290705e-04 1.617290705e-04

1.452473719e-04 1.452473719e-04 1.452473719e-04 1.452473719e-04 1.452473719e-04 1.452473719e-04
1.452473719e-04 1.452473719e-04 3.660004427e-04 1.414459580e-02 1.452473719e-04 1.452473719e-04
1.452473719e-04 7.470332924e-02 0.000000000e+00 7.448550765e-01 1.452473719e-04 1.452473719e-04
1.452473719e-04 0.000000000e+00 0.000000000e+00 1.346440993e-01 3.660004427e-04 1.452473719e-04
1.452473719e-04 3.129259767e-03 3.660004427e-04 2.393970119e-02 1.452473719e-04 1.452473719e-04
1.452473719e-04 1.452473719e-04 1.452473719e-04 1.452473719e-04 1.452473719e-04 1.452473719e-04

7.485812415e-04 1.730124145e-04 4.359639659e-04 1.098560355e-03 1.730124145e-04 2.316725899e-03
1.730124145e-04 4.359639659e-04 1.479235337e-03 0.000000000e+00 1.221906636e-01 2.316725899e-03
6.322289974e-01 7.081617359e-02 0.000000000e+00 8.570306078e-02 7.562681819e-03 7.485812415e-04
7.485812415e-04 0.000000000e+00 0.000000000e+00 2.934547054e-02 1.479235337e-03 1.730124145e-04
0.000000000e+00 1.332626354e-02 7.485812415e-04 1.831312755e-02 7.485812415e-04 1.730124145e-04
4.359639659e-04 3.238922922e-03 1.730124145e-04 1.886306527e-03 1.730124145e-04 4.359639659e-04

5.557407144e-03 2.022850965e-04 5.097265023e-04 8.155624036e-03 0.000000000e+00 9.542464664e-03
2.708702282e-03 2.708702282e-03 5.097265023e-04 0.000000000e+00 3.237779274e-02 1.284430300e-03
7.483169211e-03 8.842243059e-03 0.000000000e+00 1.400378849e-02 1.250814193e-01 2.022850965e-04
1.171987411e-02 0.000000000e+00 0.000000000e+00 0.000000000e+00 2.205458487e-03 1.284430300e-03
0.000000000e+00 3.431055139e-02 1.655334607e-01 3.564969010e-01 2.022850965e-04 1.284430300e-03
8.752367804e-04 4.358100291e-03 5.097265023e-04 5.097265023e-04 2.010303253e-01 5.097265023e-04

3.832629941e-02 3.698745002e-02 3.698745002e-02 3.698745002e-02 0.000000000e+00 3.698745002e-02
3.698745002e-02 3.698745002e-02 3.698745002e-02 0.000000000e+00 3.698745002e-02 3.698745002e-02
3.698745002e-02 3.698745002e-02 0.000000000e+00 0.000000000e+00 3.698745002e-02 3.698745002e-02
3.698745002e-02 0.000000000e+00 0.000000000e+00 0.000000000e+00 3.698745002e-02 3.698745002e-02
0.000000000e+00 3.698745002e-02 3.698745002e-02 3.698745002e-02 0.000000000e+00 3.698745002e-02
3.698745002e-02 3.698745002e-02 3.698745002e-02 3.698745002e-02 3.698745002e-02 3.698745002e-02

4.000000000e-02 4.000000000e-02 4.000000000e-02 4.000000000e-02 0.000000000e+00 4.000000000e-02
4.000000000e-02 4.000000000e-02 4.000000000e-02 0.000000000e+00 4.000000000e-02 4.000000000e-02
4.000000000e-02 0.000000000e+00 0.000000000e+00 0.000000000e+00 4.000000000e-02 4.000000000e-02
4.000000000e-02 0.000000000e+00 0.000000000e+00 0.000000000e+00 4.000000000e-02 4.000000000e-02
0.000000000e+00 4.000000000e-02 4.000000000e-02 0.000000000e+00 0.000000000e+00 4.000000000e-02
4.000000000e-02 4.000000000e-02 4.000000000e-02 4.000000000e-02 4.000000000e-02 4.000000000e-02

