7.710567434e-18 7.710567434e-18 7.710567434e-18 7.710567434e-18 7.710567434e-18 7.710567434e-18
7.710567434e-18 7.710567434e-18 1.661191396e-04 7.187557731e-04 7.710567434e-18 7.710567434e-18
7.710567434e-18 4.185940015e-04 4.520495868e-02 4.879592262e-01 1.420298665e-03 7.710567434e-18
7.710567434e-18 7.710567434e-18 2.884625110e-01 2.897841690e-02 7.187557731e-04 7.710567434e-18
7.710567434e-18 6.305956076e-02 7.505640758e-02 7.710567434e-18 7.836395499e-03 7.710567434e-18
7.710567434e-18 7.710567434e-18 7.710567434e-18 7.710567434e-18 7.710567434e-18 7.710567434e-18

7.385889016e-18 7.385889016e-18 7.385889016e-18 7.385889016e-18 7.385889016e-18 7.385889016e-18
7.385889016e-18 7.385889016e-18 7.385889016e-18 7.385889016e-18 7.385889016e-18 7.385889016e-18
7.385889016e-18 7.385889016e-18 7.385889016e-18 4.678219294e-02 7.385889016e-18 7.385889016e-18
7.385889016e-18 7.385889016e-18 0.000000000e+00 4.518582811e-01 7.385889016e-18 7.385889016e-18
2.130754908e-03 9.105782232e-02 7.385889016e-18 0.000000000e+00 3.181493414e-01 9.002160735e-02
7.385889016e-18 7.385889016e-18 7.385889016e-18 7.385889016e-18 7.385889016e-18 7.385889016e-18

6.125226534e-18 6.125226534e-18 6.125226534e-18 6.125226534e-18 6.125226534e-18 6.125226534e-18
6.125226534e-18 6.125226534e-18 1.319640053e-04 1.319640053e-04 6.125226534e-18 6.125226534e-18
6.125226534e-18 6.125226534e-18 1.319640053e-04 2.894822655e-02 6.125226534e-18 6.125226534e-18
6.125226534e-18 6.125226534e-18 0.000000000e+00 3.555911619e-01 6.125226534e-18 6.125226534e-18
6.125226534e-18 0.000000000e+00 0.000000000e+00 0.000000000e+00 6.149327556e-01 1.319640053e-04
6.125226534e-18 6.125226534e-18 6.125226534e-18 6.125226534e-18 6.125226534e-18 6.125226534e-18

1.144040256e-04 1.144040256e-04 1.144040256e-04 5.310164479e-18 1.144040256e-04 1.144040256e-04
2.882800802e-04 0.000000000e+00 2.928743056e-02 2.882800802e-04 5.310164479e-18 1.144040256e-04
1.144040256e-04 1.144040256e-04 1.144040256e-04 0.000000000e+00 1.531929196e-03 1.144040256e-04
1.144040256e-04 1.144040256e-04 0.000000000e+00 1.144040256e-04 4.949974704e-04 5.310164479e-18
1.144040256e-04 0.000000000e+00 0.000000000e+00 0.000000000e+00 9.589150058e-01 4.612481283e-03
2.141729667e-03 5.310164479e-18 1.144040256e-04 4.949974704e-04 1.144040256e-04 1.144040256e-04

