5.137609001e-18 5.137609001e-18 5.137609001e-18 5.137609001e-18 5.137609001e-18 5.137609001e-18
5.137609001e-18 5.137609001e-18 1.106864306e-04 5.137609001e-18 5.137609001e-18 5.137609001e-18
5.137609001e-18 0.000000000e+00 2.789123276e-04 1.667448092e-02 5.137609001e-18 5.137609001e-18
5.137609001e-18 1.106864306e-04 9.646499937e-01 2.789123276e-04 5.137609001e-18 5.137609001e-18
5.137609001e-18 5.137609001e-18 7.028150252e-04 1.719351286e-02 5.137609001e-18 5.137609001e-18
5.137609001e-18 5.137609001e-18 5.137609001e-18 5.137609001e-18 5.137609001e-18 5.137609001e-18

5.079695098e-18 5.079695098e-18 5.079695098e-18 5.079695098e-18 5.079695098e-18 5.079695098e-18
5.079695098e-18 5.079695098e-18 5.079695098e-18 5.079695098e-18 5.079695098e-18 5.079695098e-18
9.356878373e-04 0.000000000e+00 0.000000000e+00 2.570628465e-02 5.079695098e-18 5.079695098e-18
5.079695098e-18 5.079695098e-18 5.079695098e-18 1.094387134e-04 5.079695098e-18 5.079695098e-18
9.356878373e-04 0.000000000e+00 5.079695098e-18 9.679006085e-01 4.412292436e-03 5.079695098e-18
5.079695098e-18 5.079695098e-18 5.079695098e-18 5.079695098e-18 5.079695098e-18 5.079695098e-18

2.339396936e-03 2.339396936e-03 2.795287696e-03 2.795287696e-03 2.339396936e-03 2.339396936e-03
1.493710851e-03 1.493710851e-03 0.000000000e+00 1.493710851e-03 2.339396936e-03 2.339396936e-03
2.339396936e-03 0.000000000e+00 0.000000000e+00 4.944305734e-02 1.849233632e-02 1.277104813e-02
1.904765563e-03 1.747054810e-04 2.339396936e-03 1.904765563e-03 2.339396936e-03 2.339396936e-03
4.557188745e-01 0.000000000e+00 0.000000000e+00 4.402302260e-04 4.048571553e-01 7.636688779e-03
2.339396936e-03 1.493710851e-03 2.339396936e-03 2.339396936e-03 2.339396936e-03 2.339396936e-03

