5.867183458e-18 5.867183458e-18 5.867183458e-18 5.867183458e-18 5.867183458e-18 5.867183458e-18
5.867183458e-18 5.867183458e-18 1.264046358e-04 1.264046358e-04 5.867183458e-18 5.867183458e-18
5.867183458e-18 0.000000000e+00 1.265677339e-01 1.023877550e-02 5.867183458e-18 5.867183458e-18
5.867183458e-18 5.867183458e-18 8.354137796e-01 2.708197737e-02 5.867183458e-18 5.867183458e-18
5.867183458e-18 5.867183458e-18 1.264046358e-04 3.185197228e-04 5.867183458e-18 5.867183458e-18
5.867183458e-18 5.867183458e-18 5.867183458e-18 5.867183458e-18 5.867183458e-18 5.867183458e-18

7.798257060e-18 7.798257060e-18 7.798257060e-18 1.860940633e-01 7.798257060e-18 7.798257060e-18
7.798257060e-18 7.798257060e-18 0.000000000e+00 7.798257060e-18 7.798257060e-18 7.798257060e-18
7.798257060e-18 0.000000000e+00 7.798257060e-18 1.163525498e-01 7.798257060e-18 7.798257060e-18
1.965037644e-01 0.000000000e+00 7.798257060e-18 3.631420688e-01 1.374841991e-01 7.798257060e-18
7.798257060e-18 7.798257060e-18 7.798257060e-18 7.798257060e-18 7.798257060e-18 7.798257060e-18
7.798257060e-18 7.798257060e-18 4.233545269e-04 7.798257060e-18 7.798257060e-18 7.798257060e-18

2.038728155e-02 1.850919075e-04 1.850919075e-04 6.245369607e-03 1.850919075e-04 3.139433164e-02
3.667718791e-01 0.000000000e+00 0.000000000e+00 2.038728155e-02 1.210666557e-02 1.850919075e-04
1.850919075e-04 0.000000000e+00 1.850919075e-04 8.090698044e-03 3.139433164e-02 1.850919075e-04
1.725370775e-02 0.000000000e+00 0.000000000e+00 4.272149177e-01 1.880416568e-02 1.850919075e-04
1.850919075e-04 1.850919075e-04 1.850919075e-04 7.462438094e-03 1.850919075e-04 1.850919075e-04
1.850919075e-04 9.384091472e-03 1.850919075e-04 1.140996570e-02 1.850919075e-04 8.731404428e-03

3.585187592e-03 0.000000000e+00 3.585187592e-03 1.465645763e-02 6.156022948e-03 9.034106630e-03
1.381302538e-02 0.000000000e+00 0.000000000e+00 1.326274939e-01 2.975926106e-01 1.298227970e-02
4.194838526e-03 0.000000000e+00 0.000000000e+00 4.237913976e-02 1.216462045e-02 4.194838526e-03
4.573516482e-02 0.000000000e+00 0.000000000e+00 2.726140256e-01 5.030709352e-02 4.827532824e-03
9.034106630e-03 1.815001219e-02 1.422782639e-03 4.194838526e-03 3.585187592e-03 4.827532824e-03
4.194838526e-03 1.915807671e-03 4.194838526e-03 3.585187592e-03 8.289218370e-03 6.156022948e-03

3.878339021e-03 0.000000000e+00 1.800165510e-04 8.467221772e-02 1.800165510e-04 1.800165510e-04
1.800165510e-04 0.000000000e+00 0.000000000e+00 1.800165510e-04 4.474068762e-01 1.800165510e-04
1.800165510e-04 0.000000000e+00 0.000000000e+00 0.000000000e+00 1.800165510e-04 1.800165510e-04
7.260543232e-02 0.000000000e+00 0.000000000e+00 0.000000000e+00 7.046216764e-02 1.800165510e-04
1.800165510e-04 2.434364394e-01 1.800165510e-04 1.800165510e-04 1.530581565e-02 1.800165510e-04
1.800165510e-04 1.800165510e-04 4.512665774e-02 1.386575643e-02 1.800165510e-04 1.800165510e-04

