6.441461623e-18 6.441461623e-18 6.441461623e-18 6.441461623e-18 6.441461623e-18 6.441461623e-18
6.441461623e-18 5.133805794e-03 1.387770838e-04 4.242047822e-03 6.441461623e-18 6.441461623e-18
6.441461623e-18 1.961987484e-02 1.798551006e-01 1.179945094e-02 6.441461623e-18 6.441461623e-18
6.441461623e-18 6.441461623e-18 2.026049932e-02 7.574420136e-01 3.496963382e-04 6.441461623e-18
6.441461623e-18 8.811795550e-04 1.387770838e-04 1.387770838e-04 6.441461623e-18 6.441461623e-18
6.441461623e-18 6.441461623e-18 6.441461623e-18 6.441461623e-18 6.441461623e-18 6.441461623e-18

6.631989677e-18 6.631989677e-18 6.631989677e-18 6.631989677e-18 6.631989677e-18 6.631989677e-18
6.631989677e-18 9.217018682e-02 6.631989677e-18 1.428818863e-04 6.631989677e-18 6.631989677e-18
6.631989677e-18 4.522658294e-01 0.000000000e+00 2.674856702e-03 6.631989677e-18 6.631989677e-18
1.913262510e-03 0.000000000e+00 6.631989677e-18 4.479840368e-01 9.072434262e-04 6.631989677e-18
6.631989677e-18 3.600397923e-04 6.631989677e-18 1.221622943e-03 3.600397923e-04 6.631989677e-18
6.631989677e-18 6.631989677e-18 6.631989677e-18 6.631989677e-18 6.631989677e-18 6.631989677e-18

5.510805306e-18 5.510805306e-18 5.510805306e-18 5.510805306e-18 5.510805306e-18 5.510805306e-18
5.510805306e-18 5.510805306e-18 5.510805306e-18 5.510805306e-18 5.510805306e-18 5.510805306e-18
5.510805306e-18 5.510805306e-18 0.000000000e+00 0.000000000e+00 5.510805306e-18 5.510805306e-18
8.248872867e-01 0.000000000e+00 0.000000000e+00 5.510805306e-18 1.751127133e-01 5.510805306e-18
5.510805306e-18 5.510805306e-18 5.510805306e-18 5.510805306e-18 5.510805306e-18 5.510805306e-18
5.510805306e-18 5.510805306e-18 5.510805306e-18 5.510805306e-18 5.510805306e-18 5.510805306e-18

5.768761632e-18 5.768761632e-18 5.768761632e-18 5.768761632e-18 5.768761632e-18 5.768761632e-18
5.768761632e-18 5.768761632e-18 5.768761632e-18 5.768761632e-18 5.768761632e-18 5.768761632e-18
5.768761632e-18 5.768761632e-18 0.000000000e+00 0.000000000e+00 0.000000000e+00 2.289334571e-02
8.050055183e-01 0.000000000e+00 0.000000000e+00 0.000000000e+00 1.721011360e-01 5.768761632e-18
5.768761632e-18 5.768761632e-18 5.768761632e-18 5.768761632e-18 5.768761632e-18 5.768761632e-18
5.768761632e-18 5.768761632e-18 5.768761632e-18 5.768761632e-18 5.768761632e-18 5.768761632e-18

