7.336339378e-18 7.336339378e-18 7.336339378e-18 7.336339378e-18 7.336339378e-18 7.336339378e-18
7.336339378e-18 1.580566406e-04 3.982777770e-04 1.580566406e-04 1.580566406e-04 7.336339378e-18
7.336339378e-18 1.395830765e-01 1.094194185e-02 1.315997339e-01 1.580566406e-04 7.336339378e-18
7.336339378e-18 2.958939550e-03 5.907221772e-01 4.831372800e-03 1.580566406e-04 7.336339378e-18
7.336339378e-18 7.336339378e-18 2.958939550e-03 1.148991443e-01 1.580566406e-04 7.336339378e-18
7.336339378e-18 1.580566406e-04 7.336339378e-18 7.336339378e-18 7.336339378e-18 7.336339378e-18

8.548815010e-18 1.841786362e-04 8.548815010e-18 1.841786362e-04 8.548815010e-18 1.841786362e-04
1.841786362e-04 1.841786362e-04 2.640668070e-01 1.841786362e-04 1.841786362e-04 8.548815010e-18
1.841786362e-04 1.041957260e-01 3.293690935e-01 8.548815010e-18 1.841786362e-04 1.841786362e-04
1.841786362e-04 1.275031483e-02 0.000000000e+00 1.300768493e-01 8.208583716e-02 1.841786362e-04
1.841786362e-04 0.000000000e+00 1.574705189e-03 6.991502561e-02 1.841786362e-04 1.841786362e-04
2.466247394e-03 1.841786362e-04 1.841786362e-04 1.841786362e-04 8.548815010e-18 1.841786362e-04

3.942137323e-04 2.283972173e-02 1.564438233e-04 3.942137323e-04 1.564438233e-04 3.942137323e-04
1.705663758e-03 1.564438233e-04 1.564438233e-04 9.933563589e-04 6.768931109e-04 1.564438233e-04
1.564438233e-04 3.593307937e-02 0.000000000e+00 0.000000000e+00 1.564438233e-04 3.942137323e-04
3.942137323e-04 3.942137323e-04 0.000000000e+00 5.330953562e-01 3.727041768e-01 9.933563589e-04
3.942137323e-04 0.000000000e+00 1.205006950e-02 4.782073250e-03 1.564438233e-04 1.337575874e-03
3.942137323e-04 3.942137323e-04 6.307419716e-03 9.933563589e-04 3.942137323e-04 3.942137323e-04

5.277228496e-18 1.136944414e-04 5.277228496e-18 5.277228496e-18 5.277228496e-18 5.277228496e-18
5.277228496e-18 5.277228496e-18 0.000000000e+00 9.140069244e-01 5.277228496e-18 5.277228496e-18
5.277228496e-18 5.277228496e-18 0.000000000e+00 0.000000000e+00 5.277228496e-18 5.277228496e-18
5.277228496e-18 5.277228496e-18 0.000000000e+00 5.277228496e-18 0.000000000e+00 5.277228496e-18
5.277228496e-18 0.000000000e+00 2.864920400e-04 8.501990504e-02 5.277228496e-18 5.277228496e-18
5.277228496e-18 5.277228496e-18 2.864920400e-04 2.864920400e-04 5.277228496e-18 5.277228496e-18

1.022534653e-03 1.755764971e-03 4.057931460e-04 5.957349210e-03 1.755764971e-03 6.967757906e-04
1.755764971e-03 2.156397236e-03 0.000000000e+00 7.415614135e-01 1.376865080e-03 4.057931460e-04
1.022534653e-03 1.704577034e-02 0.000000000e+00 0.000000000e+00 1.022534653e-03 1.022534653e-03
3.866973178e-02 4.057931460e-04 0.000000000e+00 0.000000000e+00 0.000000000e+00 2.501506381e-02
1.022534653e-03 0.000000000e+00 0.000000000e+00 2.057356289e-02 1.610391167e-04 4.057931460e-04
1.755764971e-03 3.469482594e-03 4.057931460e-04 1.137344773e-01 4.057931460e-04 1.501157934e-02

9.487855444e-04 3.765257928e-04 3.765257928e-04 1.629132489e-03 3.765257928e-04 3.765257928e-04
1.277560306e-03 9.487855444e-04 0.000000000e+00 3.094609858e-01 1.629132489e-03 1.494243599e-04
1.629132489e-03 6.531605799e-03 0.000000000e+00 0.000000000e+00 1.494243599e-04 1.494243599e-04
1.629132489e-03 5.961556903e-01 0.000000000e+00 0.000000000e+00 0.000000000e+00 0.000000000e+00
3.765257928e-04 0.000000000e+00 0.000000000e+00 1.494243599e-04 1.494243599e-04 1.494243599e-04
6.465216566e-04 2.797336744e-03 0.000000000e+00 7.028293714e-02 3.765257928e-04 1.277560306e-03

5.112347496e-18 4.765575697e-04 5.112347496e-18 5.112347496e-18 2.775409221e-04 5.112347496e-18
5.112347496e-18 1.101421879e-04 0.000000000e+00 0.000000000e+00 2.775409221e-04 5.112347496e-18
5.112347496e-18 9.417024604e-04 0.000000000e+00 0.000000000e+00 2.775409221e-04 5.112347496e-18
5.195775441e-03 5.195775441e-03 0.000000000e+00 0.000000000e+00 0.000000000e+00 0.000000000e+00
5.112347496e-18 0.000000000e+00 0.000000000e+00 0.000000000e+00 9.798230779e-01 4.765575697e-04
3.025951950e-03 2.775409221e-04 0.000000000e+00 3.366754912e-03 5.112347496e-18 2.775409221e-04

