8.642487650e-18 2.462586969e-02 1.861967520e-04 2.493271011e-03 4.691864146e-04 8.642487650e-18
4.691864146e-04 8.642487650e-18 8.642487650e-18 8.642487650e-18 8.642487650e-18 1.861967520e-04
4.691864146e-04 0.000000000e+00 1.861967520e-04 1.591959836e-03 8.642487650e-18 1.861967520e-04
4.691864146e-04 2.279988002e-01 1.010831488e-02 1.861967520e-04 8.642487650e-18 3.485743666e-03
3.800409958e-02 8.642487650e-18 8.642487650e-02 8.056265568e-04 8.642487650e-18 6.282649261e-03
8.642487650e-18 4.697917994e-01 2.632392087e-02 6.311630352e-02 3.613903562e-02 8.642487650e-18

1.965469530e-04 4.952672867e-04 1.965469530e-04 1.965469530e-04 1.965469530e-04 1.965469530e-04
1.965469530e-04 4.952672867e-04 1.965469530e-04 1.965469530e-04 1.965469530e-04 1.138742095e-02
1.285592796e-02 0.000000000e+00 0.000000000e+00 1.965469530e-04 1.965469530e-04 1.965469530e-04
1.965469530e-04 1.594377289e-01 1.048488377e-01 3.814791213e-02 1.965469530e-04 1.965469530e-04
3.446873697e-01 0.000000000e+00 1.965469530e-04 1.099166379e-01 1.965469530e-04 1.965469530e-04
1.965469530e-04 9.122901422e-02 1.202282329e-01 1.965469530e-04 2.142897094e-03 1.965469530e-04

1.231316479e-04 1.231316479e-04 1.231316479e-04 1.231316479e-04 1.231316479e-04 1.231316479e-04
1.231316479e-04 3.102723102e-04 0.000000000e+00 1.231316479e-04 1.231316479e-04 3.102723102e-04
1.231316479e-04 0.000000000e+00 0.000000000e+00 1.231316479e-04 1.231316479e-04 1.231316479e-04
1.231316479e-04 1.648796582e-03 9.022701723e-01 1.303331659e-02 1.231316479e-04 1.231316479e-04
2.305117340e-03 0.000000000e+00 0.000000000e+00 1.231316479e-04 1.970106366e-03 1.231316479e-04
1.231316479e-04 1.231316479e-04 7.531991830e-02 1.231316479e-04 1.231316479e-04 1.231316479e-04

