8.018173365e-18 1.727463085e-04 4.352934207e-04 1.883405247e-03 7.474298675e-04 8.018173365e-18
1.727463085e-04 0.000000000e+00 4.352934207e-04 8.018173365e-18 8.018173365e-18 8.018173365e-18
4.352934207e-04 1.303843396e-01 2.284695106e-02 4.352934207e-04 8.018173365e-18 8.018173365e-18
5.270347552e-02 8.018173365e-18 5.537174891e-01 4.352934207e-04 8.018173365e-18 1.068163390e-01
4.352934207e-04 1.091196177e-01 4.352934207e-04 8.018173365e-18 8.018173365e-18 8.018173365e-18
8.018173365e-18 1.883405247e-03 4.352934207e-04 1.330576675e-02 2.763940936e-03 8.018173365e-18

1.757044073e-03 2.465471561e-02 2.767171017e-04 3.047950360e-02 2.929012691e-02 2.465471561e-02
1.023664586e-02 0.000000000e+00 0.000000000e+00 2.767171017e-04 2.811270517e-02 2.811270517e-02
3.016970063e-03 3.411706259e-02 5.787880904e-02 1.502251551e-02 3.047950360e-02 1.915656581e-02
5.508971086e-02 0.000000000e+00 2.767171017e-04 1.897473553e-01 3.016970063e-03 2.241408523e-02
2.365897939e-03 4.298394140e-02 1.547508776e-01 1.023664586e-02 1.209579902e-02 2.579473120e-02
4.427473626e-03 3.168059960e-02 2.352773078e-02 3.411706259e-02 3.289319057e-02 1.705818845e-02

1.607671638e-04 1.607671638e-04 1.607671638e-04 1.607671638e-04 1.607671638e-04 1.607671638e-04
1.607671638e-04 0.000000000e+00 0.000000000e+00 2.032256391e-01 1.607671638e-04 4.051078675e-04
1.607671638e-04 2.070691003e-01 0.000000000e+00 1.498622871e-02 1.607671638e-04 1.607671638e-04
1.238307435e-02 0.000000000e+00 0.000000000e+00 2.572274620e-03 5.947288805e-03 1.607671638e-04
1.607671638e-04 3.932972685e-03 5.396540855e-01 5.424604304e-03 6.955991185e-04 1.607671638e-04
1.607671638e-04 1.607671638e-04 1.607671638e-04 4.051078675e-04 4.051078675e-04 1.607671638e-04

