7.336339378e-18 7.336339378e-18 7.336339378e-18 7.336339378e-18 7.336339378e-18 7.336339378e-18
7.336339378e-18 1.580566406e-04 3.982777770e-04 1.580566406e-04 1.580566406e-04 7.336339378e-18
7.336339378e-18 1.395830765e-01 1.094194185e-02 1.315997339e-01 1.580566406e-04 7.336339378e-18
7.336339378e-18 2.958939550e-03 5.907221772e-01 4.831372800e-03 1.580566406e-04 7.336339378e-18
7.336339378e-18 7.336339378e-18 2.958939550e-03 1.148991443e-01 1.580566406e-04 7.336339378e-18
7.336339378e-18 1.580566406e-04 7.336339378e-18 7.336339378e-18 7.336339378e-18 7.336339378e-18

5.630310298e-18 5.630310298e-18 5.630310298e-18 5.630310298e-18 5.630310298e-18 5.630310298e-18
5.630310298e-18 5.630310298e-18 5.630310298e-18 1.213013582e-04 5.630310298e-18 5.630310298e-18
5.630310298e-18 5.630310298e-18 0.000000000e+00 8.265719848e-01 5.630310298e-18 5.630310298e-18
5.630310298e-18 5.630310298e-18 5.630310298e-18 3.056602692e-04 5.630310298e-18 5.630310298e-18
3.707861186e-03 0.000000000e+00 5.630310298e-18 1.679706772e-01 1.322515176e-03 5.630310298e-18
5.630310298e-18 5.630310298e-18 5.630310298e-18 5.630310298e-18 5.630310298e-18 5.630310298e-18

6.609074230e-18 6.609074230e-18 6.609074230e-18 6.609074230e-18 6.609074230e-18 6.609074230e-18
6.609074230e-18 6.609074230e-18 6.609074230e-18 6.609074230e-18 6.609074230e-18 6.609074230e-18
6.609074230e-18 0.000000000e+00 0.000000000e+00 2.041495958e-01 6.609074230e-18 6.609074230e-18
6.609074230e-18 6.609074230e-18 6.609074230e-18 6.609074230e-18 6.609074230e-18 6.609074230e-18
3.207777966e-01 0.000000000e+00 0.000000000e+00 6.609074230e-18 4.750726076e-01 6.609074230e-18
6.609074230e-18 6.609074230e-18 6.609074230e-18 6.609074230e-18 6.609074230e-18 6.609074230e-18

5.569682876e-18 5.569682876e-18 5.569682876e-18 5.569682876e-18 5.569682876e-18 5.569682876e-18
5.569682876e-18 5.569682876e-18 0.000000000e+00 5.569682876e-18 5.569682876e-18 5.569682876e-18
5.569682876e-18 0.000000000e+00 0.000000000e+00 5.569682876e-18 5.569682876e-18 5.569682876e-18
5.569682876e-18 5.569682876e-18 5.569682876e-18 5.569682876e-18 5.569682876e-18 5.569682876e-18
7.988289312e-01 0.000000000e+00 0.000000000e+00 0.000000000e+00 2.011710688e-01 5.569682876e-18
5.569682876e-18 5.569682876e-18 5.569682876e-18 5.569682876e-18 5.569682876e-18 5.569682876e-18

