8.228047915e-18 8.228047915e-18 8.228047915e-18 8.228047915e-18 8.228047915e-18 8.228047915e-18
8.228047915e-18 8.228047915e-18 9.684296332e-02 2.373709304e-03 4.466871642e-04 8.228047915e-18
8.228047915e-18 6.938629661e-02 2.325798772e-01 3.797934887e-02 8.228047915e-18 8.228047915e-18
8.228047915e-18 4.466871642e-04 8.228047915e-18 4.405755209e-01 5.907761428e-02 8.228047915e-18
8.228047915e-18 4.466871642e-04 7.669937383e-04 5.907761428e-02 8.228047915e-18 8.228047915e-18
8.228047915e-18 8.228047915e-18 8.228047915e-18 8.228047915e-18 8.228047915e-18 8.228047915e-18

5.837879166e-18 5.837879166e-18 5.837879166e-18 5.837879166e-18 5.837879166e-18 5.837879166e-18
5.837879166e-18 5.837879166e-18 1.020265541e-01 5.837879166e-18 5.837879166e-18 5.837879166e-18
5.837879166e-18 8.372948476e-01 5.760170797e-02 0.000000000e+00 5.837879166e-18 5.837879166e-18
5.837879166e-18 5.837879166e-18 0.000000000e+00 5.837879166e-18 5.837879166e-18 5.837879166e-18
5.837879166e-18 5.837879166e-18 5.837879166e-18 5.837879166e-18 5.837879166e-18 5.837879166e-18
5.837879166e-18 5.837879166e-18 5.837879166e-18 5.837879166e-18 3.076890317e-03 5.837879166e-18

5.775814747e-18 5.775814747e-18 5.775814747e-18 1.244361566e-04 5.775814747e-18 5.775814747e-18
5.775814747e-18 5.775814747e-18 5.775814747e-18 5.775814747e-18 5.775814747e-18 5.775814747e-18
5.775814747e-18 0.000000000e+00 7.440894361e-01 0.000000000e+00 5.775814747e-18 2.680895724e-03
5.775814747e-18 1.244361566e-04 0.000000000e+00 2.521288324e-01 5.775814747e-18 5.775814747e-18
5.775814747e-18 5.775814747e-18 5.775814747e-18 0.000000000e+00 5.775814747e-18 5.775814747e-18
5.775814747e-18 5.775814747e-18 3.135594660e-04 5.775814747e-18 5.384039800e-04 5.775814747e-18

5.873057136e-18 5.873057136e-18 5.873057136e-18 1.265311803e-04 5.474686213e-04 5.873057136e-18
5.474686213e-04 5.873057136e-18 5.873057136e-18 5.873057136e-18 1.285476664e-02 5.873057136e-18
9.746051229e-03 0.000000000e+00 0.000000000e+00 0.000000000e+00 5.873057136e-18 2.726031642e-03
1.081826374e-03 5.873057136e-18 0.000000000e+00 9.007407880e-01 0.000000000e+00 1.265311803e-04
5.873057136e-18 1.265311803e-04 5.873057136e-18 0.000000000e+00 4.507641436e-02 5.873057136e-18
5.873057136e-18 5.873057136e-18 2.368759151e-03 5.873057136e-18 2.393083179e-02 5.873057136e-18

