8.228047915e-18 8.228047915e-18 8.228047915e-18 8.228047915e-18 8.228047915e-18 8.228047915e-18
8.228047915e-18 8.228047915e-18 9.684296332e-02 2.373709304e-03 4.466871642e-04 8.228047915e-18
8.228047915e-18 6.938629661e-02 2.325798772e-01 3.797934887e-02 8.228047915e-18 8.228047915e-18
8.228047915e-18 4.466871642e-04 8.228047915e-18 4.405755209e-01 5.907761428e-02 8.228047915e-18
8.228047915e-18 4.466871642e-04 7.669937383e-04 5.907761428e-02 8.228047915e-18 8.228047915e-18
8.228047915e-18 8.228047915e-18 8.228047915e-18 8.228047915e-18 8.228047915e-18 8.228047915e-18

8.937334932e-18 8.937334932e-18 8.937334932e-18 8.937334932e-18 8.937334932e-18 0.000000000e+00
8.937334932e-18 8.937334932e-18 2.557240702e-01 8.937334932e-18 8.581641070e-02 8.937334932e-18
8.937334932e-18 4.027401737e-02 6.417031492e-02 8.937334932e-18 8.937334932e-18 8.937334932e-18
8.937334932e-18 8.937334932e-18 0.000000000e+00 2.252067282e-01 9.781070832e-02 8.937334932e-18
8.937334932e-18 1.493818430e-01 8.937334932e-18 8.113071407e-02 8.937334932e-18 8.937334932e-18
4.851931878e-04 8.937334932e-18 8.937334932e-18 8.937334932e-18 8.937334932e-18 8.937334932e-18

7.383960803e-18 7.383960803e-18 7.383960803e-18 7.383960803e-18 7.383960803e-18 0.000000000e+00
7.383960803e-18 7.383960803e-18 2.622002843e-02 7.383960803e-18 7.383960803e-18 7.383960803e-18
7.383960803e-18 7.482577339e-02 1.734433753e-03 0.000000000e+00 7.383960803e-18 7.383960803e-18
7.383960803e-18 7.383960803e-18 0.000000000e+00 6.078611793e-01 7.880282402e-02 7.383960803e-18
7.383960803e-18 1.557184651e-01 7.383960803e-18 5.483729602e-02 7.383960803e-18 7.383960803e-18
0.000000000e+00 7.383960803e-18 7.383960803e-18 7.383960803e-18 7.383960803e-18 7.383960803e-18

6.838837707e-18 6.838837707e-18 6.838837707e-18 6.838837707e-18 6.838837707e-18 0.000000000e+00
6.838837707e-18 6.838837707e-18 7.765555795e-02 6.838837707e-18 0.000000000e+00 6.838837707e-18
2.545825836e-01 6.838837707e-18 6.838837707e-18 0.000000000e+00 6.838837707e-18 6.838837707e-18
6.838837707e-18 6.838837707e-18 0.000000000e+00 1.077049448e-02 6.838837707e-18 6.838837707e-18
6.838837707e-18 6.838837707e-18 6.838837707e-18 6.019265472e-01 0.000000000e+00 5.506481678e-02
0.000000000e+00 6.838837707e-18 6.838837707e-18 6.838837707e-18 6.838837707e-18 6.838837707e-18

