1.439980377e-04 3.628523176e-04 1.439980377e-04 6.230433239e-04 3.628523176e-04 1.439980377e-04
1.439980377e-04 6.683796837e-18 6.230433239e-04 1.439980377e-04 6.683796837e-18 3.628523176e-04
1.439980377e-04 1.231165904e-03 1.166384105e-02 5.805637082e-03 1.439980377e-04 3.628523176e-04
2.303968603e-03 3.382399548e-02 6.683796837e-18 7.859378555e-01 1.439980377e-04 1.439980377e-04
1.439980377e-04 1.439980377e-04 1.250786593e-01 1.439980377e-04 1.439980377e-04 1.439980377e-04
6.683796837e-18 3.628523176e-04 2.794866267e-02 1.439980377e-04 3.628523176e-04 6.230433239e-04

5.744161008e-18 5.744161008e-18 1.237541974e-04 1.237541974e-04 1.237541974e-04 5.744161008e-18
5.744161008e-18 5.744161008e-18 1.237541974e-04 1.237541974e-04 0.000000000e+00 1.237541974e-04
5.744161008e-18 5.744161008e-18 1.237541974e-04 1.876585269e-01 7.857901726e-04 5.744161008e-18
3.118410367e-04 3.118410367e-04 0.000000000e+00 8.074991965e-01 5.744161008e-18 7.857901726e-04
5.744161008e-18 5.744161008e-18 3.118410367e-04 1.237541974e-04 7.857901726e-04 5.744161008e-18
5.744161008e-18 1.237541974e-04 3.118410367e-04 5.744161008e-18 1.237541974e-04 5.744161008e-18

1.656257904e-04 7.166211751e-04 7.687668193e-18 1.341568902e-02 1.656257904e-04 7.687668193e-18
7.687668193e-18 7.687668193e-18 1.896205301e-02 4.550260829e-03 0.000000000e+00 4.550260829e-03
7.687668193e-18 7.687668193e-18 5.643836737e-01 7.687668193e-18 3.033928481e-01 1.805772207e-03
1.753126349e-02 4.173508395e-04 0.000000000e+00 0.000000000e+00 0.000000000e+00 7.687668193e-18
1.656257904e-04 7.687668193e-18 2.572753627e-02 1.753126349e-02 1.210731873e-02 1.656257904e-04
7.687668193e-18 7.687668193e-18 4.550260829e-03 7.687668193e-18 6.127024862e-03 3.568299484e-03

7.991077866e-18 1.721625537e-04 7.991077866e-18 1.721625537e-04 7.991077866e-18 7.991077866e-18
1.721625537e-04 7.991077866e-18 0.000000000e+00 1.721625537e-04 0.000000000e+00 1.721625537e-04
1.721625537e-04 2.513454820e-02 3.153668723e-01 0.000000000e+00 3.048986901e-01 1.721625537e-04
6.941159212e-03 2.440177036e-01 0.000000000e+00 0.000000000e+00 0.000000000e+00 7.991077866e-18
7.525532882e-03 7.991077866e-18 8.420085114e-02 1.721625537e-04 1.721625537e-04 1.721625537e-04
7.991077866e-18 4.211747009e-03 5.809107456e-03 7.991077866e-18 1.721625537e-04 7.991077866e-18

6.603433036e-18 6.603433036e-18 6.603433036e-18 6.603433036e-18 6.603433036e-18 6.603433036e-18
1.216362765e-03 0.000000000e+00 0.000000000e+00 3.480380219e-03 0.000000000e+00 6.603433036e-18
6.603433036e-18 4.348714680e-03 2.276266433e-03 0.000000000e+00 4.985971632e-02 6.603433036e-18
6.166914375e-02 2.143191865e-02 0.000000000e+00 0.000000000e+00 0.000000000e+00 6.603433036e-18
8.158625483e-01 0.000000000e+00 2.903764944e-02 1.422666521e-04 6.603433036e-18 6.603433036e-18
6.603433036e-18 1.905024205e-03 8.770008599e-03 6.603433036e-18 6.603433036e-18 6.603433036e-18

