7.336339378e-18 7.336339378e-18 7.336339378e-18 7.336339378e-18 7.336339378e-18 7.336339378e-18
7.336339378e-18 1.580566406e-04 3.982777770e-04 1.580566406e-04 1.580566406e-04 7.336339378e-18
7.336339378e-18 1.395830765e-01 1.094194185e-02 1.315997339e-01 1.580566406e-04 7.336339378e-18
7.336339378e-18 2.958939550e-03 5.907221772e-01 4.831372800e-03 1.580566406e-04 7.336339378e-18
7.336339378e-18 7.336339378e-18 2.958939550e-03 1.148991443e-01 1.580566406e-04 7.336339378e-18
7.336339378e-18 1.580566406e-04 7.336339378e-18 7.336339378e-18 7.336339378e-18 7.336339378e-18

6.327819027e-18 6.327819027e-18 6.327819027e-18 6.327819027e-18 6.327819027e-18 6.327819027e-18
6.327819027e-18 6.327819027e-18 6.327819027e-18 6.327819027e-18 6.327819027e-18 6.327819027e-18
6.327819027e-18 6.327819027e-18 7.801327902e-02 2.544945600e-01 6.327819027e-18 6.327819027e-18
6.327819027e-18 6.327819027e-18 3.435268689e-04 1.363287283e-04 6.327819027e-18 6.327819027e-18
2.181259652e-03 0.000000000e+00 6.327819027e-18 6.639654123e-01 8.656334666e-04 6.327819027e-18
6.327819027e-18 6.327819027e-18 6.327819027e-18 6.327819027e-18 6.327819027e-18 0.000000000e+00

6.265172617e-18 6.265172617e-18 6.265172617e-18 6.265172617e-18 6.265172617e-18 6.265172617e-18
6.265172617e-18 6.265172617e-18 5.840204404e-04 6.265172617e-18 2.526909688e-03 6.265172617e-18
6.265172617e-18 6.265172617e-18 1.858136552e-01 5.900175587e-03 6.265172617e-18 6.265172617e-18
6.265172617e-18 6.265172617e-18 6.265172617e-18 0.000000000e+00 6.265172617e-18 6.265172617e-18
2.908035526e-03 0.000000000e+00 0.000000000e+00 7.506673572e-01 5.044579168e-02 6.265172617e-18
6.265172617e-18 6.265172617e-18 1.154054663e-03 6.265172617e-18 6.265172617e-18 0.000000000e+00

6.494147302e-18 6.494147302e-18 6.494147302e-18 6.494147302e-18 6.494147302e-18 6.494147302e-18
6.494147302e-18 6.494147302e-18 6.494147302e-18 6.494147302e-18 6.494147302e-18 6.494147302e-18
6.494147302e-18 6.494147302e-18 1.369534152e-01 6.494147302e-18 6.494147302e-18 6.494147302e-18
6.494147302e-18 0.000000000e+00 0.000000000e+00 0.000000000e+00 6.494147302e-18 6.494147302e-18
1.496158522e-01 0.000000000e+00 0.000000000e+00 6.494147302e-18 6.876586920e-01 6.494147302e-18
6.494147302e-18 6.494147302e-18 2.577204065e-02 6.494147302e-18 6.494147302e-18 0.000000000e+00

