1.038716854e-17 2.237847623e-04 1.038716854e-17 1.913332804e-03 2.660115616e-02 1.038716854e-17
2.237847623e-04 0.000000000e+00 5.639022654e-04 1.038716854e-17 1.038716854e-17 5.639022654e-04
9.682604319e-04 9.682604319e-04 1.420944668e-03 2.759091758e-02 1.038716854e-17 5.639022654e-04
2.237847623e-04 1.580488237e-01 1.024890430e-01 9.682604319e-04 1.038716854e-17 1.038716854e-17
9.836912820e-02 1.038716854e-17 1.193789671e-01 1.913332804e-03 1.038716854e-17 9.700526776e-02
1.038716854e-17 1.011110482e-01 5.256526347e-02 7.972275804e-02 1.266021742e-01 1.038716854e-17

1.958193205e-03 3.066852719e-03 2.290316667e-04 3.066852719e-03 8.472609927e-03 2.134963919e-02
1.243375182e-02 0.000000000e+00 0.000000000e+00 2.497068948e-03 1.454260435e-03 3.664506667e-03
2.290316667e-04 3.664506667e-03 1.958193205e-03 2.290316667e-04 1.454260435e-03 2.497068948e-03
5.602980535e-03 1.760756666e-01 2.139987022e-01 4.331674039e-02 3.066852719e-03 1.080418985e-02
2.396914987e-01 0.000000000e+00 5.771236359e-04 5.985677891e-02 2.290316667e-04 1.243375182e-02
2.497068948e-03 8.425607970e-02 4.559634450e-02 1.947330093e-02 1.001138344e-02 4.287645584e-03

1.179580293e-04 1.179580293e-04 1.179580293e-04 1.179580293e-04 1.179580293e-04 1.179580293e-04
1.179580293e-04 0.000000000e+00 0.000000000e+00 0.000000000e+00 1.179580293e-04 1.179580293e-04
1.179580293e-04 1.179580293e-04 1.179580293e-04 1.179580293e-04 1.179580293e-04 1.179580293e-04
1.179580293e-04 3.605664477e-03 9.482825565e-01 3.146198277e-02 1.179580293e-04 1.179580293e-04
6.403747054e-03 0.000000000e+00 0.000000000e+00 1.179580293e-04 2.541328703e-03 1.179580293e-04
1.179580293e-04 1.179580293e-04 4.755769731e-03 1.179580293e-04 1.179580293e-04 1.179580293e-04

