1.579805242e-04 1.579805242e-04 1.579805242e-04 1.579805242e-04 1.579805242e-04 1.579805242e-04
1.579805242e-04 1.579805242e-04 3.980859757e-04 1.579805242e-04 1.579805242e-04 1.579805242e-04
1.579805242e-04 3.980859757e-04 4.409390035e-01 0.000000000e+00 3.530054131e-01 1.579805242e-04
1.579805242e-04 2.115441097e-03 5.355166836e-02 1.579805242e-04 2.115441097e-03 1.579805242e-04
1.579805242e-04 1.579805242e-04 1.429712813e-01 1.579805242e-04 3.980859757e-04 1.579805242e-04
1.579805242e-04 1.579805242e-04 1.579805242e-04 1.579805242e-04 1.579805242e-04 1.579805242e-04

1.316288353e-04 1.316288353e-04 1.316288353e-04 1.316288353e-04 1.316288353e-04 1.316288353e-04
1.316288353e-04 1.316288353e-04 2.424623877e-02 5.753731617e-03 1.316288353e-04 1.316288353e-04
1.316288353e-04 1.316288353e-04 8.573043893e-01 0.000000000e+00 9.025905239e-02 1.316288353e-04
1.316288353e-04 1.316288353e-04 0.000000000e+00 0.000000000e+00 1.740886729e-02 1.316288353e-04
1.316288353e-04 5.695248935e-04 8.357910065e-04 1.316288353e-04 3.316838807e-04 1.316288353e-04
1.316288353e-04 1.316288353e-04 1.316288353e-04 1.316288353e-04 1.316288353e-04 1.316288353e-04

1.572375621e-04 1.572375621e-04 1.572375621e-04 1.572375621e-04 1.572375621e-04 1.572375621e-04
3.962138286e-04 1.572375621e-04 1.331749385e-01 2.943605783e-03 0.000000000e+00 1.572375621e-04
1.572375621e-04 1.572375621e-04 5.599606840e-01 0.000000000e+00 2.241507939e-01 1.572375621e-04
1.572375621e-04 1.572375621e-04 0.000000000e+00 0.000000000e+00 7.104350873e-02 1.572375621e-04
3.962138286e-04 0.000000000e+00 1.714317672e-03 1.572375621e-04 6.803274190e-04 1.572375621e-04
1.714317672e-03 1.572375621e-04 6.803274190e-04 1.572375621e-04 1.572375621e-04 1.572375621e-04

4.048749235e-04 1.606747199e-04 4.048749235e-04 4.048749235e-04 4.048749235e-04 6.951991371e-04
3.930711158e-03 1.891801772e-01 1.606747199e-04 5.507885500e-01 0.000000000e+00 4.372340292e-02
4.048749235e-04 1.606747199e-04 1.942164595e-01 0.000000000e+00 6.477998776e-03 4.048749235e-04
4.048749235e-04 1.606747199e-04 0.000000000e+00 0.000000000e+00 0.000000000e+00 1.606747199e-04
1.373749531e-03 0.000000000e+00 1.606747199e-04 4.048749235e-04 1.606747199e-04 1.751792053e-03
0.000000000e+00 1.606747199e-04 1.020220877e-03 4.048749235e-04 1.606747199e-04 1.751792053e-03

1.096169339e-03 5.950922731e-18 1.197934991e-01 5.950922731e-18 5.950922731e-18 5.547270165e-04
5.950922731e-18 8.411775674e-01 0.000000000e+00 0.000000000e+00 0.000000000e+00 3.522296998e-03
5.950922731e-18 5.950922731e-18 5.950922731e-18 0.000000000e+00 7.428082255e-03 5.950922731e-18
5.950922731e-18 5.950922731e-18 0.000000000e+00 0.000000000e+00 0.000000000e+00 5.950922731e-18
5.950922731e-18 0.000000000e+00 5.950922731e-18 5.950922731e-18 2.424810921e-02 1.282087437e-04
0.000000000e+00 5.950922731e-18 5.950922731e-18 5.950922731e-18 5.950922731e-18 2.051339899e-03

2.371042307e-02 5.391971942e-18 9.192428023e-01 0.000000000e+00 5.391971942e-18 5.391971942e-18
5.391971942e-18 5.391971942e-18 0.000000000e+00 0.000000000e+00 0.000000000e+00 1.161665140e-04
5.391971942e-18 5.391971942e-18 0.000000000e+00 0.000000000e+00 5.391971942e-18 5.391971942e-18
5.391971942e-18 5.391971942e-18 0.000000000e+00 0.000000000e+00 0.000000000e+00 5.391971942e-18
5.391971942e-18 0.000000000e+00 5.391971942e-18 5.391971942e-18 5.681444161e-02 5.391971942e-18
0.000000000e+00 5.391971942e-18 5.391971942e-18 5.391971942e-18 5.391971942e-18 1.161665140e-04

0.000000000e+00 4.659284791e-18 4.659284791e-18 0.000000000e+00 4.659284791e-18 1.003812479e-04
4.659284791e-18 0.000000000e+00 0.000000000e+00 0.000000000e+00 0.000000000e+00 4.659284791e-18
4.659284791e-18 4.659284791e-18 0.000000000e+00 0.000000000e+00 4.659284791e-18 4.659284791e-18
4.659284791e-18 4.659284791e-18 0.000000000e+00 0.000000000e+00 0.000000000e+00 4.659284791e-18
4.659284791e-18 0.000000000e+00 4.659284791e-18 4.659284791e-18 1.003812479e-04 4.659284791e-18
0.000000000e+00 4.659284791e-18 4.659284791e-18 4.659284791e-18 4.659284791e-18 9.997992375e-01

