6.468507115e-18 1.393597612e-04 6.468507115e-18 3.409266678e-03 1.393597612e-04 6.468507115e-18
1.393597612e-04 6.468507115e-18 1.393597612e-04 5.208299632e-02 8.848793262e-04 1.393597612e-04
1.393597612e-04 6.468507115e-18 7.750300650e-01 6.468507115e-18 1.458459893e-01 7.565611817e-03
1.393597612e-04 6.468507115e-18 1.866099430e-03 1.073417136e-02 3.511645933e-04 1.393597612e-04
1.393597612e-04 6.468507115e-18 6.468507115e-18 1.393597612e-04 6.468507115e-18 6.468507115e-18
1.393597612e-04 1.393597612e-04 1.393597612e-04 1.393597612e-04 1.393597612e-04 1.393597612e-04

4.952257886e-18 1.066931618e-04 1.066931618e-04 1.163246049e-03 4.952257886e-18 1.066931618e-04
4.952257886e-18 4.952257886e-18 4.952257886e-18 6.774593493e-04 9.122137020e-04 4.952257886e-18
1.066931618e-04 4.952257886e-18 1.066931618e-04 0.000000000e+00 9.880203990e-01 6.978686678e-03
4.952257886e-18 4.952257886e-18 0.000000000e+00 9.122137020e-04 4.952257886e-18 1.066931618e-04
4.952257886e-18 4.952257886e-18 4.952257886e-18 1.066931618e-04 1.066931618e-04 1.066931618e-04
4.952257886e-18 4.952257886e-18 4.952257886e-18 1.066931618e-04 2.688499209e-04 4.952257886e-18

5.692199198e-18 1.226347142e-04 5.692199198e-18 3.090201156e-04 5.692199198e-18 5.692199198e-18
5.692199198e-18 5.306095913e-04 0.000000000e+00 2.198913758e-02 1.226347142e-04 5.692199198e-18
1.194251187e-02 7.559800431e-03 5.692199198e-18 0.000000000e+00 9.229154241e-01 8.489753461e-03
5.692199198e-18 5.692199198e-18 0.000000000e+00 2.565056934e-02 0.000000000e+00 1.226347142e-04
5.692199198e-18 5.692199198e-18 5.692199198e-18 1.226347142e-04 5.692199198e-18 5.692199198e-18
5.692199198e-18 5.692199198e-18 5.692199198e-18 5.692199198e-18 1.226347142e-04 5.692199198e-18

6.686955903e-18 6.686955903e-18 6.686955903e-18 3.840552198e-01 6.686955903e-18 6.686955903e-18
6.686955903e-18 6.686955903e-18 0.000000000e+00 6.686955903e-18 6.686955903e-18 6.686955903e-18
6.686955903e-18 2.563869266e-01 0.000000000e+00 0.000000000e+00 0.000000000e+00 1.440660977e-04
6.686955903e-18 6.686955903e-18 0.000000000e+00 3.594137875e-01 0.000000000e+00 6.686955903e-18
6.686955903e-18 6.686955903e-18 6.686955903e-18 6.686955903e-18 6.686955903e-18 6.686955903e-18
6.686955903e-18 6.686955903e-18 6.686955903e-18 6.686955903e-18 6.686955903e-18 6.686955903e-18

6.424462623e-18 6.424462623e-18 5.988689729e-04 5.405129108e-01 6.424462623e-18 6.424462623e-18
6.424462623e-18 6.424462623e-18 0.000000000e+00 0.000000000e+00 6.424462623e-18 6.424462623e-18
2.214573623e-03 4.270747824e-01 0.000000000e+00 0.000000000e+00 0.000000000e+00 6.529302859e-03
6.424462623e-18 6.424462623e-18 0.000000000e+00 0.000000000e+00 0.000000000e+00 1.853393036e-03
6.424462623e-18 6.424462623e-18 6.424462623e-18 1.509055250e-03 6.424462623e-18 6.424462623e-18
6.424462623e-18 2.981971398e-03 6.424462623e-18 8.788541245e-04 1.584628756e-02 6.424462623e-18

5.201903233e-18 5.201903233e-18 5.681989197e-03 9.407951291e-01 5.201903233e-18 5.201903233e-18
5.201903233e-18 5.201903233e-18 0.000000000e+00 0.000000000e+00 5.201903233e-18 5.201903233e-18
5.201903233e-18 5.341081006e-02 0.000000000e+00 0.000000000e+00 0.000000000e+00 5.201903233e-18
5.201903233e-18 0.000000000e+00 0.000000000e+00 0.000000000e+00 0.000000000e+00 5.201903233e-18
5.201903233e-18 5.201903233e-18 0.000000000e+00 1.120716078e-04 5.201903233e-18 5.201903233e-18
5.201903233e-18 5.201903233e-18 5.201903233e-18 5.201903233e-18 5.201903233e-18 5.201903233e-18

