1.337107289e-04 1.337107289e-04 1.083056904e-02 1.337107289e-04 1.337107289e-04 1.337107289e-04
1.337107289e-04 1.337107289e-04 7.564442199e-02 8.490102071e-04 6.206302263e-18 1.337107289e-04
4.511666306e-03 3.422994661e-02 6.206302263e-18 8.596708129e-01 1.337107289e-04 1.337107289e-04
1.337107289e-04 5.785327241e-04 8.745877118e-03 3.369299240e-04 6.206302263e-18 1.337107289e-04
1.337107289e-04 6.206302263e-18 1.337107289e-04 6.206302263e-18 6.206302263e-18 3.369299240e-04
6.206302263e-18 8.490102071e-04 1.337107289e-04 1.143210651e-03 1.337107289e-04 1.337107289e-04

1.509952897e-04 7.008580507e-18 7.008580507e-18 7.008580507e-18 7.008580507e-18 7.008580507e-18
7.008580507e-18 7.008580507e-18 2.674116123e-01 5.032180417e-02 7.008580507e-18 1.509952897e-04
1.646259902e-03 9.639067636e-02 0.000000000e+00 7.008580507e-18 1.283829768e-02 1.509952897e-04
7.008580507e-18 7.008580507e-18 5.706363731e-01 0.000000000e+00 1.509952897e-04 7.008580507e-18
7.008580507e-18 7.008580507e-18 1.509952897e-04 7.008580507e-18 7.008580507e-18 7.008580507e-18
7.008580507e-18 7.008580507e-18 7.008580507e-18 7.008580507e-18 7.008580507e-18 7.008580507e-18

5.554465627e-18 5.554465627e-18 5.554465627e-18 5.554465627e-18 5.554465627e-18 5.554465627e-18
5.554465627e-18 5.554465627e-18 5.554465627e-18 9.050448245e-01 1.914677349e-03 5.554465627e-18
5.554465627e-18 1.914677349e-03 0.000000000e+00 0.000000000e+00 5.554465627e-18 3.852361849e-02
5.554465627e-18 5.554465627e-18 0.000000000e+00 0.000000000e+00 5.260220235e-02 5.554465627e-18
5.554465627e-18 5.554465627e-18 5.554465627e-18 5.554465627e-18 5.554465627e-18 5.554465627e-18
5.554465627e-18 5.554465627e-18 5.554465627e-18 5.554465627e-18 5.554465627e-18 5.554465627e-18

5.693017242e-18 5.693017242e-18 5.693017242e-18 5.693017242e-18 5.693017242e-18 5.693017242e-18
5.693017242e-18 5.693017242e-18 5.693017242e-18 0.000000000e+00 2.066728827e-01 6.218428336e-03
5.693017242e-18 5.693017242e-18 0.000000000e+00 0.000000000e+00 0.000000000e+00 5.693017242e-18
5.693017242e-18 5.693017242e-18 0.000000000e+00 0.000000000e+00 7.871086890e-01 5.693017242e-18
5.693017242e-18 5.693017242e-18 5.693017242e-18 5.693017242e-18 5.693017242e-18 5.693017242e-18
5.693017242e-18 5.693017242e-18 5.693017242e-18 5.693017242e-18 5.693017242e-18 5.693017242e-18

3.609445831e-02 3.609445831e-02 3.609445831e-02 3.609445831e-02 3.609445831e-02 3.609445831e-02
3.609445831e-02 3.609445831e-02 3.609445831e-02 0.000000000e+00 0.000000000e+00 3.609445831e-02
3.609445831e-02 3.609445831e-02 0.000000000e+00 0.000000000e+00 0.000000000e+00 0.000000000e+00
3.609445831e-02 3.609445831e-02 0.000000000e+00 0.000000000e+00 3.476385421e-02 3.609445831e-02
3.609445831e-02 3.609445831e-02 3.609445831e-02 3.609445831e-02 3.609445831e-02 3.476385421e-02
3.476385421e-02 3.476385421e-02 3.476385421e-02 3.476385421e-02 3.476385421e-02 3.476385421e-02

