1.946963941e-04 1.946963941e-04 1.946963941e-04 4.906041705e-04 1.946963941e-04 1.946963941e-04
4.906041705e-04 1.946963941e-04 1.946963941e-04 1.946963941e-04 1.946963941e-04 1.946963941e-04
1.946963941e-04 1.664630754e-03 1.946963941e-04 1.946963941e-04 1.946963941e-04 4.906041705e-04
2.842433384e-02 1.537940732e-01 8.558274634e-02 1.946963941e-04 1.946963941e-04 1.946963941e-04
1.747765003e-01 9.890151516e-02 1.905791152e-01 1.946963941e-04 1.946963941e-04 1.946963941e-04
1.946963941e-04 2.538852984e-01 5.951353004e-03 1.946963941e-04 4.906041705e-04 1.946963941e-04

5.848393000e-18 5.848393000e-18 5.848393000e-18 5.848393000e-18 5.848393000e-18 5.848393000e-18
5.848393000e-18 5.848393000e-18 5.848393000e-18 5.848393000e-18 5.848393000e-18 1.259998076e-04
5.848393000e-18 1.259998076e-04 5.848393000e-18 5.848393000e-18 5.848393000e-18 5.848393000e-18
5.848393000e-18 8.509647668e-01 0.000000000e+00 1.259998076e-04 5.848393000e-18 5.848393000e-18
7.540793402e-02 0.000000000e+00 5.848393000e-18 6.640897782e-02 5.848393000e-18 5.848393000e-18
5.848393000e-18 6.840321949e-03 5.848393000e-18 5.848393000e-18 5.848393000e-18 5.848393000e-18

5.871957053e-18 5.871957053e-18 5.871957053e-18 5.871957053e-18 5.871957053e-18 5.871957053e-18
5.871957053e-18 5.871957053e-18 5.871957053e-18 5.871957053e-18 5.871957053e-18 5.871957053e-18
5.871957053e-18 5.871957053e-18 5.871957053e-18 5.871957053e-18 5.871957053e-18 5.871957053e-18
5.871957053e-18 0.000000000e+00 0.000000000e+00 3.469779023e-01 5.871957053e-18 5.871957053e-18
5.871957053e-18 0.000000000e+00 0.000000000e+00 5.871957053e-18 4.268614331e-03 5.871957053e-18
5.871957053e-18 5.871957053e-18 6.487534834e-01 5.871957053e-18 5.871957053e-18 5.871957053e-18

4.758680241e-18 4.758680241e-18 4.758680241e-18 4.758680241e-18 4.758680241e-18 4.758680241e-18
4.758680241e-18 4.758680241e-18 4.758680241e-18 4.758680241e-18 4.758680241e-18 4.758680241e-18
4.758680241e-18 4.758680241e-18 0.000000000e+00 4.758680241e-18 4.758680241e-18 4.758680241e-18
1.919301500e-03 0.000000000e+00 0.000000000e+00 9.952640790e-01 4.758680241e-18 4.758680241e-18
4.758680241e-18 0.000000000e+00 0.000000000e+00 0.000000000e+00 4.758680241e-18 4.758680241e-18
4.758680241e-18 4.758680241e-18 4.758680241e-18 2.816619521e-03 4.758680241e-18 4.758680241e-18

