8.228047915e-18 8.228047915e-18 8.228047915e-18 8.228047915e-18 8.228047915e-18 8.228047915e-18
8.228047915e-18 8.228047915e-18 9.684296332e-02 2.373709304e-03 4.466871642e-04 8.228047915e-18
8.228047915e-18 6.938629661e-02 2.325798772e-01 3.797934887e-02 8.228047915e-18 8.228047915e-18
8.228047915e-18 4.466871642e-04 8.228047915e-18 4.405755209e-01 5.907761428e-02 8.228047915e-18
8.228047915e-18 4.466871642e-04 7.669937383e-04 5.907761428e-02 8.228047915e-18 8.228047915e-18
8.228047915e-18 8.228047915e-18 8.228047915e-18 8.228047915e-18 8.228047915e-18 8.228047915e-18

5.431494301e-18 5.431494301e-18 5.431494301e-18 5.431494301e-18 5.431494301e-18 5.431494301e-18
5.431494301e-18 5.431494301e-18 1.067571027e-01 5.431494301e-18 5.431494301e-18 5.431494301e-18
5.431494301e-18 5.431494301e-18 5.431494301e-18 5.431494301e-18 5.431494301e-18 5.431494301e-18
5.431494301e-18 5.431494301e-18 0.000000000e+00 0.000000000e+00 5.431494301e-18 5.431494301e-18
5.431494301e-18 5.431494301e-18 8.864631779e-01 5.431494301e-18 5.431494301e-18 5.431494301e-18
5.431494301e-18 5.431494301e-18 6.779719424e-03 5.431494301e-18 5.431494301e-18 5.431494301e-18

6.820552433e-18 6.820552433e-18 6.820552433e-18 6.820552433e-18 6.820552433e-18 6.820552433e-18
6.820552433e-18 6.820552433e-18 5.831490302e-01 6.820552433e-18 6.820552433e-18 6.820552433e-18
6.820552433e-18 2.413491794e-01 0.000000000e+00 6.820552433e-18 1.287026196e-01 6.820552433e-18
6.820552433e-18 6.820552433e-18 0.000000000e+00 0.000000000e+00 6.820552433e-18 6.820552433e-18
6.820552433e-18 0.000000000e+00 4.483150985e-02 6.820552433e-18 6.820552433e-18 6.820552433e-18
6.820552433e-18 6.820552433e-18 1.967660974e-03 6.820552433e-18 6.820552433e-18 6.820552433e-18

5.213104269e-18 5.213104269e-18 9.399551872e-01 5.213104269e-18 5.213104269e-18 5.213104269e-18
5.213104269e-18 5.213104269e-18 5.213104269e-18 5.213104269e-18 5.213104269e-18 5.213104269e-18
5.213104269e-18 0.000000000e+00 0.000000000e+00 0.000000000e+00 5.213104269e-18 5.213104269e-18
5.213104269e-18 5.213104269e-18 0.000000000e+00 0.000000000e+00 9.602620167e-04 5.213104269e-18
5.213104269e-18 0.000000000e+00 5.492973838e-02 5.213104269e-18 5.213104269e-18 5.213104269e-18
5.213104269e-18 5.213104269e-18 4.154812443e-03 5.213104269e-18 5.213104269e-18 5.213104269e-18

