7.252312263e-18 6.853748790e-01 1.562463313e-04 2.499941300e-03 6.760386123e-04 1.562463313e-04
1.562463313e-04 7.936972316e-02 6.760386123e-04 1.562463313e-04 7.252312263e-18 1.562463313e-04
7.349170566e-02 7.252312263e-18 1.323353992e-01 3.937160834e-04 7.252312263e-18 6.760386123e-04
1.703510556e-03 8.482355880e-03 1.335887341e-03 7.252312263e-18 7.252312263e-18 1.562463313e-04
2.092219354e-03 1.562463313e-04 1.562463313e-04 1.562463313e-04 7.252312263e-18 1.562463313e-04
1.562463313e-04 1.562463313e-04 2.925049194e-03 5.780048830e-03 1.562463313e-04 1.562463313e-04

5.012006657e-18 6.856328663e-04 5.012006657e-18 2.021474738e-03 2.720935833e-04 5.012006657e-18
5.012006657e-18 1.079804101e-04 2.720935833e-04 4.672041002e-04 1.079804101e-04 5.012006657e-18
4.672041002e-04 0.000000000e+00 9.886580438e-01 5.012006657e-18 9.232195199e-04 2.641609104e-03
5.012006657e-18 1.445913655e-03 0.000000000e+00 6.856328663e-04 1.079804101e-04 5.012006657e-18
1.079804101e-04 1.079804101e-04 1.079804101e-04 1.079804101e-04 5.012006657e-18 5.012006657e-18
2.720935833e-04 1.079804101e-04 1.079804101e-04 1.079804101e-04 1.079804101e-04 5.012006657e-18

7.194318412e-18 2.033597410e-01 1.549968916e-04 1.062827345e-01 7.194318412e-18 7.194318412e-18
7.194318412e-18 5.456044729e-01 7.194318412e-18 1.380086988e-01 1.549968916e-04 7.194318412e-18
1.549968916e-04 0.000000000e+00 0.000000000e+00 0.000000000e+00 1.549968916e-04 3.905676928e-04
7.194318412e-18 3.905676928e-04 0.000000000e+00 4.258251584e-03 7.194318412e-18 1.549968916e-04
1.549968916e-04 7.194318412e-18 1.549968916e-04 7.194318412e-18 7.194318412e-18 1.549968916e-04
1.549968916e-04 7.194318412e-18 1.549968916e-04 1.549968916e-04 7.194318412e-18 7.194318412e-18

7.352649342e-18 1.346856199e-02 3.991632181e-04 6.106647589e-02 7.352649342e-18 7.352649342e-18
7.352649342e-18 4.041753153e-01 0.000000000e+00 3.556432026e-02 1.005828282e-03 7.352649342e-18
1.584080281e-04 0.000000000e+00 0.000000000e+00 0.000000000e+00 4.590993190e-01 1.346856199e-02
0.000000000e+00 5.860016872e-03 0.000000000e+00 3.412797509e-03 7.352649342e-18 1.584080281e-04
1.584080281e-04 7.352649342e-18 7.352649342e-18 7.352649342e-18 1.584080281e-04 1.584080281e-04
6.853917313e-04 1.584080281e-04 7.352649342e-18 6.853917313e-04 1.584080281e-04 7.352649342e-18

2.390149455e-04 2.428240486e-02 8.064840306e-03 9.497553170e-02 2.390149455e-04 3.200533996e-03
2.605913877e-03 9.497553170e-02 0.000000000e+00 9.214053469e-02 2.736418075e-02 2.390149455e-04
1.517650304e-03 0.000000000e+00 0.000000000e+00 0.000000000e+00 3.712746465e-02 1.574041558e-01
0.000000000e+00 0.000000000e+00 0.000000000e+00 1.321188728e-01 0.000000000e+00 1.770691288e-01
1.654652172e-02 1.473404411e-02 6.566491494e-03 2.043549038e-03 5.149420900e-03 2.390149455e-04
6.246588062e-02 3.200533996e-03 6.022799221e-04 1.384790634e-02 1.297572757e-02 8.064840306e-03

