7.400415018e-18 7.400415018e-18 7.400415018e-18 7.400415018e-18 7.400415018e-18 7.400415018e-18
7.400415018e-18 1.012362534e-03 1.594371084e-04 1.594371084e-04 7.400415018e-18 7.400415018e-18
7.400415018e-18 7.400415018e-18 1.756148749e-02 4.265598703e-01 7.400415018e-18 7.400415018e-18
7.400415018e-18 1.159026743e-01 3.230467179e-01 1.137002774e-01 7.400415018e-18 7.400415018e-18
7.400415018e-18 1.738298717e-03 7.400415018e-18 1.594371084e-04 7.400415018e-18 7.400415018e-18
7.400415018e-18 7.400415018e-18 7.400415018e-18 7.400415018e-18 7.400415018e-18 7.400415018e-18

5.440767520e-18 5.440767520e-18 5.440767520e-18 5.440767520e-18 5.440767520e-18 5.440767520e-18
5.440767520e-18 5.440767520e-18 2.953703041e-04 5.440767520e-18 5.440767520e-18 5.440767520e-18
2.953703041e-04 0.000000000e+00 9.260878663e-01 5.440767520e-18 5.440767520e-18 5.440767520e-18
5.440767520e-18 1.875484526e-03 0.000000000e+00 2.159170021e-02 4.797872385e-02 5.440767520e-18
5.440767520e-18 5.440767520e-18 5.440767520e-18 1.875484526e-03 5.440767520e-18 5.440767520e-18
5.440767520e-18 5.440767520e-18 5.440767520e-18 5.440767520e-18 5.440767520e-18 5.440767520e-18

8.905632466e-18 3.346979747e-02 8.905632466e-18 1.011241804e-01 8.905632466e-18 8.905632466e-18
8.905632466e-18 2.365558722e-02 8.905632466e-18 4.025443107e-01 8.905632466e-18 8.905632466e-18
8.905632466e-18 0.000000000e+00 0.000000000e+00 0.000000000e+00 8.905632466e-18 8.905632466e-18
1.011241804e-01 8.905632466e-18 0.000000000e+00 8.433860474e-02 1.421398634e-01 8.905632466e-18
8.905632466e-18 8.301561206e-04 2.980357327e-02 7.853319945e-02 8.905632466e-18 1.218273385e-03
8.905632466e-18 8.905632466e-18 1.218273385e-03 8.905632466e-18 8.905632466e-18 8.905632466e-18

7.055060811e-18 2.797537100e-01 7.055060811e-18 1.052242286e-02 7.055060811e-18 7.055060811e-18
7.055060811e-18 1.969876941e-01 0.000000000e+00 7.055060811e-18 7.055060811e-18 7.055060811e-18
7.055060811e-18 0.000000000e+00 0.000000000e+00 0.000000000e+00 7.055060811e-18 7.055060811e-18
0.000000000e+00 5.622840620e-03 0.000000000e+00 7.055060811e-18 7.055060811e-18 7.055060811e-18
7.055060811e-18 7.055060811e-18 7.055060811e-18 6.644046398e-03 7.055060811e-18 4.948464455e-01
7.055060811e-18 7.055060811e-18 5.622840620e-03 7.055060811e-18 7.055060811e-18 7.055060811e-18

1.725528265e-02 5.393151202e-01 1.698460456e-04 1.375752969e-02 1.698460456e-04 1.698460456e-04
1.047013659e-02 1.698460456e-04 0.000000000e+00 1.698460456e-04 1.698460456e-04 1.698460456e-04
1.698460456e-04 0.000000000e+00 0.000000000e+00 0.000000000e+00 1.698460456e-04 6.347665128e-02
0.000000000e+00 0.000000000e+00 0.000000000e+00 2.876475475e-01 0.000000000e+00 1.078455165e-03
1.698460456e-04 1.698460456e-04 1.698460456e-04 4.666204497e-03 1.698460456e-04 1.698460456e-04
1.047013659e-02 1.698460456e-04 1.241582125e-02 1.698460456e-04 2.018949429e-02 1.654008352e-02

