8.117770035e-18 1.495306025e-03 4.804834194e-03 4.278520899e-03 3.135919104e-02 8.117770035e-18
7.567139679e-04 8.117770035e-18 1.110495320e-03 8.117770035e-18 8.117770035e-18 8.117770035e-18
3.767935075e-03 0.000000000e+00 5.141792453e-02 4.804834194e-03 8.117770035e-18 8.117770035e-18
3.747032387e-02 8.117770035e-18 2.086562805e-01 1.748920537e-04 8.117770035e-18 8.117770035e-18
1.748920537e-04 2.156282755e-02 6.469813418e-03 8.117770035e-18 8.117770035e-18 8.117770035e-18
8.117770035e-18 5.693855453e-01 8.117770035e-18 4.854173494e-02 3.767935075e-03 8.117770035e-18

3.963374022e-03 2.309085861e-02 2.700723207e-03 4.637334481e-03 9.163613313e-03 9.163613313e-03
2.461743298e-01 2.412277879e-02 0.000000000e+00 1.168535065e-02 6.059944630e-03 1.810777491e-02
2.477108764e-04 0.000000000e+00 9.990834274e-02 4.637334481e-03 1.082788508e-02 7.571865290e-03
3.502059749e-02 0.000000000e+00 1.572866023e-03 2.554898157e-01 6.059944630e-03 8.358258334e-03
7.571865290e-03 3.276155838e-02 7.557454757e-02 1.907990493e-02 4.637334481e-03 4.637334481e-03
6.805396037e-03 1.435172604e-02 1.907990493e-02 6.805396037e-03 1.255885011e-02 7.571865290e-03

3.035249428e-03 1.897030893e-04 1.897030893e-04 4.780218307e-04 1.847381804e-02 1.621938598e-03
1.458405223e-01 0.000000000e+00 0.000000000e+00 1.897030893e-04 3.551384944e-03 1.386737995e-02
1.897030893e-04 0.000000000e+00 3.229006370e-01 1.621938598e-03 4.087029162e-03 1.621938598e-03
5.798720903e-03 0.000000000e+00 0.000000000e+00 3.792881907e-01 2.540222684e-03 5.211739874e-03
8.207975968e-04 7.648349291e-03 5.787684962e-02 2.540222684e-03 2.068280340e-03 1.621938598e-03
8.207975968e-04 2.068280340e-03 1.204539534e-03 5.798720903e-03 5.211739874e-03 1.621938598e-03

1.206216493e-04 0.000000000e+00 3.039475100e-04 6.051082619e-02 1.206216493e-04 1.206216493e-04
1.206216493e-04 0.000000000e+00 0.000000000e+00 6.548350594e-03 1.206216493e-04 1.206216493e-04
7.658997317e-04 0.000000000e+00 0.000000000e+00 1.206216493e-04 3.039475100e-04 1.206216493e-04
7.658997317e-04 0.000000000e+00 0.000000000e+00 9.227760917e-01 1.206216493e-04 1.206216493e-04
1.206216493e-04 5.218995655e-04 2.950861611e-03 1.206216493e-04 1.206216493e-04 1.206216493e-04
1.206216493e-04 1.206216493e-04 7.658997317e-04 1.206216493e-04 1.615186399e-03 1.206216493e-04

5.001552255e-03 0.000000000e+00 1.905795235e-02 1.805515619e-01 8.845917880e-04 8.242795789e-03
8.936753770e-03 0.000000000e+00 0.000000000e+00 2.703962762e-02 2.044472298e-04 2.737654368e-03
3.968128144e-02 0.000000000e+00 0.000000000e+00 0.000000000e+00 6.249410222e-03 1.109910324e-02
2.229031629e-03 0.000000000e+00 0.000000000e+00 0.000000000e+00 2.229031629e-03 4.404682042e-03
3.827406378e-03 4.234145044e-01 2.044472298e-04 1.051508782e-01 8.845917880e-04 2.044472298e-04
2.044472298e-04 8.845917880e-04 5.674484934e-02 8.491120422e-02 1.747999227e-03 3.271155677e-03

