1.946963941e-04 1.946963941e-04 1.946963941e-04 4.906041705e-04 1.946963941e-04 1.946963941e-04
4.906041705e-04 1.946963941e-04 1.946963941e-04 1.946963941e-04 1.946963941e-04 1.946963941e-04
1.946963941e-04 1.664630754e-03 1.946963941e-04 1.946963941e-04 1.946963941e-04 4.906041705e-04
2.842433384e-02 1.537940732e-01 8.558274634e-02 1.946963941e-04 1.946963941e-04 1.946963941e-04
1.747765003e-01 9.890151516e-02 1.905791152e-01 1.946963941e-04 1.946963941e-04 1.946963941e-04
1.946963941e-04 2.538852984e-01 5.951353004e-03 1.946963941e-04 4.906041705e-04 1.946963941e-04

5.701756100e-18 5.701756100e-18 5.701756100e-18 5.701756100e-18 5.701756100e-18 5.701756100e-18
5.701756100e-18 5.701756100e-18 5.701756100e-18 5.701756100e-18 5.701756100e-18 1.228406114e-04
5.701756100e-18 5.701756100e-18 3.095389441e-04 0.000000000e+00 5.701756100e-18 1.228406114e-04
5.701756100e-18 1.300251078e-02 1.908148650e-02 1.228406114e-04 5.701756100e-18 5.701756100e-18
9.016532497e-01 0.000000000e+00 5.701756100e-18 6.085006334e-02 5.701756100e-18 5.701756100e-18
5.701756100e-18 1.050272454e-03 3.374817537e-03 5.701756100e-18 3.095389441e-04 5.701756100e-18

5.826236591e-18 5.826236591e-18 5.826236591e-18 5.826236591e-18 5.826236591e-18 5.826236591e-18
5.826236591e-18 5.826236591e-18 5.826236591e-18 5.826236591e-18 5.826236591e-18 5.826236591e-18
5.826236591e-18 5.826236591e-18 5.826236591e-18 0.000000000e+00 5.826236591e-18 5.826236591e-18
5.826236591e-18 3.162967848e-04 7.140191336e-01 0.000000000e+00 5.826236591e-18 5.826236591e-18
5.060748557e-03 0.000000000e+00 0.000000000e+00 5.826236591e-18 1.255224622e-04 5.826236591e-18
5.826236591e-18 5.826236591e-18 2.804782986e-01 5.826236591e-18 5.826236591e-18 5.826236591e-18

4.647784847e-18 4.647784847e-18 4.647784847e-18 4.647784847e-18 4.647784847e-18 4.647784847e-18
4.647784847e-18 4.647784847e-18 4.647784847e-18 4.647784847e-18 4.647784847e-18 4.647784847e-18
4.647784847e-18 0.000000000e+00 4.647784847e-18 0.000000000e+00 4.647784847e-18 4.647784847e-18
4.647784847e-18 4.647784847e-18 4.647784847e-18 0.000000000e+00 4.647784847e-18 4.647784847e-18
4.647784847e-18 0.000000000e+00 0.000000000e+00 0.000000000e+00 4.647784847e-18 4.647784847e-18
4.647784847e-18 4.647784847e-18 1.000000000e+00 4.647784847e-18 4.647784847e-18 4.647784847e-18

