7.336339378e-18 7.336339378e-18 7.336339378e-18 7.336339378e-18 7.336339378e-18 7.336339378e-18
7.336339378e-18 1.580566406e-04 3.982777770e-04 1.580566406e-04 1.580566406e-04 7.336339378e-18
7.336339378e-18 1.395830765e-01 1.094194185e-02 1.315997339e-01 1.580566406e-04 7.336339378e-18
7.336339378e-18 2.958939550e-03 5.907221772e-01 4.831372800e-03 1.580566406e-04 7.336339378e-18
7.336339378e-18 7.336339378e-18 2.958939550e-03 1.148991443e-01 1.580566406e-04 7.336339378e-18
7.336339378e-18 1.580566406e-04 7.336339378e-18 7.336339378e-18 7.336339378e-18 7.336339378e-18

5.286206312e-18 5.286206312e-18 5.286206312e-18 5.286206312e-18 5.286206312e-18 5.286206312e-18
5.286206312e-18 1.138878626e-04 5.286206312e-18 5.286206312e-18 5.286206312e-18 5.286206312e-18
5.286206312e-18 9.241992149e-01 2.869794308e-04 5.286206312e-18 5.286206312e-18 5.286206312e-18
5.286206312e-18 5.286206312e-18 0.000000000e+00 5.286206312e-18 5.286206312e-18 5.286206312e-18
5.286206312e-18 0.000000000e+00 5.286206312e-18 7.042167583e-02 5.286206312e-18 5.286206312e-18
5.286206312e-18 4.978241995e-03 5.286206312e-18 5.286206312e-18 5.286206312e-18 5.286206312e-18

7.499077105e-18 7.499077105e-18 7.499077105e-18 7.499077105e-18 1.025859318e-03 7.499077105e-18
7.499077105e-18 2.433879614e-02 7.499077105e-18 4.889015001e-01 7.499077105e-18 7.499077105e-18
7.499077105e-18 3.433472730e-01 7.499077105e-18 2.433879614e-02 3.952434965e-03 7.499077105e-18
7.499077105e-18 0.000000000e+00 0.000000000e+00 2.976010721e-02 7.499077105e-18 1.381341813e-03
4.938544318e-03 0.000000000e+00 0.000000000e+00 7.499077105e-18 7.499077105e-18 7.499077105e-18
7.499077105e-18 7.499077105e-02 7.499077105e-18 7.499077105e-18 7.499077105e-18 3.024575976e-03

5.851305122e-18 5.851305122e-18 5.851305122e-18 5.851305122e-18 5.851305122e-18 5.851305122e-18
5.851305122e-18 5.393371155e-01 5.851305122e-18 5.851305122e-18 5.851305122e-18 5.851305122e-18
5.851305122e-18 5.851305122e-18 0.000000000e+00 5.851305122e-18 5.851305122e-18 5.851305122e-18
5.851305122e-18 0.000000000e+00 0.000000000e+00 0.000000000e+00 5.851305122e-18 5.851305122e-18
5.851305122e-18 0.000000000e+00 0.000000000e+00 5.851305122e-18 5.851305122e-18 5.851305122e-18
5.851305122e-18 4.606628845e-01 5.851305122e-18 5.851305122e-18 5.851305122e-18 5.851305122e-18

9.596221011e-04 3.430820836e-03 5.209630273e-18 5.209630273e-18 7.126673967e-04 5.209630273e-18
5.209630273e-18 9.551066416e-01 5.209630273e-18 7.126673967e-04 5.209630273e-18 5.209630273e-18
5.209630273e-18 0.000000000e+00 0.000000000e+00 0.000000000e+00 5.209630273e-18 5.209630273e-18
5.209630273e-18 0.000000000e+00 0.000000000e+00 0.000000000e+00 5.209630273e-18 7.126673967e-04
5.209630273e-18 0.000000000e+00 0.000000000e+00 5.209630273e-18 5.209630273e-18 5.209630273e-18
5.209630273e-18 3.740529115e-02 5.209630273e-18 5.209630273e-18 5.209630273e-18 9.596221011e-04

