1.156973393e-17 1.156973393e-17 6.248523931e-02 6.281017920e-04 1.156973393e-17 1.725592961e-02
1.156973393e-17 1.582717338e-03 2.492623613e-04 2.131163211e-03 1.156973393e-17 1.156973393e-01
2.962966259e-02 5.725227127e-02 0.000000000e+00 3.073210703e-02 4.666379449e-03 1.005340976e-01
6.281017920e-04 8.879908853e-02 1.156973393e-17 1.219086412e-01 2.492623613e-04 2.532347741e-02
1.582717338e-03 2.717638619e-03 5.854974915e-02 2.962966259e-02 1.156973393e-17 1.004962867e-02
1.919940790e-02 1.156973393e-17 1.393971278e-01 1.156973393e-17 6.648371599e-02 1.263750982e-02

1.112853842e-03 3.279830887e-04 1.112853842e-03 8.264655949e-04 1.112853842e-03 5.631703694e-04
5.631703694e-04 5.631703694e-04 3.279830887e-04 5.631703694e-04 6.041500148e-18 2.082562800e-03
3.575908947e-03 9.329565127e-01 0.000000000e+00 2.436696670e-03 1.742912203e-03 5.631703694e-04
2.333849771e-02 0.000000000e+00 0.000000000e+00 2.804215963e-03 8.264655949e-04 2.082562800e-03
6.041500148e-18 1.112853842e-03 7.541143126e-03 2.804215963e-03 5.631703694e-04 8.264655949e-04
3.184210016e-03 1.419100406e-03 8.264655949e-04 5.631703694e-04 1.112853842e-03 5.631703694e-04

1.216862208e-04 1.216862208e-04 7.726593395e-04 1.236254943e-02 5.648174035e-18 7.050184185e-03
3.066300621e-04 1.216862208e-04 1.216862208e-04 0.000000000e+00 1.629441564e-03 5.265056989e-04
1.034630901e-02 2.621650153e-03 0.000000000e+00 1.040402553e-03 1.040402553e-03 7.726593395e-04
9.522241062e-01 0.000000000e+00 0.000000000e+00 1.629441564e-03 5.648174035e-18 5.648174035e-18
0.000000000e+00 1.216862208e-04 1.629441564e-03 5.648174035e-18 5.648174035e-18 7.726593395e-04
1.040402553e-03 7.726593395e-04 1.040402553e-03 5.648174035e-18 1.040402553e-03 7.726593395e-04

4.421658149e-03 5.778104570e-03 2.500040650e-02 2.300086005e-02 0.000000000e+00 8.141700699e-02
3.162708777e-03 1.635096815e-02 2.019397540e-03 0.000000000e+00 2.575116120e-03 9.522590906e-03
3.339183553e-02 1.368424612e-02 0.000000000e+00 3.483622550e-01 7.337882897e-02 1.021935510e-03
2.575116120e-03 0.000000000e+00 0.000000000e+00 0.000000000e+00 2.008194896e-02 1.429140493e-01
0.000000000e+00 1.032429437e-02 5.778104570e-03 5.302725448e-02 2.361901691e-04 5.671547805e-02
5.088562937e-03 2.019397540e-03 1.021935510e-03 2.500040650e-02 2.704077967e-02 5.088562937e-03

3.832629941e-02 3.698745002e-02 3.698745002e-02 3.698745002e-02 0.000000000e+00 3.698745002e-02
3.698745002e-02 3.698745002e-02 3.698745002e-02 0.000000000e+00 3.698745002e-02 3.698745002e-02
3.698745002e-02 3.698745002e-02 0.000000000e+00 0.000000000e+00 3.698745002e-02 3.698745002e-02
3.698745002e-02 0.000000000e+00 0.000000000e+00 0.000000000e+00 3.698745002e-02 3.698745002e-02
0.000000000e+00 3.698745002e-02 3.698745002e-02 3.698745002e-02 0.000000000e+00 3.698745002e-02
3.698745002e-02 3.698745002e-02 3.698745002e-02 3.698745002e-02 3.698745002e-02 3.698745002e-02

4.000000000e-02 4.000000000e-02 4.000000000e-02 4.000000000e-02 0.000000000e+00 4.000000000e-02
4.000000000e-02 4.000000000e-02 4.000000000e-02 0.000000000e+00 4.000000000e-02 4.000000000e-02
4.000000000e-02 0.000000000e+00 0.000000000e+00 0.000000000e+00 4.000000000e-02 4.000000000e-02
4.000000000e-02 0.000000000e+00 0.000000000e+00 0.000000000e+00 4.000000000e-02 4.000000000e-02
0.000000000e+00 4.000000000e-02 4.000000000e-02 0.000000000e+00 0.000000000e+00 4.000000000e-02
4.000000000e-02 4.000000000e-02 4.000000000e-02 4.000000000e-02 4.000000000e-02 4.000000000e-02

