1.946963941e-04 1.946963941e-04 1.946963941e-04 4.906041705e-04 1.946963941e-04 1.946963941e-04
4.906041705e-04 1.946963941e-04 1.946963941e-04 1.946963941e-04 1.946963941e-04 1.946963941e-04
1.946963941e-04 1.664630754e-03 1.946963941e-04 1.946963941e-04 1.946963941e-04 4.906041705e-04
2.842433384e-02 1.537940732e-01 8.558274634e-02 1.946963941e-04 1.946963941e-04 1.946963941e-04
1.747765003e-01 9.890151516e-02 1.905791152e-01 1.946963941e-04 1.946963941e-04 1.946963941e-04
1.946963941e-04 2.538852984e-01 5.951353004e-03 1.946963941e-04 4.906041705e-04 1.946963941e-04

6.923942088e-18 6.923942088e-18 6.923942088e-18 6.923942088e-18 6.923942088e-18 6.923942088e-18
6.923942088e-18 6.923942088e-18 6.923942088e-18 6.923942088e-18 6.923942088e-18 6.923942088e-18
6.923942088e-18 6.923942088e-18 1.491718103e-04 6.923942088e-18 6.923942088e-18 6.923942088e-18
6.923942088e-18 5.227974396e-02 1.482465000e-01 1.491718103e-04 6.923942088e-18 1.491718103e-04
1.709917124e-01 0.000000000e+00 6.923942088e-18 6.205733289e-01 6.923942088e-18 6.923942088e-18
6.923942088e-18 4.098218299e-03 1.491718103e-04 6.923942088e-18 3.213809228e-03 0.000000000e+00

5.843496290e-18 5.843496290e-18 5.843496290e-18 5.843496290e-18 5.843496290e-18 5.843496290e-18
5.843496290e-18 5.843496290e-18 5.843496290e-18 5.843496290e-18 5.843496290e-18 5.843496290e-18
5.843496290e-18 5.843496290e-18 5.843496290e-18 5.843496290e-18 5.843496290e-18 5.843496290e-18
5.843496290e-18 1.258943112e-04 5.843496290e-18 0.000000000e+00 5.843496290e-18 5.843496290e-18
5.843496290e-18 0.000000000e+00 0.000000000e+00 5.811079389e-01 5.843496290e-18 5.843496290e-18
5.843496290e-18 5.843496290e-18 4.187661668e-01 5.843496290e-18 5.843496290e-18 0.000000000e+00

4.647784847e-18 4.647784847e-18 4.647784847e-18 4.647784847e-18 4.647784847e-18 4.647784847e-18
4.647784847e-18 4.647784847e-18 4.647784847e-18 4.647784847e-18 4.647784847e-18 4.647784847e-18
4.647784847e-18 4.647784847e-18 4.647784847e-18 4.647784847e-18 4.647784847e-18 4.647784847e-18
4.647784847e-18 0.000000000e+00 0.000000000e+00 0.000000000e+00 4.647784847e-18 4.647784847e-18
4.647784847e-18 0.000000000e+00 0.000000000e+00 4.647784847e-18 4.647784847e-18 4.647784847e-18
4.647784847e-18 4.647784847e-18 1.000000000e+00 4.647784847e-18 4.647784847e-18 0.000000000e+00

