1.038716854e-17 2.237847623e-04 1.038716854e-17 1.913332804e-03 2.660115616e-02 1.038716854e-17
2.237847623e-04 0.000000000e+00 5.639022654e-04 1.038716854e-17 1.038716854e-17 5.639022654e-04
9.682604319e-04 9.682604319e-04 1.420944668e-03 2.759091758e-02 1.038716854e-17 5.639022654e-04
2.237847623e-04 1.580488237e-01 1.024890430e-01 9.682604319e-04 1.038716854e-17 1.038716854e-17
9.836912820e-02 1.038716854e-17 1.193789671e-01 1.913332804e-03 1.038716854e-17 9.700526776e-02
1.038716854e-17 1.011110482e-01 5.256526347e-02 7.972275804e-02 1.266021742e-01 1.038716854e-17

6.745785769e-18 6.745785769e-18 6.745785769e-18 6.745785769e-18 6.745785769e-18 6.745785769e-18
6.745785769e-18 0.000000000e+00 6.745785769e-18 6.745785769e-18 6.745785769e-18 6.745785769e-18
6.745785769e-18 6.745785769e-18 6.745785769e-18 0.000000000e+00 6.745785769e-18 6.745785769e-18
6.745785769e-18 2.411739199e-01 1.930172480e-01 6.288217446e-04 6.745785769e-18 6.745785769e-18
5.553254415e-01 0.000000000e+00 6.745785769e-18 5.376350290e-03 6.745785769e-18 6.745785769e-18
6.745785769e-18 3.555408107e-03 9.228105125e-04 6.745785769e-18 6.745785769e-18 6.745785769e-18

4.988838278e-18 4.988838278e-18 4.988838278e-18 4.988838278e-18 4.988838278e-18 4.988838278e-18
4.988838278e-18 0.000000000e+00 4.988838278e-18 0.000000000e+00 4.988838278e-18 4.988838278e-18
4.988838278e-18 4.988838278e-18 4.988838278e-18 0.000000000e+00 4.988838278e-18 4.988838278e-18
4.988838278e-18 2.708358102e-04 9.798846417e-01 8.278733257e-03 4.988838278e-18 4.988838278e-18
1.439229810e-03 0.000000000e+00 0.000000000e+00 4.988838278e-18 1.074812625e-04 4.988838278e-18
4.988838278e-18 4.988838278e-18 1.001907818e-02 4.988838278e-18 4.988838278e-18 4.988838278e-18

3.517249117e-02 3.517249117e-02 3.517249117e-02 3.517249117e-02 3.517249117e-02 3.517249117e-02
3.517249117e-02 0.000000000e+00 3.517249117e-02 0.000000000e+00 3.517249117e-02 3.517249117e-02
3.517249117e-02 3.517249117e-02 3.517249117e-02 0.000000000e+00 3.517249117e-02 3.383900824e-02
3.383900824e-02 3.383900824e-02 3.383900824e-02 0.000000000e+00 3.383900824e-02 3.383900824e-02
3.383900824e-02 0.000000000e+00 0.000000000e+00 0.000000000e+00 3.383900824e-02 3.383900824e-02
3.383900824e-02 3.383900824e-02 3.383900824e-02 3.383900824e-02 3.383900824e-02 3.383900824e-02

