8.228047915e-18 8.228047915e-18 8.228047915e-18 8.228047915e-18 8.228047915e-18 8.228047915e-18
8.228047915e-18 8.228047915e-18 9.684296332e-02 2.373709304e-03 4.466871642e-04 8.228047915e-18
8.228047915e-18 6.938629661e-02 2.325798772e-01 3.797934887e-02 8.228047915e-18 8.228047915e-18
8.228047915e-18 4.466871642e-04 8.228047915e-18 4.405755209e-01 5.907761428e-02 8.228047915e-18
8.228047915e-18 4.466871642e-04 7.669937383e-04 5.907761428e-02 8.228047915e-18 8.228047915e-18
8.228047915e-18 8.228047915e-18 8.228047915e-18 8.228047915e-18 8.228047915e-18 8.228047915e-18

5.295890825e-18 5.295890825e-18 5.295890825e-18 5.295890825e-18 5.295890825e-18 5.295890825e-18
5.295890825e-18 0.000000000e+00 5.295890825e-18 5.295890825e-18 5.295890825e-18 5.295890825e-18
5.295890825e-18 5.295890825e-18 4.533765281e-02 5.295890825e-18 5.295890825e-18 5.295890825e-18
5.295890825e-18 2.875051870e-04 0.000000000e+00 9.403593204e-01 5.295890825e-18 5.295890825e-18
5.295890825e-18 5.295890825e-18 5.295890825e-18 1.016567811e-02 3.849843462e-03 5.295890825e-18
5.295890825e-18 5.295890825e-18 5.295890825e-18 5.295890825e-18 5.295890825e-18 5.295890825e-18

5.794632702e-18 1.361113203e-03 5.794632702e-18 5.794632702e-18 5.794632702e-18 5.794632702e-18
5.794632702e-18 0.000000000e+00 1.392415957e-01 5.794632702e-18 3.816076299e-03 5.794632702e-18
5.794632702e-18 5.794632702e-18 8.401258182e-01 5.794632702e-18 5.794632702e-18 5.794632702e-18
5.794632702e-18 5.794632702e-18 0.000000000e+00 0.000000000e+00 0.000000000e+00 5.794632702e-18
5.794632702e-18 6.329421933e-03 5.794632702e-18 5.794632702e-18 5.794632702e-18 9.125974647e-03
5.794632702e-18 5.794632702e-18 5.794632702e-18 5.794632702e-18 5.794632702e-18 5.794632702e-18

6.876563685e-18 1.481510735e-04 6.876563685e-18 6.876563685e-18 6.876563685e-18 1.481510735e-04
6.876563685e-18 0.000000000e+00 1.606893923e-01 6.876563685e-18 2.075640388e-01 6.876563685e-18
1.481510735e-04 6.876563685e-18 0.000000000e+00 0.000000000e+00 5.989382949e-01 6.876563685e-18
1.481510735e-04 6.876563685e-18 0.000000000e+00 0.000000000e+00 0.000000000e+00 6.876563685e-18
6.876563685e-18 2.094514052e-02 6.876563685e-18 6.876563685e-18 6.876563685e-18 6.410124664e-04
3.733173122e-04 6.876563685e-18 6.876563685e-18 6.876563685e-18 1.025619946e-02 6.876563685e-18

