1.913435795e-04 1.913435795e-04 1.913435795e-04 4.821556071e-04 1.913435795e-04 4.821556071e-04
1.913435795e-04 5.256809295e-03 5.625464119e-02 5.256809295e-03 1.913435795e-04 1.913435795e-04
1.214955997e-03 2.193320994e-01 0.000000000e+00 1.497946081e-01 1.635964592e-03 1.913435795e-04
4.821556071e-04 4.821556071e-04 1.324632937e-02 4.275547234e-01 1.214955997e-03 1.913435795e-04
1.913435795e-04 1.179534918e-02 5.625464119e-02 2.617543347e-02 8.278955858e-04 1.913435795e-04
1.913435795e-04 1.324632937e-02 4.821556071e-04 5.848866344e-03 1.913435795e-04 1.913435795e-04

5.577034794e-18 5.577034794e-18 5.577034794e-18 5.577034794e-18 5.577034794e-18 5.577034794e-18
5.577034794e-18 5.577034794e-18 5.577034794e-18 5.577034794e-18 5.577034794e-18 5.577034794e-18
5.577034794e-18 3.027680299e-04 0.000000000e+00 5.577034794e-18 5.577034794e-18 5.577034794e-18
5.198743140e-04 0.000000000e+00 5.577034794e-18 1.752343968e-01 5.198743140e-04 5.577034794e-18
5.577034794e-18 8.231203185e-01 0.000000000e+00 3.027680299e-04 5.577034794e-18 5.577034794e-18
5.577034794e-18 5.577034794e-18 5.577034794e-18 5.577034794e-18 5.577034794e-18 5.577034794e-18

5.192011602e-18 5.192011602e-18 5.192011602e-18 5.192011602e-18 5.192011602e-18 5.192011602e-18
1.118584991e-04 2.736481824e-03 5.192011602e-18 5.192011602e-18 5.192011602e-18 1.118584991e-04
5.192011602e-18 9.604810337e-01 0.000000000e+00 5.192011602e-18 3.043935118e-02 5.192011602e-18
4.509852082e-03 0.000000000e+00 0.000000000e+00 0.000000000e+00 2.818657552e-04 5.192011602e-18
1.118584991e-04 7.102571963e-04 0.000000000e+00 1.118584991e-04 5.192011602e-18 5.192011602e-18
5.192011602e-18 2.818657552e-04 5.192011602e-18 5.192011602e-18 1.118584991e-04 5.192011602e-18

1.716654459e-04 1.716654459e-04 1.716654459e-04 1.716654459e-04 1.716654459e-04 1.716654459e-04
1.716654459e-04 1.390490112e-02 1.716654459e-04 4.325698177e-04 1.871620901e-03 1.716654459e-04
1.716654459e-04 3.025343960e-01 0.000000000e+00 2.666570813e-02 0.000000000e+00 4.609225915e-01
1.084368632e-01 0.000000000e+00 0.000000000e+00 0.000000000e+00 1.716654459e-04 1.871620901e-03
4.325698177e-04 3.942928497e-02 0.000000000e+00 7.427532468e-04 0.000000000e+00 1.716654459e-04
1.716654459e-04 3.854075434e-02 1.716654459e-04 1.716654459e-04 1.716654459e-04 1.467718917e-03

3.832629941e-02 3.698745002e-02 3.698745002e-02 3.698745002e-02 3.698745002e-02 3.698745002e-02
3.698745002e-02 3.698745002e-02 3.698745002e-02 3.698745002e-02 3.698745002e-02 0.000000000e+00
3.698745002e-02 3.698745002e-02 0.000000000e+00 0.000000000e+00 0.000000000e+00 3.698745002e-02
3.698745002e-02 0.000000000e+00 0.000000000e+00 0.000000000e+00 3.698745002e-02 3.698745002e-02
3.698745002e-02 3.698745002e-02 0.000000000e+00 3.698745002e-02 0.000000000e+00 3.698745002e-02
3.698745002e-02 3.698745002e-02 3.698745002e-02 3.698745002e-02 3.698745002e-02 3.698745002e-02

