1.946963941e-04 1.946963941e-04 1.946963941e-04 4.906041705e-04 1.946963941e-04 1.946963941e-04
4.906041705e-04 1.946963941e-04 1.946963941e-04 1.946963941e-04 1.946963941e-04 1.946963941e-04
1.946963941e-04 1.664630754e-03 1.946963941e-04 1.946963941e-04 1.946963941e-04 4.906041705e-04
2.842433384e-02 1.537940732e-01 8.558274634e-02 1.946963941e-04 1.946963941e-04 1.946963941e-04
1.747765003e-01 9.890151516e-02 1.905791152e-01 1.946963941e-04 1.946963941e-04 1.946963941e-04
1.946963941e-04 2.538852984e-01 5.951353004e-03 1.946963941e-04 4.906041705e-04 1.946963941e-04

5.778805827e-18 5.778805827e-18 5.778805827e-18 5.778805827e-18 5.778805827e-18 5.778805827e-18
5.778805827e-18 5.778805827e-18 5.778805827e-18 5.778805827e-18 5.778805827e-18 5.778805827e-18
5.778805827e-18 1.109265313e-02 5.778805827e-18 5.778805827e-18 5.778805827e-18 5.778805827e-18
3.137218468e-04 5.778805827e-18 0.000000000e+00 5.778805827e-18 5.778805827e-18 5.778805827e-18
5.386827994e-04 0.000000000e+00 7.885863105e-01 1.245005974e-04 5.778805827e-18 5.778805827e-18
5.778805827e-18 1.992196305e-01 5.778805827e-18 5.778805827e-18 1.245005974e-04 5.778805827e-18

4.965544706e-18 4.965544706e-18 1.069794177e-04 4.965544706e-18 4.965544706e-18 4.965544706e-18
4.965544706e-18 1.069794177e-04 4.965544706e-18 4.965544706e-18 4.965544706e-18 4.965544706e-18
2.617121046e-03 9.836811578e-01 4.965544706e-18 1.069794177e-04 4.965544706e-18 1.069794177e-04
4.628730576e-04 0.000000000e+00 0.000000000e+00 1.166367017e-03 4.965544706e-18 4.965544706e-18
4.965544706e-18 0.000000000e+00 0.000000000e+00 1.069794177e-04 4.965544706e-18 4.965544706e-18
4.965544706e-18 1.132362511e-02 1.069794177e-04 4.965544706e-18 1.069794177e-04 4.965544706e-18

5.685015404e-18 5.685015404e-18 5.685015404e-18 5.685015404e-18 5.685015404e-18 5.685015404e-18
5.685015404e-18 2.647345732e-01 5.685015404e-18 5.685015404e-18 5.685015404e-18 5.685015404e-18
7.352654268e-01 5.685015404e-18 0.000000000e+00 5.685015404e-18 5.685015404e-18 5.685015404e-18
5.685015404e-18 0.000000000e+00 0.000000000e+00 0.000000000e+00 5.685015404e-18 5.685015404e-18
5.685015404e-18 0.000000000e+00 0.000000000e+00 5.685015404e-18 5.685015404e-18 5.685015404e-18
5.685015404e-18 5.685015404e-18 5.685015404e-18 5.685015404e-18 5.685015404e-18 5.685015404e-18

4.653528752e-18 4.653528752e-18 4.653528752e-18 4.653528752e-18 4.653528752e-18 4.653528752e-18
4.653528752e-18 4.653528752e-18 1.002572378e-04 4.653528752e-18 4.653528752e-18 4.653528752e-18
9.998997428e-01 0.000000000e+00 0.000000000e+00 0.000000000e+00 4.653528752e-18 4.653528752e-18
4.653528752e-18 0.000000000e+00 0.000000000e+00 0.000000000e+00 4.653528752e-18 4.653528752e-18
4.653528752e-18 0.000000000e+00 0.000000000e+00 4.653528752e-18 4.653528752e-18 4.653528752e-18
4.653528752e-18 4.653528752e-18 4.653528752e-18 4.653528752e-18 4.653528752e-18 4.653528752e-18

