1.946963941e-04 1.946963941e-04 1.946963941e-04 4.906041705e-04 1.946963941e-04 1.946963941e-04
4.906041705e-04 1.946963941e-04 1.946963941e-04 1.946963941e-04 1.946963941e-04 1.946963941e-04
1.946963941e-04 1.664630754e-03 1.946963941e-04 1.946963941e-04 1.946963941e-04 4.906041705e-04
2.842433384e-02 1.537940732e-01 8.558274634e-02 1.946963941e-04 1.946963941e-04 1.946963941e-04
1.747765003e-01 9.890151516e-02 1.905791152e-01 1.946963941e-04 1.946963941e-04 1.946963941e-04
1.946963941e-04 2.538852984e-01 5.951353004e-03 1.946963941e-04 4.906041705e-04 1.946963941e-04

7.356760439e-18 7.356760439e-18 7.356760439e-18 7.356760439e-18 7.356760439e-18 7.356760439e-18
7.356760439e-18 7.356760439e-18 7.356760439e-18 7.356760439e-18 7.356760439e-18 7.356760439e-18
7.356760439e-18 7.356760439e-18 3.993864027e-04 7.356760439e-18 7.356760439e-18 7.356760439e-18
6.857749552e-04 0.000000000e+00 5.611817360e-01 5.863293391e-03 7.356760439e-18 7.356760439e-18
2.104990735e-01 0.000000000e+00 7.356760439e-18 1.108507133e-01 7.356760439e-18 7.356760439e-18
7.356760439e-18 6.203881737e-02 4.747481446e-02 7.356760439e-18 1.006390672e-03 7.356760439e-18

5.530997947e-18 5.530997947e-18 5.530997947e-18 5.530997947e-18 5.530997947e-18 5.530997947e-18
5.530997947e-18 5.530997947e-18 5.530997947e-18 5.530997947e-18 5.530997947e-18 5.530997947e-18
5.530997947e-18 5.530997947e-18 5.530997947e-18 5.530997947e-18 5.530997947e-18 5.530997947e-18
5.530997947e-18 0.000000000e+00 3.002687653e-04 5.530997947e-18 5.530997947e-18 5.530997947e-18
8.395346337e-01 0.000000000e+00 0.000000000e+00 0.000000000e+00 5.530997947e-18 5.530997947e-18
5.530997947e-18 5.530997947e-18 1.582585097e-01 5.530997947e-18 1.906587816e-03 5.530997947e-18

6.556172539e-18 6.556172539e-18 6.556172539e-18 6.556172539e-18 6.556172539e-18 6.556172539e-18
6.556172539e-18 1.207657307e-03 6.556172539e-18 6.556172539e-18 6.556172539e-18 6.556172539e-18
1.412484555e-04 6.556172539e-18 6.556172539e-18 1.412484555e-04 6.556172539e-18 6.556172539e-18
1.125741612e-01 0.000000000e+00 2.489290489e-01 0.000000000e+00 6.556172539e-18 6.556172539e-18
6.556172539e-18 0.000000000e+00 0.000000000e+00 0.000000000e+00 1.891390026e-03 6.556172539e-18
1.412484555e-04 0.000000000e+00 6.287997747e-01 6.556172539e-18 6.174222408e-03 6.556172539e-18

