7.312828517e-18 7.312828517e-18 7.312828517e-18 7.312828517e-18 7.312828517e-18 7.312828517e-18
7.312828517e-18 7.312828517e-18 3.375484299e-02 6.816797544e-04 7.312828517e-18 7.312828517e-18
7.312828517e-18 2.083714428e-02 1.222292563e-01 7.312828517e-18 3.970014111e-04 7.312828517e-18
7.312828517e-18 7.312828517e-18 5.795947429e-02 6.740513025e-01 4.806724190e-02 7.312828517e-18
7.312828517e-18 7.312828517e-18 7.312828517e-18 4.202205662e-02 7.312828517e-18 7.312828517e-18
7.312828517e-18 7.312828517e-18 7.312828517e-18 7.312828517e-18 7.312828517e-18 7.312828517e-18

5.534507961e-18 3.004593182e-04 5.534507961e-18 5.534507961e-18 5.534507961e-18 5.534507961e-18
5.534507961e-18 5.534507961e-18 1.573999184e-01 5.534507961e-18 5.534507961e-18 5.534507961e-18
5.534507961e-18 5.534507961e-18 5.534507961e-18 0.000000000e+00 5.534507961e-18 5.534507961e-18
5.534507961e-18 5.534507961e-18 0.000000000e+00 5.534507961e-18 5.534507961e-18 5.534507961e-18
5.534507961e-18 5.534507961e-18 5.534507961e-18 8.400674089e-01 5.534507961e-18 2.232213322e-03
5.534507961e-18 5.534507961e-18 5.534507961e-18 5.534507961e-18 5.534507961e-18 5.534507961e-18

5.363202982e-18 5.363202982e-18 5.363202982e-18 5.363202982e-18 5.363202982e-18 5.363202982e-18
5.363202982e-18 5.363202982e-18 0.000000000e+00 5.363202982e-18 5.363202982e-18 5.363202982e-18
6.694476587e-03 5.651130717e-02 5.363202982e-18 0.000000000e+00 9.303566545e-01 5.363202982e-18
5.363202982e-18 5.363202982e-18 0.000000000e+00 5.363202982e-18 0.000000000e+00 5.363202982e-18
5.363202982e-18 5.363202982e-18 5.363202982e-18 4.274440205e-03 2.163121497e-03 5.363202982e-18
5.363202982e-18 5.363202982e-18 5.363202982e-18 5.363202982e-18 5.363202982e-18 5.363202982e-18

6.418052501e-18 6.418052501e-18 6.418052501e-18 7.010377422e-03 6.418052501e-18 6.418052501e-18
6.418052501e-18 6.418052501e-18 0.000000000e+00 6.418052501e-18 6.418052501e-18 6.418052501e-18
6.418052501e-18 3.397586336e-01 0.000000000e+00 0.000000000e+00 0.000000000e+00 6.418052501e-18
6.418052501e-18 9.044274050e-03 0.000000000e+00 6.035347948e-01 0.000000000e+00 6.418052501e-18
6.418052501e-18 6.418052501e-18 6.418052501e-18 4.065192013e-02 6.418052501e-18 6.418052501e-18
6.418052501e-18 6.418052501e-18 6.418052501e-18 6.418052501e-18 6.418052501e-18 6.418052501e-18

2.066849970e-03 9.611225206e-03 8.799147928e-18 6.396533321e-03 2.680108820e-02 7.643059887e-03
8.799147928e-18 4.954407919e-02 0.000000000e+00 0.000000000e+00 5.208135567e-03 7.643059887e-03
1.510876493e-01 1.011279625e-01 0.000000000e+00 0.000000000e+00 0.000000000e+00 8.799147928e-18
8.799147928e-18 8.799147928e-18 0.000000000e+00 0.000000000e+00 0.000000000e+00 8.799147928e-18
5.199475852e-01 8.202299540e-04 6.973963452e-02 8.942740442e-03 3.548928896e-03 1.611825395e-02
8.799147928e-18 8.799147928e-18 8.799147928e-18 2.066849970e-03 8.799147928e-18 1.168613395e-02

1.052389697e-04 4.884760264e-18 4.884760264e-18 4.884760264e-18 1.052389697e-04 1.052389697e-04
4.884760264e-18 1.052389697e-04 0.000000000e+00 0.000000000e+00 1.052389697e-04 5.335576963e-03
1.052389697e-04 1.052389697e-04 0.000000000e+00 0.000000000e+00 0.000000000e+00 4.884760264e-18
1.052389697e-04 0.000000000e+00 0.000000000e+00 0.000000000e+00 0.000000000e+00 4.884760264e-18
9.911067726e-01 4.884760264e-18 0.000000000e+00 1.052389697e-04 1.052389697e-04 1.052389697e-04
1.052389697e-04 4.884760264e-18 1.147391394e-03 4.884760264e-18 4.884760264e-18 1.147391394e-03

