7.336339378e-18 7.336339378e-18 7.336339378e-18 7.336339378e-18 7.336339378e-18 7.336339378e-18
7.336339378e-18 1.580566406e-04 3.982777770e-04 1.580566406e-04 1.580566406e-04 7.336339378e-18
7.336339378e-18 1.395830765e-01 1.094194185e-02 1.315997339e-01 1.580566406e-04 7.336339378e-18
7.336339378e-18 2.958939550e-03 5.907221772e-01 4.831372800e-03 1.580566406e-04 7.336339378e-18
7.336339378e-18 7.336339378e-18 2.958939550e-03 1.148991443e-01 1.580566406e-04 7.336339378e-18
7.336339378e-18 1.580566406e-04 7.336339378e-18 7.336339378e-18 7.336339378e-18 7.336339378e-18

6.441579103e-18 6.441579103e-18 6.441579103e-18 6.441579103e-18 6.441579103e-18 6.441579103e-18
6.441579103e-18 6.441579103e-18 6.441579103e-18 6.441579103e-18 6.441579103e-18 6.441579103e-18
6.441579103e-18 1.235688913e-01 6.441579103e-18 3.497027159e-04 6.441579103e-18 6.441579103e-18
6.441579103e-18 6.441579103e-18 0.000000000e+00 1.858330968e-03 6.441579103e-18 6.441579103e-18
6.268945238e-01 0.000000000e+00 6.441579103e-18 2.469788485e-01 3.497027159e-04 6.441579103e-18
6.441579103e-18 6.441579103e-18 6.441579103e-18 6.441579103e-18 6.441579103e-18 6.441579103e-18

5.810450669e-18 5.810450669e-18 5.810450669e-18 5.810450669e-18 5.810450669e-18 5.810450669e-18
5.810450669e-18 5.810450669e-18 5.810450669e-18 5.810450669e-18 5.810450669e-18 5.810450669e-18
5.810450669e-18 5.810450669e-18 5.810450669e-18 5.810450669e-18 5.810450669e-18 5.810450669e-18
5.810450669e-18 0.000000000e+00 0.000000000e+00 5.810450669e-18 5.810450669e-18 5.810450669e-18
3.763378185e-01 0.000000000e+00 0.000000000e+00 5.810450669e-18 6.236621815e-01 5.810450669e-18
5.810450669e-18 5.810450669e-18 5.810450669e-18 5.810450669e-18 5.810450669e-18 5.810450669e-18

5.590445070e-18 5.590445070e-18 5.590445070e-18 5.590445070e-18 5.590445070e-18 5.590445070e-18
5.590445070e-18 5.590445070e-18 5.590445070e-18 5.590445070e-18 5.590445070e-18 5.590445070e-18
5.590445070e-18 5.590445070e-18 0.000000000e+00 5.590445070e-18 5.590445070e-18 5.590445070e-18
5.590445070e-18 0.000000000e+00 0.000000000e+00 5.590445070e-18 5.590445070e-18 5.590445070e-18
7.887781839e-01 0.000000000e+00 0.000000000e+00 0.000000000e+00 2.112218161e-01 5.590445070e-18
5.590445070e-18 5.590445070e-18 5.590445070e-18 5.590445070e-18 5.590445070e-18 5.590445070e-18

