1.439980377e-04 3.628523176e-04 1.439980377e-04 6.230433239e-04 3.628523176e-04 1.439980377e-04
1.439980377e-04 6.683796837e-18 6.230433239e-04 1.439980377e-04 6.683796837e-18 3.628523176e-04
1.439980377e-04 1.231165904e-03 1.166384105e-02 5.805637082e-03 1.439980377e-04 3.628523176e-04
2.303968603e-03 3.382399548e-02 6.683796837e-18 7.859378555e-01 1.439980377e-04 1.439980377e-04
1.439980377e-04 1.439980377e-04 1.250786593e-01 1.439980377e-04 1.439980377e-04 1.439980377e-04
6.683796837e-18 3.628523176e-04 2.794866267e-02 1.439980377e-04 3.628523176e-04 6.230433239e-04

6.664286949e-18 6.664286949e-18 6.664286949e-18 2.297243358e-03 6.664286949e-18 6.664286949e-18
6.664286949e-18 6.664286949e-18 1.435777099e-04 2.687883045e-03 1.435777099e-04 1.435777099e-04
6.664286949e-18 6.664286949e-18 5.591773620e-01 6.664286949e-18 6.276038278e-03 6.773040856e-03
1.435777099e-04 4.388790245e-03 0.000000000e+00 3.965704251e-01 6.212246712e-04 6.664286949e-18
1.227572152e-03 6.664286949e-18 1.458658609e-02 0.000000000e+00 6.664286949e-18 1.435777099e-04
6.664286949e-18 6.664286949e-18 4.388790245e-03 1.435777099e-04 1.435777099e-04 6.664286949e-18

5.522405630e-18 5.522405630e-18 5.522405630e-18 2.563273631e-03 5.522405630e-18 5.522405630e-18
5.522405630e-18 5.522405630e-18 5.522405630e-18 8.776992490e-01 5.522405630e-18 5.522405630e-18
1.189766226e-04 5.522405630e-18 0.000000000e+00 0.000000000e+00 1.155741303e-01 1.189766226e-04
5.522405630e-18 1.189766226e-04 0.000000000e+00 3.268661626e-03 2.998023026e-04 5.522405630e-18
5.522405630e-18 5.522405630e-18 1.189766226e-04 0.000000000e+00 5.522405630e-18 5.522405630e-18
5.522405630e-18 5.522405630e-18 1.189766226e-04 5.522405630e-18 5.522405630e-18 5.522405630e-18

6.472694175e-18 6.472694175e-18 6.472694175e-18 6.544289449e-01 1.192280461e-03 6.472694175e-18
6.472694175e-18 6.472694175e-18 6.472694175e-18 2.850470381e-01 0.000000000e+00 2.231199499e-03
1.394499687e-04 6.472694175e-18 0.000000000e+00 0.000000000e+00 7.570509033e-03 4.410624704e-02
6.472694175e-18 6.033649723e-04 0.000000000e+00 1.394499687e-04 1.394499687e-04 6.472694175e-18
6.472694175e-18 0.000000000e+00 4.262616132e-03 0.000000000e+00 6.472694175e-18 6.472694175e-18
6.472694175e-18 6.472694175e-18 1.394499687e-04 6.472694175e-18 6.472694175e-18 6.472694175e-18

