1.038716854e-17 2.237847623e-04 1.038716854e-17 1.913332804e-03 2.660115616e-02 1.038716854e-17
2.237847623e-04 0.000000000e+00 5.639022654e-04 1.038716854e-17 1.038716854e-17 5.639022654e-04
9.682604319e-04 9.682604319e-04 1.420944668e-03 2.759091758e-02 1.038716854e-17 5.639022654e-04
2.237847623e-04 1.580488237e-01 1.024890430e-01 9.682604319e-04 1.038716854e-17 1.038716854e-17
9.836912820e-02 1.038716854e-17 1.193789671e-01 1.913332804e-03 1.038716854e-17 9.700526776e-02
1.038716854e-17 1.011110482e-01 5.256526347e-02 7.972275804e-02 1.266021742e-01 1.038716854e-17

6.008394167e-03 4.766935699e-02 1.073577491e-02 4.597885813e-03 1.333341806e-02 9.902119105e-03
8.466192745e-02 0.000000000e+00 4.403820502e-02 1.891759686e-02 1.062665322e-03 3.288760308e-03
2.099881761e-03 0.000000000e+00 1.989389651e-02 4.766935699e-02 2.677748817e-03 6.188824441e-04
1.422963942e-02 2.456036607e-04 9.035257835e-02 2.188259552e-02 3.929658571e-03 1.700264516e-02
2.495177660e-02 0.000000000e+00 8.466192745e-02 2.099881761e-03 5.291370466e-03 9.085660702e-03
1.062665322e-03 3.461029361e-01 6.188824441e-04 6.008394167e-03 5.262016492e-02 2.677748817e-03

1.342516089e-04 1.342516089e-04 1.342516089e-04 1.342516089e-04 1.342516089e-04 1.342516089e-04
4.103716043e-03 0.000000000e+00 0.000000000e+00 1.342516089e-04 1.342516089e-04 1.342516089e-04
1.342516089e-04 0.000000000e+00 3.382928561e-04 1.342516089e-04 1.342516089e-04 1.342516089e-04
1.463708179e-03 0.000000000e+00 8.524445808e-04 1.342516089e-04 1.342516089e-04 1.342516089e-04
8.138202308e-01 0.000000000e+00 7.507867846e-02 1.342516089e-04 1.342516089e-04 1.342516089e-04
1.342516089e-04 1.342516089e-04 9.945744346e-02 1.342516089e-04 1.797698623e-03 1.342516089e-04

