6.241729522e-18 1.344739861e-04 6.241729522e-18 1.344739861e-04 1.344739861e-04 6.241729522e-18
6.241729522e-18 6.241729522e-18 6.241729522e-18 6.241729522e-18 6.241729522e-18 6.241729522e-18
3.388532115e-04 1.839578253e-02 3.694422891e-03 1.344739861e-04 6.241729522e-18 6.241729522e-18
1.796778918e-01 6.241729522e-18 7.711736192e-01 1.466132696e-03 0.000000000e+00 6.241729522e-18
6.241729522e-18 2.345812313e-02 6.241729522e-18 6.241729522e-18 6.241729522e-18 6.241729522e-18
6.241729522e-18 8.538565879e-04 1.344739861e-04 1.344739861e-04 1.344739861e-04 6.241729522e-18

8.062364904e-18 8.062364904e-18 8.062364904e-18 1.893785489e-03 8.062364904e-18 8.062364904e-18
8.062364904e-18 8.062364904e-18 8.062364904e-18 8.062364904e-18 8.062364904e-18 8.062364904e-18
8.062364904e-18 1.051014945e-01 1.085614915e-01 2.779174181e-03 8.062364904e-18 8.062364904e-18
1.857453396e-01 0.000000000e+00 8.062364904e-18 0.000000000e+00 0.000000000e+00 8.062364904e-18
8.062364904e-18 2.633929514e-01 3.242551660e-01 1.736983864e-04 3.251764832e-03 8.062364904e-18
8.062364904e-18 8.062364904e-18 1.102916005e-03 3.742218291e-03 8.062364904e-18 8.062364904e-18

4.701460789e-03 4.701460789e-03 5.995257115e-03 4.701460789e-03 5.338546935e-03 6.670483099e-03
1.865775951e-03 5.338546935e-03 1.595215999e-02 2.182224790e-04 3.491559664e-03 5.338546935e-03
4.085289436e-03 2.603519705e-01 2.182224790e-04 1.053616229e-01 1.184693883e-02 3.491559664e-03
1.029428431e-02 0.000000000e+00 0.000000000e+00 0.000000000e+00 0.000000000e+00 1.767602080e-02
4.085289436e-03 2.038989978e-01 2.620634022e-01 8.798179036e-03 0.000000000e+00 4.085289436e-03
4.085289436e-03 5.338546935e-03 4.701460789e-03 1.106379923e-02 4.701460789e-03 9.538894530e-03

