6.965889995e-18 6.965889995e-18 6.965889995e-18 6.965889995e-18 6.965889995e-18 6.965889995e-18
6.965889995e-18 0.000000000e+00 1.500755506e-04 1.500755506e-04 6.965889995e-18 6.965889995e-18
6.965889995e-18 6.493391948e-04 3.202944962e-01 4.495244038e-02 6.965889995e-18 6.965889995e-18
6.965889995e-18 2.809527524e-03 1.917291178e-02 3.671415401e-03 6.965889995e-18 6.965889995e-18
6.965889995e-18 6.965889995e-18 4.083911750e-02 5.671605254e-01 6.965889995e-18 6.965889995e-18
6.965889995e-18 1.500755506e-04 6.965889995e-18 6.965889995e-18 6.965889995e-18 6.965889995e-18

1.724889375e-04 1.724889375e-04 1.724889375e-04 1.724889375e-04 1.724889375e-04 1.724889375e-04
1.724889375e-04 0.000000000e+00 4.346448864e-04 4.346448864e-04 1.724889375e-04 1.724889375e-04
1.724889375e-04 0.000000000e+00 3.219974015e-01 5.846967798e-02 1.724889375e-04 1.724889375e-04
4.346448864e-04 1.724889375e-04 1.301900828e-01 1.328594278e-02 1.724889375e-04 1.724889375e-04
4.346448864e-04 0.000000000e+00 3.933506149e-01 7.163825800e-02 4.346448864e-04 1.724889375e-04
1.724889375e-04 5.272529885e-03 1.724889375e-04 1.724889375e-04 1.724889375e-04 1.724889375e-04

5.351149180e-04 1.236759872e-04 1.236759872e-04 5.351149180e-04 1.236759872e-04 1.236759872e-04
1.236759872e-04 0.000000000e+00 1.236759872e-04 1.236759872e-04 1.236759872e-04 1.236759872e-04
8.668096649e-01 0.000000000e+00 0.000000000e+00 1.219838331e-01 1.236759872e-04 1.236759872e-04
1.236759872e-04 0.000000000e+00 1.236759872e-04 3.780447302e-03 1.236759872e-04 1.236759872e-04
1.236759872e-04 0.000000000e+00 2.664518371e-03 1.236759872e-04 1.236759872e-04 1.236759872e-04
1.236759872e-04 5.351149180e-04 1.236759872e-04 3.116439592e-04 1.236759872e-04 1.236759872e-04

