7.336339378e-18 7.336339378e-18 7.336339378e-18 7.336339378e-18 7.336339378e-18 7.336339378e-18
7.336339378e-18 1.580566406e-04 3.982777770e-04 1.580566406e-04 1.580566406e-04 7.336339378e-18
7.336339378e-18 1.395830765e-01 1.094194185e-02 1.315997339e-01 1.580566406e-04 7.336339378e-18
7.336339378e-18 2.958939550e-03 5.907221772e-01 4.831372800e-03 1.580566406e-04 7.336339378e-18
7.336339378e-18 7.336339378e-18 2.958939550e-03 1.148991443e-01 1.580566406e-04 7.336339378e-18
7.336339378e-18 1.580566406e-04 7.336339378e-18 7.336339378e-18 7.336339378e-18 7.336339378e-18

5.621113778e-18 5.621113778e-18 5.621113778e-18 5.621113778e-18 5.621113778e-18 5.621113778e-18
5.621113778e-18 5.621113778e-18 5.621113778e-18 5.621113778e-18 5.621113778e-18 5.621113778e-18
5.621113778e-18 5.621113778e-18 1.267397385e-01 0.000000000e+00 5.621113778e-18 5.621113778e-18
5.621113778e-18 5.621113778e-18 5.621113778e-18 5.621113778e-18 5.621113778e-18 5.621113778e-18
2.267143737e-03 0.000000000e+00 5.621113778e-18 8.576539849e-01 1.333913288e-02 5.621113778e-18
5.621113778e-18 5.621113778e-18 5.621113778e-18 5.621113778e-18 5.621113778e-18 5.621113778e-18

6.717150885e-18 6.717150885e-18 6.717150885e-18 2.315466062e-03 6.717150885e-18 6.717150885e-18
6.717150885e-18 6.717150885e-18 6.717150885e-18 1.267514507e-01 6.717150885e-18 6.717150885e-18
6.717150885e-18 6.717150885e-18 6.717150885e-18 0.000000000e+00 6.717150885e-18 6.717150885e-18
6.717150885e-18 6.717150885e-18 6.717150885e-18 0.000000000e+00 6.717150885e-18 6.717150885e-18
3.420724001e-01 0.000000000e+00 0.000000000e+00 6.717150885e-18 5.153706368e-01 1.349004640e-02
6.717150885e-18 6.717150885e-18 6.717150885e-18 6.717150885e-18 6.717150885e-18 6.717150885e-18

5.595631688e-18 5.595631688e-18 5.595631688e-18 5.595631688e-18 5.595631688e-18 5.595631688e-18
5.595631688e-18 5.595631688e-18 5.595631688e-18 5.595631688e-18 5.595631688e-18 5.595631688e-18
5.595631688e-18 0.000000000e+00 3.280566592e-02 0.000000000e+00 5.595631688e-18 5.595631688e-18
5.595631688e-18 5.595631688e-18 5.595631688e-18 0.000000000e+00 5.595631688e-18 5.595631688e-18
7.857819853e-02 0.000000000e+00 0.000000000e+00 0.000000000e+00 8.863592694e-01 5.595631688e-18
5.595631688e-18 5.595631688e-18 2.256866137e-03 5.595631688e-18 5.595631688e-18 5.595631688e-18

