8.200758039e-18 8.200758039e-18 8.200758039e-18 8.200758039e-18 8.200758039e-18 8.200758039e-18
8.200758039e-18 1.766799761e-04 1.766799761e-04 7.337888385e-02 8.200758039e-18 8.200758039e-18
8.200758039e-18 8.200758039e-18 5.588162366e-02 3.344746393e-01 1.946073421e-02 8.200758039e-18
8.200758039e-18 7.766326462e-02 3.754739243e-01 8.200758039e-18 2.826879617e-03 8.200758039e-18
8.200758039e-18 8.200758039e-18 4.807881281e-02 1.223119774e-02 1.766799761e-04 8.200758039e-18
8.200758039e-18 8.200758039e-18 8.200758039e-18 8.200758039e-18 8.200758039e-18 8.200758039e-18

6.484036734e-18 6.484036734e-18 6.484036734e-18 6.484036734e-18 6.484036734e-18 6.484036734e-18
6.484036734e-18 1.396943367e-04 8.870037483e-04 6.484036734e-18 6.484036734e-18 6.484036734e-18
6.484036734e-18 6.484036734e-18 3.725953072e-02 0.000000000e+00 8.093527740e-03 6.484036734e-18
6.484036734e-18 1.396943367e-04 2.306278863e-01 0.000000000e+00 1.194369778e-03 6.484036734e-18
6.484036734e-18 6.044222913e-04 1.538688434e-02 6.484036734e-18 7.037964068e-01 6.484036734e-18
6.484036734e-18 6.484036734e-18 6.484036734e-18 1.870579569e-03 6.484036734e-18 6.484036734e-18

1.358818138e-04 6.307075098e-18 1.358818138e-04 6.307075098e-18 6.307075098e-18 1.358818138e-04
6.307075098e-18 5.879264628e-04 3.424007151e-04 6.307075098e-18 2.927484935e-03 6.307075098e-18
6.307075098e-18 1.358818138e-04 2.773445792e-02 0.000000000e+00 3.424007151e-04 6.307075098e-18
1.358818138e-04 6.307075098e-18 0.000000000e+00 0.000000000e+00 1.358818138e-04 1.358818138e-04
1.358818138e-04 3.262522350e-01 1.358818138e-04 0.000000000e+00 6.391838349e-01 1.358818138e-04
8.627957369e-04 6.307075098e-18 1.358818138e-04 1.358818138e-04 6.307075098e-18 1.358818138e-04

5.195923187e-18 5.195923187e-18 5.195923187e-18 5.195923187e-18 5.195923187e-18 5.195923187e-18
5.195923187e-18 2.738543449e-03 5.195923187e-18 5.195923187e-18 5.195923187e-18 5.195923187e-18
5.195923187e-18 5.195923187e-18 9.612046460e-01 0.000000000e+00 0.000000000e+00 5.195923187e-18
5.195923187e-18 5.195923187e-18 0.000000000e+00 0.000000000e+00 5.195923187e-18 5.195923187e-18
5.195923187e-18 9.067364501e-03 4.141119225e-03 0.000000000e+00 5.195923187e-18 5.195923187e-18
5.195923187e-18 5.195923187e-18 5.195923187e-18 0.000000000e+00 5.195923187e-18 2.284832680e-02

