6.982442023e-18 6.982442023e-18 6.982442023e-18 6.982442023e-18 1.504321532e-04 6.982442023e-18
6.982442023e-18 6.982442023e-18 1.921846957e-02 1.504321532e-04 6.982442023e-18 6.982442023e-18
6.982442023e-18 2.496348047e-01 5.710471127e-02 0.000000000e+00 1.504321532e-04 6.982442023e-18
1.504321532e-04 9.551846327e-04 6.982442023e-18 4.012354089e-02 7.096387874e-03 6.982442023e-18
6.982442023e-18 1.504321532e-04 3.790652727e-04 6.242061776e-01 1.504321532e-04 6.982442023e-18
6.982442023e-18 6.982442023e-18 3.790652727e-04 6.982442023e-18 6.982442023e-18 6.982442023e-18

4.764638410e-18 4.764638410e-18 2.586643688e-04 4.764638410e-18 4.764638410e-18 4.764638410e-18
4.764638410e-18 4.764638410e-18 4.764638410e-18 4.764638410e-18 4.764638410e-18 4.764638410e-18
4.764638410e-18 4.764638410e-18 9.937940015e-01 0.000000000e+00 4.764638410e-18 4.764638410e-18
4.764638410e-18 4.764638410e-18 0.000000000e+00 4.764638410e-18 0.000000000e+00 4.764638410e-18
4.764638410e-18 4.764638410e-18 4.764638410e-18 5.947334157e-03 4.764638410e-18 4.764638410e-18
4.764638410e-18 4.764638410e-18 4.764638410e-18 4.764638410e-18 4.764638410e-18 4.764638410e-18

1.308053814e-04 1.308053814e-04 1.308053814e-04 1.308053814e-04 1.308053814e-04 1.308053814e-04
3.296089068e-04 1.308053814e-04 0.000000000e+00 5.554009310e-01 1.308053814e-04 1.308053814e-04
1.308053814e-04 4.404081058e-01 0.000000000e+00 0.000000000e+00 1.308053814e-04 1.308053814e-04
1.308053814e-04 1.308053814e-04 0.000000000e+00 1.308053814e-04 0.000000000e+00 1.308053814e-04
1.308053814e-04 1.308053814e-04 1.308053814e-04 3.296089068e-04 1.308053814e-04 1.308053814e-04
1.308053814e-04 1.308053814e-04 1.308053814e-04 1.308053814e-04 1.308053814e-04 1.308053814e-04

1.509005892e-04 1.509005892e-04 1.509005892e-04 4.612631266e-03 1.509005892e-04 1.509005892e-04
7.650604238e-03 1.509005892e-04 0.000000000e+00 2.203044768e-02 1.509005892e-04 1.509005892e-04
0.000000000e+00 1.290181889e-03 0.000000000e+00 0.000000000e+00 0.000000000e+00 6.529089297e-04
2.273258775e-02 5.389480474e-01 0.000000000e+00 8.192144352e-03 0.000000000e+00 1.509005892e-04
1.509005892e-04 1.509005892e-04 1.509005892e-04 3.878828143e-01 1.509005892e-04 3.802456575e-04
1.509005892e-04 3.802456575e-04 3.802456575e-04 9.581590160e-04 1.645227408e-03 1.509005892e-04

7.728089613e-18 7.728089613e-18 7.728089613e-18 1.217097847e-02 7.728089613e-18 7.728089613e-18
1.210345975e-01 7.728089613e-18 0.000000000e+00 1.617351741e-01 7.728089613e-18 7.728089613e-18
0.000000000e+00 0.000000000e+00 0.000000000e+00 0.000000000e+00 0.000000000e+00 3.398316539e-02
1.386269751e-01 7.728089613e-18 0.000000000e+00 7.728089613e-18 0.000000000e+00 7.728089613e-18
7.728089613e-18 7.728089613e-18 7.728089613e-18 7.728089613e-18 7.728089613e-18 0.000000000e+00
7.728089613e-18 2.202038758e-02 7.728089613e-18 7.728089613e-18 5.104287218e-01 7.728089613e-18

4.125261894e-02 2.191352357e-02 2.618392879e-02 1.399184013e-02 2.402498802e-02 1.784225858e-02
1.039109903e-02 1.884031610e-02 0.000000000e+00 7.577267831e-02 1.985177316e-02 1.215807581e-02
0.000000000e+00 0.000000000e+00 0.000000000e+00 0.000000000e+00 0.000000000e+00 4.747462167e-02
0.000000000e+00 4.747462167e-02 0.000000000e+00 2.191352357e-02 0.000000000e+00 1.685797044e-02
7.153414494e-02 2.203576738e-03 1.784225858e-02 0.000000000e+00 1.685797044e-02 0.000000000e+00
2.191352357e-02 4.371515111e-02 4.371515111e-02 2.296318743e-02 3.115348633e-01 3.177633501e-02

