1.264011510e-03 1.351470472e-01 1.990693386e-04 1.009274208e-02 1.080714639e-02 5.016233002e-04
1.264011510e-03 1.990693386e-04 1.938592963e-02 9.487197375e-02 6.085022334e-03 8.613230042e-04
8.613230042e-04 1.990693386e-04 4.212538007e-01 9.239980191e-18 0.000000000e+00 3.185109418e-03
4.288818888e-03 9.239980191e-18 6.296309356e-02 1.191383371e-01 9.611415227e-02 5.016233002e-04
1.990693386e-04 9.239980191e-18 9.239980191e-18 1.990693386e-04 9.239980191e-18 1.990693386e-04
1.990693386e-04 4.288818888e-03 2.665641617e-03 1.702018904e-03 8.613230042e-04 5.016233002e-04

1.538099424e-04 1.538099424e-04 1.538099424e-04 3.254796708e-01 1.006054537e-02 1.538099424e-04
1.538099424e-04 1.538099424e-04 1.538099424e-04 4.961078527e-01 1.538099424e-04 2.879438156e-03
1.538099424e-04 1.538099424e-04 3.762772745e-03 0.000000000e+00 0.000000000e+00 2.879438156e-03
1.538099424e-04 1.538099424e-04 9.766322572e-04 1.540084012e-01 0.000000000e+00 1.538099424e-04
1.538099424e-04 1.538099424e-04 1.538099424e-04 1.538099424e-04 1.538099424e-04 1.538099424e-04
1.538099424e-04 1.538099424e-04 1.538099424e-04 1.538099424e-04 1.538099424e-04 1.538099424e-04

1.788160706e-04 1.788160706e-04 1.788160706e-04 2.534481859e-01 2.394439862e-03 1.788160706e-04
1.788160706e-04 1.788160706e-04 7.736922028e-04 1.844314856e-01 0.000000000e+00 1.237907524e-02
4.505882628e-04 1.788160706e-04 4.374517189e-03 0.000000000e+00 0.000000000e+00 7.319168355e-02
1.788160706e-04 1.788160706e-04 1.666869321e-02 4.210129755e-01 0.000000000e+00 1.788160706e-04
1.788160706e-04 1.788160706e-04 1.788160706e-04 7.736922028e-04 0.000000000e+00 7.209412204e-03
1.788160706e-04 1.377328956e-02 1.135411274e-03 1.949582185e-03 2.394439862e-03 1.135411274e-03

