7.908028948e-18 7.908028948e-18 7.908028948e-18 7.908028948e-18 7.908028948e-18 7.908028948e-18
7.908028948e-18 6.302651045e-03 7.908028948e-18 2.569342920e-01 2.281387042e-03 7.908028948e-18
7.908028948e-18 1.456671387e-03 1.064833243e-01 1.121999647e-01 7.908028948e-18 7.908028948e-18
7.908028948e-18 7.908028948e-18 3.963948406e-01 1.156654819e-01 2.281387042e-03 7.908028948e-18
7.908028948e-18 7.908028948e-18 7.908028948e-18 7.908028948e-18 7.908028948e-18 7.908028948e-18
7.908028948e-18 7.908028948e-18 7.908028948e-18 7.908028948e-18 7.908028948e-18 7.908028948e-18

5.234829870e-18 5.234829870e-18 5.234829870e-18 5.234829870e-18 5.234829870e-18 5.234829870e-18
7.810537643e-02 5.234829870e-18 0.000000000e+00 9.209303597e-01 5.234829870e-18 5.234829870e-18
5.234829870e-18 9.642639066e-04 5.234829870e-18 5.234829870e-18 5.234829870e-18 5.234829870e-18
5.234829870e-18 5.234829870e-18 5.234829870e-18 0.000000000e+00 5.234829870e-18 5.234829870e-18
5.234829870e-18 5.234829870e-18 5.234829870e-18 5.234829870e-18 5.234829870e-18 5.234829870e-18
5.234829870e-18 5.234829870e-18 5.234829870e-18 5.234829870e-18 5.234829870e-18 5.234829870e-18

4.864782416e-18 4.864782416e-18 4.864782416e-18 4.864782416e-18 4.864782416e-18 4.864782416e-18
2.641010218e-04 0.000000000e+00 0.000000000e+00 9.870533125e-01 1.048085600e-04 4.864782416e-18
4.864782416e-18 1.048085600e-04 1.048085600e-04 1.199925123e-02 4.864782416e-18 4.864782416e-18
4.864782416e-18 4.864782416e-18 1.048085600e-04 0.000000000e+00 4.864782416e-18 4.864782416e-18
4.864782416e-18 4.864782416e-18 4.864782416e-18 0.000000000e+00 4.864782416e-18 4.864782416e-18
4.864782416e-18 4.864782416e-18 4.864782416e-18 2.641010218e-04 4.864782416e-18 4.864782416e-18

4.818062748e-18 4.818062748e-18 0.000000000e+00 4.818062748e-18 4.818062748e-18 4.818062748e-18
1.660832244e-03 0.000000000e+00 0.000000000e+00 2.236346625e-03 0.000000000e+00 4.818062748e-18
4.818062748e-18 4.818062748e-18 4.818062748e-18 3.502486736e-03 4.818062748e-18 4.818062748e-18
4.818062748e-18 4.818062748e-18 9.926003344e-01 0.000000000e+00 4.818062748e-18 4.818062748e-18
4.818062748e-18 4.818062748e-18 4.818062748e-18 0.000000000e+00 4.818062748e-18 4.818062748e-18
4.818062748e-18 4.818062748e-18 4.818062748e-18 4.818062748e-18 4.818062748e-18 4.818062748e-18

