1.701606533e-04 5.477855862e-02 1.701606533e-04 1.701606533e-04 1.701606533e-04 1.701606533e-04
1.701606533e-04 3.820291207e-02 3.387611800e-02 1.701606533e-04 1.701606533e-04 1.701606533e-04
7.362423871e-04 4.287779778e-04 4.674847759e-03 2.925549782e-01 4.287779778e-04 1.701606533e-04
4.287779778e-04 5.149195270e-01 0.000000000e+00 1.177987819e-02 1.701606533e-04 1.701606533e-04
1.701606533e-04 4.086005286e-02 7.362423871e-04 1.701606533e-04 1.701606533e-04 1.701606533e-04
1.701606533e-04 1.454853121e-03 7.362423871e-04 1.701606533e-04 1.701606533e-04 1.701606533e-04

7.323402510e-03 1.806357183e-03 6.363600644e-03 1.470758084e-03 4.990314566e-03 1.039052219e-02
1.348982276e-04 5.836707325e-04 5.836707325e-04 1.348982276e-04 3.399222332e-04 8.315783067e-03
5.836707325e-04 0.000000000e+00 1.348982276e-04 0.000000000e+00 1.348982276e-04 9.861120260e-03
1.348982276e-04 9.094318453e-01 0.000000000e+00 1.348982276e-04 5.836707325e-04 3.399222332e-04
8.565503537e-04 1.348982276e-04 1.153363622e-03 2.353212934e-02 1.348982276e-04 7.815653612e-03
3.399222332e-04 5.836707325e-04 8.565503537e-04 3.399222332e-04 3.399222332e-04 1.348982276e-04

4.665052999e-18 4.665052999e-18 4.665052999e-18 4.665052999e-18 4.665052999e-18 4.665052999e-18
4.665052999e-18 1.005055201e-04 1.005055201e-04 4.665052999e-18 0.000000000e+00 4.665052999e-18
4.665052999e-18 0.000000000e+00 4.665052999e-18 0.000000000e+00 4.665052999e-18 4.665052999e-18
4.665052999e-18 9.996984834e-01 0.000000000e+00 4.665052999e-18 4.665052999e-18 4.665052999e-18
4.665052999e-18 0.000000000e+00 4.665052999e-18 4.665052999e-18 4.665052999e-18 4.665052999e-18
4.665052999e-18 1.005055201e-04 4.665052999e-18 4.665052999e-18 4.665052999e-18 4.665052999e-18

1.290352179e-04 8.193225623e-04 1.290352179e-04 1.045185265e-02 2.064563486e-03 0.000000000e+00
1.290352179e-04 1.290352179e-04 3.511354385e-02 2.779979496e-03 0.000000000e+00 9.012239769e-01
1.290352179e-04 0.000000000e+00 1.290352179e-04 0.000000000e+00 1.290352179e-04 1.290352179e-04
1.290352179e-04 0.000000000e+00 0.000000000e+00 1.290352179e-04 8.193225623e-04 1.290352179e-04
5.583029626e-04 0.000000000e+00 1.290352179e-04 7.005109370e-03 1.290352179e-04 1.290352179e-04
1.727848443e-03 1.290352179e-04 3.511354385e-02 1.290352179e-04 1.290352179e-04 1.290352179e-04

7.525911530e-04 4.255210176e-03 1.739391870e-04 5.315203110e-01 2.783026991e-03 0.000000000e+00
4.382992861e-04 4.382992861e-04 7.645849522e-02 4.778655952e-03 0.000000000e+00 4.382992861e-04
2.783026991e-03 0.000000000e+00 1.739391870e-04 0.000000000e+00 1.739391870e-04 8.818652652e-03
0.000000000e+00 0.000000000e+00 0.000000000e+00 0.000000000e+00 1.739391870e-04 1.739391870e-04
1.739391870e-04 0.000000000e+00 1.739391870e-04 1.510859499e-01 1.621408487e-02 1.739391870e-04
6.434563846e-03 4.382992861e-04 1.780883604e-01 7.525911530e-04 1.137717794e-02 7.525911530e-04

5.050696579e-18 1.088139592e-04 5.050696579e-18 5.133118448e-03 5.050696579e-18 0.000000000e+00
5.050696579e-18 5.050696579e-18 1.741023347e-03 0.000000000e+00 0.000000000e+00 9.750587546e-01
5.050696579e-18 0.000000000e+00 5.050696579e-18 0.000000000e+00 5.050696579e-18 5.050696579e-18
0.000000000e+00 0.000000000e+00 0.000000000e+00 0.000000000e+00 0.000000000e+00 5.050696579e-18
5.050696579e-18 0.000000000e+00 5.050696579e-18 1.639240038e-02 5.050696579e-18 5.050696579e-18
5.050696579e-18 5.050696579e-18 1.457075310e-03 1.088139592e-04 5.050696579e-18 5.050696579e-18

