6.468507115e-18 1.393597612e-04 6.468507115e-18 3.409266678e-03 1.393597612e-04 6.468507115e-18
1.393597612e-04 6.468507115e-18 1.393597612e-04 5.208299632e-02 8.848793262e-04 1.393597612e-04
1.393597612e-04 6.468507115e-18 7.750300650e-01 6.468507115e-18 1.458459893e-01 7.565611817e-03
1.393597612e-04 6.468507115e-18 1.866099430e-03 1.073417136e-02 3.511645933e-04 1.393597612e-04
1.393597612e-04 6.468507115e-18 6.468507115e-18 1.393597612e-04 6.468507115e-18 6.468507115e-18
1.393597612e-04 1.393597612e-04 1.393597612e-04 1.393597612e-04 1.393597612e-04 1.393597612e-04

7.609425341e-18 7.609425341e-18 1.639400993e-04 7.609425341e-18 7.609425341e-18 7.609425341e-18
7.609425341e-18 7.609425341e-18 4.292002579e-01 2.762440028e-01 7.609425341e-18 1.639400993e-04
1.010606533e-02 1.364983677e-01 7.609425341e-18 0.000000000e+00 3.263771055e-02 1.639400993e-04
7.609425341e-18 7.609425341e-18 1.146578353e-01 0.000000000e+00 7.609425341e-18 7.609425341e-18
7.609425341e-18 7.609425341e-18 1.639400993e-04 7.609425341e-18 7.609425341e-18 7.609425341e-18
7.609425341e-18 7.609425341e-18 7.609425341e-18 7.609425341e-18 7.609425341e-18 7.609425341e-18

5.657348168e-18 5.657348168e-18 3.348532886e-03 5.657348168e-18 5.657348168e-18 5.657348168e-18
5.657348168e-18 5.657348168e-18 5.657348168e-18 9.388092740e-03 5.657348168e-18 5.657348168e-18
5.657348168e-18 1.463703564e-01 0.000000000e+00 0.000000000e+00 5.657348168e-18 5.657348168e-18
5.657348168e-18 5.657348168e-18 8.408930179e-01 0.000000000e+00 5.657348168e-18 5.657348168e-18
5.657348168e-18 5.657348168e-18 5.657348168e-18 5.657348168e-18 5.657348168e-18 5.657348168e-18
5.657348168e-18 5.657348168e-18 0.000000000e+00 5.657348168e-18 5.657348168e-18 5.657348168e-18

7.084836404e-18 3.288489754e-03 3.288489754e-03 7.084836404e-18 7.084836404e-18 7.084836404e-18
3.846240949e-04 4.618951235e-01 0.000000000e+00 3.880078647e-01 7.084836404e-18 7.084836404e-18
1.015527186e-01 7.084836404e-18 0.000000000e+00 0.000000000e+00 7.084836404e-18 7.084836404e-18
7.084836404e-18 3.192616440e-02 0.000000000e+00 0.000000000e+00 7.084836404e-18 7.084836404e-18
7.084836404e-18 7.084836404e-18 6.604270192e-04 7.084836404e-18 7.084836404e-18 7.084836404e-18
8.843460072e-03 7.084836404e-18 0.000000000e+00 1.526381732e-04 7.084836404e-18 7.084836404e-18

