1.404935970e-04 1.404935970e-04 1.404935970e-04 1.404935970e-04 3.540216804e-04 1.404935970e-04
1.404935970e-04 6.521135109e-18 1.404935970e-04 1.201203357e-03 1.404935970e-04 1.404935970e-04
1.404935970e-04 6.521135109e-18 6.078804896e-04 1.794876868e-02 3.437004588e-03 1.404935970e-04
1.404935970e-04 3.540216804e-04 7.878131145e-01 6.521135109e-18 1.438449539e-01 4.740533783e-03
3.540216804e-04 6.521135109e-18 1.404935970e-04 2.867575611e-02 1.404935970e-04 1.404935970e-04
1.404935970e-04 6.521135109e-18 1.404935970e-04 8.139834807e-03 1.404935970e-04 6.521135109e-18

1.555231373e-03 8.443094874e-18 8.443094874e-18 8.443094874e-18 8.443094874e-18 2.435748195e-03
1.819009649e-04 8.443094874e-18 8.443094874e-18 8.443094874e-18 8.443094874e-18 8.443094874e-18
8.443094874e-18 8.443094874e-18 1.424023938e-01 1.360242644e-01 8.443094874e-18 8.443094874e-18
8.443094874e-18 1.876132557e-01 8.443094874e-18 0.000000000e+00 2.637902984e-01 8.443094874e-18
8.443094874e-18 8.443094874e-18 1.889889690e-01 7.664413623e-02 0.000000000e+00 1.819009649e-04
8.443094874e-18 8.443094874e-18 1.819009649e-04 8.443094874e-18 8.443094874e-18 8.443094874e-18

5.754426760e-18 5.754426760e-18 5.754426760e-18 5.754426760e-18 5.754426760e-18 5.754426760e-18
5.754426760e-18 5.754426760e-18 5.754426760e-18 5.754426760e-18 5.754426760e-18 5.754426760e-18
5.754426760e-18 5.754426760e-18 2.999813075e-01 5.754426760e-18 5.754426760e-18 5.754426760e-18
5.364102565e-04 5.754426760e-18 0.000000000e+00 0.000000000e+00 5.754426760e-18 5.754426760e-18
5.754426760e-18 5.754426760e-18 6.994822822e-01 0.000000000e+00 0.000000000e+00 5.754426760e-18
5.754426760e-18 5.754426760e-18 5.754426760e-18 5.754426760e-18 5.754426760e-18 5.754426760e-18

4.647784847e-18 4.647784847e-18 4.647784847e-18 4.647784847e-18 4.647784847e-18 4.647784847e-18
4.647784847e-18 4.647784847e-18 4.647784847e-18 4.647784847e-18 4.647784847e-18 4.647784847e-18
4.647784847e-18 4.647784847e-18 4.647784847e-18 0.000000000e+00 4.647784847e-18 4.647784847e-18
4.647784847e-18 0.000000000e+00 0.000000000e+00 0.000000000e+00 4.647784847e-18 4.647784847e-18
4.647784847e-18 4.647784847e-18 1.000000000e+00 0.000000000e+00 0.000000000e+00 4.647784847e-18
4.647784847e-18 4.647784847e-18 4.647784847e-18 4.647784847e-18 4.647784847e-18 4.647784847e-18

