7.400415018e-18 7.400415018e-18 7.400415018e-18 7.400415018e-18 7.400415018e-18 7.400415018e-18
7.400415018e-18 1.012362534e-03 1.594371084e-04 1.594371084e-04 7.400415018e-18 7.400415018e-18
7.400415018e-18 7.400415018e-18 1.756148749e-02 4.265598703e-01 7.400415018e-18 7.400415018e-18
7.400415018e-18 1.159026743e-01 3.230467179e-01 1.137002774e-01 7.400415018e-18 7.400415018e-18
7.400415018e-18 1.738298717e-03 7.400415018e-18 1.594371084e-04 7.400415018e-18 7.400415018e-18
7.400415018e-18 7.400415018e-18 7.400415018e-18 7.400415018e-18 7.400415018e-18 7.400415018e-18

6.553874064e-18 3.557990244e-04 6.553874064e-18 6.553874064e-18 6.553874064e-18 6.553874064e-18
6.553874064e-18 2.260032981e-02 6.553874064e-18 6.553874064e-18 6.553874064e-18 6.553874064e-18
6.553874064e-18 0.000000000e+00 0.000000000e+00 6.553874064e-18 6.553874064e-18 6.553874064e-18
6.553874064e-18 6.553874064e-18 1.403230817e-01 6.829707171e-01 6.553874064e-18 6.553874064e-18
6.553874064e-18 1.520694205e-01 6.553874064e-18 6.553874064e-18 1.411989364e-04 6.553874064e-18
6.553874064e-18 1.539452970e-03 6.553874064e-18 6.553874064e-18 6.553874064e-18 6.553874064e-18

5.863437199e-18 5.863437199e-18 5.863437199e-18 5.863437199e-18 5.863437199e-18 5.863437199e-18
5.863437199e-18 1.074062745e-02 5.863437199e-18 5.863437199e-18 5.863437199e-18 5.863437199e-18
5.863437199e-18 0.000000000e+00 0.000000000e+00 0.000000000e+00 5.863437199e-18 5.465718798e-04
2.514896428e-02 0.000000000e+00 5.863437199e-18 3.644318547e-02 3.183163445e-04 5.863437199e-18
5.863437199e-18 8.930822311e-01 5.863437199e-18 3.099853699e-02 5.863437199e-18 5.863437199e-18
5.863437199e-18 2.721566463e-03 5.863437199e-18 5.863437199e-18 5.863437199e-18 5.863437199e-18

5.278119857e-18 5.278119857e-18 5.278119857e-18 5.278119857e-18 5.278119857e-18 5.278119857e-18
5.278119857e-18 1.137136452e-04 5.278119857e-18 5.278119857e-18 5.278119857e-18 5.278119857e-18
5.278119857e-18 0.000000000e+00 0.000000000e+00 0.000000000e+00 0.000000000e+00 9.668444825e-03
5.278119857e-18 0.000000000e+00 0.000000000e+00 5.348611820e-02 5.278119857e-18 5.278119857e-18
5.278119857e-18 9.357594853e-01 5.278119857e-18 9.722379903e-04 5.278119857e-18 5.278119857e-18
5.278119857e-18 5.278119857e-18 5.278119857e-18 5.278119857e-18 5.278119857e-18 5.278119857e-18

