3.933344938e-04 1.560948973e-04 1.560948973e-04 3.933344938e-04 1.560948973e-04 1.560948973e-04
1.560948973e-04 1.560948973e-04 6.823186910e-03 5.774446808e-03 1.560948973e-04 1.560948973e-04
6.753833958e-04 3.933344938e-04 4.878546124e-01 4.288417252e-03 1.948413362e-01 1.560948973e-04
1.560948973e-04 3.933344938e-04 0.000000000e+00 1.560948973e-04 1.560948973e-04 1.560948973e-04
3.933344938e-04 3.933344938e-04 2.927623243e-01 3.933344938e-04 1.560948973e-04 1.560948973e-04
1.560948973e-04 3.933344938e-04 3.933344938e-04 3.933344938e-04 1.560948973e-04 3.933344938e-04

1.568962014e-04 1.568962014e-04 1.568962014e-04 1.568962014e-04 1.568962014e-04 1.568962014e-04
1.568962014e-04 1.026241430e-02 3.953536535e-04 1.568962014e-04 1.568962014e-04 1.568962014e-04
3.953536535e-04 3.953536535e-04 6.831228543e-01 1.140555640e-01 3.685367170e-02 1.568962014e-04
1.568962014e-04 2.437152270e-02 0.000000000e+00 0.000000000e+00 1.568962014e-04 1.568962014e-04
1.568962014e-04 1.710595910e-03 1.184210984e-01 0.000000000e+00 5.804089593e-03 1.568962014e-04
1.568962014e-04 1.568962014e-04 3.953536535e-04 1.568962014e-04 6.788504370e-04 1.568962014e-04

1.045718158e-04 1.045718158e-04 1.045718158e-04 1.045718158e-04 1.045718158e-04 1.045718158e-04
1.045718158e-04 1.140117600e-03 1.045718158e-04 1.045718158e-04 1.045718158e-04 1.045718158e-04
1.045718158e-04 0.000000000e+00 1.045718158e-04 0.000000000e+00 1.045718158e-04 1.045718158e-04
1.045718158e-04 9.958272997e-01 0.000000000e+00 0.000000000e+00 1.045718158e-04 1.045718158e-04
1.045718158e-04 1.045718158e-04 1.045718158e-04 0.000000000e+00 1.045718158e-04 1.045718158e-04
1.045718158e-04 1.045718158e-04 1.045718158e-04 1.045718158e-04 1.045718158e-04 1.045718158e-04

4.727606905e-18 4.727606905e-18 4.727606905e-18 4.727606905e-18 4.727606905e-18 4.727606905e-18
4.727606905e-18 8.708326376e-04 1.018532032e-04 4.727606905e-18 0.000000000e+00 1.018532032e-04
4.727606905e-18 0.000000000e+00 4.727606905e-18 0.000000000e+00 1.018532032e-04 1.018532032e-04
1.018532032e-04 9.982124885e-01 0.000000000e+00 0.000000000e+00 4.727606905e-18 4.727606905e-18
1.018532032e-04 0.000000000e+00 1.018532032e-04 0.000000000e+00 4.727606905e-18 4.727606905e-18
4.727606905e-18 1.018532032e-04 4.727606905e-18 4.727606905e-18 4.727606905e-18 1.018532032e-04

1.261758690e-04 1.261758690e-04 5.459312787e-04 1.261758690e-04 1.261758690e-04 0.000000000e+00
1.261758690e-04 3.179432668e-04 1.078788505e-03 1.261758690e-04 0.000000000e+00 4.422043357e-02
1.261758690e-04 0.000000000e+00 1.689560281e-03 0.000000000e+00 1.261758690e-04 1.261758690e-04
5.952137812e-03 0.000000000e+00 0.000000000e+00 0.000000000e+00 1.261758690e-04 1.261758690e-04
1.261758690e-04 0.000000000e+00 8.997570666e-01 0.000000000e+00 3.179432668e-04 1.261758690e-04
1.261758690e-04 4.133303269e-02 1.078788505e-03 1.261758690e-04 1.689560281e-03 1.261758690e-04

1.067331632e-04 4.954114586e-18 4.954114586e-18 1.067331632e-04 4.954114586e-18 0.000000000e+00
4.954114586e-18 1.067331632e-04 4.954114586e-18 4.954114586e-18 0.000000000e+00 1.067331632e-04
1.067331632e-04 0.000000000e+00 1.067331632e-04 0.000000000e+00 0.000000000e+00 4.954114586e-18
1.067331632e-04 0.000000000e+00 0.000000000e+00 0.000000000e+00 4.954114586e-18 8.221110987e-03
4.954114586e-18 0.000000000e+00 0.000000000e+00 0.000000000e+00 9.828106459e-01 4.954114586e-18
4.954114586e-18 4.954114586e-18 4.954114586e-18 4.954114586e-18 8.221110987e-03 4.954114586e-18

1.024572804e-04 4.755645684e-18 4.755645684e-18 4.755645684e-18 4.755645684e-18 0.000000000e+00
4.755645684e-18 1.024572804e-04 6.505631785e-04 4.755645684e-18 0.000000000e+00 1.024572804e-04
1.024572804e-04 0.000000000e+00 4.755645684e-18 0.000000000e+00 0.000000000e+00 4.755645684e-18
2.581761685e-04 0.000000000e+00 0.000000000e+00 0.000000000e+00 0.000000000e+00 9.973423434e-01
4.755645684e-18 0.000000000e+00 0.000000000e+00 0.000000000e+00 0.000000000e+00 4.755645684e-18
4.755645684e-18 1.024572804e-04 8.759974248e-04 4.755645684e-18 2.581761685e-04 1.024572804e-04

4.992070816e-18 4.992070816e-18 4.992070816e-18 4.992070816e-18 4.992070816e-18 0.000000000e+00
4.992070816e-18 1.075509054e-04 9.195473066e-04 4.992070816e-18 0.000000000e+00 2.710112994e-04
0.000000000e+00 0.000000000e+00 1.075509054e-04 0.000000000e+00 0.000000000e+00 4.992070816e-18
1.720814487e-03 0.000000000e+00 0.000000000e+00 0.000000000e+00 0.000000000e+00 9.833230480e-01
4.992070816e-18 0.000000000e+00 0.000000000e+00 0.000000000e+00 0.000000000e+00 0.000000000e+00
1.075509054e-04 4.653457414e-04 9.582483234e-03 4.992070816e-18 3.287546270e-03 1.075509054e-04

1.073529339e-04 1.073529339e-04 4.982881794e-18 4.982881794e-18 4.982881794e-18 0.000000000e+00
4.982881794e-18 1.182458228e-02 0.000000000e+00 1.073529339e-04 0.000000000e+00 1.437511424e-03
0.000000000e+00 0.000000000e+00 4.982881794e-18 0.000000000e+00 0.000000000e+00 4.982881794e-18
6.816486410e-04 0.000000000e+00 0.000000000e+00 0.000000000e+00 0.000000000e+00 9.829129336e-01
4.982881794e-18 0.000000000e+00 0.000000000e+00 0.000000000e+00 0.000000000e+00 0.000000000e+00
4.982881794e-18 2.705124425e-04 2.009727911e-03 0.000000000e+00 2.705124425e-04 2.705124425e-04

5.905838853e-02 5.905838853e-02 5.905838853e-02 5.905838853e-02 5.905838853e-02 0.000000000e+00
5.905838853e-02 5.905838853e-02 0.000000000e+00 0.000000000e+00 0.000000000e+00 5.772752019e-02
0.000000000e+00 0.000000000e+00 0.000000000e+00 0.000000000e+00 0.000000000e+00 5.905838853e-02
5.905838853e-02 0.000000000e+00 0.000000000e+00 0.000000000e+00 0.000000000e+00 5.905838853e-02
5.905838853e-02 0.000000000e+00 0.000000000e+00 0.000000000e+00 0.000000000e+00 0.000000000e+00
5.905838853e-02 5.905838853e-02 5.905838853e-02 0.000000000e+00 5.772752019e-02 5.772752019e-02

