8.047916303e-18 8.047916303e-18 8.047916303e-18 8.047916303e-18 8.047916303e-18 8.047916303e-18
8.047916303e-18 1.200323863e-02 8.047916303e-18 2.293170047e-02 2.586019369e-01 8.047916303e-18
8.047916303e-18 7.502024143e-04 7.940789994e-02 7.410609394e-02 0.000000000e+00 8.047916303e-18
8.047916303e-18 8.047916303e-18 3.716186684e-01 1.801433511e-01 4.369081158e-04 8.047916303e-18
8.047916303e-18 8.047916303e-18 8.047916303e-18 8.047916303e-18 8.047916303e-18 8.047916303e-18
8.047916303e-18 8.047916303e-18 8.047916303e-18 8.047916303e-18 8.047916303e-18 8.047916303e-18

5.455110880e-18 5.455110880e-18 5.455110880e-18 5.455110880e-18 5.455110880e-18 5.455110880e-18
7.244923825e-03 7.189142041e-02 0.000000000e+00 5.455110880e-18 8.136142968e-03 5.455110880e-18
5.455110880e-18 5.455110880e-18 9.123138370e-01 0.000000000e+00 0.000000000e+00 2.961489815e-04
5.455110880e-18 5.455110880e-18 1.175268012e-04 5.455110880e-18 5.455110880e-18 5.455110880e-18
5.455110880e-18 5.455110880e-18 5.455110880e-18 5.455110880e-18 5.455110880e-18 5.455110880e-18
5.455110880e-18 5.455110880e-18 5.455110880e-18 5.455110880e-18 5.455110880e-18 5.455110880e-18

1.818255033e-04 1.818255033e-04 4.581715580e-04 1.818255033e-04 7.867132619e-04 1.554586186e-03
7.661234042e-02 3.700368452e-01 0.000000000e+00 0.000000000e+00 0.000000000e+00 3.917311718e-03
1.818255033e-04 1.618968023e-01 2.757167579e-01 0.000000000e+00 0.000000000e+00 9.218485982e-03
1.554586186e-03 4.581715580e-04 7.661234042e-02 2.434737725e-03 1.258741219e-02 1.818255033e-04
1.818255033e-04 1.818255033e-04 1.818255033e-04 1.818255033e-04 7.867132619e-04 1.154519981e-03
1.818255033e-04 1.818255033e-04 4.581715580e-04 7.867132619e-04 7.867132619e-04 1.818255033e-04

