1.336813703e-02 7.297826152e-02 2.307341243e-04 1.008580090e-02 5.540533803e-02 2.307341243e-04
1.070972935e-17 1.070972935e-17 2.307341243e-04 1.961805152e-02 1.070972935e-17 1.157496401e-01
2.307341243e-04 5.814135601e-04 8.219845073e-02 9.168504541e-02 5.180231324e-02 2.307341243e-04
5.814135601e-04 2.307341243e-04 0.000000000e+00 1.070972935e-17 1.987503923e-01 1.972749013e-03
2.150833713e-02 2.307341243e-04 3.262047679e-02 1.987503923e-01 5.814135601e-04 3.691745988e-03
1.465070366e-03 9.983285746e-04 1.252617543e-02 1.088450047e-02 5.814135601e-04 1.070972935e-17

3.766546213e-04 1.629689897e-03 6.467428644e-04 1.277997424e-03 1.277997424e-03 6.467428644e-04
1.277997424e-03 3.766546213e-04 1.494754855e-04 2.001554221e-03 6.467428644e-04 1.629689897e-03
1.629689897e-03 6.467428644e-04 4.106561213e-03 8.660222147e-03 5.043600592e-03 3.766546213e-04
9.491101719e-04 3.766546213e-04 0.000000000e+00 0.000000000e+00 6.118221031e-02 2.798293855e-03
9.491101719e-04 6.467428644e-04 8.433566832e-01 0.000000000e+00 2.251790142e-02 2.001554221e-03
1.277997424e-03 1.277997424e-03 8.660222147e-03 1.842916273e-02 3.766546213e-04 2.798293855e-03

2.332297166e-01 3.673137868e-02 1.618053127e-03 1.618053127e-03 1.618053127e-03 1.201653972e-03
1.892486418e-04 1.618053127e-03 8.272396327e-03 6.385626100e-03 8.188313169e-04 2.063325625e-03
5.577583659e-01 0.000000000e+00 2.762899950e-02 1.310130107e-02 1.383415964e-02 1.201653972e-03
1.618053127e-03 1.618053127e-03 0.000000000e+00 0.000000000e+00 3.119199938e-02 1.201653972e-03
5.784829648e-03 8.188313169e-04 1.383415964e-02 0.000000000e+00 3.027978268e-03 1.618053127e-03
5.199254775e-03 8.188313169e-04 1.096457572e-02 5.784829648e-03 0.000000000e+00 7.630027118e-03

4.704632196e-01 4.973156882e-03 1.149398131e-03 3.899933169e-03 1.547689504e-03 1.547689504e-03
0.000000000e+00 4.428405808e-03 3.878298219e-02 1.973598616e-03 1.149398131e-03 1.149398131e-03
1.059545912e-01 0.000000000e+00 1.810188625e-04 0.000000000e+00 7.832231300e-04 7.832231300e-04
3.050222330e-01 3.899933169e-03 0.000000000e+00 0.000000000e+00 2.423936387e-03 7.832231300e-04
1.547689504e-03 7.832231300e-04 9.177589591e-03 0.000000000e+00 1.149398131e-03 2.423936387e-03
1.973598616e-03 7.832231300e-04 1.539103668e-02 6.696463565e-03 0.000000000e+00 9.177589591e-03

1.820354903e-02 6.174181285e-03 1.426979401e-03 5.497872059e-03 3.009320444e-03 1.385376947e-02
0.000000000e+00 4.841772531e-03 5.753220433e-02 1.469968958e-02 2.450225467e-03 3.009320444e-03
1.743522255e-01 0.000000000e+00 0.000000000e+00 0.000000000e+00 6.174181285e-03 3.009320444e-03
1.315427744e-01 3.520493215e-01 0.000000000e+00 0.000000000e+00 6.869558907e-03 4.207211984e-03
8.313668964e-03 0.000000000e+00 5.045548366e-02 0.000000000e+00 2.450225467e-03 9.060754410e-03
9.723726208e-04 4.250414493e-02 2.572932788e-02 4.474098506e-02 0.000000000e+00 6.869558907e-03

