7.312828517e-18 7.312828517e-18 7.312828517e-18 7.312828517e-18 7.312828517e-18 7.312828517e-18
7.312828517e-18 7.312828517e-18 3.375484299e-02 6.816797544e-04 7.312828517e-18 7.312828517e-18
7.312828517e-18 2.083714428e-02 1.222292563e-01 7.312828517e-18 3.970014111e-04 7.312828517e-18
7.312828517e-18 7.312828517e-18 5.795947429e-02 6.740513025e-01 4.806724190e-02 7.312828517e-18
7.312828517e-18 7.312828517e-18 7.312828517e-18 4.202205662e-02 7.312828517e-18 7.312828517e-18
7.312828517e-18 7.312828517e-18 7.312828517e-18 7.312828517e-18 7.312828517e-18 7.312828517e-18

6.282336582e-18 6.282336582e-18 6.282336582e-18 6.282336582e-18 6.282336582e-18 6.282336582e-18
6.282336582e-18 6.282336582e-18 6.282336582e-18 6.282336582e-18 6.282336582e-18 6.282336582e-18
6.282336582e-18 6.282336582e-18 4.135966028e-01 0.000000000e+00 6.282336582e-18 5.297830955e-02
6.282336582e-18 6.282336582e-18 5.856204132e-04 0.000000000e+00 5.328394672e-01 6.282336582e-18
6.282336582e-18 6.282336582e-18 6.282336582e-18 6.282336582e-18 6.282336582e-18 6.282336582e-18
6.282336582e-18 6.282336582e-18 6.282336582e-18 6.282336582e-18 6.282336582e-18 6.282336582e-18

5.985840784e-18 5.985840784e-18 5.985840784e-18 5.985840784e-18 5.985840784e-18 5.985840784e-18
5.985840784e-18 5.985840784e-18 1.289610304e-04 5.985840784e-18 5.985840784e-18 5.985840784e-18
5.985840784e-18 1.289610304e-04 7.590741321e-01 0.000000000e+00 0.000000000e+00 2.009373801e-01
5.985840784e-18 5.985840784e-18 3.862796444e-02 0.000000000e+00 0.000000000e+00 1.102601300e-03
5.985840784e-18 5.985840784e-18 5.985840784e-18 5.985840784e-18 5.985840784e-18 5.985840784e-18
5.985840784e-18 5.985840784e-18 5.985840784e-18 5.985840784e-18 5.985840784e-18 5.985840784e-18

9.747027096e-18 9.747027096e-18 9.230682591e-02 9.747027096e-18 9.747027096e-18 9.747027096e-18
9.747027096e-18 9.747027096e-18 8.721461671e-02 9.747027096e-18 8.975169204e-02 0.000000000e+00
9.747027096e-18 1.040218497e-01 1.629153302e-01 0.000000000e+00 0.000000000e+00 1.778573061e-01
9.747027096e-18 9.747027096e-18 9.747027096e-18 0.000000000e+00 0.000000000e+00 7.602847801e-02
9.747027096e-18 6.879018440e-02 9.747027096e-18 0.000000000e+00 1.957494331e-02 9.747027096e-18
9.747027096e-18 9.747027096e-18 9.747027096e-18 1.215387736e-01 9.747027096e-18 9.747027096e-18

5.072594220e-18 5.072594220e-18 5.072594220e-18 5.072594220e-18 5.072594220e-18 9.580784080e-01
5.072594220e-18 5.072594220e-18 5.072594220e-18 5.072594220e-18 5.072594220e-18 0.000000000e+00
5.072594220e-18 5.072594220e-18 3.956710228e-02 0.000000000e+00 0.000000000e+00 5.072594220e-18
5.072594220e-18 5.072594220e-18 0.000000000e+00 0.000000000e+00 0.000000000e+00 5.072594220e-18
5.072594220e-18 2.354489669e-03 5.072594220e-18 0.000000000e+00 0.000000000e+00 5.072594220e-18
5.072594220e-18 5.072594220e-18 5.072594220e-18 5.072594220e-18 5.072594220e-18 5.072594220e-18

