7.710567434e-18 7.710567434e-18 7.710567434e-18 7.710567434e-18 7.710567434e-18 7.710567434e-18
7.710567434e-18 7.710567434e-18 1.661191396e-04 7.187557731e-04 7.710567434e-18 7.710567434e-18
7.710567434e-18 4.185940015e-04 4.520495868e-02 4.879592262e-01 1.420298665e-03 7.710567434e-18
7.710567434e-18 7.710567434e-18 2.884625110e-01 2.897841690e-02 7.187557731e-04 7.710567434e-18
7.710567434e-18 6.305956076e-02 7.505640758e-02 7.710567434e-18 7.836395499e-03 7.710567434e-18
7.710567434e-18 7.710567434e-18 7.710567434e-18 7.710567434e-18 7.710567434e-18 7.710567434e-18

5.248688471e-18 5.248688471e-18 5.248688471e-18 5.248688471e-18 5.248688471e-18 5.248688471e-18
5.248688471e-18 5.248688471e-18 5.248688471e-18 5.248688471e-18 5.248688471e-18 5.248688471e-18
5.248688471e-18 5.248688471e-18 2.849426490e-04 2.597288218e-02 5.248688471e-18 5.248688471e-18
5.248688471e-18 5.248688471e-18 0.000000000e+00 9.506999792e-01 5.248688471e-18 5.248688471e-18
5.248688471e-18 5.248688471e-18 2.027584223e-02 0.000000000e+00 2.766353718e-03 5.248688471e-18
5.248688471e-18 5.248688471e-18 5.248688471e-18 5.248688471e-18 5.248688471e-18 5.248688471e-18

6.351792440e-18 6.351792440e-18 6.351792440e-18 6.351792440e-18 6.351792440e-18 6.351792440e-18
6.351792440e-18 3.072323595e-02 6.351792440e-18 2.561845751e-03 6.351792440e-18 6.351792440e-18
6.351792440e-18 6.351792440e-18 5.683467765e-02 1.708134342e-01 6.351792440e-18 6.351792440e-18
0.000000000e+00 7.390668064e-01 0.000000000e+00 6.351792440e-18 6.351792440e-18 6.351792440e-18
6.351792440e-18 6.351792440e-18 6.351792440e-18 0.000000000e+00 6.351792440e-18 6.351792440e-18
6.351792440e-18 6.351792440e-18 6.351792440e-18 0.000000000e+00 6.351792440e-18 6.351792440e-18

4.763096055e-18 4.763096055e-18 4.763096055e-18 4.763096055e-18 4.763096055e-18 4.763096055e-18
4.763096055e-18 4.763096055e-18 4.763096055e-18 4.763096055e-18 4.763096055e-18 4.763096055e-18
4.763096055e-18 4.763096055e-18 1.374105443e-03 9.948297359e-01 4.763096055e-18 4.763096055e-18
0.000000000e+00 0.000000000e+00 0.000000000e+00 0.000000000e+00 4.763096055e-18 4.763096055e-18
4.763096055e-18 4.763096055e-18 4.763096055e-18 0.000000000e+00 4.763096055e-18 4.763096055e-18
4.763096055e-18 4.763096055e-18 4.763096055e-18 0.000000000e+00 4.763096055e-18 3.796158629e-03

