9.532520739e-18 2.998288916e-02 1.304030494e-03 7.597361137e-03 6.277675969e-03 9.532520739e-18
8.280077512e-03 0.000000000e+00 3.986075775e-02 5.175048445e-04 9.532520739e-18 9.532520739e-18
1.581875219e-02 9.532520739e-18 3.851834087e-01 1.304030494e-03 9.532520739e-18 5.175048445e-04
5.175048445e-04 1.366373676e-01 9.027539614e-02 2.053719337e-04 9.532520739e-18 1.755905333e-03
5.175048445e-04 1.304030494e-03 9.532520739e-18 9.532520739e-18 9.532520739e-18 5.175048445e-04
8.406133481e-02 1.755905333e-03 1.304030494e-03 8.406133481e-02 1.004428155e-01 9.532520739e-18

1.888777957e-04 3.479158744e-02 1.668018738e-01 2.245178665e-02 2.059282393e-03 8.766930674e-18
4.759422213e-04 0.000000000e+00 8.766930674e-18 4.289849962e-01 4.759422213e-04 1.888777957e-04
1.167911189e-01 0.000000000e+00 0.000000000e+00 1.605923848e-02 1.888777957e-04 1.888777957e-04
1.888777957e-04 1.105546093e-01 8.650233520e-02 7.615075541e-03 8.766930674e-18 1.888777957e-04
1.888777957e-04 1.888777957e-04 8.172267591e-04 8.766930674e-18 8.766930674e-18 4.759422213e-04
1.888777957e-04 1.888777957e-04 1.888777957e-04 2.059282393e-03 8.172267591e-04 1.888777957e-04

9.432602002e-04 1.219177552e-01 5.349650665e-02 1.319115869e-01 2.982289680e-02 2.919222676e-03
6.651204752e-02 0.000000000e+00 0.000000000e+00 5.234914794e-02 5.989328936e-03 1.384256248e-03
1.319115869e-01 0.000000000e+00 0.000000000e+00 1.942378376e-02 2.180066982e-04 2.180066982e-04
1.425958715e-02 3.269584461e-01 0.000000000e+00 1.384256248e-03 9.432602002e-04 5.493424560e-04
5.493424560e-04 5.493424560e-04 1.863931050e-03 2.180066982e-04 2.180066982e-04 1.384256248e-03
2.919222676e-03 3.488107170e-03 1.263074295e-02 1.263074295e-02 2.180066982e-04 2.180066982e-04

1.213087371e-04 3.056788628e-04 7.702624675e-04 7.702624675e-04 5.248724219e-04 3.056788628e-04
5.248724219e-04 0.000000000e+00 0.000000000e+00 5.248724219e-04 3.056788628e-04 5.248724219e-04
5.406560417e-02 0.000000000e+00 0.000000000e+00 1.624386862e-03 1.213087371e-04 1.213087371e-04
5.248724219e-04 0.000000000e+00 0.000000000e+00 9.265200533e-01 1.213087371e-04 1.213087371e-04
9.343793074e-03 5.248724219e-04 0.000000000e+00 5.248724219e-04 1.213087371e-04 1.213087371e-04
3.056788628e-04 3.056788628e-04 3.056788628e-04 3.056788628e-04 1.213087371e-04 1.213087371e-04

