7.908028948e-18 7.908028948e-18 7.908028948e-18 7.908028948e-18 7.908028948e-18 7.908028948e-18
7.908028948e-18 6.302651045e-03 7.908028948e-18 2.569342920e-01 2.281387042e-03 7.908028948e-18
7.908028948e-18 1.456671387e-03 1.064833243e-01 1.121999647e-01 7.908028948e-18 7.908028948e-18
7.908028948e-18 7.908028948e-18 3.963948406e-01 1.156654819e-01 2.281387042e-03 7.908028948e-18
7.908028948e-18 7.908028948e-18 7.908028948e-18 7.908028948e-18 7.908028948e-18 7.908028948e-18
7.908028948e-18 7.908028948e-18 7.908028948e-18 7.908028948e-18 7.908028948e-18 7.908028948e-18

6.296819390e-18 6.296819390e-18 6.296819390e-18 6.296819390e-18 6.296819390e-18 6.296819390e-18
6.296819390e-18 3.418439496e-04 0.000000000e+00 1.682608008e-01 6.296819390e-18 6.296819390e-18
6.296819390e-18 6.296819390e-18 1.430046660e-01 0.000000000e+00 6.296819390e-18 6.296819390e-18
6.296819390e-18 6.296819390e-18 6.880508453e-01 3.418439496e-04 6.296819390e-18 6.296819390e-18
6.296819390e-18 6.296819390e-18 6.296819390e-18 6.296819390e-18 6.296819390e-18 6.296819390e-18
6.296819390e-18 6.296819390e-18 6.296819390e-18 6.296819390e-18 6.296819390e-18 6.296819390e-18

8.765012352e-18 8.765012352e-18 0.000000000e+00 8.765012352e-18 8.765012352e-18 8.765012352e-18
9.832286611e-02 1.425287650e-01 0.000000000e+00 8.765012352e-18 1.398954721e-01 1.282000084e-01
4.758380788e-04 2.091642724e-01 0.000000000e+00 0.000000000e+00 2.538379188e-01 8.170479389e-04
1.888364667e-04 4.758380788e-04 8.170479389e-04 2.328206503e-02 8.765012352e-18 4.758380788e-04
8.765012352e-18 1.888364667e-04 8.765012352e-18 8.765012352e-18 8.765012352e-18 1.888364667e-04
8.765012352e-18 8.765012352e-18 4.758380788e-04 8.765012352e-18 1.888364667e-04 4.758380788e-04

5.182891165e-18 5.182891165e-18 0.000000000e+00 5.182891165e-18 5.182891165e-18 5.182891165e-18
2.111862591e-02 5.182891165e-18 0.000000000e+00 0.000000000e+00 2.002166525e-02 2.813706217e-04
5.182891165e-18 5.182891165e-18 0.000000000e+00 0.000000000e+00 9.573609182e-01 5.182891165e-18
5.182891165e-18 1.217419974e-03 5.182891165e-18 0.000000000e+00 5.182891165e-18 5.182891165e-18
5.182891165e-18 5.182891165e-18 5.182891165e-18 5.182891165e-18 5.182891165e-18 5.182891165e-18
5.182891165e-18 5.182891165e-18 5.182891165e-18 5.182891165e-18 5.182891165e-18 5.182891165e-18

