7.419230253e-18 1.598424703e-04 2.252488751e-01 1.366633897e-03 1.366633897e-03 7.419230253e-18
1.742718266e-03 8.103954315e-03 7.419230253e-18 2.557719283e-01 1.598424703e-04 1.598424703e-04
1.598424703e-04 1.598424703e-04 4.601318014e-01 4.177437795e-02 0.000000000e+00 1.598424703e-04
1.598424703e-04 7.419230253e-18 1.366633897e-03 1.598424703e-04 1.598424703e-04 4.027777860e-04
4.027777860e-04 7.419230253e-18 7.419230253e-18 7.419230253e-18 7.419230253e-18 1.598424703e-04
7.419230253e-18 7.419230253e-18 1.598424703e-04 4.027777860e-04 1.598424703e-04 7.419230253e-18

1.631958315e-04 1.631958315e-04 1.335460260e-01 8.859632798e-03 4.112277267e-04 1.631958315e-04
4.112277267e-04 1.107927263e-01 0.000000000e+00 4.112277267e-04 3.219323917e-01 1.631958315e-04
1.631958315e-04 1.631958315e-04 4.179385154e-01 0.000000000e+00 0.000000000e+00 4.112277267e-04
4.112277267e-04 4.112277267e-04 1.036228938e-03 1.631958315e-04 1.631958315e-04 1.631958315e-04
1.631958315e-04 1.631958315e-04 1.631958315e-04 1.631958315e-04 1.631958315e-04 1.631958315e-04
1.631958315e-04 1.631958315e-04 1.631958315e-04 1.631958315e-04 1.631958315e-04 1.631958315e-04

1.053573168e-03 7.179260624e-04 7.224444064e-01 2.654838024e-03 1.014981661e-01 1.809060317e-03
2.654838024e-03 5.598720161e-03 0.000000000e+00 0.000000000e+00 0.000000000e+00 1.659273765e-04
3.574796960e-03 3.106285665e-03 9.712119001e-02 0.000000000e+00 0.000000000e+00 1.410789077e-02
3.574796960e-03 3.106285665e-03 4.558546347e-03 3.106285665e-03 3.574796960e-03 4.181107889e-04
3.106285665e-03 4.181107889e-04 2.654838024e-03 1.659273765e-04 2.221853568e-03 2.654838024e-03
3.106285665e-03 3.106285665e-03 2.221853568e-03 2.221853568e-03 2.221853568e-03 1.053573168e-03

