7.928621647e-18 7.928621647e-18 7.928621647e-18 7.928621647e-18 7.928621647e-18 7.928621647e-18
7.928621647e-18 0.000000000e+00 2.733071603e-03 1.984579324e-01 7.928621647e-18 7.928621647e-18
7.928621647e-18 7.928621647e-18 9.112306774e-02 4.751120651e-01 3.197822642e-03 7.928621647e-18
7.928621647e-18 1.697574003e-01 2.734099899e-02 7.928621647e-18 1.084620185e-03 7.928621647e-18
7.928621647e-18 7.928621647e-18 1.663463537e-02 1.182531404e-02 2.733071603e-03 7.928621647e-18
7.928621647e-18 7.928621647e-18 7.928621647e-18 7.928621647e-18 7.928621647e-18 7.928621647e-18

6.754495636e-18 6.754495636e-18 6.754495636e-18 6.754495636e-18 6.754495636e-18 6.754495636e-18
6.754495636e-18 0.000000000e+00 5.782463955e-02 7.208506995e-02 6.754495636e-18 6.754495636e-18
6.754495636e-18 6.754495636e-18 1.295715731e-01 7.233611849e-01 1.244188734e-03 6.754495636e-18
6.754495636e-18 0.000000000e+00 1.244188734e-03 0.000000000e+00 6.754495636e-18 6.754495636e-18
6.754495636e-18 6.754495636e-18 1.586577384e-03 1.120875533e-02 1.244188734e-03 6.754495636e-18
6.754495636e-18 6.754495636e-18 6.754495636e-18 6.296336521e-04 6.754495636e-18 6.754495636e-18

1.099761009e-04 1.099761009e-04 5.104638419e-18 1.454513626e-02 1.099761009e-04 5.104638419e-18
2.771224090e-04 0.000000000e+00 5.104638419e-18 9.769217457e-01 1.099761009e-04 5.104638419e-18
5.104638419e-18 0.000000000e+00 0.000000000e+00 2.690431247e-03 1.099761009e-04 1.099761009e-04
3.361678071e-03 0.000000000e+00 2.771224090e-04 0.000000000e+00 2.771224090e-04 1.099761009e-04
1.099761009e-04 1.099761009e-04 1.099761009e-04 1.099761009e-04 1.099761009e-04 5.104638419e-18
5.104638419e-18 1.099761009e-04 1.099761009e-04 1.099761009e-04 5.104638419e-18 5.104638419e-18

1.634736699e-04 1.634736699e-04 7.587775607e-18 1.256757889e-01 7.587775607e-18 7.587775607e-18
7.587775607e-18 0.000000000e+00 0.000000000e+00 3.727918411e-01 7.587775607e-18 1.634736699e-04
7.587775607e-18 0.000000000e+00 0.000000000e+00 1.279764620e-01 1.397680217e-03 7.587775607e-18
3.503713211e-01 0.000000000e+00 0.000000000e+00 0.000000000e+00 7.587775607e-18 7.587775607e-18
8.874716187e-03 7.587775607e-18 7.587775607e-18 6.047411077e-03 1.634736699e-04 7.587775607e-18
7.587775607e-18 6.047411077e-03 1.634736699e-04 7.587775607e-18 7.587775607e-18 7.587775607e-18

8.050008202e-18 8.050008202e-18 8.050008202e-18 3.907149177e-01 8.050008202e-18 8.050008202e-18
8.050008202e-18 0.000000000e+00 0.000000000e+00 1.894383013e-01 8.050008202e-18 1.734321693e-04
8.050008202e-18 0.000000000e+00 0.000000000e+00 8.919927617e-02 8.265387490e-02 8.050008202e-18
1.947744393e-01 0.000000000e+00 0.000000000e+00 0.000000000e+00 8.050008202e-18 8.050008202e-18
1.734321693e-04 0.000000000e+00 0.000000000e+00 7.503974148e-04 8.050008202e-18 8.050008202e-18
8.050008202e-18 5.194849675e-02 1.734321693e-04 8.050008202e-18 8.050008202e-18 8.050008202e-18

7.001871684e-18 1.508507525e-04 7.001871684e-18 5.815313753e-02 7.001871684e-18 7.001871684e-18
7.001871684e-18 0.000000000e+00 0.000000000e+00 0.000000000e+00 7.001871684e-18 7.001871684e-18
7.001871684e-18 0.000000000e+00 0.000000000e+00 7.001871684e-18 1.202271336e-01 7.001871684e-18
0.000000000e+00 0.000000000e+00 0.000000000e+00 0.000000000e+00 4.518463824e-02 7.001871684e-18
1.508507525e-04 0.000000000e+00 0.000000000e+00 6.781263294e-01 7.001871684e-18 1.508507525e-04
7.001871684e-18 5.580449209e-03 7.001871684e-18 9.227575974e-02 7.001871684e-18 7.001871684e-18

5.249824808e-18 1.131040468e-04 5.249824808e-18 1.131040468e-04 5.249824808e-18 5.249824808e-18
5.249824808e-18 0.000000000e+00 0.000000000e+00 0.000000000e+00 5.249824808e-18 5.249824808e-18
5.249824808e-18 0.000000000e+00 0.000000000e+00 0.000000000e+00 4.893727888e-04 5.249824808e-18
0.000000000e+00 0.000000000e+00 0.000000000e+00 0.000000000e+00 6.140232344e-03 5.249824808e-18
0.000000000e+00 0.000000000e+00 0.000000000e+00 2.139135913e-02 5.249824808e-18 5.249824808e-18
5.249824808e-18 9.552404151e-01 5.249824808e-18 1.651241258e-02 5.249824808e-18 5.249824808e-18

