1.404935970e-04 1.404935970e-04 1.404935970e-04 1.404935970e-04 3.540216804e-04 1.404935970e-04
1.404935970e-04 6.521135109e-18 1.404935970e-04 1.201203357e-03 1.404935970e-04 1.404935970e-04
1.404935970e-04 6.521135109e-18 6.078804896e-04 1.794876868e-02 3.437004588e-03 1.404935970e-04
1.404935970e-04 3.540216804e-04 7.878131145e-01 6.521135109e-18 1.438449539e-01 4.740533783e-03
3.540216804e-04 6.521135109e-18 1.404935970e-04 2.867575611e-02 1.404935970e-04 1.404935970e-04
1.404935970e-04 6.521135109e-18 1.404935970e-04 8.139834807e-03 1.404935970e-04 6.521135109e-18

0.000000000e+00 1.111682072e-03 8.259059979e-03 8.126445241e-18 1.632033063e-02 4.411713225e-04
3.277610125e-03 8.126445241e-18 8.126445241e-18 1.750789554e-04 8.126445241e-18 1.750789554e-04
4.411713225e-04 8.126445241e-18 7.575226443e-04 1.853186807e-02 1.348543864e-02 7.653014011e-03
8.126445241e-18 8.126445241e-18 1.520759682e-01 0.000000000e+00 8.126445241e-18 7.695950352e-02
8.126445241e-18 8.126445241e-18 8.126445241e-18 1.559904259e-02 5.402163631e-01 8.126445241e-18
8.126445241e-18 8.126445241e-18 8.126445241e-18 1.445200959e-01 8.126445241e-18 8.126445241e-18

0.000000000e+00 5.415860675e-18 5.415860675e-18 5.415860675e-18 5.415860675e-18 5.415860675e-18
5.415860675e-18 5.415860675e-18 5.415860675e-18 5.415860675e-18 5.415860675e-18 5.415860675e-18
5.415860675e-18 5.415860675e-18 5.415860675e-18 5.560762914e-02 5.415860675e-18 5.415860675e-18
5.415860675e-18 5.415860675e-18 0.000000000e+00 0.000000000e+00 0.000000000e+00 9.145219885e-01
5.415860675e-18 5.415860675e-18 5.415860675e-18 5.415860675e-18 2.987038237e-02 5.415860675e-18
5.415860675e-18 5.415860675e-18 5.415860675e-18 5.415860675e-18 5.415860675e-18 5.415860675e-18

0.000000000e+00 5.882468364e-18 5.882468364e-18 5.882468364e-18 3.193495152e-04 5.882468364e-18
5.882468364e-18 5.882468364e-18 5.882468364e-18 5.882468364e-18 5.882468364e-18 5.882468364e-18
5.882468364e-18 5.882468364e-18 5.882468364e-18 8.117898744e-01 0.000000000e+00 3.100391330e-03
5.882468364e-18 5.882468364e-18 0.000000000e+00 0.000000000e+00 0.000000000e+00 1.482289144e-01
5.882468364e-18 5.882468364e-18 0.000000000e+00 5.882468364e-18 3.656147041e-02 5.882468364e-18
5.882468364e-18 5.882468364e-18 5.882468364e-18 5.882468364e-18 5.882468364e-18 5.882468364e-18

0.000000000e+00 6.120199461e-18 6.120199461e-18 1.318557003e-04 6.120199461e-18 6.120199461e-18
6.120199461e-18 6.120199461e-18 6.120199461e-18 9.128103700e-03 0.000000000e+00 2.840744948e-03
6.120199461e-18 6.120199461e-18 0.000000000e+00 8.008481203e-01 0.000000000e+00 1.068031172e-02
6.120199461e-18 6.120199461e-18 0.000000000e+00 0.000000000e+00 0.000000000e+00 1.501206161e-01
6.120199461e-18 6.120199461e-18 0.000000000e+00 6.120199461e-18 2.625024749e-02 6.120199461e-18
6.120199461e-18 6.120199461e-18 6.120199461e-18 6.120199461e-18 6.120199461e-18 6.120199461e-18

