1.337107289e-04 1.337107289e-04 1.083056904e-02 1.337107289e-04 1.337107289e-04 1.337107289e-04
1.337107289e-04 1.337107289e-04 7.564442199e-02 8.490102071e-04 6.206302263e-18 1.337107289e-04
4.511666306e-03 3.422994661e-02 6.206302263e-18 8.596708129e-01 1.337107289e-04 1.337107289e-04
1.337107289e-04 5.785327241e-04 8.745877118e-03 3.369299240e-04 6.206302263e-18 1.337107289e-04
1.337107289e-04 6.206302263e-18 1.337107289e-04 6.206302263e-18 6.206302263e-18 3.369299240e-04
6.206302263e-18 8.490102071e-04 1.337107289e-04 1.143210651e-03 1.337107289e-04 1.337107289e-04

7.455773909e-18 7.455773909e-18 2.570317411e-01 7.455773909e-18 7.455773909e-18 7.455773909e-18
4.047616809e-04 4.198013898e-02 7.455773909e-18 9.296841060e-02 7.455773909e-18 7.455773909e-18
1.373365296e-03 2.197384474e-02 0.000000000e+00 5.278117278e-01 7.455773909e-18 7.455773909e-18
7.455773909e-18 7.455773909e-18 5.629538000e-02 0.000000000e+00 7.455773909e-18 1.606297795e-04
7.455773909e-18 7.455773909e-18 7.455773909e-18 7.455773909e-18 7.455773909e-18 7.455773909e-18
7.455773909e-18 7.455773909e-18 7.455773909e-18 7.455773909e-18 7.455773909e-18 7.455773909e-18

5.449672720e-18 5.449672720e-18 5.449672720e-18 5.449672720e-18 5.449672720e-18 5.449672720e-18
5.449672720e-18 5.449672720e-18 0.000000000e+00 1.344191508e-02 5.449672720e-18 5.449672720e-18
5.449672720e-18 9.274391954e-02 0.000000000e+00 5.449672720e-18 5.449672720e-18 5.449672720e-18
5.449672720e-18 5.449672720e-18 8.938141654e-01 0.000000000e+00 0.000000000e+00 5.449672720e-18
5.449672720e-18 5.449672720e-18 5.449672720e-18 5.449672720e-18 5.449672720e-18 5.449672720e-18
5.449672720e-18 5.449672720e-18 5.449672720e-18 5.449672720e-18 5.449672720e-18 5.449672720e-18

5.084431593e-18 4.739553336e-04 2.760254137e-04 5.084431593e-18 5.084431593e-18 5.084431593e-18
2.760254137e-04 5.167403980e-03 0.000000000e+00 1.066738575e-02 5.084431593e-18 5.084431593e-18
6.752625270e-03 9.758914719e-01 0.000000000e+00 0.000000000e+00 5.084431593e-18 5.084431593e-18
5.084431593e-18 2.760254137e-04 0.000000000e+00 0.000000000e+00 0.000000000e+00 5.084431593e-18
5.084431593e-18 5.084431593e-18 5.084431593e-18 5.084431593e-18 5.084431593e-18 5.084431593e-18
1.095407580e-04 5.084431593e-18 5.084431593e-18 1.095407580e-04 5.084431593e-18 5.084431593e-18

