7.312828517e-18 7.312828517e-18 7.312828517e-18 7.312828517e-18 7.312828517e-18 7.312828517e-18
7.312828517e-18 7.312828517e-18 3.375484299e-02 6.816797544e-04 7.312828517e-18 7.312828517e-18
7.312828517e-18 2.083714428e-02 1.222292563e-01 7.312828517e-18 3.970014111e-04 7.312828517e-18
7.312828517e-18 7.312828517e-18 5.795947429e-02 6.740513025e-01 4.806724190e-02 7.312828517e-18
7.312828517e-18 7.312828517e-18 7.312828517e-18 4.202205662e-02 7.312828517e-18 7.312828517e-18
7.312828517e-18 7.312828517e-18 7.312828517e-18 7.312828517e-18 7.312828517e-18 7.312828517e-18

7.469131258e-18 7.469131258e-18 7.469131258e-18 7.469131258e-18 7.469131258e-18 7.469131258e-18
7.469131258e-18 7.469131258e-18 4.033890986e-02 7.469131258e-18 7.469131258e-18 7.469131258e-18
2.574680878e-03 1.038046283e-01 7.469131258e-18 0.000000000e+00 4.506967201e-01 7.469131258e-18
7.469131258e-18 7.469131258e-18 3.260463545e-01 0.000000000e+00 8.735948915e-03 7.469131258e-18
7.469131258e-18 7.469131258e-18 6.780275742e-02 7.469131258e-18 7.469131258e-18 7.469131258e-18
7.469131258e-18 7.469131258e-18 7.469131258e-18 7.469131258e-18 7.469131258e-18 7.469131258e-18

7.687203571e-18 7.687203571e-18 7.239361725e-03 7.687203571e-18 7.687203571e-18 7.687203571e-18
7.687203571e-18 7.687203571e-18 7.687203571e-18 4.051588182e-03 7.687203571e-18 7.687203571e-18
1.805663071e-03 2.293345698e-01 0.000000000e+00 0.000000000e+00 4.510487834e-01 2.649852487e-03
7.687203571e-18 7.687203571e-18 2.027973035e-01 0.000000000e+00 4.869071819e-02 7.687203571e-18
7.687203571e-18 7.687203571e-18 5.238215966e-02 7.687203571e-18 7.687203571e-18 7.687203571e-18
7.687203571e-18 7.687203571e-18 0.000000000e+00 7.687203571e-18 7.687203571e-18 7.687203571e-18

7.896566955e-18 7.896566955e-18 7.896566955e-18 7.896566955e-18 7.896566955e-18 7.896566955e-18
7.896566955e-18 7.896566955e-18 0.000000000e+00 7.896566955e-18 7.896566955e-18 7.896566955e-18
9.846479896e-02 7.896566955e-18 0.000000000e+00 0.000000000e+00 3.447049971e-01 2.693621795e-01
1.310396686e-02 1.166571566e-01 0.000000000e+00 0.000000000e+00 1.577069010e-01 7.896566955e-18
7.896566955e-18 7.896566955e-18 7.896566955e-18 7.896566955e-18 7.896566955e-18 7.896566955e-18
7.896566955e-18 7.896566955e-18 0.000000000e+00 7.896566955e-18 7.896566955e-18 7.896566955e-18

