6.652154073e-18 6.652154073e-18 6.652154073e-18 6.652154073e-18 6.652154073e-18 6.652154073e-18
6.652154073e-18 3.611344841e-04 1.433163150e-04 8.014801178e-02 6.652154073e-18 6.652154073e-18
6.652154073e-18 3.611344841e-04 6.652154073e-18 2.159004630e-02 3.611344841e-04 6.652154073e-18
6.652154073e-18 5.900830297e-01 0.000000000e+00 3.058687890e-01 3.611344841e-04 6.652154073e-18
6.652154073e-18 6.652154073e-18 3.611344841e-04 3.611344841e-04 6.652154073e-18 6.652154073e-18
6.652154073e-18 6.652154073e-18 6.652154073e-18 6.652154073e-18 6.652154073e-18 6.652154073e-18

1.325147832e-04 1.325147832e-04 1.325147832e-04 1.325147832e-04 1.325147832e-04 1.325147832e-04
1.325147832e-04 1.325147832e-04 1.325147832e-04 2.854944458e-03 1.325147832e-04 1.325147832e-04
1.325147832e-04 0.000000000e+00 0.000000000e+00 8.414164249e-04 1.325147832e-04 1.325147832e-04
1.325147832e-04 5.985950605e-01 0.000000000e+00 8.414164249e-04 1.325147832e-04 1.325147832e-04
1.325147832e-04 1.325147832e-04 1.325147832e-04 3.931567483e-01 1.325147832e-04 1.325147832e-04
1.325147832e-04 1.325147832e-04 1.325147832e-04 1.325147832e-04 1.325147832e-04 1.325147832e-04

1.559285775e-04 6.746637717e-04 1.559285775e-04 1.559285775e-04 1.559285775e-04 1.559285775e-04
2.204469998e-02 2.494857240e-03 1.559285775e-04 7.355672596e-03 1.559285775e-04 1.559285775e-04
1.559285775e-04 0.000000000e+00 0.000000000e+00 2.644779850e-02 3.814602571e-03 1.717503403e-02
3.814602571e-03 2.045821359e-01 0.000000000e+00 6.924539812e-01 2.919100604e-03 1.559285775e-04
1.333170585e-03 0.000000000e+00 1.559285775e-04 0.000000000e+00 9.034097567e-03 6.746637717e-04
1.333170585e-03 6.746637717e-04 1.559285775e-04 9.900847518e-04 1.559285775e-04 1.559285775e-04

