6.793969232e-18 6.793969232e-18 6.793969232e-18 6.793969232e-18 6.793969232e-18 6.793969232e-18
6.793969232e-18 0.000000000e+00 6.104921063e-01 6.333132613e-04 6.793969232e-18 6.793969232e-18
6.793969232e-18 6.793969232e-18 2.642996580e-01 7.528155532e-02 1.463716300e-04 6.793969232e-18
6.793969232e-18 1.463716300e-04 3.983119285e-02 9.023059409e-03 6.793969232e-18 6.793969232e-18
6.793969232e-18 6.793969232e-18 6.793969232e-18 1.463716300e-04 6.793969232e-18 6.793969232e-18
6.793969232e-18 6.793969232e-18 6.793969232e-18 6.793969232e-18 6.793969232e-18 6.793969232e-18

1.250998406e-04 1.250998406e-04 1.250998406e-04 1.250998406e-04 1.250998406e-04 1.250998406e-04
1.250998406e-04 0.000000000e+00 5.412755740e-04 1.250998406e-04 1.250998406e-04 1.250998406e-04
1.250998406e-04 0.000000000e+00 0.000000000e+00 1.250998406e-04 1.250998406e-04 1.250998406e-04
1.250998406e-04 1.250998406e-04 7.943344742e-04 8.222815953e-01 1.250998406e-04 1.250998406e-04
1.250998406e-04 1.701848048e-01 1.250998406e-04 1.250998406e-04 1.250998406e-04 1.250998406e-04
1.250998406e-04 2.695194363e-03 1.250998406e-04 1.250998406e-04 1.250998406e-04 1.250998406e-04

1.490859577e-04 1.490859577e-04 4.557162790e-03 1.490859577e-04 2.791001600e-03 1.490859577e-04
1.490859577e-04 0.000000000e+00 0.000000000e+00 1.490859577e-04 1.490859577e-04 1.490859577e-04
1.490859577e-04 0.000000000e+00 0.000000000e+00 1.490859577e-04 1.490859577e-04 1.490859577e-04
1.490859577e-04 0.000000000e+00 1.515188782e-01 6.442775793e-01 1.490859577e-04 1.490859577e-04
1.490859577e-04 1.720509176e-01 1.490859577e-04 1.490859577e-04 1.490859577e-04 1.490859577e-04
1.490859577e-04 2.107731156e-02 1.490859577e-04 1.490859577e-04 1.490859577e-04 1.490859577e-04

1.530799392e-04 0.000000000e+00 1.530799392e-04 1.530799392e-04 4.205586878e-03 1.530799392e-04
9.719970257e-04 0.000000000e+00 0.000000000e+00 0.000000000e+00 1.530799392e-04 1.530799392e-04
8.869054845e-03 0.000000000e+00 0.000000000e+00 9.719970257e-04 6.171796404e-03 1.530799392e-04
3.756417602e-02 0.000000000e+00 1.752571211e-02 2.308547255e-01 1.530799392e-04 3.857372753e-04
1.530799392e-04 6.698249419e-01 1.530799392e-04 4.679248221e-03 3.857372753e-04 1.530799392e-04
1.530799392e-04 1.490735313e-02 1.530799392e-04 3.857372753e-04 1.530799392e-04 1.530799392e-04

