5.622379495e-18 1.320652293e-03 2.231242781e-02 7.691306960e-04 2.609677388e-03 1.211304943e-04
3.327835247e-03 3.327835247e-03 5.622379495e-18 1.386790576e-02 1.211304943e-04 1.211304943e-04
7.691306960e-04 3.052297190e-04 9.448385674e-01 1.938087908e-03 1.211304943e-04 1.211304943e-04
3.052297190e-04 1.211304943e-04 3.052297190e-04 1.211304943e-04 5.622379495e-18 2.267654234e-03
5.241012099e-04 5.622379495e-18 5.622379495e-18 5.622379495e-18 5.622379495e-18 1.211304943e-04
5.622379495e-18 5.622379495e-18 1.211304943e-04 1.211304943e-04 5.622379495e-18 5.622379495e-18

6.118152822e-18 6.998540826e-01 5.314310976e-03 6.118152822e-18 1.318116068e-04 6.118152822e-18
2.789286423e-01 6.118152822e-18 0.000000000e+00 7.636822803e-03 6.118152822e-18 6.118152822e-18
6.118152822e-18 5.761720885e-03 2.108985709e-03 6.118152822e-18 6.118152822e-18 6.118152822e-18
6.118152822e-18 1.318116068e-04 6.118152822e-18 0.000000000e+00 6.118152822e-18 6.118152822e-18
1.318116068e-04 6.118152822e-18 6.118152822e-18 6.118152822e-18 6.118152822e-18 6.118152822e-18
6.118152822e-18 6.118152822e-18 6.118152822e-18 6.118152822e-18 6.118152822e-18 6.118152822e-18

6.231494256e-18 4.860672073e-02 6.231494256e-18 6.231494256e-18 1.342534740e-04 6.231494256e-18
5.868459263e-03 0.000000000e+00 0.000000000e+00 6.733701782e-01 6.231494256e-18 6.231494256e-18
6.231494256e-18 6.231494256e-18 2.720203884e-01 6.231494256e-18 6.231494256e-18 6.231494256e-18
6.231494256e-18 6.231494256e-18 6.231494256e-18 0.000000000e+00 6.231494256e-18 6.231494256e-18
6.231494256e-18 6.231494256e-18 6.231494256e-18 0.000000000e+00 6.231494256e-18 6.231494256e-18
6.231494256e-18 6.231494256e-18 6.231494256e-18 6.231494256e-18 6.231494256e-18 6.231494256e-18

4.647784847e-18 4.647784847e-18 0.000000000e+00 4.647784847e-18 4.647784847e-18 4.647784847e-18
4.647784847e-18 0.000000000e+00 0.000000000e+00 1.000000000e+00 0.000000000e+00 4.647784847e-18
4.647784847e-18 4.647784847e-18 4.647784847e-18 4.647784847e-18 4.647784847e-18 4.647784847e-18
4.647784847e-18 4.647784847e-18 4.647784847e-18 0.000000000e+00 4.647784847e-18 4.647784847e-18
4.647784847e-18 4.647784847e-18 4.647784847e-18 0.000000000e+00 4.647784847e-18 4.647784847e-18
4.647784847e-18 4.647784847e-18 4.647784847e-18 4.647784847e-18 4.647784847e-18 4.647784847e-18

