7.312828517e-18 7.312828517e-18 7.312828517e-18 7.312828517e-18 7.312828517e-18 7.312828517e-18
7.312828517e-18 7.312828517e-18 3.375484299e-02 6.816797544e-04 7.312828517e-18 7.312828517e-18
7.312828517e-18 2.083714428e-02 1.222292563e-01 7.312828517e-18 3.970014111e-04 7.312828517e-18
7.312828517e-18 7.312828517e-18 5.795947429e-02 6.740513025e-01 4.806724190e-02 7.312828517e-18
7.312828517e-18 7.312828517e-18 7.312828517e-18 4.202205662e-02 7.312828517e-18 7.312828517e-18
7.312828517e-18 7.312828517e-18 7.312828517e-18 7.312828517e-18 7.312828517e-18 7.312828517e-18

8.301338726e-18 8.301338726e-18 8.301338726e-18 8.301338726e-18 8.301338726e-18 4.506660016e-04
8.301338726e-18 8.301338726e-18 6.371376533e-02 8.301338726e-18 4.648184020e-01 8.301338726e-18
8.301338726e-18 5.159554312e-02 6.789108302e-02 0.000000000e+00 8.301338726e-18 8.301338726e-18
8.301338726e-18 8.301338726e-18 8.301338726e-18 2.077872539e-01 2.446591468e-02 8.301338726e-18
8.301338726e-18 5.556360663e-02 8.301338726e-18 6.371376533e-02 8.301338726e-18 8.301338726e-18
0.000000000e+00 8.301338726e-18 8.301338726e-18 8.301338726e-18 8.301338726e-18 8.301338726e-18

8.053118842e-18 8.053118842e-18 8.053118842e-18 8.053118842e-18 8.053118842e-18 8.053118842e-18
8.053118842e-18 8.053118842e-18 4.815514095e-02 8.053118842e-18 2.029258789e-01 8.053118842e-18
8.053118842e-18 1.166082693e-01 3.330387532e-01 0.000000000e+00 8.053118842e-18 8.053118842e-18
8.053118842e-18 8.053118842e-18 0.000000000e+00 2.544653006e-01 3.895244887e-02 8.053118842e-18
8.053118842e-18 0.000000000e+00 8.053118842e-18 5.854208092e-03 8.053118842e-18 8.053118842e-18
0.000000000e+00 8.053118842e-18 8.053118842e-18 8.053118842e-18 8.053118842e-18 8.053118842e-18

6.871840540e-18 6.871840540e-18 6.871840540e-18 6.871840540e-18 6.871840540e-18 0.000000000e+00
6.871840540e-18 6.871840540e-18 6.871840540e-18 6.871840540e-18 0.000000000e+00 6.871840540e-18
6.871840540e-18 7.708592187e-02 6.639170439e-01 0.000000000e+00 6.871840540e-18 1.199199463e-02
6.871840540e-18 6.871840540e-18 0.000000000e+00 1.906884344e-01 4.189914822e-02 6.871840540e-18
6.871840540e-18 0.000000000e+00 6.871840540e-18 1.441745701e-02 6.871840540e-18 6.871840540e-18
0.000000000e+00 6.871840540e-18 6.871840540e-18 6.871840540e-18 6.871840540e-18 6.871840540e-18

4.879021873e-18 4.879021873e-18 6.674408037e-04 4.879021873e-18 4.879021873e-18 0.000000000e+00
4.879021873e-18 4.879021873e-18 4.879021873e-18 4.879021873e-18 0.000000000e+00 4.879021873e-18
4.879021873e-18 0.000000000e+00 4.879021873e-18 0.000000000e+00 0.000000000e+00 9.871820834e-01
4.879021873e-18 4.879021873e-18 0.000000000e+00 4.879021873e-18 4.879021873e-18 4.879021873e-18
4.879021873e-18 0.000000000e+00 8.937378282e-03 4.879021873e-18 4.879021873e-18 4.879021873e-18
0.000000000e+00 4.879021873e-18 3.213097480e-03 4.879021873e-18 4.879021873e-18 4.879021873e-18

5.662964539e-18 5.662964539e-18 9.015467885e-01 5.662964539e-18 5.662964539e-18 0.000000000e+00
5.662964539e-18 5.662964539e-18 5.662964539e-18 5.662964539e-18 0.000000000e+00 5.662964539e-18
5.662964539e-18 0.000000000e+00 0.000000000e+00 0.000000000e+00 0.000000000e+00 0.000000000e+00
5.662964539e-18 5.662964539e-18 0.000000000e+00 5.662964539e-18 2.247348967e-02 5.662964539e-18
5.662964539e-18 0.000000000e+00 5.288615366e-02 5.662964539e-18 5.662964539e-18 5.662964539e-18
0.000000000e+00 5.662964539e-18 2.010886774e-02 2.984700482e-03 5.662964539e-18 5.662964539e-18

4.211050269e-02 4.211050269e-02 4.077899461e-02 4.211050269e-02 4.211050269e-02 0.000000000e+00
4.211050269e-02 4.211050269e-02 0.000000000e+00 4.211050269e-02 0.000000000e+00 4.211050269e-02
4.211050269e-02 0.000000000e+00 0.000000000e+00 0.000000000e+00 0.000000000e+00 0.000000000e+00
4.211050269e-02 0.000000000e+00 0.000000000e+00 4.211050269e-02 4.211050269e-02 4.211050269e-02
4.211050269e-02 0.000000000e+00 4.211050269e-02 4.211050269e-02 4.077899461e-02 4.077899461e-02
0.000000000e+00 4.077899461e-02 4.077899461e-02 4.077899461e-02 4.077899461e-02 4.077899461e-02

