1.575525148e-04 1.575525148e-04 1.575525148e-04 3.970074596e-04 1.575525148e-04 1.575525148e-04
1.575525148e-04 1.575525148e-04 1.575525148e-04 1.575525148e-04 1.575525148e-04 3.970074596e-04
1.575525148e-04 1.575525148e-04 7.312939931e-18 3.970074596e-04 1.575525148e-04 3.854330216e-03
1.575525148e-04 1.575525148e-04 2.323777892e-01 6.136035993e-01 3.970074596e-04 1.575525148e-04
1.575525148e-04 1.575525148e-04 5.250711335e-02 7.312939931e-18 3.295405980e-02 2.520840236e-03
1.575525148e-04 1.575525148e-04 1.575525148e-04 5.612768663e-02 1.575525148e-04 1.000396111e-03

7.444080631e-18 7.444080631e-18 7.444080631e-18 7.444080631e-18 7.444080631e-18 7.444080631e-18
7.444080631e-18 7.444080631e-18 7.444080631e-18 7.444080631e-18 7.444080631e-18 1.603778555e-04
7.444080631e-18 7.444080631e-18 7.444080631e-18 7.444080631e-18 7.444080631e-18 4.041268721e-04
7.444080631e-18 7.444080631e-18 0.000000000e+00 2.923815784e-01 7.444080631e-18 7.444080631e-18
7.444080631e-18 7.444080631e-18 5.806510180e-02 0.000000000e+00 3.600656788e-02 7.444080631e-18
7.444080631e-18 7.444080631e-18 2.352206956e-01 7.444080631e-18 3.776011738e-01 1.603778555e-04

5.528500548e-18 5.528500548e-18 5.528500548e-18 5.528500548e-18 5.528500548e-18 5.528500548e-18
5.528500548e-18 5.528500548e-18 5.528500548e-18 5.528500548e-18 5.528500548e-18 5.528500548e-18
5.528500548e-18 5.528500548e-18 5.528500548e-18 5.528500548e-18 5.528500548e-18 5.528500548e-18
0.000000000e+00 5.528500548e-18 0.000000000e+00 5.528500548e-18 5.528500548e-18 5.528500548e-18
5.528500548e-18 5.528500548e-18 1.825977701e-01 0.000000000e+00 8.174022299e-01 5.528500548e-18
5.528500548e-18 5.528500548e-18 5.528500548e-18 0.000000000e+00 5.528500548e-18 5.528500548e-18

4.647784847e-18 4.647784847e-18 4.647784847e-18 4.647784847e-18 4.647784847e-18 4.647784847e-18
4.647784847e-18 4.647784847e-18 4.647784847e-18 4.647784847e-18 4.647784847e-18 4.647784847e-18
4.647784847e-18 4.647784847e-18 4.647784847e-18 4.647784847e-18 4.647784847e-18 4.647784847e-18
0.000000000e+00 0.000000000e+00 0.000000000e+00 0.000000000e+00 4.647784847e-18 4.647784847e-18
4.647784847e-18 4.647784847e-18 1.000000000e+00 0.000000000e+00 4.647784847e-18 4.647784847e-18
4.647784847e-18 4.647784847e-18 4.647784847e-18 0.000000000e+00 4.647784847e-18 4.647784847e-18

