7.629586269e-18 7.629586269e-18 7.629586269e-18 7.629586269e-18 7.629586269e-18 7.629586269e-18
7.629586269e-18 1.643744533e-04 6.080733921e-03 4.141976675e-04 1.043712720e-03 7.629586269e-18
7.629586269e-18 2.397270229e-01 6.629656096e-02 3.582794499e-01 7.112069539e-04 7.629586269e-18
7.629586269e-18 4.141976675e-04 7.629586269e-18 0.000000000e+00 1.643744533e-04 7.629586269e-18
7.629586269e-18 1.643744533e-04 2.173971255e-02 3.039716861e-01 4.141976675e-04 7.629586269e-18
7.629586269e-18 7.629586269e-18 7.629586269e-18 7.629586269e-18 4.141976675e-04 7.629586269e-18

1.662657405e-04 1.662657405e-04 7.193900783e-04 1.662657405e-04 1.662657405e-04 1.662657405e-04
1.662657405e-04 1.662657405e-04 3.582086791e-03 4.189634127e-04 5.541094725e-02 1.662657405e-04
1.662657405e-04 6.150698651e-03 9.406182986e-02 6.335658434e-01 1.662657405e-04 1.662657405e-04
1.662657405e-04 1.662657405e-04 0.000000000e+00 0.000000000e+00 2.350613611e-02 1.662657405e-04
4.189634127e-04 2.660251848e-03 0.000000000e+00 1.553525467e-01 7.843311154e-03 2.660251848e-03
1.662657405e-04 2.226384437e-03 1.662657405e-04 8.429611745e-03 1.662657405e-04 1.662657405e-04

1.417287440e-04 1.417287440e-04 1.417287440e-04 1.417287440e-04 2.267659903e-03 1.417287440e-04
1.417287440e-04 3.571340557e-04 1.417287440e-04 1.417287440e-04 1.408496028e-01 1.417287440e-04
3.893733882e-03 1.417287440e-04 0.000000000e+00 3.571340557e-04 0.000000000e+00 1.417287440e-04
1.417287440e-04 1.417287440e-04 0.000000000e+00 0.000000000e+00 7.541226768e-01 1.417287440e-04
1.417287440e-04 8.999214289e-04 0.000000000e+00 3.571340557e-04 1.417287440e-04 3.053453225e-03
1.417287440e-04 1.417287440e-04 1.417287440e-04 5.714144891e-03 8.482133405e-02 6.132246601e-04

4.659284791e-18 4.659284791e-18 4.659284791e-18 4.659284791e-18 4.659284791e-18 4.659284791e-18
4.659284791e-18 0.000000000e+00 4.659284791e-18 4.659284791e-18 1.003812479e-04 4.659284791e-18
4.659284791e-18 4.659284791e-18 0.000000000e+00 4.659284791e-18 0.000000000e+00 4.659284791e-18
4.659284791e-18 4.659284791e-18 0.000000000e+00 0.000000000e+00 9.997992375e-01 4.659284791e-18
4.659284791e-18 4.659284791e-18 0.000000000e+00 4.659284791e-18 0.000000000e+00 4.659284791e-18
4.659284791e-18 4.659284791e-18 4.659284791e-18 4.659284791e-18 1.003812479e-04 4.659284791e-18

0.000000000e+00 1.380500307e-04 1.380500307e-04 1.380500307e-04 1.380500307e-04 3.478642793e-04
1.380500307e-04 0.000000000e+00 1.380500307e-04 1.380500307e-04 5.159493105e-01 1.380500307e-04
1.380500307e-04 1.380500307e-04 0.000000000e+00 1.380500307e-04 0.000000000e+00 1.888497856e-02
1.380500307e-04 1.380500307e-04 0.000000000e+00 0.000000000e+00 0.000000000e+00 1.380500307e-04
1.380500307e-04 4.536171653e-01 0.000000000e+00 1.380500307e-04 0.000000000e+00 1.380500307e-04
1.380500307e-04 3.478642793e-04 1.380500307e-04 1.380500307e-04 7.494508707e-03 5.973077925e-04

0.000000000e+00 5.451408614e-18 5.451408614e-18 5.451408614e-18 2.959479916e-04 6.874450956e-02
5.081638215e-04 0.000000000e+00 5.451408614e-18 5.451408614e-18 5.451408614e-18 5.451408614e-18
5.451408614e-18 1.572676713e-03 0.000000000e+00 0.000000000e+00 0.000000000e+00 9.175789342e-01
5.451408614e-18 5.451408614e-18 0.000000000e+00 0.000000000e+00 0.000000000e+00 5.451408614e-18
2.873198623e-03 0.000000000e+00 0.000000000e+00 8.130621143e-03 0.000000000e+00 5.451408614e-18
5.451408614e-18 5.451408614e-18 5.451408614e-18 5.451408614e-18 2.959479916e-04 5.451408614e-18

0.000000000e+00 5.643978469e-18 5.643978469e-18 5.643978469e-18 3.716862409e-03 0.000000000e+00
2.299740939e-02 0.000000000e+00 5.643978469e-18 5.643978469e-18 0.000000000e+00 5.643978469e-18
5.643978469e-18 8.255072078e-02 0.000000000e+00 0.000000000e+00 0.000000000e+00 8.880173887e-01
5.643978469e-18 5.643978469e-18 0.000000000e+00 0.000000000e+00 0.000000000e+00 5.643978469e-18
7.720853940e-04 0.000000000e+00 0.000000000e+00 5.643978469e-18 0.000000000e+00 5.643978469e-18
5.643978469e-18 5.643978469e-18 5.643978469e-18 5.643978469e-18 1.945533281e-03 5.643978469e-18

0.000000000e+00 5.227844198e-18 5.227844198e-18 5.227844198e-18 8.233338688e-03 0.000000000e+00
4.873238229e-04 0.000000000e+00 5.227844198e-18 1.802087823e-03 0.000000000e+00 5.227844198e-18
5.227844198e-18 0.000000000e+00 0.000000000e+00 0.000000000e+00 0.000000000e+00 9.728965179e-01
3.442815682e-03 5.227844198e-18 0.000000000e+00 0.000000000e+00 0.000000000e+00 5.227844198e-18
3.800377023e-03 0.000000000e+00 0.000000000e+00 0.000000000e+00 0.000000000e+00 4.540976764e-03
1.802087823e-03 4.873238229e-04 5.227844198e-18 2.838110478e-04 1.508180621e-03 7.151590265e-04

0.000000000e+00 5.312238650e-02 5.312238650e-02 5.312238650e-02 5.312238650e-02 0.000000000e+00
5.312238650e-02 0.000000000e+00 5.179019457e-02 5.312238650e-02 0.000000000e+00 5.312238650e-02
0.000000000e+00 0.000000000e+00 0.000000000e+00 0.000000000e+00 0.000000000e+00 5.312238650e-02
5.312238650e-02 0.000000000e+00 0.000000000e+00 0.000000000e+00 0.000000000e+00 5.312238650e-02
5.312238650e-02 0.000000000e+00 0.000000000e+00 0.000000000e+00 0.000000000e+00 5.312238650e-02
5.179019457e-02 5.179019457e-02 5.179019457e-02 5.179019457e-02 5.179019457e-02 5.179019457e-02

0.000000000e+00 0.000000000e+00 5.905838853e-02 5.905838853e-02 5.905838853e-02 0.000000000e+00
5.905838853e-02 0.000000000e+00 0.000000000e+00 5.772752019e-02 0.000000000e+00 5.905838853e-02
0.000000000e+00 0.000000000e+00 0.000000000e+00 0.000000000e+00 0.000000000e+00 5.905838853e-02
5.905838853e-02 0.000000000e+00 0.000000000e+00 0.000000000e+00 0.000000000e+00 5.905838853e-02
5.905838853e-02 0.000000000e+00 0.000000000e+00 0.000000000e+00 0.000000000e+00 5.905838853e-02
5.905838853e-02 5.905838853e-02 5.905838853e-02 5.905838853e-02 5.772752019e-02 5.772752019e-02

0.000000000e+00 0.000000000e+00 6.711073456e-02 6.711073456e-02 6.711073456e-02 0.000000000e+00
6.711073456e-02 0.000000000e+00 0.000000000e+00 0.000000000e+00 0.000000000e+00 6.577853088e-02
0.000000000e+00 0.000000000e+00 0.000000000e+00 0.000000000e+00 0.000000000e+00 6.711073456e-02
6.711073456e-02 0.000000000e+00 0.000000000e+00 0.000000000e+00 0.000000000e+00 0.000000000e+00
6.711073456e-02 0.000000000e+00 0.000000000e+00 0.000000000e+00 0.000000000e+00 6.711073456e-02
6.711073456e-02 6.711073456e-02 6.577853088e-02 6.577853088e-02 6.577853088e-02 6.577853088e-02

