7.461337435e-18 7.461337435e-18 7.461337435e-18 7.461337435e-18 7.461337435e-18 7.461337435e-18
7.461337435e-18 6.955233065e-04 4.050637156e-04 1.565425028e-02 7.461337435e-18 7.461337435e-18
7.461337435e-18 4.050637156e-04 7.461337435e-18 2.599382885e-01 1.981917839e-02 7.461337435e-18
7.461337435e-18 5.174894150e-02 5.576151879e-01 4.287544052e-02 7.461337435e-18 7.461337435e-18
7.461337435e-18 7.461337435e-18 5.084306214e-02 7.461337435e-18 7.461337435e-18 7.461337435e-18
7.461337435e-18 7.461337435e-18 7.461337435e-18 7.461337435e-18 7.461337435e-18 7.461337435e-18

5.711839208e-18 5.711839208e-18 5.711839208e-18 1.230578454e-04 5.711839208e-18 5.711839208e-18
5.711839208e-18 1.968925525e-03 1.341665669e-03 4.152216796e-03 5.711839208e-18 5.711839208e-18
1.230578454e-04 5.711839208e-18 0.000000000e+00 0.000000000e+00 5.711839208e-18 5.711839208e-18
5.711839208e-18 9.002116270e-01 3.617876782e-02 5.409257019e-02 3.100863394e-04 5.711839208e-18
5.711839208e-18 5.324403737e-04 5.324403737e-04 3.100863394e-04 1.230578454e-04 5.711839208e-18
5.711839208e-18 5.711839208e-18 5.711839208e-18 5.711839208e-18 5.711839208e-18 5.711839208e-18

1.254373651e-04 1.254373651e-04 5.822286729e-18 1.254373651e-04 5.822286729e-18 1.254373651e-04
5.822286729e-18 9.467680175e-02 7.964776209e-04 1.072474385e-03 1.072474385e-03 1.254373651e-04
5.822286729e-18 0.000000000e+00 0.000000000e+00 0.000000000e+00 5.822286729e-18 5.822286729e-18
5.822286729e-18 8.776246970e-01 0.000000000e+00 3.068672227e-03 1.254373651e-04 1.254373651e-04
1.254373651e-04 1.831299217e-02 3.160823533e-04 1.254373651e-04 7.964776209e-04 5.822286729e-18
1.254373651e-04 3.160823533e-04 1.254373651e-04 1.254373651e-04 1.254373651e-04 3.160823533e-04

7.213862107e-02 1.658972973e-01 9.248338422e-18 9.248338422e-18 9.248338422e-18 1.534716553e-02
9.248338422e-18 9.248338422e-18 3.730099293e-03 8.033232876e-03 5.748145686e-02 9.248338422e-18
0.000000000e+00 0.000000000e+00 0.000000000e+00 0.000000000e+00 9.248338422e-18 9.248338422e-18
9.248338422e-18 4.180349941e-01 0.000000000e+00 2.635217845e-02 9.248338422e-18 9.248338422e-18
9.248338422e-18 0.000000000e+00 9.248338422e-18 9.248338422e-18 1.140192541e-01 9.248338422e-18
3.867243382e-02 1.940346561e-02 1.534716553e-02 4.874393959e-03 9.248338422e-18 4.066824143e-02

