6.982442023e-18 6.982442023e-18 6.982442023e-18 6.982442023e-18 1.504321532e-04 6.982442023e-18
6.982442023e-18 6.982442023e-18 1.921846957e-02 1.504321532e-04 6.982442023e-18 6.982442023e-18
6.982442023e-18 2.496348047e-01 5.710471127e-02 0.000000000e+00 1.504321532e-04 6.982442023e-18
1.504321532e-04 9.551846327e-04 6.982442023e-18 4.012354089e-02 7.096387874e-03 6.982442023e-18
6.982442023e-18 1.504321532e-04 3.790652727e-04 6.242061776e-01 1.504321532e-04 6.982442023e-18
6.982442023e-18 6.982442023e-18 3.790652727e-04 6.982442023e-18 6.982442023e-18 6.982442023e-18

4.764638410e-18 4.764638410e-18 2.586643688e-04 4.764638410e-18 4.764638410e-18 4.764638410e-18
4.764638410e-18 4.764638410e-18 4.764638410e-18 4.764638410e-18 4.764638410e-18 4.764638410e-18
4.764638410e-18 4.764638410e-18 9.937940015e-01 0.000000000e+00 4.764638410e-18 4.764638410e-18
4.764638410e-18 4.764638410e-18 0.000000000e+00 4.764638410e-18 0.000000000e+00 4.764638410e-18
4.764638410e-18 4.764638410e-18 4.764638410e-18 5.947334157e-03 4.764638410e-18 4.764638410e-18
4.764638410e-18 4.764638410e-18 4.764638410e-18 4.764638410e-18 4.764638410e-18 4.764638410e-18

1.503879255e-04 1.503879255e-04 1.503879255e-04 4.596960495e-03 1.503879255e-04 3.789538259e-04
5.936339889e-01 3.789538259e-04 0.000000000e+00 1.503879255e-04 3.789538259e-04 1.503879255e-04
1.503879255e-04 6.506907626e-04 0.000000000e+00 0.000000000e+00 3.789538259e-04 1.639637978e-03
1.218142196e-02 2.900037545e-01 0.000000000e+00 1.503879255e-04 0.000000000e+00 1.503879255e-04
1.503879255e-04 6.506907626e-04 1.503879255e-04 8.901324422e-02 1.503879255e-04 6.506907626e-04
1.503879255e-04 1.503879255e-04 6.506907626e-04 1.503879255e-04 2.406206807e-03 1.503879255e-04

1.731064381e-04 1.731064381e-04 1.731064381e-04 6.775740783e-02 1.731064381e-04 1.731064381e-04
1.234483630e-01 3.019730624e-02 0.000000000e+00 1.731064381e-04 1.099157367e-03 1.731064381e-04
1.731064381e-04 0.000000000e+00 0.000000000e+00 0.000000000e+00 0.000000000e+00 7.489880577e-04
5.967144243e-02 1.731064381e-04 0.000000000e+00 1.731064381e-04 0.000000000e+00 1.731064381e-04
1.731064381e-04 1.731064381e-04 1.731064381e-04 4.318631624e-01 1.731064381e-04 1.731064381e-04
1.731064381e-04 1.731064381e-04 4.755777722e-03 1.731064381e-04 2.769962662e-01 1.731064381e-04

3.832629941e-02 3.698745002e-02 3.698745002e-02 3.698745002e-02 3.698745002e-02 3.698745002e-02
3.698745002e-02 3.698745002e-02 0.000000000e+00 3.698745002e-02 0.000000000e+00 3.698745002e-02
3.698745002e-02 0.000000000e+00 0.000000000e+00 0.000000000e+00 0.000000000e+00 0.000000000e+00
3.698745002e-02 3.698745002e-02 0.000000000e+00 3.698745002e-02 0.000000000e+00 3.698745002e-02
3.698745002e-02 3.698745002e-02 3.698745002e-02 3.698745002e-02 3.698745002e-02 3.698745002e-02
3.698745002e-02 3.698745002e-02 3.698745002e-02 3.698745002e-02 3.698745002e-02 3.698745002e-02

