7.461337435e-18 7.461337435e-18 7.461337435e-18 7.461337435e-18 7.461337435e-18 7.461337435e-18
7.461337435e-18 6.955233065e-04 4.050637156e-04 1.565425028e-02 7.461337435e-18 7.461337435e-18
7.461337435e-18 4.050637156e-04 7.461337435e-18 2.599382885e-01 1.981917839e-02 7.461337435e-18
7.461337435e-18 5.174894150e-02 5.576151879e-01 4.287544052e-02 7.461337435e-18 7.461337435e-18
7.461337435e-18 7.461337435e-18 5.084306214e-02 7.461337435e-18 7.461337435e-18 7.461337435e-18
7.461337435e-18 7.461337435e-18 7.461337435e-18 7.461337435e-18 7.461337435e-18 7.461337435e-18

5.711839208e-18 5.711839208e-18 5.711839208e-18 1.230578454e-04 5.711839208e-18 5.711839208e-18
5.711839208e-18 1.968925525e-03 1.341665669e-03 4.152216796e-03 5.711839208e-18 5.711839208e-18
1.230578454e-04 5.711839208e-18 0.000000000e+00 0.000000000e+00 5.711839208e-18 5.711839208e-18
5.711839208e-18 9.002116270e-01 3.617876782e-02 5.409257019e-02 3.100863394e-04 5.711839208e-18
5.711839208e-18 5.324403737e-04 5.324403737e-04 3.100863394e-04 1.230578454e-04 5.711839208e-18
5.711839208e-18 5.711839208e-18 5.711839208e-18 5.711839208e-18 5.711839208e-18 5.711839208e-18

6.776247061e-18 6.776247061e-18 6.776247061e-18 1.459898174e-04 6.776247061e-18 6.776247061e-18
1.459898174e-04 0.000000000e+00 7.925546642e-03 2.979757432e-02 1.459898174e-04 1.459898174e-04
6.776247061e-18 0.000000000e+00 0.000000000e+00 0.000000000e+00 6.776247061e-18 6.776247061e-18
6.776247061e-18 8.458271569e-03 7.486624724e-01 1.516784976e-01 4.010798957e-03 6.776247061e-18
6.776247061e-18 3.678712880e-04 6.886828035e-03 3.893867291e-02 1.591686621e-03 6.776247061e-18
1.459898174e-04 1.459898174e-04 3.678712880e-04 1.459898174e-04 1.459898174e-04 1.459898174e-04

7.691694639e-18 7.691694639e-18 3.102263718e-03 8.996260624e-03 7.817214720e-03 7.691694639e-18
7.691694639e-18 0.000000000e+00 4.552644046e-03 6.929360550e-01 7.691694639e-18 7.691694639e-18
0.000000000e+00 0.000000000e+00 0.000000000e+00 0.000000000e+00 7.691694639e-18 7.691694639e-18
7.691694639e-18 7.691694639e-18 6.782824145e-02 8.104629265e-02 7.691694639e-18 7.691694639e-18
4.552644046e-03 5.522658275e-02 1.342271554e-02 1.476452110e-02 0.000000000e+00 7.691694639e-18
7.691694639e-18 3.299057314e-02 7.691694639e-18 1.276399127e-02 7.691694639e-18 7.691694639e-18

