8.228047915e-18 8.228047915e-18 8.228047915e-18 8.228047915e-18 8.228047915e-18 8.228047915e-18
8.228047915e-18 8.228047915e-18 9.684296332e-02 2.373709304e-03 4.466871642e-04 8.228047915e-18
8.228047915e-18 6.938629661e-02 2.325798772e-01 3.797934887e-02 8.228047915e-18 8.228047915e-18
8.228047915e-18 4.466871642e-04 8.228047915e-18 4.405755209e-01 5.907761428e-02 8.228047915e-18
8.228047915e-18 4.466871642e-04 7.669937383e-04 5.907761428e-02 8.228047915e-18 8.228047915e-18
8.228047915e-18 8.228047915e-18 8.228047915e-18 8.228047915e-18 8.228047915e-18 8.228047915e-18

6.098677298e-18 6.098677298e-18 6.098677298e-18 6.098677298e-18 6.098677298e-18 6.098677298e-18
6.098677298e-18 3.609751582e-03 3.310871419e-04 2.830755245e-03 1.313920194e-04 6.098677298e-18
6.098677298e-18 8.526158143e-01 1.019354944e-01 1.334859710e-02 3.310871419e-04 6.098677298e-18
3.310871419e-04 6.098677298e-18 0.000000000e+00 0.000000000e+00 3.310871419e-04 6.098677298e-18
6.098677298e-18 9.096004005e-03 8.342873189e-04 1.334859710e-02 1.313920194e-04 6.098677298e-18
6.098677298e-18 6.098677298e-18 3.310871419e-04 3.310871419e-04 1.313920194e-04 6.098677298e-18

1.516038675e-04 1.516038675e-04 1.516038675e-04 1.516038675e-04 1.516038675e-04 1.516038675e-04
1.516038675e-04 3.820178078e-04 4.043606269e-02 2.867282706e-02 1.516038675e-04 1.516038675e-04
1.516038675e-04 9.626245548e-04 1.737795155e-01 6.848241686e-01 1.516038675e-04 1.516038675e-04
1.516038675e-04 0.000000000e+00 0.000000000e+00 0.000000000e+00 1.516038675e-04 1.516038675e-04
1.516038675e-04 9.626245548e-04 6.559518381e-04 0.000000000e+00 3.820178078e-04 1.516038675e-04
1.516038675e-04 1.516038675e-04 9.626245548e-04 6.479588390e-02 1.516038675e-04 1.516038675e-04

3.507786459e-03 4.499347964e-02 8.697140138e-18 8.697140138e-18 8.697140138e-18 7.554454530e-03
3.507786459e-03 1.208712725e-01 5.727533056e-03 4.036854855e-03 8.697140138e-18 8.697140138e-18
8.697140138e-18 8.697140138e-18 1.155065757e-02 6.783918021e-02 2.997987267e-03 9.164052890e-02
0.000000000e+00 0.000000000e+00 0.000000000e+00 0.000000000e+00 0.000000000e+00 3.507786459e-03
8.697140138e-18 5.559186006e-01 8.697140138e-18 0.000000000e+00 2.509037706e-03 8.697140138e-18
8.697140138e-18 8.839067996e-03 3.636756799e-02 2.563243057e-02 2.997987267e-03 8.697140138e-18

