6.580044846e-18 6.580044846e-18 6.580044846e-18 6.580044846e-18 6.580044846e-18 6.580044846e-18
6.580044846e-18 6.580044846e-18 3.054186268e-03 6.133718771e-04 4.333312304e-03 6.580044846e-18
6.580044846e-18 1.417627688e-04 3.468053329e-03 6.580044846e-18 0.000000000e+00 6.580044846e-18
6.580044846e-18 6.580044846e-18 7.471694398e-02 5.821729291e-01 3.311422205e-01 6.580044846e-18
6.580044846e-18 6.580044846e-18 6.580044846e-18 3.572197930e-04 6.580044846e-18 6.580044846e-18
6.580044846e-18 6.580044846e-18 6.580044846e-18 6.580044846e-18 6.580044846e-18 6.580044846e-18

7.864185546e-18 7.864185546e-18 7.864185546e-18 1.509562442e-02 7.864185546e-18 1.645834200e-01
7.864185546e-18 7.864185546e-18 1.047649472e-01 1.172920942e-02 7.864185546e-18 7.864185546e-18
7.864185546e-18 1.847234731e-03 1.075805450e-03 0.000000000e+00 0.000000000e+00 7.864185546e-18
7.864185546e-18 7.864185546e-18 4.290863573e-01 2.470982989e-01 0.000000000e+00 7.864185546e-18
7.864185546e-18 1.694287415e-04 7.864185546e-18 2.395331141e-02 1.694287415e-04 7.864185546e-18
7.864185546e-18 7.864185546e-18 7.864185546e-18 7.864185546e-18 4.269336758e-04 7.864185546e-18

1.937135023e-04 1.937135023e-04 1.937135023e-04 1.937135023e-04 1.937135023e-04 4.651571202e-02
1.937135023e-04 1.937135023e-04 1.937135023e-04 8.752416859e-02 0.000000000e+00 1.937135023e-04
1.937135023e-04 1.599021074e-01 1.937135023e-04 0.000000000e+00 0.000000000e+00 1.937135023e-04
1.937135023e-04 1.937135023e-04 1.896170088e-01 1.020978993e-01 0.000000000e+00 1.937135023e-04
1.937135023e-04 2.474788116e-02 1.937135023e-04 7.353450299e-02 0.000000000e+00 1.937135023e-04
1.937135023e-04 1.937135023e-04 1.937135023e-04 1.937135023e-04 3.116053091e-01 1.937135023e-04

