6.468507115e-18 1.393597612e-04 6.468507115e-18 3.409266678e-03 1.393597612e-04 6.468507115e-18
1.393597612e-04 6.468507115e-18 1.393597612e-04 5.208299632e-02 8.848793262e-04 1.393597612e-04
1.393597612e-04 6.468507115e-18 7.750300650e-01 6.468507115e-18 1.458459893e-01 7.565611817e-03
1.393597612e-04 6.468507115e-18 1.866099430e-03 1.073417136e-02 3.511645933e-04 1.393597612e-04
1.393597612e-04 6.468507115e-18 6.468507115e-18 1.393597612e-04 6.468507115e-18 6.468507115e-18
1.393597612e-04 1.393597612e-04 1.393597612e-04 1.393597612e-04 1.393597612e-04 1.393597612e-04

1.414579785e-04 1.414579785e-04 6.565897735e-18 2.263327656e-03 1.414579785e-04 1.414579785e-04
6.565897735e-18 6.565897735e-18 1.414579785e-04 8.982021756e-04 1.414579785e-04 1.414579785e-04
6.565897735e-18 1.894195647e-03 3.676455321e-01 0.000000000e+00 4.323995673e-03 1.145809626e-02
1.209448704e-03 1.209448704e-03 6.565897735e-18 6.006319630e-01 6.120531262e-04 1.414579785e-04
1.414579785e-04 1.414579785e-04 1.894195647e-03 8.982021756e-04 6.565897735e-18 6.565897735e-18
0.000000000e+00 8.982021756e-04 1.894195647e-03 3.564517696e-04 1.414579785e-04 3.564517696e-04

6.518300634e-18 6.518300634e-18 6.518300634e-18 1.081680127e-02 4.292650430e-03 6.518300634e-18
6.518300634e-18 6.518300634e-18 6.518300634e-18 3.538678014e-04 1.404325301e-04 6.076162684e-04
6.518300634e-18 1.404325301e-04 4.473239958e-01 0.000000000e+00 3.538678014e-04 1.857321971e-02
1.404325301e-04 1.404325301e-04 0.000000000e+00 5.131742593e-01 6.518300634e-18 6.518300634e-18
6.518300634e-18 0.000000000e+00 1.404325301e-04 1.404325301e-04 6.518300634e-18 6.518300634e-18
0.000000000e+00 2.629002906e-03 8.916909838e-04 6.518300634e-18 6.518300634e-18 1.404325301e-04

7.244322758e-18 7.244322758e-18 7.244322758e-18 1.140909342e-02 9.042534705e-03 0.000000000e+00
7.244322758e-18 7.244322758e-18 7.244322758e-18 7.912904529e-03 0.000000000e+00 7.244322758e-18
7.244322758e-18 7.244322758e-18 3.967422879e-01 0.000000000e+00 7.244322758e-18 3.064976478e-01
7.244322758e-18 7.244322758e-18 0.000000000e+00 2.603265529e-01 1.560742026e-04 7.244322758e-18
7.244322758e-18 0.000000000e+00 7.244322758e-18 7.244322758e-18 7.244322758e-18 7.244322758e-18
0.000000000e+00 7.912904529e-03 7.244322758e-18 7.244322758e-18 7.244322758e-18 7.244322758e-18

5.851741348e-18 5.851741348e-18 5.851741348e-18 5.851741348e-18 5.851741348e-18 0.000000000e+00
5.851741348e-18 5.851741348e-18 5.160284485e-02 1.031668957e-01 0.000000000e+00 5.851741348e-18
5.851741348e-18 0.000000000e+00 5.851741348e-18 0.000000000e+00 0.000000000e+00 5.947235396e-03
5.851741348e-18 5.851741348e-18 0.000000000e+00 8.392830241e-01 5.851741348e-18 5.851741348e-18
5.851741348e-18 0.000000000e+00 5.851741348e-18 5.851741348e-18 5.851741348e-18 5.851741348e-18
0.000000000e+00 5.851741348e-18 5.851741348e-18 5.851741348e-18 5.851741348e-18 5.851741348e-18

4.899328096e-18 4.899328096e-18 5.351489266e-03 4.899328096e-18 4.899328096e-18 0.000000000e+00
4.899328096e-18 4.899328096e-18 4.899328096e-18 1.027902958e-02 0.000000000e+00 4.899328096e-18
4.899328096e-18 0.000000000e+00 0.000000000e+00 0.000000000e+00 0.000000000e+00 0.000000000e+00
4.899328096e-18 4.899328096e-18 0.000000000e+00 9.843694812e-01 4.899328096e-18 4.899328096e-18
4.899328096e-18 0.000000000e+00 4.899328096e-18 4.899328096e-18 4.899328096e-18 4.899328096e-18
0.000000000e+00 4.899328096e-18 4.899328096e-18 4.899328096e-18 4.899328096e-18 4.899328096e-18

4.211050269e-02 4.211050269e-02 4.077899461e-02 4.211050269e-02 4.211050269e-02 0.000000000e+00
4.211050269e-02 4.211050269e-02 0.000000000e+00 4.211050269e-02 0.000000000e+00 4.211050269e-02
4.211050269e-02 0.000000000e+00 0.000000000e+00 0.000000000e+00 0.000000000e+00 0.000000000e+00
4.211050269e-02 0.000000000e+00 0.000000000e+00 4.211050269e-02 4.211050269e-02 4.211050269e-02
4.211050269e-02 0.000000000e+00 4.211050269e-02 4.211050269e-02 4.077899461e-02 4.077899461e-02
0.000000000e+00 4.077899461e-02 4.077899461e-02 4.077899461e-02 4.077899461e-02 4.077899461e-02

