1.337107289e-04 1.337107289e-04 1.083056904e-02 1.337107289e-04 1.337107289e-04 1.337107289e-04
1.337107289e-04 1.337107289e-04 7.564442199e-02 8.490102071e-04 6.206302263e-18 1.337107289e-04
4.511666306e-03 3.422994661e-02 6.206302263e-18 8.596708129e-01 1.337107289e-04 1.337107289e-04
1.337107289e-04 5.785327241e-04 8.745877118e-03 3.369299240e-04 6.206302263e-18 1.337107289e-04
1.337107289e-04 6.206302263e-18 1.337107289e-04 6.206302263e-18 6.206302263e-18 3.369299240e-04
6.206302263e-18 8.490102071e-04 1.337107289e-04 1.143210651e-03 1.337107289e-04 1.337107289e-04

1.459397835e-04 1.459397835e-04 1.459397835e-04 1.459397835e-04 3.677452106e-04 6.773924695e-18
3.677452106e-04 3.677452106e-04 2.335915075e-02 7.848498073e-01 1.459397835e-04 1.247767597e-03
3.677452106e-04 1.864454660e-02 0.000000000e+00 6.773924695e-18 1.544752657e-02 0.000000000e+00
3.677452106e-04 3.677452106e-04 1.930159389e-02 1.215111027e-01 9.545766622e-03 6.773924695e-18
1.247767597e-03 6.773924695e-18 1.459397835e-04 6.773924695e-18 6.773924695e-18 3.677452106e-04
3.677452106e-04 1.459397835e-04 3.677452106e-04 1.459397835e-04 3.677452106e-04 6.773924695e-18

5.185438754e-18 5.185438754e-18 5.185438754e-18 5.185438754e-18 5.185438754e-18 5.185438754e-18
5.185438754e-18 5.185438754e-18 5.185438754e-18 7.357156237e-02 5.185438754e-18 5.185438754e-18
5.185438754e-18 5.185438754e-18 0.000000000e+00 0.000000000e+00 5.185438754e-18 0.000000000e+00
5.185438754e-18 5.185438754e-18 0.000000000e+00 9.264284376e-01 5.185438754e-18 5.185438754e-18
5.185438754e-18 5.185438754e-18 5.185438754e-18 5.185438754e-18 5.185438754e-18 5.185438754e-18
5.185438754e-18 5.185438754e-18 5.185438754e-18 5.185438754e-18 5.185438754e-18 5.185438754e-18

6.086086684e-18 6.086086684e-18 6.086086684e-18 1.584929498e-01 6.086086684e-18 6.086086684e-18
6.086086684e-18 6.086086684e-18 9.260452816e-02 6.086086684e-18 7.489025220e-01 6.086086684e-18
6.086086684e-18 6.086086684e-18 0.000000000e+00 0.000000000e+00 0.000000000e+00 0.000000000e+00
6.086086684e-18 6.086086684e-18 0.000000000e+00 0.000000000e+00 6.086086684e-18 6.086086684e-18
6.086086684e-18 6.086086684e-18 6.086086684e-18 6.086086684e-18 6.086086684e-18 6.086086684e-18
6.086086684e-18 6.086086684e-18 6.086086684e-18 6.086086684e-18 6.086086684e-18 6.086086684e-18

