5.639409848e-18 5.639409848e-18 5.639409848e-18 5.639409848e-18 5.639409848e-18 5.639409848e-18
5.639409848e-18 0.000000000e+00 5.639409848e-18 3.061542688e-04 5.639409848e-18 5.639409848e-18
5.639409848e-18 1.033025479e-02 8.932938175e-01 8.001255304e-02 5.639409848e-18 5.639409848e-18
5.639409848e-18 5.639409848e-18 3.713853727e-03 1.234336665e-02 5.639409848e-18 5.639409848e-18
5.639409848e-18 5.639409848e-18 5.639409848e-18 5.639409848e-18 5.639409848e-18 5.639409848e-18
5.639409848e-18 5.639409848e-18 5.639409848e-18 5.639409848e-18 5.639409848e-18 5.639409848e-18

6.163725640e-18 6.163725640e-18 2.485993441e-03 6.163725640e-18 6.163725640e-18 6.163725640e-18
6.163725640e-18 0.000000000e+00 0.000000000e+00 8.477118624e-02 6.163725640e-18 6.163725640e-18
6.163725640e-18 1.420034104e-01 6.163725640e-18 3.346185093e-04 6.163725640e-18 6.163725640e-18
6.163725640e-18 0.000000000e+00 7.677055325e-01 5.745638601e-04 6.163725640e-18 6.163725640e-18
6.163725640e-18 6.163725640e-18 2.124695094e-03 6.163725640e-18 6.163725640e-18 6.163725640e-18
6.163725640e-18 6.163725640e-18 6.163725640e-18 6.163725640e-18 6.163725640e-18 6.163725640e-18

6.073707972e-18 1.308540715e-04 1.308540715e-04 6.073707972e-18 6.073707972e-18 6.073707972e-18
6.073707972e-18 0.000000000e+00 0.000000000e+00 2.651326204e-01 6.073707972e-18 6.073707972e-18
6.073707972e-18 0.000000000e+00 0.000000000e+00 1.118786574e-03 6.073707972e-18 6.073707972e-18
6.073707972e-18 0.000000000e+00 7.126991662e-01 1.308540715e-04 1.308540715e-04 6.073707972e-18
6.073707972e-18 8.066481609e-03 1.219782074e-02 6.073707972e-18 1.308540715e-04 6.073707972e-18
6.073707972e-18 1.308540715e-04 6.073707972e-18 6.073707972e-18 6.073707972e-18 6.073707972e-18

1.544107303e-04 6.749568957e-03 3.969054655e-01 1.544107303e-04 1.544107303e-04 1.544107303e-04
2.890685359e-03 0.000000000e+00 0.000000000e+00 5.136212193e-01 3.890906587e-04 1.544107303e-04
0.000000000e+00 0.000000000e+00 0.000000000e+00 6.225450539e-03 1.544107303e-04 6.680964280e-04
9.804470224e-04 0.000000000e+00 0.000000000e+00 1.634416470e-02 6.680964280e-04 1.544107303e-04
1.544107303e-04 1.544107303e-04 2.619034910e-02 2.471501216e-02 1.544107303e-04 1.544107303e-04
1.544107303e-04 6.680964280e-04 1.544107303e-04 6.680964280e-04 1.544107303e-04 1.544107303e-04

