7.312828517e-18 7.312828517e-18 7.312828517e-18 7.312828517e-18 7.312828517e-18 7.312828517e-18
7.312828517e-18 7.312828517e-18 3.375484299e-02 6.816797544e-04 7.312828517e-18 7.312828517e-18
7.312828517e-18 2.083714428e-02 1.222292563e-01 7.312828517e-18 3.970014111e-04 7.312828517e-18
7.312828517e-18 7.312828517e-18 5.795947429e-02 6.740513025e-01 4.806724190e-02 7.312828517e-18
7.312828517e-18 7.312828517e-18 7.312828517e-18 4.202205662e-02 7.312828517e-18 7.312828517e-18
7.312828517e-18 7.312828517e-18 7.312828517e-18 7.312828517e-18 7.312828517e-18 7.312828517e-18

5.535304458e-18 3.005025587e-04 5.535304458e-18 5.535304458e-18 5.535304458e-18 5.535304458e-18
5.535304458e-18 5.535304458e-18 5.535304458e-18 5.535304458e-18 5.535304458e-18 5.535304458e-18
5.535304458e-18 5.535304458e-18 5.535304458e-18 0.000000000e+00 0.000000000e+00 5.535304458e-18
5.535304458e-18 5.535304458e-18 5.535304458e-18 8.198557537e-01 1.798437438e-01 5.535304458e-18
5.535304458e-18 5.535304458e-18 5.535304458e-18 5.535304458e-18 5.535304458e-18 5.535304458e-18
5.535304458e-18 5.535304458e-18 5.535304458e-18 5.535304458e-18 5.535304458e-18 5.535304458e-18

5.055518223e-18 5.055518223e-18 5.055518223e-18 5.055518223e-18 5.055518223e-18 5.055518223e-18
5.055518223e-18 5.055518223e-18 0.000000000e+00 9.534482350e-01 5.055518223e-18 5.055518223e-18
5.055518223e-18 5.055518223e-18 5.055518223e-18 0.000000000e+00 0.000000000e+00 5.055518223e-18
5.055518223e-18 5.055518223e-18 5.055518223e-18 5.055518223e-18 0.000000000e+00 5.055518223e-18
5.055518223e-18 5.055518223e-18 5.055518223e-18 4.655176498e-02 5.055518223e-18 5.055518223e-18
5.055518223e-18 5.055518223e-18 5.055518223e-18 5.055518223e-18 5.055518223e-18 5.055518223e-18

1.289267647e-03 2.030469310e-04 9.424603674e-18 8.432963087e-02 2.390696832e-01 2.030469310e-04
9.424603674e-18 7.351352018e-02 0.000000000e+00 1.676064486e-01 0.000000000e+00 9.424603674e-18
9.424603674e-18 9.424603674e-18 7.511351892e-03 0.000000000e+00 0.000000000e+00 9.424603674e-18
2.030469310e-04 1.892742072e-02 1.148701219e-01 0.000000000e+00 0.000000000e+00 9.424603674e-18
2.030469310e-04 2.030469310e-04 9.424603674e-18 1.575262287e-01 9.424603674e-18 2.030469310e-04
2.030469310e-04 9.424603674e-18 5.116462049e-04 1.148701219e-01 1.289267647e-03 1.726396200e-02

