1.637004407e-04 1.637004407e-04 1.637004407e-04 1.637004407e-04 1.637004407e-04 1.637004407e-04
1.637004407e-04 1.637004407e-04 5.067346992e-01 1.637004407e-04 1.637004407e-04 1.637004407e-04
4.124992621e-04 1.070747239e-02 2.647098421e-01 7.082906706e-04 7.082906706e-04 1.637004407e-04
5.003888818e-03 4.124992621e-04 0.000000000e+00 7.155638800e-03 1.602386387e-01 1.637004407e-04
4.124992621e-04 7.082906706e-04 4.124992621e-04 1.399619080e-03 1.637004407e-04 1.637004407e-04
1.637004407e-04 4.124992621e-04 3.675252428e-02 1.637004407e-04 1.637004407e-04 1.637004407e-04

4.998864933e-18 4.998864933e-18 4.998864933e-18 4.998864933e-18 4.998864933e-18 4.998864933e-18
4.998864933e-18 4.998864933e-18 1.076972802e-04 4.998864933e-18 1.076972802e-04 4.998864933e-18
4.998864933e-18 1.931076635e-02 9.762454464e-01 0.000000000e+00 4.998864933e-18 3.633920735e-03
4.998864933e-18 4.998864933e-18 0.000000000e+00 1.076972802e-04 2.713801408e-04 4.998864933e-18
4.998864933e-18 4.998864933e-18 4.998864933e-18 0.000000000e+00 1.076972802e-04 4.998864933e-18
4.998864933e-18 4.998864933e-18 4.998864933e-18 4.998864933e-18 1.076972802e-04 4.998864933e-18

4.734342083e-18 4.734342083e-18 1.019983082e-04 4.734342083e-18 4.734342083e-18 4.734342083e-18
1.019983082e-04 4.734342083e-18 1.019983082e-04 4.734342083e-18 1.019983082e-04 4.734342083e-18
4.734342083e-18 0.000000000e+00 9.982816762e-01 0.000000000e+00 0.000000000e+00 1.019983082e-04
1.019983082e-04 4.734342083e-18 0.000000000e+00 1.019983082e-04 1.019983082e-04 4.734342083e-18
4.734342083e-18 4.734342083e-18 4.734342083e-18 0.000000000e+00 4.734342083e-18 2.570196311e-04
1.019983082e-04 4.734342083e-18 4.734342083e-18 1.019983082e-04 4.413210485e-04 4.734342083e-18

