8.415430233e-18 8.415430233e-18 8.415430233e-18 8.415430233e-18 8.415430233e-18 8.415430233e-18
8.415430233e-18 8.415430233e-18 1.133155927e-01 8.527822565e-02 8.415430233e-18 8.415430233e-18
8.415430233e-18 4.258709251e-02 3.792217545e-02 5.430664654e-02 8.415430233e-18 8.415430233e-18
8.415430233e-18 1.614333019e-01 4.544963395e-02 4.591634165e-01 1.813049483e-04 8.415430233e-18
8.415430233e-18 8.415430233e-18 8.415430233e-18 1.813049483e-04 1.813049483e-04 8.415430233e-18
8.415430233e-18 8.415430233e-18 8.415430233e-18 8.415430233e-18 8.415430233e-18 8.415430233e-18

6.683878694e-18 3.430581421e-01 6.683878694e-18 6.683878694e-18 6.683878694e-18 6.683878694e-18
6.683878694e-18 0.000000000e+00 6.683878694e-18 2.463414016e-01 6.683878694e-18 6.683878694e-18
6.683878694e-18 6.683878694e-18 0.000000000e+00 6.683878694e-18 6.683878694e-18 6.683878694e-18
6.683878694e-18 4.103124567e-01 6.683878694e-18 1.439998012e-04 6.683878694e-18 6.683878694e-18
6.683878694e-18 1.439998012e-04 6.683878694e-18 6.683878694e-18 6.683878694e-18 6.683878694e-18
6.683878694e-18 6.683878694e-18 6.683878694e-18 6.683878694e-18 6.683878694e-18 6.683878694e-18

4.825321725e-18 4.825321725e-18 4.825321725e-18 4.825321725e-18 4.825321725e-18 4.825321725e-18
2.619587659e-04 0.000000000e+00 9.913553607e-01 4.825321725e-18 4.825321725e-18 4.825321725e-18
4.825321725e-18 0.000000000e+00 0.000000000e+00 4.825321725e-18 4.825321725e-18 4.825321725e-18
4.825321725e-18 0.000000000e+00 4.191340255e-03 4.191340255e-03 4.825321725e-18 4.825321725e-18
4.825321725e-18 4.825321725e-18 4.825321725e-18 4.825321725e-18 4.825321725e-18 4.825321725e-18
4.825321725e-18 4.825321725e-18 4.825321725e-18 4.825321725e-18 4.825321725e-18 4.825321725e-18

4.895475137e-18 4.895475137e-18 4.895475137e-18 4.895475137e-18 4.895475137e-18 4.895475137e-18
9.849775295e-01 0.000000000e+00 4.895475137e-18 0.000000000e+00 8.123801688e-03 4.895475137e-18
4.895475137e-18 0.000000000e+00 0.000000000e+00 4.895475137e-18 4.895475137e-18 4.895475137e-18
6.898668831e-03 0.000000000e+00 4.895475137e-18 0.000000000e+00 4.895475137e-18 4.895475137e-18
4.895475137e-18 4.895475137e-18 4.895475137e-18 4.895475137e-18 4.895475137e-18 4.895475137e-18
4.895475137e-18 4.895475137e-18 4.895475137e-18 4.895475137e-18 4.895475137e-18 4.895475137e-18

3.609445831e-02 3.609445831e-02 3.609445831e-02 3.609445831e-02 3.609445831e-02 3.609445831e-02
3.609445831e-02 0.000000000e+00 0.000000000e+00 0.000000000e+00 3.476385421e-02 3.609445831e-02
3.609445831e-02 0.000000000e+00 0.000000000e+00 3.609445831e-02 3.609445831e-02 3.609445831e-02
3.609445831e-02 0.000000000e+00 0.000000000e+00 0.000000000e+00 3.609445831e-02 3.609445831e-02
3.609445831e-02 3.609445831e-02 3.609445831e-02 3.609445831e-02 3.609445831e-02 3.476385421e-02
3.476385421e-02 3.476385421e-02 3.476385421e-02 3.476385421e-02 3.476385421e-02 3.476385421e-02

