1.439980377e-04 3.628523176e-04 1.439980377e-04 6.230433239e-04 3.628523176e-04 1.439980377e-04
1.439980377e-04 6.683796837e-18 6.230433239e-04 1.439980377e-04 6.683796837e-18 3.628523176e-04
1.439980377e-04 1.231165904e-03 1.166384105e-02 5.805637082e-03 1.439980377e-04 3.628523176e-04
2.303968603e-03 3.382399548e-02 6.683796837e-18 7.859378555e-01 1.439980377e-04 1.439980377e-04
1.439980377e-04 1.439980377e-04 1.250786593e-01 1.439980377e-04 1.439980377e-04 1.439980377e-04
6.683796837e-18 3.628523176e-04 2.794866267e-02 1.439980377e-04 3.628523176e-04 6.230433239e-04

6.432952058e-18 6.432952058e-18 6.432952058e-18 1.385937507e-04 6.432952058e-18 6.432952058e-18
6.432952058e-18 6.432952058e-18 6.432952058e-18 6.432952058e-18 6.432952058e-18 6.432952058e-18
6.432952058e-18 1.511049351e-03 4.964227044e-01 0.000000000e+00 6.432952058e-18 6.432952058e-18
4.540052169e-01 6.432952058e-18 0.000000000e+00 3.998290713e-02 6.432952058e-18 6.432952058e-18
6.432952058e-18 4.676429187e-03 2.985911844e-03 6.432952058e-18 6.432952058e-18 6.432952058e-18
6.432952058e-18 1.385937507e-04 1.385937507e-04 6.432952058e-18 6.432952058e-18 6.432952058e-18

5.887366299e-18 5.887366299e-18 5.887366299e-18 5.887366299e-18 5.887366299e-18 5.887366299e-18
5.887366299e-18 5.887366299e-18 5.887366299e-18 5.887366299e-18 5.887366299e-18 5.887366299e-18
5.887366299e-18 1.268394619e-04 9.769796585e-03 0.000000000e+00 0.000000000e+00 5.887366299e-18
1.222688596e-01 0.000000000e+00 0.000000000e+00 5.544379546e-03 5.887366299e-18 5.887366299e-18
5.887366299e-18 2.029431390e-03 8.489784839e-01 5.887366299e-18 5.887366299e-18 5.887366299e-18
1.268394619e-04 8.780839651e-03 5.887366299e-18 2.374530415e-03 5.887366299e-18 5.887366299e-18

4.843412153e-18 4.843412153e-18 4.843412153e-18 4.843412153e-18 4.843412153e-18 1.043481516e-04
4.843412153e-18 4.843412153e-18 4.843412153e-18 4.843412153e-18 4.843412153e-18 4.843412153e-18
4.843412153e-18 1.953476119e-03 0.000000000e+00 0.000000000e+00 0.000000000e+00 4.843412153e-18
1.397275832e-03 0.000000000e+00 0.000000000e+00 1.043481516e-04 6.625694626e-04 4.843412153e-18
4.843412153e-18 6.625694626e-04 9.936973669e-01 2.629408655e-04 4.843412153e-18 4.843412153e-18
4.843412153e-18 8.921641467e-04 0.000000000e+00 2.629408655e-04 4.843412153e-18 4.843412153e-18

