6.057985580e-18 6.057985580e-18 6.057985580e-18 6.057985580e-18 6.057985580e-18 6.057985580e-18
6.057985580e-18 6.057985580e-18 2.213733714e-02 8.287207702e-04 6.057985580e-18 6.057985580e-18
6.057985580e-18 1.422972703e-03 3.989508288e-03 6.057985580e-18 6.057985580e-18 6.057985580e-18
6.057985580e-18 0.000000000e+00 9.759845705e-02 8.469269739e-01 2.213733714e-02 6.057985580e-18
6.057985580e-18 1.305153429e-04 6.057985580e-18 4.828177717e-03 6.057985580e-18 6.057985580e-18
6.057985580e-18 6.057985580e-18 6.057985580e-18 6.057985580e-18 6.057985580e-18 6.057985580e-18

5.360219198e-18 5.360219198e-18 5.360219198e-18 5.360219198e-18 5.360219198e-18 5.360219198e-18
5.360219198e-18 5.360219198e-18 5.360219198e-18 8.791426742e-01 5.360219198e-18 5.360219198e-18
5.360219198e-18 5.360219198e-18 5.360219198e-18 0.000000000e+00 0.000000000e+00 5.360219198e-18
5.360219198e-18 0.000000000e+00 5.360219198e-18 5.360219198e-18 5.360219198e-18 5.360219198e-18
5.360219198e-18 5.360219198e-18 5.360219198e-18 1.208573258e-01 5.360219198e-18 5.360219198e-18
5.360219198e-18 5.360219198e-18 5.360219198e-18 5.360219198e-18 5.360219198e-18 5.360219198e-18

4.674953986e-18 4.674953986e-18 4.674953986e-18 4.674953986e-18 4.674953986e-18 4.674953986e-18
4.674953986e-18 4.674953986e-18 4.674953986e-18 9.991388661e-01 4.674953986e-18 4.674953986e-18
4.674953986e-18 4.674953986e-18 0.000000000e+00 0.000000000e+00 0.000000000e+00 4.674953986e-18
4.674953986e-18 0.000000000e+00 4.674953986e-18 0.000000000e+00 4.674953986e-18 4.674953986e-18
4.674953986e-18 4.674953986e-18 4.674953986e-18 4.674953986e-18 4.674953986e-18 4.674953986e-18
4.674953986e-18 4.674953986e-18 4.674953986e-18 8.611338871e-04 4.674953986e-18 4.674953986e-18

3.517249117e-02 3.517249117e-02 3.517249117e-02 3.517249117e-02 3.517249117e-02 3.517249117e-02
3.517249117e-02 3.517249117e-02 3.517249117e-02 3.517249117e-02 3.517249117e-02 3.517249117e-02
3.517249117e-02 0.000000000e+00 0.000000000e+00 0.000000000e+00 0.000000000e+00 3.517249117e-02
3.383900824e-02 0.000000000e+00 3.383900824e-02 0.000000000e+00 3.383900824e-02 3.383900824e-02
3.383900824e-02 3.383900824e-02 3.383900824e-02 0.000000000e+00 3.383900824e-02 3.383900824e-02
3.383900824e-02 3.383900824e-02 3.383900824e-02 3.383900824e-02 3.383900824e-02 3.383900824e-02

