7.312828517e-18 7.312828517e-18 7.312828517e-18 7.312828517e-18 7.312828517e-18 7.312828517e-18
7.312828517e-18 7.312828517e-18 3.375484299e-02 6.816797544e-04 7.312828517e-18 7.312828517e-18
7.312828517e-18 2.083714428e-02 1.222292563e-01 7.312828517e-18 3.970014111e-04 7.312828517e-18
7.312828517e-18 7.312828517e-18 5.795947429e-02 6.740513025e-01 4.806724190e-02 7.312828517e-18
7.312828517e-18 7.312828517e-18 7.312828517e-18 4.202205662e-02 7.312828517e-18 7.312828517e-18
7.312828517e-18 7.312828517e-18 7.312828517e-18 7.312828517e-18 7.312828517e-18 7.312828517e-18

7.344024525e-18 7.344024525e-18 7.344024525e-18 3.986949910e-04 7.344024525e-18 7.344024525e-18
7.344024525e-18 7.344024525e-18 7.344024525e-18 2.229656186e-01 7.344024525e-18 7.344024525e-18
7.344024525e-18 1.106588102e-01 3.666593303e-01 0.000000000e+00 7.344024525e-18 7.344024525e-18
7.344024525e-18 7.344024525e-18 0.000000000e+00 7.344024525e-18 7.344024525e-18 7.344024525e-18
7.344024525e-18 7.344024525e-18 7.344024525e-18 2.939788133e-01 7.344024525e-18 7.344024525e-18
7.344024525e-18 7.344024525e-18 7.344024525e-18 5.338732564e-03 7.344024525e-18 7.344024525e-18

6.096115267e-18 6.096115267e-18 6.096115267e-18 1.758668117e-03 6.096115267e-18 6.096115267e-18
6.096115267e-18 6.096115267e-18 6.096115267e-18 5.682614256e-04 6.096115267e-18 6.096115267e-18
6.096115267e-18 2.035396896e-01 7.501365549e-01 0.000000000e+00 6.096115267e-18 4.228029023e-02
6.096115267e-18 6.096115267e-18 0.000000000e+00 0.000000000e+00 6.096115267e-18 6.096115267e-18
6.096115267e-18 6.096115267e-18 1.122914033e-03 0.000000000e+00 1.313368221e-04 6.096115267e-18
6.096115267e-18 1.313368221e-04 6.096115267e-18 6.096115267e-18 3.309480535e-04 6.096115267e-18

5.639183325e-18 5.639183325e-18 1.214925218e-04 1.214925218e-04 5.639183325e-18 5.639183325e-18
5.639183325e-18 5.639183325e-18 5.639183325e-18 5.639183325e-18 5.639183325e-18 1.038746450e-03
5.639183325e-18 0.000000000e+00 6.018227656e-02 0.000000000e+00 0.000000000e+00 5.564119809e-02
5.639183325e-18 5.639183325e-18 0.000000000e+00 0.000000000e+00 5.639183325e-18 5.639183325e-18
5.639183325e-18 5.639183325e-18 5.639183325e-18 0.000000000e+00 5.639183325e-18 5.639183325e-18
5.639183325e-18 8.827733013e-01 5.639183325e-18 5.639183325e-18 1.214925218e-04 5.639183325e-18

