7.312828517e-18 7.312828517e-18 7.312828517e-18 7.312828517e-18 7.312828517e-18 7.312828517e-18
7.312828517e-18 7.312828517e-18 3.375484299e-02 6.816797544e-04 7.312828517e-18 7.312828517e-18
7.312828517e-18 2.083714428e-02 1.222292563e-01 7.312828517e-18 3.970014111e-04 7.312828517e-18
7.312828517e-18 7.312828517e-18 5.795947429e-02 6.740513025e-01 4.806724190e-02 7.312828517e-18
7.312828517e-18 7.312828517e-18 7.312828517e-18 4.202205662e-02 7.312828517e-18 7.312828517e-18
7.312828517e-18 7.312828517e-18 7.312828517e-18 7.312828517e-18 7.312828517e-18 7.312828517e-18

6.876472210e-18 6.876472210e-18 6.876472210e-18 6.876472210e-18 6.876472210e-18 6.876472210e-18
6.876472210e-18 6.876472210e-18 6.876472210e-18 6.876472210e-18 6.876472210e-18 6.876472210e-18
6.876472210e-18 1.955650209e-01 6.876472210e-18 0.000000000e+00 2.875434530e-02 5.480506589e-03
6.876472210e-18 6.876472210e-18 0.000000000e+00 2.087706645e-01 6.876472210e-18 6.876472210e-18
6.876472210e-18 6.876472210e-18 6.876472210e-18 5.614294628e-01 6.876472210e-18 6.876472210e-18
6.876472210e-18 6.876472210e-18 6.876472210e-18 6.876472210e-18 6.876472210e-18 6.876472210e-18

5.767788644e-18 5.767788644e-18 5.767788644e-18 5.767788644e-18 5.767788644e-18 5.767788644e-18
5.767788644e-18 5.767788644e-18 5.767788644e-18 5.767788644e-18 5.767788644e-18 5.767788644e-18
6.711146773e-01 5.767788644e-18 0.000000000e+00 0.000000000e+00 0.000000000e+00 5.767788644e-18
5.767788644e-18 5.767788644e-18 0.000000000e+00 3.288853227e-01 5.767788644e-18 5.767788644e-18
5.767788644e-18 5.767788644e-18 5.767788644e-18 5.767788644e-18 5.767788644e-18 5.767788644e-18
5.767788644e-18 5.767788644e-18 5.767788644e-18 5.767788644e-18 5.767788644e-18 5.767788644e-18

5.265368380e-18 5.265368380e-18 5.265368380e-18 5.265368380e-18 5.265368380e-18 5.265368380e-18
5.265368380e-18 5.265368380e-18 5.265368380e-18 5.265368380e-18 5.265368380e-18 5.265368380e-18
9.508256799e-01 0.000000000e+00 0.000000000e+00 0.000000000e+00 0.000000000e+00 5.265368380e-18
5.265368380e-18 5.265368380e-18 0.000000000e+00 1.815022767e-03 1.398613534e-02 5.265368380e-18
5.265368380e-18 5.265368380e-18 0.000000000e+00 5.265368380e-18 5.265368380e-18 3.116523618e-03
5.265368380e-18 5.265368380e-18 3.025663841e-02 5.265368380e-18 5.265368380e-18 5.265368380e-18

