7.772125505e-18 7.772125505e-18 7.772125505e-18 7.772125505e-18 7.772125505e-18 7.772125505e-18
7.772125505e-18 2.601018096e-02 3.347865917e-01 7.772125505e-18 1.063211813e-03 7.772125505e-18
7.772125505e-18 1.674453680e-04 2.076832732e-01 2.290620414e-02 1.674453680e-04 7.772125505e-18
7.772125505e-18 6.750974204e-03 5.485220687e-02 3.452775757e-01 1.674453680e-04 7.772125505e-18
7.772125505e-18 7.772125505e-18 7.772125505e-18 1.674453680e-04 7.772125505e-18 7.772125505e-18
7.772125505e-18 7.772125505e-18 7.772125505e-18 7.772125505e-18 7.772125505e-18 7.772125505e-18

4.675519212e-18 4.675519212e-18 4.675519212e-18 6.396020312e-04 4.675519212e-18 4.675519212e-18
4.675519212e-18 4.675519212e-18 4.675519212e-18 0.000000000e+00 4.675519212e-18 4.675519212e-18
4.675519212e-18 4.675519212e-18 4.675519212e-18 4.675519212e-18 4.675519212e-18 4.675519212e-18
4.675519212e-18 0.000000000e+00 4.675519212e-18 9.992596670e-01 4.675519212e-18 4.675519212e-18
4.675519212e-18 4.675519212e-18 4.675519212e-18 1.007310078e-04 4.675519212e-18 4.675519212e-18
4.675519212e-18 4.675519212e-18 4.675519212e-18 4.675519212e-18 4.675519212e-18 4.675519212e-18

7.063848972e-18 7.063848972e-18 7.063848972e-18 4.181027911e-03 7.063848972e-18 3.834847219e-04
7.063848972e-18 2.037849585e-03 4.474239253e-02 0.000000000e+00 4.801948888e-01 7.063848972e-18
7.063848972e-18 6.584706344e-04 3.825420751e-01 0.000000000e+00 7.063848972e-18 7.063848972e-18
7.063848972e-18 0.000000000e+00 7.063848972e-18 0.000000000e+00 2.037849585e-03 7.063848972e-18
7.063848972e-18 8.118429875e-02 3.834847219e-04 9.663209467e-04 1.521860127e-04 7.063848972e-18
3.834847219e-04 7.063848972e-18 7.063848972e-18 7.063848972e-18 1.521860127e-04 7.063848972e-18

7.721347509e-18 7.721347509e-18 7.721347509e-18 1.690024770e-02 7.721347509e-18 7.721347509e-18
2.741806959e-02 8.874088126e-02 6.908920606e-02 0.000000000e+00 6.078880082e-01 7.721347509e-18
1.422284372e-03 7.721347509e-18 9.195307012e-02 0.000000000e+00 7.721347509e-18 7.721347509e-18
7.721347509e-18 0.000000000e+00 0.000000000e+00 0.000000000e+00 7.721347509e-18 7.721347509e-18
7.721347509e-18 0.000000000e+00 7.721347509e-18 8.874088126e-02 7.721347509e-18 7.721347509e-18
7.721347509e-18 7.721347509e-18 7.721347509e-18 7.721347509e-18 7.847351493e-03 7.721347509e-18

3.609445831e-02 3.609445831e-02 3.609445831e-02 3.609445831e-02 3.609445831e-02 3.609445831e-02
0.000000000e+00 3.609445831e-02 3.609445831e-02 0.000000000e+00 3.609445831e-02 3.609445831e-02
3.609445831e-02 0.000000000e+00 3.476385421e-02 0.000000000e+00 3.609445831e-02 3.609445831e-02
3.609445831e-02 0.000000000e+00 0.000000000e+00 0.000000000e+00 3.609445831e-02 3.609445831e-02
3.609445831e-02 0.000000000e+00 3.609445831e-02 3.609445831e-02 3.609445831e-02 3.476385421e-02
3.476385421e-02 3.476385421e-02 3.476385421e-02 3.476385421e-02 3.476385421e-02 3.476385421e-02

3.917969513e-02 3.917969513e-02 3.917969513e-02 3.917969513e-02 3.917969513e-02 3.917969513e-02
0.000000000e+00 3.917969513e-02 3.917969513e-02 0.000000000e+00 3.917969513e-02 3.917969513e-02
3.917969513e-02 0.000000000e+00 0.000000000e+00 0.000000000e+00 3.784597560e-02 3.917969513e-02
3.784597560e-02 0.000000000e+00 0.000000000e+00 0.000000000e+00 3.784597560e-02 3.784597560e-02
3.784597560e-02 0.000000000e+00 0.000000000e+00 3.784597560e-02 3.784597560e-02 3.784597560e-02
3.784597560e-02 3.784597560e-02 3.784597560e-02 3.784597560e-02 3.784597560e-02 3.784597560e-02

