6.468507115e-18 1.393597612e-04 6.468507115e-18 3.409266678e-03 1.393597612e-04 6.468507115e-18
1.393597612e-04 6.468507115e-18 1.393597612e-04 5.208299632e-02 8.848793262e-04 1.393597612e-04
1.393597612e-04 6.468507115e-18 7.750300650e-01 6.468507115e-18 1.458459893e-01 7.565611817e-03
1.393597612e-04 6.468507115e-18 1.866099430e-03 1.073417136e-02 3.511645933e-04 1.393597612e-04
1.393597612e-04 6.468507115e-18 6.468507115e-18 1.393597612e-04 6.468507115e-18 6.468507115e-18
1.393597612e-04 1.393597612e-04 1.393597612e-04 1.393597612e-04 1.393597612e-04 1.393597612e-04

5.230643053e-18 1.803052615e-03 5.230643053e-18 2.756842769e-03 2.839629930e-04 5.230643053e-18
5.230643053e-18 7.370985081e-03 4.875847237e-04 2.839629930e-04 1.126907885e-04 5.230643053e-18
9.634926884e-04 5.230643053e-18 9.763155348e-01 0.000000000e+00 4.875847237e-04 4.543407888e-03
1.126907885e-04 1.803052615e-03 0.000000000e+00 7.155419046e-04 5.230643053e-18 5.230643053e-18
2.839629930e-04 1.126907885e-04 1.126907885e-04 1.126907885e-04 5.230643053e-18 5.230643053e-18
7.155419046e-04 1.126907885e-04 1.126907885e-04 2.839629930e-04 1.126907885e-04 5.230643053e-18

7.194318412e-18 2.033597410e-01 1.549968916e-04 1.062827345e-01 7.194318412e-18 7.194318412e-18
7.194318412e-18 5.456044729e-01 7.194318412e-18 1.380086988e-01 1.549968916e-04 7.194318412e-18
1.549968916e-04 0.000000000e+00 0.000000000e+00 0.000000000e+00 1.549968916e-04 3.905676928e-04
7.194318412e-18 3.905676928e-04 0.000000000e+00 4.258251584e-03 7.194318412e-18 1.549968916e-04
1.549968916e-04 7.194318412e-18 1.549968916e-04 7.194318412e-18 7.194318412e-18 1.549968916e-04
1.549968916e-04 7.194318412e-18 1.549968916e-04 1.549968916e-04 7.194318412e-18 7.194318412e-18

7.633901918e-18 6.437592346e-02 7.633901918e-18 4.744720444e-02 7.633901918e-18 7.633901918e-18
1.644674312e-04 6.388026554e-01 0.000000000e+00 1.646796412e-01 1.644674312e-04 7.633901918e-18
4.023495216e-03 0.000000000e+00 0.000000000e+00 0.000000000e+00 7.633901918e-18 4.518437061e-03
7.633901918e-18 2.249882810e-02 0.000000000e+00 3.523686629e-02 7.633901918e-18 1.644674312e-04
3.543343390e-03 1.644674312e-04 7.633901918e-18 2.202304143e-03 7.633901918e-18 7.633901918e-18
3.543343390e-03 7.116092457e-04 0.000000000e+00 7.758478886e-03 7.633901918e-18 7.633901918e-18

4.992845028e-18 1.721081365e-03 1.075675853e-04 1.440385717e-03 4.992845028e-18 1.075675853e-04
1.075675853e-04 1.721081365e-03 0.000000000e+00 2.710533300e-04 1.075675853e-04 4.992845028e-18
1.075675853e-04 0.000000000e+00 0.000000000e+00 0.000000000e+00 6.830115923e-04 6.830115923e-04
4.992845028e-18 0.000000000e+00 0.000000000e+00 9.890893887e-01 4.992845028e-18 1.075675853e-04
2.710533300e-04 1.440385717e-03 0.000000000e+00 1.075675853e-04 4.992845028e-18 1.075675853e-04
4.992845028e-18 1.075675853e-04 0.000000000e+00 1.440385717e-03 2.710533300e-04 4.992845028e-18

3.917969513e-02 3.917969513e-02 3.917969513e-02 3.917969513e-02 3.917969513e-02 3.917969513e-02
3.917969513e-02 3.917969513e-02 0.000000000e+00 3.917969513e-02 3.917969513e-02 3.917969513e-02
3.917969513e-02 0.000000000e+00 0.000000000e+00 0.000000000e+00 3.784597560e-02 3.784597560e-02
3.784597560e-02 0.000000000e+00 0.000000000e+00 0.000000000e+00 0.000000000e+00 3.784597560e-02
3.784597560e-02 3.784597560e-02 0.000000000e+00 3.784597560e-02 3.784597560e-02 3.784597560e-02
3.784597560e-02 3.784597560e-02 0.000000000e+00 3.784597560e-02 3.784597560e-02 3.784597560e-02

