7.460366605e-18 7.460366605e-18 7.460366605e-18 7.460366605e-18 7.460366605e-18 7.460366605e-18
7.460366605e-18 7.460366605e-18 1.607287262e-04 1.607287262e-04 7.460366605e-18 7.460366605e-18
7.460366605e-18 1.607287262e-04 4.346455054e-01 5.725920394e-02 4.050110108e-04 7.460366605e-18
7.460366605e-18 4.050110108e-04 9.312205736e-03 2.070195924e-01 7.460366605e-18 7.460366605e-18
7.460366605e-18 1.752380869e-03 7.460366605e-18 2.763387897e-01 1.238011370e-02 7.460366605e-18
7.460366605e-18 7.460366605e-18 7.460366605e-18 7.460366605e-18 7.460366605e-18 7.460366605e-18

6.227276007e-18 6.227276007e-18 6.227276007e-18 6.227276007e-18 6.227276007e-18 6.227276007e-18
6.227276007e-18 6.227276007e-18 6.227276007e-18 6.227276007e-18 6.227276007e-18 6.227276007e-18
6.227276007e-18 6.227276007e-18 1.774397531e-02 6.227276007e-18 6.227276007e-18 6.227276007e-18
6.227276007e-18 6.227276007e-18 7.803038576e-01 0.000000000e+00 6.227276007e-18 6.227276007e-18
1.796506675e-03 1.175075983e-01 0.000000000e+00 6.227276007e-18 8.206757430e-02 5.804878330e-04
6.227276007e-18 6.227276007e-18 6.227276007e-18 6.227276007e-18 6.227276007e-18 6.227276007e-18

4.700273045e-18 4.700273045e-18 4.700273045e-18 4.700273045e-18 4.700273045e-18 4.700273045e-18
4.700273045e-18 4.700273045e-18 4.700273045e-18 4.700273045e-18 4.700273045e-18 4.700273045e-18
4.700273045e-18 4.700273045e-18 2.181673488e-03 4.700273045e-18 4.700273045e-18 4.700273045e-18
4.700273045e-18 4.700273045e-18 4.700273045e-18 0.000000000e+00 4.700273045e-18 4.700273045e-18
4.700273045e-18 0.000000000e+00 0.000000000e+00 0.000000000e+00 4.700273045e-18 9.978183265e-01
4.700273045e-18 4.700273045e-18 4.700273045e-18 4.700273045e-18 4.700273045e-18 4.700273045e-18

9.026917292e-18 9.026917292e-18 9.026917292e-18 9.026917292e-18 9.026917292e-18 9.026917292e-18
9.026917292e-18 8.501026274e-03 1.198863407e-02 9.026917292e-18 9.026917292e-18 9.026917292e-18
7.194398260e-03 9.026917292e-18 1.577602481e-01 3.640794300e-03 1.845869287e-01 9.026917292e-18
3.640794300e-03 6.481351877e-02 3.774654923e-02 0.000000000e+00 4.875212262e-02 1.163911494e-01
3.477894377e-01 0.000000000e+00 0.000000000e+00 0.000000000e+00 0.000000000e+00 0.000000000e+00
9.026917292e-18 9.026917292e-18 9.026917292e-18 9.026917292e-18 9.026917292e-18 7.194398260e-03

3.609445831e-02 3.609445831e-02 3.609445831e-02 3.609445831e-02 3.609445831e-02 3.609445831e-02
3.609445831e-02 3.609445831e-02 3.609445831e-02 3.609445831e-02 3.609445831e-02 3.609445831e-02
3.609445831e-02 3.609445831e-02 3.609445831e-02 3.609445831e-02 3.609445831e-02 3.609445831e-02
3.609445831e-02 0.000000000e+00 3.609445831e-02 0.000000000e+00 3.476385421e-02 3.476385421e-02
3.476385421e-02 0.000000000e+00 0.000000000e+00 0.000000000e+00 0.000000000e+00 0.000000000e+00
3.476385421e-02 3.476385421e-02 3.476385421e-02 0.000000000e+00 3.476385421e-02 3.476385421e-02

3.917969513e-02 3.917969513e-02 3.917969513e-02 3.917969513e-02 3.917969513e-02 3.917969513e-02
3.917969513e-02 3.917969513e-02 3.917969513e-02 3.917969513e-02 3.917969513e-02 3.917969513e-02
3.784597560e-02 0.000000000e+00 3.784597560e-02 3.784597560e-02 3.784597560e-02 3.784597560e-02
3.784597560e-02 0.000000000e+00 3.784597560e-02 0.000000000e+00 0.000000000e+00 3.784597560e-02
3.784597560e-02 0.000000000e+00 0.000000000e+00 0.000000000e+00 0.000000000e+00 0.000000000e+00
3.784597560e-02 3.784597560e-02 3.784597560e-02 0.000000000e+00 3.784597560e-02 3.784597560e-02

