8.201760919e-18 8.201760919e-18 8.201760919e-18 8.201760919e-18 8.201760919e-18 8.201760919e-18
8.201760919e-18 8.201760919e-18 2.290052508e-01 3.307986928e-03 8.201760919e-18 8.201760919e-18
8.201760919e-18 1.767015824e-04 2.417243646e-02 3.532932635e-01 9.539621324e-02 8.201760919e-18
8.201760919e-18 8.201760919e-18 1.370871934e-01 7.723941941e-03 1.496603105e-01 8.201760919e-18
8.201760919e-18 1.767015824e-04 8.201760919e-18 8.201760919e-18 8.201760919e-18 8.201760919e-18
8.201760919e-18 8.201760919e-18 8.201760919e-18 8.201760919e-18 8.201760919e-18 8.201760919e-18

5.956772367e-18 5.956772367e-18 5.956772367e-18 5.956772367e-18 5.956772367e-18 5.956772367e-18
5.956772367e-18 2.053356325e-03 3.117303850e-01 5.956772367e-18 0.000000000e+00 6.967083226e-03
5.956772367e-18 5.956772367e-18 3.233833571e-04 1.283347703e-04 3.233833571e-04 5.956772367e-18
5.956772367e-18 5.956772367e-18 6.784740739e-01 0.000000000e+00 5.956772367e-18 5.956772367e-18
5.956772367e-18 5.956772367e-18 5.956772367e-18 5.956772367e-18 5.956772367e-18 5.956772367e-18
5.956772367e-18 5.956772367e-18 5.956772367e-18 5.956772367e-18 5.956772367e-18 5.956772367e-18

5.042311143e-18 5.042311143e-18 5.042311143e-18 5.042311143e-18 5.042311143e-18 5.042311143e-18
5.042311143e-18 1.086333004e-04 0.000000000e+00 0.000000000e+00 0.000000000e+00 1.086333004e-04
5.042311143e-18 5.042311143e-18 3.665503921e-03 1.086333004e-04 9.706224291e-01 5.042311143e-18
5.042311143e-18 5.042311143e-18 1.086333004e-04 0.000000000e+00 2.495163391e-02 5.042311143e-18
5.042311143e-18 5.042311143e-18 1.086333004e-04 1.086333004e-04 5.042311143e-18 5.042311143e-18
5.042311143e-18 5.042311143e-18 5.042311143e-18 5.042311143e-18 1.086333004e-04 5.042311143e-18

4.659041671e-18 4.659041671e-18 4.659041671e-18 4.659041671e-18 4.659041671e-18 4.659041671e-18
4.659041671e-18 0.000000000e+00 0.000000000e+00 0.000000000e+00 0.000000000e+00 4.659041671e-18
4.659041671e-18 4.659041671e-18 2.529316958e-04 4.659041671e-18 9.997470683e-01 4.659041671e-18
4.659041671e-18 4.659041671e-18 4.659041671e-18 0.000000000e+00 4.659041671e-18 4.659041671e-18
4.659041671e-18 4.659041671e-18 4.659041671e-18 4.659041671e-18 0.000000000e+00 4.659041671e-18
4.659041671e-18 4.659041671e-18 4.659041671e-18 4.659041671e-18 4.659041671e-18 4.659041671e-18

5.523493963e-18 1.190000700e-04 5.523493963e-18 5.523493963e-18 8.705275667e-01 5.523493963e-18
1.190000700e-04 0.000000000e+00 0.000000000e+00 0.000000000e+00 0.000000000e+00 5.523493963e-18
1.190000700e-04 1.190000700e-04 1.254419668e-01 5.523493963e-18 0.000000000e+00 5.523493963e-18
1.190000700e-04 5.523493963e-18 5.523493963e-18 0.000000000e+00 0.000000000e+00 5.523493963e-18
1.190000700e-04 5.523493963e-18 7.556033454e-04 2.998613864e-04 0.000000000e+00 1.190000700e-04
5.523493963e-18 5.523493963e-18 1.190000700e-04 1.190000700e-04 1.904001121e-03 5.523493963e-18

1.146001905e-04 5.319269644e-18 5.319269644e-18 5.319269644e-18 5.319269644e-18 5.319269644e-18
1.146001905e-04 0.000000000e+00 0.000000000e+00 0.000000000e+00 0.000000000e+00 0.000000000e+00
5.319269644e-18 5.319269644e-18 0.000000000e+00 5.319269644e-18 0.000000000e+00 1.146001905e-04
1.146001905e-04 5.319269644e-18 5.319269644e-18 0.000000000e+00 0.000000000e+00 5.319269644e-18
5.319269644e-18 5.319269644e-18 6.707818268e-02 5.319269644e-18 0.000000000e+00 4.958462264e-04
5.319269644e-18 5.319269644e-18 6.221455517e-03 1.146001905e-04 9.256315146e-01 5.319269644e-18

1.330319615e-04 1.330319615e-04 1.330319615e-04 1.330319615e-04 6.174796668e-18 1.330319615e-04
2.866086726e-03 0.000000000e+00 0.000000000e+00 0.000000000e+00 0.000000000e+00 0.000000000e+00
1.330319615e-04 2.850187059e-02 0.000000000e+00 1.330319615e-04 0.000000000e+00 8.447003022e-04
1.330319615e-04 6.174796668e-18 6.174796668e-18 0.000000000e+00 0.000000000e+00 6.174796668e-18
6.174796668e-18 6.174796668e-18 0.000000000e+00 0.000000000e+00 0.000000000e+00 1.660536352e-01
6.174796668e-18 6.174796668e-18 1.581342691e-02 1.330319615e-04 7.845899607e-01 1.330319615e-04

4.618203788e-02 4.618203788e-02 0.000000000e+00 4.618203788e-02 4.618203788e-02 4.618203788e-02
4.618203788e-02 0.000000000e+00 0.000000000e+00 0.000000000e+00 0.000000000e+00 0.000000000e+00
4.618203788e-02 4.618203788e-02 0.000000000e+00 4.618203788e-02 0.000000000e+00 4.618203788e-02
4.484830177e-02 4.484830177e-02 0.000000000e+00 0.000000000e+00 0.000000000e+00 4.484830177e-02
4.484830177e-02 4.484830177e-02 0.000000000e+00 0.000000000e+00 0.000000000e+00 4.484830177e-02
4.484830177e-02 4.484830177e-02 4.484830177e-02 4.484830177e-02 4.484830177e-02 4.484830177e-02

