1.439980377e-04 3.628523176e-04 1.439980377e-04 6.230433239e-04 3.628523176e-04 1.439980377e-04
1.439980377e-04 6.683796837e-18 6.230433239e-04 1.439980377e-04 6.683796837e-18 3.628523176e-04
1.439980377e-04 1.231165904e-03 1.166384105e-02 5.805637082e-03 1.439980377e-04 3.628523176e-04
2.303968603e-03 3.382399548e-02 6.683796837e-18 7.859378555e-01 1.439980377e-04 1.439980377e-04
1.439980377e-04 1.439980377e-04 1.250786593e-01 1.439980377e-04 1.439980377e-04 1.439980377e-04
6.683796837e-18 3.628523176e-04 2.794866267e-02 1.439980377e-04 3.628523176e-04 6.230433239e-04

6.827727468e-18 6.827727468e-18 6.827727468e-18 6.827727468e-18 6.827727468e-18 6.827727468e-18
6.827727468e-18 6.827727468e-18 3.706660744e-04 6.827727468e-18 6.827727468e-18 6.827727468e-18
6.827727468e-18 6.827727468e-18 3.099488503e-01 0.000000000e+00 6.827727468e-18 6.827727468e-18
3.706660744e-04 9.886473789e-02 0.000000000e+00 6.827727468e-18 4.243656579e-02 6.827727468e-18
6.827727468e-18 6.827727468e-18 5.467038278e-01 9.340199793e-04 6.827727468e-18 6.827727468e-18
6.827727468e-18 6.827727468e-18 3.706660744e-04 6.827727468e-18 6.827727468e-18 6.827727468e-18

4.893928375e-18 4.893928375e-18 4.893928375e-18 4.893928375e-18 4.893928375e-18 4.893928375e-18
4.893928375e-18 4.893928375e-18 4.893928375e-18 4.893928375e-18 4.893928375e-18 4.893928375e-18
2.656833079e-04 2.656833079e-04 2.656833079e-04 0.000000000e+00 2.656833079e-04 4.893928375e-18
4.893928375e-18 9.874312635e-01 0.000000000e+00 0.000000000e+00 0.000000000e+00 4.893928375e-18
1.411849255e-03 4.893928375e-18 9.828470729e-03 4.893928375e-18 4.893928375e-18 4.893928375e-18
2.656833079e-04 4.893928375e-18 4.893928375e-18 4.893928375e-18 4.893928375e-18 4.893928375e-18

5.792482338e-18 5.792482338e-18 9.122588036e-03 3.144643220e-04 5.792482338e-18 3.144643220e-04
5.792482338e-18 5.792482338e-18 5.792482338e-18 3.144643220e-04 5.792482338e-18 5.792482338e-18
8.162725014e-03 4.616573245e-03 9.506530689e-02 0.000000000e+00 5.399576823e-04 5.792482338e-18
0.000000000e+00 0.000000000e+00 0.000000000e+00 0.000000000e+00 0.000000000e+00 5.792482338e-18
8.792246145e-01 5.792482338e-18 1.066984369e-03 5.792482338e-18 5.792482338e-18 3.144643220e-04
3.144643220e-04 5.792482338e-18 3.144643220e-04 5.792482338e-18 3.144643220e-04 5.792482338e-18

5.146904939e-18 5.146904939e-18 0.000000000e+00 5.146904939e-18 5.146904939e-18 5.146904939e-18
5.146904939e-18 5.146904939e-18 0.000000000e+00 5.146904939e-18 5.146904939e-18 5.146904939e-18
5.146904939e-18 9.421871454e-01 5.146904939e-18 0.000000000e+00 5.146904939e-18 5.146904939e-18
0.000000000e+00 0.000000000e+00 0.000000000e+00 0.000000000e+00 0.000000000e+00 5.146904939e-18
1.484830457e-03 5.146904939e-18 5.632802413e-02 5.146904939e-18 5.146904939e-18 5.146904939e-18
5.146904939e-18 5.146904939e-18 5.146904939e-18 5.146904939e-18 5.146904939e-18 5.146904939e-18

8.273118240e-03 7.574101081e-18 0.000000000e+00 5.907928354e-02 7.574101081e-18 7.574101081e-18
7.574101081e-18 4.797432744e-02 0.000000000e+00 7.574101081e-18 7.574101081e-18 7.574101081e-18
1.521105849e-02 3.841964643e-01 0.000000000e+00 0.000000000e+00 1.521105849e-02 7.574101081e-18
0.000000000e+00 0.000000000e+00 0.000000000e+00 0.000000000e+00 0.000000000e+00 7.574101081e-18
4.459849087e-01 1.521105849e-02 0.000000000e+00 7.574101081e-18 7.574101081e-18 7.574101081e-18
7.574101081e-18 7.574101081e-18 7.574101081e-18 8.858722365e-03 7.574101081e-18 7.574101081e-18

7.853300873e-18 7.853300873e-18 0.000000000e+00 1.420861350e-01 4.139130792e-03 7.853300873e-18
7.853300873e-18 4.974277786e-02 0.000000000e+00 0.000000000e+00 7.853300873e-18 3.116584517e-02
7.853300873e-18 1.445201329e-01 0.000000000e+00 0.000000000e+00 5.338612071e-01 7.853300873e-18
0.000000000e+00 0.000000000e+00 0.000000000e+00 0.000000000e+00 0.000000000e+00 7.853300873e-18
7.437275687e-02 7.853300873e-18 0.000000000e+00 2.011201437e-02 0.000000000e+00 7.853300873e-18
7.853300873e-18 7.853300873e-18 7.853300873e-18 7.853300873e-18 7.853300873e-18 7.853300873e-18

6.424441891e-18 6.424441891e-18 0.000000000e+00 7.761316842e-01 1.212280837e-01 8.788512884e-04
6.424441891e-18 2.215399689e-02 0.000000000e+00 0.000000000e+00 0.000000000e+00 6.424441891e-18
6.424441891e-18 6.510243566e-02 0.000000000e+00 0.000000000e+00 0.000000000e+00 1.176827424e-02
0.000000000e+00 0.000000000e+00 0.000000000e+00 0.000000000e+00 0.000000000e+00 6.424441891e-18
1.509050380e-03 6.424441891e-18 0.000000000e+00 8.788512884e-04 0.000000000e+00 6.424441891e-18
6.424441891e-18 6.424441891e-18 6.424441891e-18 3.487723649e-04 6.424441891e-18 6.424441891e-18

