7.660470481e-18 7.660470481e-18 7.660470481e-18 7.140858868e-04 7.660470481e-18 7.660470481e-18
1.650398335e-04 7.660470481e-18 7.660470481e-18 7.660470481e-18 7.660470481e-18 1.411070727e-03
4.158743205e-04 7.660470481e-18 7.660470481e-18 1.206448501e-02 7.660470481e-18 2.209968907e-03
1.650398335e-04 0.000000000e+00 8.071728814e-02 2.325729624e-01 7.660470481e-18 7.140858868e-04
7.660470481e-18 7.660470481e-18 1.336822651e-02 7.660470481e-18 3.121397021e-02 2.486261000e-02
7.660470481e-18 1.650398335e-04 1.817860973e-02 5.792622591e-01 1.799383680e-03 7.660470481e-18

4.559940434e-03 5.814791732e-03 2.116536860e-04 5.177849421e-03 5.177849421e-03 2.116536860e-04
1.547197830e-02 9.157723130e-04 2.116536860e-04 4.559940434e-03 2.116536860e-04 2.116536860e-04
4.559940434e-03 1.073076385e-02 6.469692497e-03 4.421508614e-01 7.141616915e-03 3.386458976e-03
9.046133118e-02 0.000000000e+00 0.000000000e+00 2.116536860e-04 1.422517915e-01 2.116536860e-04
3.962316675e-03 4.642931865e-02 4.642931865e-02 0.000000000e+00 1.073076385e-02 3.962316675e-03
9.251760848e-03 3.962316675e-03 2.116536860e-04 1.156281989e-01 4.559940434e-03 4.559940434e-03

1.900375764e-03 4.392156539e-04 4.392156539e-04 2.788845564e-03 3.755241018e-03 4.392156539e-04
3.755241018e-03 1.743028478e-04 4.392156539e-04 7.555605772e-02 4.392156539e-04 4.392156539e-04
1.106754096e-03 4.094235471e-02 1.844971814e-02 1.743028478e-04 2.848056805e-01 4.392156539e-04
4.392156539e-04 0.000000000e+00 0.000000000e+00 0.000000000e+00 5.171373276e-01 1.743028478e-04
1.743028478e-04 0.000000000e+00 2.789894845e-02 0.000000000e+00 1.490268386e-03 7.541646219e-04
4.264106695e-03 7.541646219e-04 2.788845564e-03 7.027450462e-03 1.743028478e-04 4.392156539e-04

