6.918127424e-18 6.918127424e-18 6.918127424e-18 6.918127424e-18 6.918127424e-18 6.918127424e-18
1.490465371e-04 6.918127424e-18 1.490465371e-04 2.038927947e-02 6.918127424e-18 6.918127424e-18
6.918127424e-18 6.918127424e-18 0.000000000e+00 5.922547681e-02 1.526019173e-01 6.918127424e-18
6.918127424e-18 2.818915938e-02 3.736307596e-02 6.918127424e-18 3.755737391e-04 6.918127424e-18
6.918127424e-18 6.918127424e-18 7.011102847e-01 1.490465371e-04 1.490465371e-04 6.918127424e-18
6.918127424e-18 6.918127424e-18 6.918127424e-18 1.490465371e-04 6.918127424e-18 6.918127424e-18

5.304146663e-18 5.304146663e-18 5.304146663e-18 5.304146663e-18 2.879533829e-04 5.304146663e-18
5.304146663e-18 3.493064946e-03 5.304146663e-18 0.000000000e+00 5.304146663e-18 5.304146663e-18
5.304146663e-18 3.855845037e-03 0.000000000e+00 5.304146663e-18 1.408914016e-02 5.304146663e-18
2.879533829e-04 5.304146663e-18 9.622044420e-01 0.000000000e+00 4.944365078e-04 2.879533829e-04
5.304146663e-18 2.879533829e-04 4.995137175e-03 5.304146663e-18 5.304146663e-18 5.304146663e-18
5.304146663e-18 5.304146663e-18 5.304146663e-18 9.716120653e-03 5.304146663e-18 5.304146663e-18

3.826443589e-04 1.518525145e-04 1.518525145e-04 1.518525145e-04 3.826443589e-04 1.518525145e-04
1.518525145e-04 7.163391067e-03 1.518525145e-04 0.000000000e+00 1.518525145e-04 1.518525145e-04
1.518525145e-04 5.691184592e-01 0.000000000e+00 2.164741123e-01 2.842793629e-03 1.518525145e-04
1.518525145e-04 0.000000000e+00 0.000000000e+00 0.000000000e+00 1.518525145e-04 3.826443589e-04
1.518525145e-04 1.518525145e-04 1.943749757e-01 3.826443589e-04 1.298320736e-03 1.518525145e-04
1.518525145e-04 2.842793629e-03 9.642033647e-04 6.570276711e-04 1.518525145e-04 1.518525145e-04

1.322414431e-04 1.322414431e-04 1.322414431e-04 1.322414431e-04 1.322414431e-04 1.322414431e-04
1.322414431e-04 1.322414431e-04 0.000000000e+00 0.000000000e+00 1.322414431e-04 1.322414431e-04
1.322414431e-04 8.376167974e-01 0.000000000e+00 9.339601278e-02 1.869588618e-02 1.322414431e-04
1.322414431e-04 0.000000000e+00 0.000000000e+00 0.000000000e+00 1.322414431e-04 1.322414431e-04
3.332275556e-04 3.332275556e-04 0.000000000e+00 1.322414431e-04 1.130648434e-03 1.322414431e-04
1.322414431e-04 1.322414431e-04 4.558488838e-02 1.322414431e-04 1.322414431e-04 1.322414431e-04

