7.499495623e-18 7.499495623e-18 7.499495623e-18 7.499495623e-18 7.499495623e-18 7.499495623e-18
7.499495623e-18 0.000000000e+00 3.480957514e-03 3.201650993e-01 7.499495623e-18 7.499495623e-18
7.499495623e-18 7.499495623e-18 7.499495623e-18 3.419045246e-01 2.585147765e-03 7.499495623e-18
7.499495623e-18 2.003981790e-01 1.264875197e-01 1.025916570e-03 7.499495623e-18 7.499495623e-18
7.499495623e-18 7.499495623e-18 3.952655547e-03 7.499495623e-18 7.499495623e-18 7.499495623e-18
7.499495623e-18 7.499495623e-18 7.499495623e-18 7.499495623e-18 7.499495623e-18 7.499495623e-18

6.857208153e-18 6.857208153e-18 6.857208153e-18 6.857208153e-18 6.857208153e-18 6.857208153e-18
6.857208153e-18 0.000000000e+00 6.673435459e-01 6.857208153e-18 6.857208153e-18 6.857208153e-18
6.857208153e-18 0.000000000e+00 0.000000000e+00 5.608050742e-02 6.857208153e-18 6.857208153e-18
6.857208153e-18 1.358634466e-01 6.857208153e-18 6.857208153e-18 6.857208153e-18 6.857208153e-18
6.857208153e-18 6.857208153e-18 1.156546113e-01 6.857208153e-18 6.857208153e-18 6.857208153e-18
6.857208153e-18 6.857208153e-18 2.505788875e-02 6.857208153e-18 6.857208153e-18 6.857208153e-18

7.860812454e-02 2.039115213e-04 2.039115213e-04 9.619188562e-03 2.039115213e-04 1.127149614e-01
5.138248360e-04 0.000000000e+00 0.000000000e+00 2.514070180e-02 3.360873814e-02 2.039115213e-04
2.039115213e-04 0.000000000e+00 0.000000000e+00 8.913336993e-03 1.033823895e-02 2.039115213e-04
2.039115213e-04 2.039115213e-04 0.000000000e+00 2.071611926e-02 2.071611926e-02 8.822739119e-04
2.039115213e-04 1.733747335e-02 1.890256791e-01 1.107002051e-02 2.039115213e-04 4.578034798e-02
2.039115213e-04 2.039115213e-04 4.113363520e-01 5.138248360e-04 5.138248360e-04 2.039115213e-04

