8.228047915e-18 8.228047915e-18 8.228047915e-18 8.228047915e-18 8.228047915e-18 8.228047915e-18
8.228047915e-18 8.228047915e-18 9.684296332e-02 2.373709304e-03 4.466871642e-04 8.228047915e-18
8.228047915e-18 6.938629661e-02 2.325798772e-01 3.797934887e-02 8.228047915e-18 8.228047915e-18
8.228047915e-18 4.466871642e-04 8.228047915e-18 4.405755209e-01 5.907761428e-02 8.228047915e-18
8.228047915e-18 4.466871642e-04 7.669937383e-04 5.907761428e-02 8.228047915e-18 8.228047915e-18
8.228047915e-18 8.228047915e-18 8.228047915e-18 8.228047915e-18 8.228047915e-18 8.228047915e-18

7.336299240e-18 7.336299240e-18 7.336299240e-18 7.336299240e-18 7.336299240e-18 7.336299240e-18
7.336299240e-18 7.336299240e-18 7.336299240e-18 7.336299240e-18 7.336299240e-18 7.336299240e-18
7.336299240e-18 7.336299240e-18 2.978276959e-01 0.000000000e+00 7.336299240e-18 7.336299240e-18
7.336299240e-18 3.075864487e-01 0.000000000e+00 7.336299240e-18 1.997981758e-01 1.947876796e-01
7.336299240e-18 7.336299240e-18 7.336299240e-18 7.336299240e-18 7.336299240e-18 7.336299240e-18
7.336299240e-18 7.336299240e-18 7.336299240e-18 7.336299240e-18 7.336299240e-18 7.336299240e-18

5.389955806e-18 5.389955806e-18 5.389955806e-18 5.389955806e-18 5.389955806e-18 5.389955806e-18
5.389955806e-18 5.389955806e-18 1.304129876e-01 5.389955806e-18 5.389955806e-18 5.389955806e-18
5.389955806e-18 5.389955806e-18 5.389955806e-18 0.000000000e+00 5.389955806e-18 5.389955806e-18
5.389955806e-18 8.695870124e-01 0.000000000e+00 0.000000000e+00 0.000000000e+00 5.389955806e-18
5.389955806e-18 5.389955806e-18 5.389955806e-18 5.389955806e-18 5.389955806e-18 5.389955806e-18
5.389955806e-18 5.389955806e-18 5.389955806e-18 5.389955806e-18 5.389955806e-18 5.389955806e-18

5.181770159e-18 5.181770159e-18 5.181770159e-18 5.181770159e-18 5.181770159e-18 5.181770159e-18
5.181770159e-18 1.116378539e-04 5.181770159e-18 9.042666163e-03 1.116378539e-04 5.181770159e-18
5.181770159e-18 2.056386850e-02 9.643221858e-01 0.000000000e+00 5.181770159e-18 5.181770159e-18
0.000000000e+00 0.000000000e+00 0.000000000e+00 0.000000000e+00 0.000000000e+00 5.181770159e-18
5.181770159e-18 5.181770159e-18 4.129839347e-03 5.181770159e-18 1.116378539e-04 1.116378539e-04
5.181770159e-18 5.181770159e-18 1.494888723e-03 5.181770159e-18 5.181770159e-18 5.181770159e-18

8.050718168e-02 8.159327478e-18 0.000000000e+00 8.159327478e-18 8.159327478e-18 8.159327478e-18
8.159327478e-18 2.405642318e-01 0.000000000e+00 8.159327478e-18 8.159327478e-18 8.159327478e-18
8.159327478e-18 8.159327478e-18 8.159327478e-18 0.000000000e+00 8.159327478e-18 8.159327478e-18
0.000000000e+00 0.000000000e+00 0.000000000e+00 0.000000000e+00 0.000000000e+00 8.159327478e-18
8.159327478e-18 8.159327478e-18 3.037391380e-01 8.159327478e-18 1.786560403e-01 8.159327478e-18
8.159327478e-18 8.159327478e-18 1.339095962e-01 8.159327478e-18 8.159327478e-18 6.262381205e-02

5.576761619e-18 5.576761619e-18 0.000000000e+00 5.576761619e-18 5.576761619e-18 5.576761619e-18
5.576761619e-18 8.789227895e-01 0.000000000e+00 5.576761619e-18 1.078550650e-01 2.588503446e-03
5.576761619e-18 5.576761619e-18 0.000000000e+00 0.000000000e+00 5.576761619e-18 5.576761619e-18
0.000000000e+00 0.000000000e+00 0.000000000e+00 0.000000000e+00 0.000000000e+00 5.576761619e-18
5.576761619e-18 5.576761619e-18 0.000000000e+00 5.576761619e-18 6.961045520e-03 5.576761619e-18
5.576761619e-18 5.576761619e-18 5.576761619e-18 3.672596510e-03 5.576761619e-18 5.576761619e-18

5.825411021e-18 5.825411021e-18 0.000000000e+00 5.825411021e-18 5.825411021e-18 5.825411021e-18
5.825411021e-18 6.014828068e-01 0.000000000e+00 0.000000000e+00 5.825411021e-18 3.985171932e-01
5.825411021e-18 5.825411021e-18 0.000000000e+00 0.000000000e+00 5.825411021e-18 5.825411021e-18
0.000000000e+00 0.000000000e+00 0.000000000e+00 0.000000000e+00 0.000000000e+00 5.825411021e-18
5.825411021e-18 5.825411021e-18 0.000000000e+00 5.825411021e-18 0.000000000e+00 5.825411021e-18
5.825411021e-18 5.825411021e-18 5.825411021e-18 5.825411021e-18 5.825411021e-18 5.825411021e-18

1.038204176e-04 4.818916909e-18 0.000000000e+00 4.818916909e-18 4.818916909e-18 4.818916909e-18
4.818916909e-18 9.914076671e-01 0.000000000e+00 0.000000000e+00 0.000000000e+00 4.818916909e-18
2.852273056e-03 4.818916909e-18 0.000000000e+00 0.000000000e+00 0.000000000e+00 4.818916909e-18
0.000000000e+00 0.000000000e+00 0.000000000e+00 0.000000000e+00 0.000000000e+00 4.818916909e-18
4.818916909e-18 4.818916909e-18 0.000000000e+00 5.636239409e-03 0.000000000e+00 4.818916909e-18
4.818916909e-18 4.818916909e-18 4.818916909e-18 4.818916909e-18 4.818916909e-18 4.818916909e-18

