8.228047915e-18 8.228047915e-18 8.228047915e-18 8.228047915e-18 8.228047915e-18 8.228047915e-18
8.228047915e-18 8.228047915e-18 9.684296332e-02 2.373709304e-03 4.466871642e-04 8.228047915e-18
8.228047915e-18 6.938629661e-02 2.325798772e-01 3.797934887e-02 8.228047915e-18 8.228047915e-18
8.228047915e-18 4.466871642e-04 8.228047915e-18 4.405755209e-01 5.907761428e-02 8.228047915e-18
8.228047915e-18 4.466871642e-04 7.669937383e-04 5.907761428e-02 8.228047915e-18 8.228047915e-18
8.228047915e-18 8.228047915e-18 8.228047915e-18 8.228047915e-18 8.228047915e-18 8.228047915e-18

6.286968540e-18 6.286968540e-18 6.286968540e-18 6.286968540e-18 6.286968540e-18 6.286968540e-18
6.286968540e-18 6.286968540e-18 4.570306589e-03 6.286968540e-18 6.286968540e-18 6.286968540e-18
6.286968540e-18 3.328193155e-01 1.043291697e-02 0.000000000e+00 6.286968540e-18 6.286968540e-18
2.167178099e-03 6.286968540e-18 0.000000000e+00 6.386422441e-01 2.167178099e-03 6.286968540e-18
6.286968540e-18 3.413091632e-04 6.286968540e-18 8.859551462e-03 6.286968540e-18 6.286968540e-18
6.286968540e-18 6.286968540e-18 6.286968540e-18 6.286968540e-18 6.286968540e-18 6.286968540e-18

4.754725943e-18 4.754725943e-18 4.754725943e-18 4.754725943e-18 4.754725943e-18 4.754725943e-18
4.754725943e-18 4.754725943e-18 4.754725943e-18 4.754725943e-18 4.754725943e-18 4.754725943e-18
4.754725943e-18 4.754725943e-18 9.957930223e-01 0.000000000e+00 0.000000000e+00 4.432211702e-04
1.024374651e-04 0.000000000e+00 0.000000000e+00 3.456444098e-03 1.024374651e-04 4.754725943e-18
4.754725943e-18 4.754725943e-18 1.024374651e-04 4.754725943e-18 4.754725943e-18 4.754725943e-18
4.754725943e-18 4.754725943e-18 4.754725943e-18 4.754725943e-18 4.754725943e-18 4.754725943e-18

6.606037113e-18 6.606037113e-18 6.606037113e-18 6.606037113e-18 6.606037113e-18 6.606037113e-18
6.606037113e-18 6.606037113e-18 6.606037113e-18 6.606037113e-18 6.606037113e-18 6.606037113e-18
6.606037113e-18 1.423227552e-04 0.000000000e+00 0.000000000e+00 0.000000000e+00 3.049240728e-02
2.265383486e-01 0.000000000e+00 0.000000000e+00 6.606037113e-18 1.044479273e-01 1.423227552e-04
6.606037113e-18 6.606037113e-18 6.382366713e-01 6.606037113e-18 6.606037113e-18 6.606037113e-18
6.606037113e-18 6.606037113e-18 0.000000000e+00 6.606037113e-18 6.606037113e-18 6.606037113e-18

