1.337107289e-04 1.337107289e-04 1.083056904e-02 1.337107289e-04 1.337107289e-04 1.337107289e-04
1.337107289e-04 1.337107289e-04 7.564442199e-02 8.490102071e-04 6.206302263e-18 1.337107289e-04
4.511666306e-03 3.422994661e-02 6.206302263e-18 8.596708129e-01 1.337107289e-04 1.337107289e-04
1.337107289e-04 5.785327241e-04 8.745877118e-03 3.369299240e-04 6.206302263e-18 1.337107289e-04
1.337107289e-04 6.206302263e-18 1.337107289e-04 6.206302263e-18 6.206302263e-18 3.369299240e-04
6.206302263e-18 8.490102071e-04 1.337107289e-04 1.143210651e-03 1.337107289e-04 1.337107289e-04

7.940536713e-18 7.940536713e-18 1.057820806e-01 7.401928137e-04 7.401928137e-04 7.940536713e-18
7.401928137e-04 3.512230235e-01 7.940536713e-18 1.598449049e-01 7.940536713e-18 7.940536713e-18
1.086250143e-03 7.940536713e-18 0.000000000e+00 0.000000000e+00 4.310786548e-04 4.310786548e-04
7.940536713e-18 7.940536713e-18 1.908063996e-01 1.881746056e-01 7.940536713e-18 7.940536713e-18
7.940536713e-18 7.940536713e-18 7.940536713e-18 7.940536713e-18 7.940536713e-18 7.940536713e-18
7.940536713e-18 7.940536713e-18 7.940536713e-18 7.940536713e-18 7.940536713e-18 7.940536713e-18

6.222278645e-18 6.222278645e-18 7.812389739e-01 6.222278645e-18 6.222278645e-18 6.222278645e-18
6.222278645e-18 1.957109731e-02 0.000000000e+00 1.252559587e-01 6.222278645e-18 6.222278645e-18
6.222278645e-18 7.065447970e-02 0.000000000e+00 0.000000000e+00 6.222278645e-18 6.222278645e-18
6.222278645e-18 6.222278645e-18 6.222278645e-18 0.000000000e+00 6.222278645e-18 6.222278645e-18
6.222278645e-18 6.222278645e-18 3.279490440e-03 6.222278645e-18 6.222278645e-18 6.222278645e-18
6.222278645e-18 6.222278645e-18 6.222278645e-18 6.222278645e-18 6.222278645e-18 6.222278645e-18

6.328756823e-18 6.328756823e-18 4.857396383e-02 6.328756823e-18 6.328756823e-18 6.328756823e-18
6.328756823e-18 7.186354806e-02 0.000000000e+00 6.160555052e-02 6.328756823e-18 6.328756823e-18
8.073405615e-01 6.328756823e-18 0.000000000e+00 0.000000000e+00 6.328756823e-18 6.328756823e-18
6.328756823e-18 2.937548700e-03 0.000000000e+00 0.000000000e+00 6.328756823e-18 6.328756823e-18
6.328756823e-18 6.328756823e-18 2.181582919e-03 0.000000000e+00 6.328756823e-18 6.328756823e-18
6.328756823e-18 6.328756823e-18 6.328756823e-18 5.497244483e-03 6.328756823e-18 6.328756823e-18

