1.637004407e-04 1.637004407e-04 1.637004407e-04 1.637004407e-04 1.637004407e-04 1.637004407e-04
1.637004407e-04 1.637004407e-04 5.067346992e-01 1.637004407e-04 1.637004407e-04 1.637004407e-04
4.124992621e-04 1.070747239e-02 2.647098421e-01 7.082906706e-04 7.082906706e-04 1.637004407e-04
5.003888818e-03 4.124992621e-04 0.000000000e+00 7.155638800e-03 1.602386387e-01 1.637004407e-04
4.124992621e-04 7.082906706e-04 4.124992621e-04 1.399619080e-03 1.637004407e-04 1.637004407e-04
1.637004407e-04 4.124992621e-04 3.675252428e-02 1.637004407e-04 1.637004407e-04 1.637004407e-04

1.272262028e-04 1.272262028e-04 1.272262028e-04 1.272262028e-04 1.272262028e-04 1.272262028e-04
1.272262028e-04 1.272262028e-04 1.929234103e-01 1.272262028e-04 1.272262028e-04 1.272262028e-04
1.272262028e-04 5.129439074e-03 1.272262028e-04 0.000000000e+00 1.272262028e-04 1.272262028e-04
1.272262028e-04 1.272262028e-04 0.000000000e+00 1.272262028e-04 7.967830945e-01 1.272262028e-04
1.272262028e-04 1.272262028e-04 1.272262028e-04 0.000000000e+00 3.205899421e-04 1.087768733e-03
1.272262028e-04 1.272262028e-04 3.205899421e-04 1.272262028e-04 1.272262028e-04 1.272262028e-04

1.039628872e-04 1.039628872e-04 1.039628872e-04 1.039628872e-04 1.039628872e-04 1.039628872e-04
1.039628872e-04 1.039628872e-04 9.968811134e-01 1.039628872e-04 1.039628872e-04 1.039628872e-04
1.039628872e-04 0.000000000e+00 1.039628872e-04 0.000000000e+00 1.039628872e-04 1.039628872e-04
1.039628872e-04 1.039628872e-04 0.000000000e+00 1.039628872e-04 0.000000000e+00 1.039628872e-04
1.039628872e-04 1.039628872e-04 1.039628872e-04 0.000000000e+00 1.039628872e-04 1.039628872e-04
1.039628872e-04 1.039628872e-04 1.039628872e-04 1.039628872e-04 1.039628872e-04 1.039628872e-04

