1.558941705e-04 1.558941705e-04 1.558941705e-04 1.558941705e-04 1.558941705e-04 1.558941705e-04
1.558941705e-04 1.558941705e-04 3.928286939e-04 1.699671045e-03 1.558941705e-04 1.558941705e-04
1.558941705e-04 1.699671045e-03 1.518141086e-02 3.928286939e-04 3.743429474e-02 1.558941705e-04
1.558941705e-04 1.583786049e-02 7.766692901e-01 0.000000000e+00 5.195444131e-02 1.558941705e-04
1.558941705e-04 1.558941705e-04 3.181912421e-02 4.497390472e-02 1.558941705e-04 5.260179806e-03
1.558941705e-04 1.558941705e-04 1.558941705e-04 1.558941705e-04 1.325482253e-02 1.558941705e-04

1.263080112e-04 1.263080112e-04 1.263080112e-04 1.263080112e-04 1.263080112e-04 1.263080112e-04
1.263080112e-04 1.263080112e-04 1.263080112e-04 1.263080112e-04 1.263080112e-04 1.263080112e-04
1.263080112e-04 1.263080112e-04 1.263080112e-04 1.263080112e-04 1.263080112e-04 1.263080112e-04
1.263080112e-04 3.470077905e-03 0.000000000e+00 0.000000000e+00 1.438044500e-01 1.263080112e-04
1.263080112e-04 1.263080112e-04 8.393336781e-01 1.263080112e-04 0.000000000e+00 9.728861652e-03
1.263080112e-04 1.263080112e-04 1.263080112e-04 1.263080112e-04 1.263080112e-04 1.263080112e-04

1.775570080e-04 1.775570080e-04 1.775570080e-04 1.127416725e-03 1.775570080e-04 1.775570080e-04
1.775570080e-04 4.474156239e-04 4.474156239e-04 1.775570080e-04 1.775570080e-04 1.775570080e-04
4.878048862e-03 1.775570080e-04 4.263611237e-02 1.775570080e-04 4.131085918e-01 4.831747401e-02
1.518091064e-03 4.474156239e-04 0.000000000e+00 0.000000000e+00 3.237005389e-01 1.775570080e-04
4.474156239e-04 1.775570080e-04 0.000000000e+00 0.000000000e+00 0.000000000e+00 1.775570080e-04
3.825349775e-03 1.028719276e-02 9.929672814e-02 4.474156239e-04 4.640402232e-02 1.775570080e-04

3.517249117e-02 3.517249117e-02 3.517249117e-02 3.517249117e-02 3.517249117e-02 3.517249117e-02
3.517249117e-02 3.517249117e-02 3.517249117e-02 3.517249117e-02 3.517249117e-02 3.517249117e-02
3.517249117e-02 3.517249117e-02 3.383900824e-02 3.383900824e-02 3.383900824e-02 3.383900824e-02
3.383900824e-02 3.383900824e-02 0.000000000e+00 0.000000000e+00 0.000000000e+00 3.383900824e-02
3.383900824e-02 3.383900824e-02 0.000000000e+00 0.000000000e+00 0.000000000e+00 0.000000000e+00
3.383900824e-02 3.383900824e-02 3.383900824e-02 3.383900824e-02 3.383900824e-02 3.383900824e-02

