6.441461623e-18 6.441461623e-18 6.441461623e-18 6.441461623e-18 6.441461623e-18 6.441461623e-18
6.441461623e-18 5.133805794e-03 1.387770838e-04 4.242047822e-03 6.441461623e-18 6.441461623e-18
6.441461623e-18 1.961987484e-02 1.798551006e-01 1.179945094e-02 6.441461623e-18 6.441461623e-18
6.441461623e-18 6.441461623e-18 2.026049932e-02 7.574420136e-01 3.496963382e-04 6.441461623e-18
6.441461623e-18 8.811795550e-04 1.387770838e-04 1.387770838e-04 6.441461623e-18 6.441461623e-18
6.441461623e-18 6.441461623e-18 6.441461623e-18 6.441461623e-18 6.441461623e-18 6.441461623e-18

7.600801040e-18 4.126349649e-04 7.600801040e-18 7.600801040e-18 7.600801040e-18 7.600801040e-18
7.600801040e-18 1.281961507e-01 1.839056214e-01 7.600801040e-18 7.600801040e-18 7.600801040e-18
7.600801040e-18 7.600801040e-18 0.000000000e+00 7.600801040e-18 7.600801040e-18 7.600801040e-18
7.600801040e-18 0.000000000e+00 3.870724803e-01 3.342343215e-02 7.600801040e-18 7.600801040e-18
7.600801040e-18 2.647969256e-01 7.600801040e-18 7.600801040e-18 7.600801040e-18 7.600801040e-18
7.600801040e-18 2.192754871e-03 7.600801040e-18 7.600801040e-18 7.600801040e-18 7.600801040e-18

6.081937771e-18 3.301783806e-04 6.081937771e-18 6.081937771e-18 6.081937771e-18 6.081937771e-18
6.081937771e-18 2.159661806e-02 5.918942269e-01 6.081937771e-18 6.081937771e-18 6.081937771e-18
6.081937771e-18 0.000000000e+00 0.000000000e+00 6.081937771e-18 6.081937771e-18 6.081937771e-18
6.081937771e-18 0.000000000e+00 0.000000000e+00 6.081937771e-18 6.081937771e-18 6.081937771e-18
6.081937771e-18 6.081937771e-18 6.081937771e-18 6.081937771e-18 6.081937771e-18 6.081937771e-18
6.081937771e-18 3.861789767e-01 6.081937771e-18 6.081937771e-18 6.081937771e-18 6.081937771e-18

6.011904368e-18 3.168611376e-03 6.011904368e-18 6.011904368e-18 6.011904368e-18 6.011904368e-18
6.011904368e-18 7.581259203e-02 7.075926638e-02 6.011904368e-18 6.011904368e-18 6.011904368e-18
6.011904368e-18 0.000000000e+00 0.000000000e+00 6.011904368e-18 6.011904368e-18 6.011904368e-18
6.011904368e-18 0.000000000e+00 0.000000000e+00 6.011904368e-18 6.011904368e-18 6.011904368e-18
6.011904368e-18 0.000000000e+00 0.000000000e+00 6.011904368e-18 6.011904368e-18 6.011904368e-18
6.011904368e-18 8.342904086e-01 1.596912164e-02 6.011904368e-18 6.011904368e-18 6.011904368e-18

