7.080546017e-18 6.297135740e-01 6.612487895e-02 3.843911769e-04 1.525457396e-04 7.080546017e-18
2.428105041e-01 7.080546017e-18 2.156644482e-02 7.080546017e-18 7.080546017e-18 6.600270823e-04
1.056043332e-02 2.298042328e-02 1.525457396e-04 6.600270823e-04 7.080546017e-18 1.525457396e-04
3.843911769e-04 7.080546017e-18 3.843911769e-04 2.042666515e-03 7.080546017e-18 1.525457396e-04
1.525457396e-04 7.080546017e-18 7.080546017e-18 0.000000000e+00 6.600270823e-04 7.080546017e-18
7.080546017e-18 7.080546017e-18 1.525457396e-04 1.525457396e-04 7.080546017e-18 7.080546017e-18

5.958272995e-18 1.196599280e-02 2.948422703e-02 5.958272995e-18 3.234648236e-04 5.958272995e-18
8.685046894e-01 0.000000000e+00 5.958272995e-18 2.177296336e-02 5.958272995e-18 5.958272995e-18
5.958272995e-18 5.554121859e-04 6.683783825e-02 5.554121859e-04 5.958272995e-18 5.958272995e-18
5.958272995e-18 5.958272995e-18 5.958272995e-18 5.958272995e-18 0.000000000e+00 5.958272995e-18
5.958272995e-18 5.958272995e-18 5.958272995e-18 0.000000000e+00 5.958272995e-18 5.958272995e-18
5.958272995e-18 5.958272995e-18 5.958272995e-18 5.958272995e-18 5.958272995e-18 5.958272995e-18

1.692945291e-03 3.744925243e-02 6.052582544e-03 1.845771450e-02 2.158827385e-03 2.158827385e-03
2.534552447e-01 0.000000000e+00 0.000000000e+00 1.018391092e-01 2.651430847e-03 2.158827385e-03
2.651430847e-03 9.340703603e-03 9.684132070e-02 1.980080824e-04 4.265954816e-03 2.158827385e-03
2.158827385e-03 2.158827385e-03 4.190080595e-01 0.000000000e+00 0.000000000e+00 1.257272953e-03
4.265954816e-03 1.257272953e-03 1.257272953e-03 0.000000000e+00 4.844026364e-03 2.651430847e-03
2.651430847e-03 2.158827385e-03 4.989491022e-04 2.158827385e-03 7.983185634e-03 2.158827385e-03

6.585399292e-18 6.585399292e-18 1.686496511e-02 2.439292017e-01 6.585399292e-18 6.585399292e-18
1.418781268e-04 0.000000000e+00 0.000000000e+00 6.585399292e-18 6.177344647e-01 6.585399292e-18
6.585399292e-18 1.418781268e-04 1.211876122e-01 0.000000000e+00 6.585399292e-18 6.585399292e-18
6.585399292e-18 6.585399292e-18 6.585399292e-18 0.000000000e+00 0.000000000e+00 6.585399292e-18
6.585399292e-18 6.585399292e-18 6.585399292e-18 0.000000000e+00 0.000000000e+00 6.585399292e-18
6.585399292e-18 6.585399292e-18 6.585399292e-18 6.585399292e-18 6.585399292e-18 6.585399292e-18

