6.207401241e-18 6.207401241e-18 6.207401241e-18 6.207401241e-18 6.207401241e-18 6.207401241e-18
6.207401241e-18 6.207401241e-18 1.337344057e-04 3.369895856e-04 6.207401241e-18 6.207401241e-18
6.207401241e-18 8.491605451e-04 1.083248686e-02 7.048554556e-02 6.207401241e-18 6.207401241e-18
6.207401241e-18 0.000000000e+00 6.624639007e-02 1.246631677e-02 3.369895856e-04 6.207401241e-18
6.207401241e-18 1.337344057e-04 8.327868188e-01 6.207401241e-18 5.391833370e-03 6.207401241e-18
6.207401241e-18 6.207401241e-18 6.207401241e-18 6.207401241e-18 6.207401241e-18 6.207401241e-18

7.290394809e-18 7.290394809e-18 7.290394809e-18 7.290394809e-18 7.290394809e-18 7.290394809e-18
7.290394809e-18 1.570667948e-04 7.290394809e-18 1.712455844e-03 7.290394809e-18 7.290394809e-18
7.290394809e-18 1.570667948e-04 3.957835220e-04 4.142044937e-01 1.502411770e-01 7.290394809e-18
3.957835220e-04 0.000000000e+00 0.000000000e+00 7.290394809e-18 1.570667948e-04 7.290394809e-18
3.957835220e-04 7.290394809e-18 1.027357264e-02 0.000000000e+00 3.625295061e-01 5.870065523e-02
7.290394809e-18 7.290394809e-18 7.290394809e-18 6.795885519e-04 7.290394809e-18 7.290394809e-18

2.159556589e-02 3.868452900e-02 1.046113975e-02 1.708100662e-02 4.151506061e-03 6.778601969e-03
4.151506061e-03 3.444709206e-02 6.778601969e-03 3.623485225e-01 4.151506061e-03 1.046113975e-02
1.367033754e-02 7.390522337e-02 1.896017477e-03 1.896017477e-03 1.896017477e-03 1.046113975e-02
6.778601969e-03 0.000000000e+00 0.000000000e+00 0.000000000e+00 1.896017477e-03 1.896017477e-03
6.778601969e-03 0.000000000e+00 1.408085368e-03 0.000000000e+00 1.896017477e-03 1.367033754e-02
1.896017477e-03 4.864618696e-02 4.151506061e-03 2.732961059e-01 6.092431549e-03 6.778601969e-03

