7.312828517e-18 7.312828517e-18 7.312828517e-18 7.312828517e-18 7.312828517e-18 7.312828517e-18
7.312828517e-18 7.312828517e-18 3.375484299e-02 6.816797544e-04 7.312828517e-18 7.312828517e-18
7.312828517e-18 2.083714428e-02 1.222292563e-01 7.312828517e-18 3.970014111e-04 7.312828517e-18
7.312828517e-18 7.312828517e-18 5.795947429e-02 6.740513025e-01 4.806724190e-02 7.312828517e-18
7.312828517e-18 7.312828517e-18 7.312828517e-18 4.202205662e-02 7.312828517e-18 7.312828517e-18
7.312828517e-18 7.312828517e-18 7.312828517e-18 7.312828517e-18 7.312828517e-18 7.312828517e-18

6.876472210e-18 6.876472210e-18 6.876472210e-18 6.876472210e-18 6.876472210e-18 6.876472210e-18
6.876472210e-18 6.876472210e-18 6.876472210e-18 6.876472210e-18 6.876472210e-18 6.876472210e-18
6.876472210e-18 1.955650209e-01 6.876472210e-18 0.000000000e+00 2.875434530e-02 5.480506589e-03
6.876472210e-18 6.876472210e-18 0.000000000e+00 2.087706645e-01 6.876472210e-18 6.876472210e-18
6.876472210e-18 6.876472210e-18 6.876472210e-18 5.614294628e-01 6.876472210e-18 6.876472210e-18
6.876472210e-18 6.876472210e-18 6.876472210e-18 6.876472210e-18 6.876472210e-18 6.876472210e-18

6.818015267e-18 6.818015267e-18 6.818015267e-18 6.818015267e-18 6.818015267e-18 6.818015267e-18
6.818015267e-18 6.818015267e-18 6.818015267e-18 3.997216821e-02 6.818015267e-18 6.818015267e-18
6.818015267e-18 1.672371397e-01 0.000000000e+00 0.000000000e+00 6.699595984e-01 6.818015267e-18
6.818015267e-18 6.818015267e-18 0.000000000e+00 6.818015267e-18 0.000000000e+00 6.818015267e-18
6.818015267e-18 6.818015267e-18 6.818015267e-18 8.985276610e-02 3.297832757e-02 6.818015267e-18
6.818015267e-18 6.818015267e-18 6.818015267e-18 6.818015267e-18 6.818015267e-18 6.818015267e-18

4.972895441e-18 4.972895441e-18 4.972895441e-18 4.972895441e-18 4.972895441e-18 4.972895441e-18
4.972895441e-18 4.972895441e-18 4.972895441e-18 4.972895441e-18 4.972895441e-18 4.972895441e-18
4.972895441e-18 9.767532230e-01 0.000000000e+00 0.000000000e+00 4.972895441e-18 6.604494290e-03
4.972895441e-18 4.972895441e-18 0.000000000e+00 0.000000000e+00 0.000000000e+00 0.000000000e+00
4.972895441e-18 4.972895441e-18 4.972895441e-18 1.664228276e-02 4.972895441e-18 4.972895441e-18
4.972895441e-18 4.972895441e-18 4.972895441e-18 4.972895441e-18 4.972895441e-18 4.972895441e-18

