9.225184381e-18 1.987505726e-04 1.987505726e-04 1.987505726e-04 1.987505726e-04 9.225184381e-18
1.987505726e-04 0.000000000e+00 9.225184381e-18 5.008200601e-04 9.225184381e-18 9.225184381e-18
1.987505726e-04 9.225184381e-18 7.661857290e-02 1.417361082e-01 1.987505726e-04 9.225184381e-18
9.225184381e-18 9.225184381e-18 1.726374577e-01 9.225184381e-18 1.626410975e-01 1.034849162e-01
1.987505726e-04 9.225184381e-18 1.987505726e-04 6.063716224e-02 5.301111868e-02 1.699293492e-03
9.225184381e-18 9.225184381e-18 9.225184381e-18 2.247438779e-01 5.008200601e-04 9.225184381e-18

1.774897959e-02 3.712070909e-02 5.079952146e-03 2.756785101e-02 5.079952146e-03 7.454947740e-03
1.375754926e-02 0.000000000e+00 6.837693078e-04 2.958497971e-03 2.320044318e-03 3.961582116e-02
1.174080698e-03 0.000000000e+00 1.972605878e-01 1.412878899e-01 1.003824876e-02 1.174080698e-03
3.633571094e-03 6.373890659e-02 2.197967640e-02 0.000000000e+00 4.733596754e-02 5.079952146e-03
4.865540015e-02 1.186136956e-02 7.977755834e-02 2.988877837e-02 2.090101639e-02 1.094030892e-02
5.402201362e-02 8.294573852e-03 2.417688098e-02 3.225568552e-02 2.417688098e-02 2.958497971e-03

1.142272929e-03 3.366535560e-04 3.366535560e-04 1.336010522e-04 3.366535560e-04 5.780581805e-04
1.788987332e-03 0.000000000e+00 1.336010522e-04 2.501112487e-03 3.366535560e-04 1.456615339e-03
1.336010522e-04 0.000000000e+00 1.027102263e-01 8.637543181e-01 5.780581805e-04 8.483138033e-04
1.336010522e-04 0.000000000e+00 0.000000000e+00 0.000000000e+00 5.780581805e-04 2.501112487e-03
8.483138033e-04 1.788987332e-03 1.142272929e-03 8.235818864e-03 3.268386882e-03 5.780581805e-04
8.483138033e-04 3.366535560e-04 5.780581805e-04 5.780581805e-04 1.142272929e-03 3.366535560e-04

