6.266431634e-18 6.266431634e-18 6.266431634e-18 6.266431634e-18 6.266431634e-18 6.266431634e-18
6.266431634e-18 6.266431634e-18 0.000000000e+00 3.302761546e-03 6.266431634e-18 6.266431634e-18
6.266431634e-18 6.266431634e-18 1.880471556e-01 7.821907917e-03 3.709043846e-03 6.266431634e-18
6.266431634e-18 4.994307956e-03 7.632797963e-01 6.266431634e-18 1.154286576e-03 6.266431634e-18
6.266431634e-18 6.266431634e-18 2.755573412e-02 1.350061770e-04 6.266431634e-18 6.266431634e-18
6.266431634e-18 6.266431634e-18 6.266431634e-18 6.266431634e-18 6.266431634e-18 6.266431634e-18

5.094906360e-18 5.094906360e-18 5.094906360e-18 5.094906360e-18 5.094906360e-18 5.094906360e-18
5.094906360e-18 0.000000000e+00 0.000000000e+00 3.046595223e-02 5.094906360e-18 5.094906360e-18
5.094906360e-18 5.094906360e-18 5.094906360e-18 5.094906360e-18 5.094906360e-18 5.094906360e-18
5.094906360e-18 4.749317597e-04 9.622925792e-01 0.000000000e+00 5.094906360e-18 6.766536792e-03
5.094906360e-18 5.094906360e-18 5.094906360e-18 5.094906360e-18 5.094906360e-18 5.094906360e-18
5.094906360e-18 5.094906360e-18 5.094906360e-18 5.094906360e-18 5.094906360e-18 5.094906360e-18

5.009313062e-18 5.009313062e-18 5.009313062e-18 5.009313062e-18 5.009313062e-18 5.009313062e-18
1.079223783e-04 0.000000000e+00 0.000000000e+00 0.000000000e+00 1.006019766e-02 5.009313062e-18
5.009313062e-18 5.009313062e-18 5.009313062e-18 5.009313062e-18 5.009313062e-18 5.009313062e-18
5.009313062e-18 9.740759553e-01 5.009313062e-18 0.000000000e+00 0.000000000e+00 1.575592463e-02
5.009313062e-18 5.009313062e-18 5.009313062e-18 5.009313062e-18 5.009313062e-18 5.009313062e-18
5.009313062e-18 5.009313062e-18 5.009313062e-18 5.009313062e-18 5.009313062e-18 5.009313062e-18

