1.017574848e-17 7.431374573e-02 1.017574848e-17 3.143216231e-01 8.193288827e-02 1.017574848e-17
1.017574848e-17 1.017574848e-17 3.930922399e-02 9.369940546e-02 1.017574848e-17 6.022932905e-03
6.022932905e-03 1.017574848e-17 7.431374573e-02 1.017574848e-17 7.431374573e-02 5.035420140e-02
1.874388896e-03 1.017574848e-17 0.000000000e+00 1.058480017e-01 5.847339067e-02 1.017574848e-17
1.017574848e-17 1.017574848e-17 4.723164052e-03 9.485524936e-04 1.017574848e-17 1.017574848e-17
2.935601384e-03 6.701275922e-03 2.390202507e-03 5.524246188e-04 9.485524936e-04 1.017574848e-17

7.900229091e-18 7.900229091e-18 7.900229091e-18 2.279136861e-03 7.364354591e-04 7.900229091e-18
7.900229091e-18 7.900229091e-18 7.900229091e-18 1.429351855e-01 1.833088717e-01 7.900229091e-18
7.900229091e-18 7.900229091e-18 7.690261705e-02 0.000000000e+00 7.900229091e-18 9.518535609e-02
7.900229091e-18 7.900229091e-18 0.000000000e+00 4.651882662e-01 3.303524079e-02 7.900229091e-18
7.900229091e-18 7.900229091e-18 7.900229091e-18 0.000000000e+00 7.900229091e-18 7.900229091e-18
7.900229091e-18 7.900229091e-18 4.288904204e-04 7.900229091e-18 7.900229091e-18 7.900229091e-18

5.433928933e-18 5.433928933e-18 5.433928933e-18 5.433928933e-18 5.433928933e-18 5.433928933e-18
5.433928933e-18 5.433928933e-18 5.433928933e-18 5.522604737e-03 8.824944506e-01 5.433928933e-18
5.433928933e-18 0.000000000e+00 5.433928933e-18 0.000000000e+00 0.000000000e+00 5.433928933e-18
5.433928933e-18 5.433928933e-18 0.000000000e+00 5.433928933e-18 1.119829447e-01 5.433928933e-18
5.433928933e-18 5.433928933e-18 5.433928933e-18 0.000000000e+00 5.433928933e-18 5.433928933e-18
5.433928933e-18 5.433928933e-18 5.433928933e-18 5.433928933e-18 5.433928933e-18 5.433928933e-18

