5.698579776e-18 5.698579776e-18 5.698579776e-18 3.093665067e-04 5.698579776e-18 5.698579776e-18
1.227721795e-04 1.338551134e-03 0.000000000e+00 1.338551134e-03 1.227721795e-04 5.698579776e-18
5.698579776e-18 5.366591366e-03 1.049687370e-03 8.950953549e-01 3.093665067e-04 5.698579776e-18
5.698579776e-18 1.227721795e-04 8.418596548e-02 8.974700767e-03 1.049687370e-03 5.698579776e-18
5.698579776e-18 5.698579776e-18 1.227721795e-04 1.227721795e-04 1.227721795e-04 5.698579776e-18
5.698579776e-18 1.227721795e-04 5.698579776e-18 5.698579776e-18 1.227721795e-04 5.698579776e-18

1.754924753e-04 0.000000000e+00 1.754924753e-04 1.754924753e-04 1.754924753e-04 1.754924753e-04
1.411110736e-01 0.000000000e+00 0.000000000e+00 5.678080636e-01 1.500439558e-03 1.754924753e-04
1.754924753e-04 1.754924753e-04 1.932993479e-02 2.400703292e-02 4.422133274e-04 1.754924753e-04
1.754924753e-04 1.114307759e-03 1.492115842e-02 3.581927951e-02 1.754924753e-04 1.754924753e-04
7.593118411e-04 1.500439558e-03 1.754924753e-04 1.061870626e-01 8.145639135e-02 1.754924753e-04
1.754924753e-04 4.422133274e-04 4.422133274e-04 1.754924753e-04 1.754924753e-04 1.754924753e-04

1.461587882e-04 0.000000000e+00 1.461587882e-04 2.736202777e-03 1.461587882e-04 1.461587882e-04
3.682970676e-04 0.000000000e+00 0.000000000e+00 7.314436733e-01 1.461587882e-04 1.461587882e-04
1.461587882e-04 0.000000000e+00 1.461587882e-04 1.302233702e-02 9.280504562e-04 1.461587882e-04
1.461587882e-04 2.620714471e-02 1.917639315e-01 6.323923482e-04 1.461587882e-04 1.461587882e-04
1.593528863e-03 1.593528863e-03 0.000000000e+00 1.737380467e-02 1.461587882e-04 1.461587882e-04
1.461587882e-04 1.461587882e-04 9.560091483e-03 1.461587882e-04 1.461587882e-04 1.461587882e-04

