9.817828025e-18 5.329937070e-04 4.557032093e-03 1.343059982e-03 5.174546977e-03 9.817828025e-18
1.343059982e-03 0.000000000e+00 1.581721934e-01 5.190441969e-02 9.817828025e-18 1.971713273e-02
8.527899311e-03 1.791492346e-01 9.817828025e-18 1.960775158e-01 9.817828025e-18 1.808459385e-03
9.817828025e-18 3.385572400e-02 1.508415092e-01 1.596487086e-01 9.817828025e-18 9.151882314e-04
6.465566113e-03 9.817828025e-18 5.329937070e-04 9.817828025e-18 9.817828025e-18 3.384299085e-03
9.817828025e-18 1.343059982e-03 9.817828025e-18 9.978044289e-03 3.384299085e-03 1.343059982e-03

2.651681274e-03 3.102592118e-03 1.657300796e-04 1.806909243e-03 1.657300796e-04 4.176136318e-04
7.036915422e-01 0.000000000e+00 1.021640843e-02 1.657300796e-04 1.657300796e-04 4.176136318e-04
1.657300796e-04 0.000000000e+00 0.000000000e+00 2.731566521e-02 1.806909243e-03 4.176136318e-04
1.657300796e-04 4.420383200e-02 6.130882851e-03 1.415611629e-01 1.052320411e-03 1.052320411e-03
3.570546327e-03 1.657300796e-04 3.299406547e-02 2.651681274e-03 1.806909243e-03 1.806909243e-03
2.651681274e-03 4.176136318e-04 4.176136318e-04 2.651681274e-03 1.806909243e-03 2.219211661e-03

1.246566977e-04 1.246566977e-04 1.246566977e-04 1.246566977e-04 1.246566977e-04 1.246566977e-04
3.424711134e-03 0.000000000e+00 0.000000000e+00 1.246566977e-04 1.246566977e-04 1.246566977e-04
1.246566977e-04 0.000000000e+00 0.000000000e+00 1.246566977e-04 1.246566977e-04 1.246566977e-04
1.246566977e-04 1.585702663e-01 0.000000000e+00 8.328654927e-01 1.246566977e-04 1.246566977e-04
1.246566977e-04 1.246566977e-04 1.359097514e-03 1.246566977e-04 1.246566977e-04 1.246566977e-04
1.246566977e-04 1.246566977e-04 5.393582059e-04 1.246566977e-04 1.246566977e-04 1.246566977e-04

