8.415430233e-18 8.415430233e-18 8.415430233e-18 8.415430233e-18 8.415430233e-18 8.415430233e-18
8.415430233e-18 8.415430233e-18 1.133155927e-01 8.527822565e-02 8.415430233e-18 8.415430233e-18
8.415430233e-18 4.258709251e-02 3.792217545e-02 5.430664654e-02 8.415430233e-18 8.415430233e-18
8.415430233e-18 1.614333019e-01 4.544963395e-02 4.591634165e-01 1.813049483e-04 8.415430233e-18
8.415430233e-18 8.415430233e-18 8.415430233e-18 1.813049483e-04 1.813049483e-04 8.415430233e-18
8.415430233e-18 8.415430233e-18 8.415430233e-18 8.415430233e-18 8.415430233e-18 8.415430233e-18

6.578691969e-18 6.578691969e-18 6.578691969e-18 6.578691969e-18 6.578691969e-18 6.578691969e-18
2.267737951e-03 0.000000000e+00 2.897150104e-01 6.578691969e-18 1.211805422e-03 6.578691969e-18
6.578691969e-18 3.053558318e-03 0.000000000e+00 1.417336220e-04 6.578691969e-18 6.578691969e-18
6.578691969e-18 5.835665329e-01 6.578691969e-18 1.200436215e-01 6.578691969e-18 6.578691969e-18
6.578691969e-18 6.578691969e-18 6.578691969e-18 6.578691969e-18 6.578691969e-18 6.578691969e-18
6.578691969e-18 6.578691969e-18 6.578691969e-18 6.578691969e-18 6.578691969e-18 6.578691969e-18

8.662238439e-18 3.809095084e-02 5.078434682e-02 8.662238439e-18 8.662238439e-18 8.662238439e-18
1.595597963e-03 0.000000000e+00 0.000000000e+00 0.000000000e+00 8.074676656e-04 8.662238439e-18
2.498968916e-03 1.055781675e-01 0.000000000e+00 3.648322665e-01 1.866222699e-04 8.662238439e-18
8.662238439e-18 6.007792491e-02 8.662238439e-18 2.344265203e-01 1.511640386e-02 1.184977550e-03
8.662238439e-18 4.702586524e-04 8.662238439e-18 1.241629040e-01 1.866222699e-04 8.662238439e-18
8.662238439e-18 8.662238439e-18 8.662238439e-18 8.662238439e-18 8.662238439e-18 8.662238439e-18

5.210625869e-18 5.210625869e-18 5.210625869e-18 5.210625869e-18 5.210625869e-18 5.210625869e-18
5.210625869e-18 0.000000000e+00 0.000000000e+00 0.000000000e+00 5.210625869e-18 5.210625869e-18
5.210625869e-18 9.509787868e-01 0.000000000e+00 0.000000000e+00 5.210625869e-18 5.210625869e-18
1.122595313e-04 7.771500517e-03 0.000000000e+00 5.210625869e-18 3.805333108e-02 3.084122024e-03
5.210625869e-18 5.210625869e-18 5.210625869e-18 5.210625869e-18 5.210625869e-18 5.210625869e-18
5.210625869e-18 5.210625869e-18 5.210625869e-18 5.210625869e-18 5.210625869e-18 5.210625869e-18

7.487762074e-04 1.886797811e-03 1.098846472e-03 1.730574751e-04 1.730574751e-04 1.730574751e-04
1.730574751e-04 0.000000000e+00 0.000000000e+00 0.000000000e+00 1.886797811e-03 1.730574751e-04
1.479620599e-03 2.523905173e-01 0.000000000e+00 0.000000000e+00 4.992534597e-02 8.247530408e-02
2.688193944e-02 5.134424442e-01 0.000000000e+00 0.000000000e+00 0.000000000e+00 5.376495947e-02
1.730574751e-04 1.730574751e-04 4.360775115e-04 3.239766490e-03 1.886797811e-03 1.730574751e-04
4.360775115e-04 1.730574751e-04 4.754432557e-03 4.360775115e-04 1.730574751e-04 1.098846472e-03

3.917969513e-02 3.917969513e-02 3.917969513e-02 3.917969513e-02 3.917969513e-02 3.917969513e-02
3.917969513e-02 0.000000000e+00 0.000000000e+00 0.000000000e+00 3.917969513e-02 3.917969513e-02
3.917969513e-02 0.000000000e+00 0.000000000e+00 0.000000000e+00 3.917969513e-02 3.917969513e-02
3.784597560e-02 3.784597560e-02 0.000000000e+00 0.000000000e+00 0.000000000e+00 3.784597560e-02
3.784597560e-02 3.784597560e-02 3.784597560e-02 3.784597560e-02 3.784597560e-02 0.000000000e+00
3.784597560e-02 3.784597560e-02 3.784597560e-02 3.784597560e-02 3.784597560e-02 3.784597560e-02

