7.071057808e-04 4.118091978e-04 4.118091978e-04 6.045669384e-03 2.614825415e-03 7.585590279e-18
1.634265884e-04 4.118091978e-04 7.709378853e-03 2.615809222e-02 4.118091978e-04 1.037694154e-03
6.227470796e-01 4.118091978e-04 0.000000000e+00 7.585590279e-18 1.729848096e-02 1.131369249e-02
7.071057808e-04 1.634265884e-04 3.171956136e-02 2.423929119e-01 2.385915738e-02 7.585590279e-18
7.585590279e-18 7.585590279e-18 1.634265884e-04 1.634265884e-04 7.585590279e-18 7.071057808e-04
4.118091978e-04 4.118091978e-04 1.634265884e-04 1.634265884e-04 7.071057808e-04 4.118091978e-04

2.845743378e-04 5.241904120e-18 4.886344462e-04 1.806934412e-03 5.241904120e-18 5.241904120e-18
5.241904120e-18 5.241904120e-18 2.845743378e-04 3.452074894e-03 1.231281649e-03 5.241904120e-18
5.241904120e-18 5.241904120e-18 0.000000000e+00 0.000000000e+00 9.740616688e-01 1.147331835e-02
5.241904120e-18 2.845743378e-04 7.170823968e-04 0.000000000e+00 5.241904120e-18 7.170823968e-04
5.241904120e-18 5.241904120e-18 7.170823968e-04 9.655669945e-04 1.512236767e-03 7.170823968e-04
5.241904120e-18 7.170823968e-04 5.241904120e-18 2.845743378e-04 2.845743378e-04 5.241904120e-18

5.315155207e-18 5.315155207e-18 4.954626910e-04 7.271030046e-04 5.315155207e-18 5.315155207e-18
5.315155207e-18 5.315155207e-18 5.315155207e-18 3.863847689e-03 2.885510186e-04 5.315155207e-18
5.315155207e-18 5.315155207e-18 0.000000000e+00 0.000000000e+00 5.005504383e-03 9.510608131e-01
5.315155207e-18 5.315155207e-18 2.885510186e-04 0.000000000e+00 0.000000000e+00 3.621854243e-02
5.315155207e-18 5.315155207e-18 5.315155207e-18 4.954626910e-04 0.000000000e+00 5.315155207e-18
5.315155207e-18 2.885510186e-04 5.315155207e-18 2.885510186e-04 5.315155207e-18 9.790599602e-04

