8.201760919e-18 8.201760919e-18 8.201760919e-18 8.201760919e-18 8.201760919e-18 8.201760919e-18
8.201760919e-18 8.201760919e-18 2.290052508e-01 3.307986928e-03 8.201760919e-18 8.201760919e-18
8.201760919e-18 1.767015824e-04 2.417243646e-02 3.532932635e-01 9.539621324e-02 8.201760919e-18
8.201760919e-18 8.201760919e-18 1.370871934e-01 7.723941941e-03 1.496603105e-01 8.201760919e-18
8.201760919e-18 1.767015824e-04 8.201760919e-18 8.201760919e-18 8.201760919e-18 8.201760919e-18
8.201760919e-18 8.201760919e-18 8.201760919e-18 8.201760919e-18 8.201760919e-18 8.201760919e-18

6.678298080e-18 1.438795706e-04 6.678298080e-18 6.678298080e-18 6.678298080e-18 6.678298080e-18
3.625537992e-04 6.678298080e-18 1.968244839e-02 1.549564287e-01 0.000000000e+00 1.438795706e-04
1.438795706e-04 4.150781313e-02 0.000000000e+00 7.524874952e-01 1.568679183e-03 6.678298080e-18
6.678298080e-18 3.952823847e-03 6.289233147e-03 3.099791380e-03 1.522945584e-02 6.678298080e-18
6.678298080e-18 1.438795706e-04 6.678298080e-18 6.678298080e-18 1.438795706e-04 6.678298080e-18
6.678298080e-18 6.678298080e-18 6.678298080e-18 1.438795706e-04 6.678298080e-18 6.678298080e-18

1.062509245e-04 9.084326261e-04 4.931731047e-18 1.062509245e-04 1.062509245e-04 1.062509245e-04
1.062509245e-04 0.000000000e+00 9.084326261e-04 1.422754947e-03 0.000000000e+00 1.062509245e-04
4.931731047e-18 4.931731047e-18 0.000000000e+00 0.000000000e+00 1.989097463e-03 1.062509245e-04
1.062509245e-04 9.922722774e-01 1.062509245e-04 1.062509245e-04 1.062509245e-04 1.062509245e-04
4.931731047e-18 1.062509245e-04 1.062509245e-04 1.062509245e-04 1.062509245e-04 4.931731047e-18
2.677355527e-04 1.062509245e-04 1.062509245e-04 1.062509245e-04 1.062509245e-04 1.062509245e-04

1.128416249e-04 1.128416249e-04 5.237644261e-18 9.647823219e-04 7.164996563e-04 1.128416249e-04
4.882373551e-04 0.000000000e+00 9.703712999e-01 1.391249315e-02 0.000000000e+00 1.128416249e-04
5.237644261e-18 0.000000000e+00 0.000000000e+00 0.000000000e+00 1.128416249e-04 5.237644261e-18
1.128416249e-04 0.000000000e+00 9.594301745e-03 1.128416249e-04 7.164996563e-04 1.128416249e-04
1.128416249e-04 1.128416249e-04 1.128416249e-04 7.164996563e-04 1.128416249e-04 1.128416249e-04
1.128416249e-04 1.128416249e-04 1.128416249e-04 1.128416249e-04 4.882373551e-04 1.128416249e-04

2.177220572e-03 1.360762858e-04 1.360762858e-04 9.947236834e-03 9.892054358e-02 1.360762858e-04
1.360762858e-04 0.000000000e+00 8.640305568e-04 0.000000000e+00 0.000000000e+00 1.360762858e-04
1.360762858e-04 0.000000000e+00 0.000000000e+00 0.000000000e+00 1.360762858e-04 0.000000000e+00
1.360762858e-04 0.000000000e+00 8.361067712e-01 1.360762858e-04 2.373763402e-02 8.640305568e-04
2.931674706e-03 1.360762858e-04 8.640305568e-04 2.113745431e-02 1.360762858e-04 1.360762858e-04
1.360762858e-04 1.360762858e-04 1.360762858e-04 1.360762858e-04 1.360762858e-04 1.360762858e-04

