6.468507115e-18 1.393597612e-04 6.468507115e-18 3.409266678e-03 1.393597612e-04 6.468507115e-18
1.393597612e-04 6.468507115e-18 1.393597612e-04 5.208299632e-02 8.848793262e-04 1.393597612e-04
1.393597612e-04 6.468507115e-18 7.750300650e-01 6.468507115e-18 1.458459893e-01 7.565611817e-03
1.393597612e-04 6.468507115e-18 1.866099430e-03 1.073417136e-02 3.511645933e-04 1.393597612e-04
1.393597612e-04 6.468507115e-18 6.468507115e-18 1.393597612e-04 6.468507115e-18 6.468507115e-18
1.393597612e-04 1.393597612e-04 1.393597612e-04 1.393597612e-04 1.393597612e-04 1.393597612e-04

8.098798307e-18 8.098798307e-18 8.098798307e-18 1.107900024e-03 8.098798307e-18 8.098798307e-18
8.098798307e-18 8.098798307e-18 8.098798307e-18 1.490378920e-01 8.098798307e-18 8.098798307e-18
8.098798307e-18 8.098798307e-18 2.616836810e-01 0.000000000e+00 1.502969206e-01 8.098798307e-18
8.098798307e-18 8.098798307e-18 2.689474264e-01 8.098798307e-18 9.472411963e-03 8.098798307e-18
4.396704160e-04 0.000000000e+00 1.107900024e-03 1.579061976e-01 8.098798307e-18 8.098798307e-18
8.098798307e-18 8.098798307e-18 8.098798307e-18 8.098798307e-18 8.098798307e-18 8.098798307e-18

5.643893163e-18 5.643893163e-18 5.643893163e-18 5.643893163e-18 5.643893163e-18 5.643893163e-18
1.215939922e-04 5.643893163e-18 5.643893163e-18 4.902362569e-03 5.643893163e-18 1.215939922e-04
1.215939922e-04 5.643893163e-18 9.690967331e-02 0.000000000e+00 1.215939922e-04 1.215939922e-04
3.063976606e-04 1.663382415e-02 8.805181784e-01 0.000000000e+00 5.643893163e-18 5.643893163e-18
5.643893163e-18 0.000000000e+00 5.643893163e-18 0.000000000e+00 1.215939922e-04 5.643893163e-18
5.643893163e-18 5.643893163e-18 5.643893163e-18 5.643893163e-18 5.643893163e-18 5.643893163e-18

6.703550607e-18 6.703550607e-18 6.703550607e-18 1.444236198e-04 6.703550607e-18 6.703550607e-18
6.703550607e-18 6.703550607e-18 6.703550607e-18 1.370775624e-01 6.703550607e-18 1.444236198e-04
1.444236198e-04 6.703550607e-18 1.610823553e-01 0.000000000e+00 2.449638710e-02 6.703550607e-18
6.703550607e-18 3.639247173e-04 6.714021879e-01 0.000000000e+00 6.703550607e-18 6.703550607e-18
1.234804579e-03 0.000000000e+00 0.000000000e+00 0.000000000e+00 6.703550607e-18 6.703550607e-18
3.639247173e-04 6.703550607e-18 0.000000000e+00 2.310777916e-03 1.234804579e-03 6.703550607e-18

6.467282731e-18 6.467282731e-18 6.467282731e-18 1.393333827e-04 6.467282731e-18 1.191283665e-03
6.467282731e-18 6.467282731e-18 6.467282731e-18 1.061400246e-01 3.510981235e-04 6.467282731e-18
1.393333827e-04 6.467282731e-18 9.081859826e-02 0.000000000e+00 0.000000000e+00 6.028605338e-04
6.467282731e-18 6.467282731e-18 7.748833643e-01 0.000000000e+00 3.510981235e-04 1.393333827e-04
3.510981235e-04 0.000000000e+00 0.000000000e+00 0.000000000e+00 3.510981235e-04 6.467282731e-18
1.356867497e-02 0.000000000e+00 0.000000000e+00 7.564179769e-03 3.408621359e-03 6.467282731e-18

5.125456704e-18 5.125456704e-18 5.125456704e-18 5.994770528e-03 5.125456704e-18 5.125456704e-18
5.125456704e-18 5.125456704e-18 5.125456704e-18 5.125456704e-18 2.198368009e-02 0.000000000e+00
5.125456704e-18 5.125456704e-18 9.652144387e-01 0.000000000e+00 0.000000000e+00 5.125456704e-18
5.125456704e-18 5.125456704e-18 6.807110654e-03 0.000000000e+00 0.000000000e+00 5.125456704e-18
5.125456704e-18 0.000000000e+00 0.000000000e+00 0.000000000e+00 5.125456704e-18 5.125456704e-18
5.125456704e-18 0.000000000e+00 0.000000000e+00 5.125456704e-18 5.125456704e-18 5.125456704e-18

5.129693531e-18 5.129693531e-18 5.129693531e-18 0.000000000e+00 5.129693531e-18 5.129693531e-18
5.129693531e-18 5.129693531e-18 5.129693531e-18 0.000000000e+00 3.729026477e-03 0.000000000e+00
5.129693531e-18 5.129693531e-18 9.503714135e-01 0.000000000e+00 0.000000000e+00 5.129693531e-18
5.129693531e-18 5.129693531e-18 4.589956002e-02 0.000000000e+00 0.000000000e+00 5.129693531e-18
5.129693531e-18 0.000000000e+00 0.000000000e+00 0.000000000e+00 5.129693531e-18 5.129693531e-18
5.129693531e-18 0.000000000e+00 0.000000000e+00 5.129693531e-18 5.129693531e-18 5.129693531e-18

4.901592112e-18 4.901592112e-18 4.901592112e-18 0.000000000e+00 4.901592112e-18 4.901592112e-18
4.901592112e-18 4.901592112e-18 4.901592112e-18 0.000000000e+00 0.000000000e+00 0.000000000e+00
4.901592112e-18 4.901592112e-18 9.779121173e-01 0.000000000e+00 0.000000000e+00 0.000000000e+00
4.901592112e-18 4.901592112e-18 2.208788272e-02 0.000000000e+00 0.000000000e+00 4.901592112e-18
4.901592112e-18 0.000000000e+00 0.000000000e+00 0.000000000e+00 4.901592112e-18 4.901592112e-18
4.901592112e-18 0.000000000e+00 0.000000000e+00 4.901592112e-18 4.901592112e-18 4.901592112e-18

