1.182175861e-04 9.458942190e-01 3.247808509e-03 2.978896504e-04 5.114977883e-04 5.487174276e-18
3.613598442e-03 5.487174276e-18 2.062229857e-02 1.182175861e-04 5.487174276e-18 1.182175861e-04
7.506348821e-04 2.235848239e-02 1.182175861e-04 1.182175861e-04 5.487174276e-18 2.978896504e-04
7.506348821e-04 1.182175861e-04 5.487174276e-18 1.182175861e-04 5.487174276e-18 1.182175861e-04
1.182175861e-04 5.487174276e-18 5.487174276e-18 5.487174276e-18 5.487174276e-18 1.182175861e-04
5.487174276e-18 1.182175861e-04 1.182175861e-04 1.182175861e-04 1.182175861e-04 5.487174276e-18

1.475969128e-04 3.936732036e-02 3.857403610e-02 1.475969128e-04 2.361550605e-03 6.850841823e-18
7.619041349e-01 0.000000000e+00 6.850841823e-18 3.857403610e-02 6.850841823e-18 6.850841823e-18
6.850841823e-18 5.777245681e-02 6.041328669e-02 0.000000000e+00 1.475969128e-04 1.475969128e-04
1.475969128e-04 1.475969128e-04 6.850841823e-18 6.850841823e-18 6.850841823e-18 6.850841823e-18
6.850841823e-18 6.850841823e-18 6.850841823e-18 6.850841823e-18 6.850841823e-18 6.850841823e-18
6.850841823e-18 6.850841823e-18 6.850841823e-18 6.850841823e-18 1.475969128e-04 6.850841823e-18

6.467114440e-18 6.467114440e-18 5.632758850e-01 4.701263502e-03 6.467114440e-18 6.467114440e-18
1.842736998e-02 0.000000000e+00 0.000000000e+00 0.000000000e+00 6.467114440e-18 6.467114440e-18
8.846888109e-04 3.902337723e-01 6.467114440e-18 0.000000000e+00 6.028448462e-04 6.467114440e-18
6.467114440e-18 6.467114440e-18 2.098948681e-02 8.846888109e-04 6.467114440e-18 6.467114440e-18
6.467114440e-18 6.467114440e-18 6.467114440e-18 6.467114440e-18 6.467114440e-18 6.467114440e-18
6.467114440e-18 6.467114440e-18 6.467114440e-18 6.467114440e-18 6.467114440e-18 6.467114440e-18

5.207696883e-18 5.207696883e-18 5.487276152e-02 5.207696883e-18 5.207696883e-18 5.207696883e-18
2.827172832e-04 0.000000000e+00 0.000000000e+00 0.000000000e+00 5.207696883e-18 5.207696883e-18
2.827172832e-04 9.404113011e-01 0.000000000e+00 0.000000000e+00 4.150502789e-03 5.207696883e-18
5.207696883e-18 5.207696883e-18 5.207696883e-18 0.000000000e+00 5.207696883e-18 5.207696883e-18
5.207696883e-18 5.207696883e-18 5.207696883e-18 5.207696883e-18 5.207696883e-18 5.207696883e-18
5.207696883e-18 5.207696883e-18 5.207696883e-18 5.207696883e-18 5.207696883e-18 5.207696883e-18

