6.013231718e-18 3.264484422e-04 2.072818402e-03 7.077488910e-02 5.605352718e-04 6.013231718e-18
1.295511501e-04 1.295511501e-04 5.662912285e-03 6.013231718e-18 4.765922629e-02 3.264484422e-04
1.295511501e-04 6.013231718e-18 8.225985279e-04 8.671287104e-01 3.264484422e-04 1.412460376e-03
1.107646753e-03 6.013231718e-18 6.013231718e-18 1.295511501e-04 6.013231718e-18 3.264484422e-04
3.264484422e-04 6.013231718e-18 6.013231718e-18 6.013231718e-18 1.295511501e-04 1.295511501e-04
6.013231718e-18 1.295511501e-04 1.295511501e-04 1.295511501e-04 6.013231718e-18 6.013231718e-18

4.781627184e-18 4.781627184e-18 1.928556608e-03 9.946134344e-01 4.781627184e-18 1.030170348e-04
4.781627184e-18 4.781627184e-18 4.781627184e-18 0.000000000e+00 3.148957856e-03 4.781627184e-18
4.781627184e-18 4.781627184e-18 4.781627184e-18 1.030170348e-04 1.030170348e-04 4.781627184e-18
4.781627184e-18 4.781627184e-18 0.000000000e+00 4.781627184e-18 4.781627184e-18 4.781627184e-18
4.781627184e-18 4.781627184e-18 4.781627184e-18 4.781627184e-18 4.781627184e-18 4.781627184e-18
4.781627184e-18 4.781627184e-18 4.781627184e-18 4.781627184e-18 4.781627184e-18 4.781627184e-18

6.551057003e-18 6.551057003e-18 6.191032236e-01 3.037811500e-01 0.000000000e+00 1.411382447e-04
6.551057003e-18 6.551057003e-18 4.384839197e-02 0.000000000e+00 2.952081191e-02 1.411382447e-04
6.551057003e-18 1.411382447e-04 6.551057003e-18 3.040731303e-03 6.551057003e-18 1.411382447e-04
6.551057003e-18 6.551057003e-18 0.000000000e+00 0.000000000e+00 6.551057003e-18 6.551057003e-18
6.551057003e-18 6.551057003e-18 6.551057003e-18 1.411382447e-04 6.551057003e-18 6.551057003e-18
6.551057003e-18 6.551057003e-18 6.551057003e-18 6.551057003e-18 6.551057003e-18 6.551057003e-18

1.819445483e-04 1.819445483e-04 5.886838255e-01 1.029318313e-01 0.000000000e+00 1.983691113e-03
1.819445483e-04 1.155275870e-03 5.349134427e-02 0.000000000e+00 2.406348494e-02 4.584715327e-04
7.872283399e-04 7.335544523e-03 0.000000000e+00 1.398758874e-01 1.696032044e-02 4.998588380e-03
7.872283399e-04 0.000000000e+00 0.000000000e+00 0.000000000e+00 1.819445483e-04 6.139171439e-03
1.819445483e-04 1.819445483e-04 1.121594717e-02 9.224521522e-03 2.083034388e-02 4.584715327e-04
1.819445483e-04 1.555604006e-03 4.584715327e-04 2.436331800e-03 2.436331800e-03 4.584715327e-04

