1.439980377e-04 3.628523176e-04 1.439980377e-04 6.230433239e-04 3.628523176e-04 1.439980377e-04
1.439980377e-04 6.683796837e-18 6.230433239e-04 1.439980377e-04 6.683796837e-18 3.628523176e-04
1.439980377e-04 1.231165904e-03 1.166384105e-02 5.805637082e-03 1.439980377e-04 3.628523176e-04
2.303968603e-03 3.382399548e-02 6.683796837e-18 7.859378555e-01 1.439980377e-04 1.439980377e-04
1.439980377e-04 1.439980377e-04 1.250786593e-01 1.439980377e-04 1.439980377e-04 1.439980377e-04
6.683796837e-18 3.628523176e-04 2.794866267e-02 1.439980377e-04 3.628523176e-04 6.230433239e-04

6.827727468e-18 6.827727468e-18 6.827727468e-18 6.827727468e-18 6.827727468e-18 6.827727468e-18
6.827727468e-18 6.827727468e-18 3.706660744e-04 6.827727468e-18 6.827727468e-18 6.827727468e-18
6.827727468e-18 6.827727468e-18 3.099488503e-01 0.000000000e+00 6.827727468e-18 6.827727468e-18
3.706660744e-04 9.886473789e-02 0.000000000e+00 6.827727468e-18 4.243656579e-02 6.827727468e-18
6.827727468e-18 6.827727468e-18 5.467038278e-01 9.340199793e-04 6.827727468e-18 6.827727468e-18
6.827727468e-18 6.827727468e-18 3.706660744e-04 6.827727468e-18 6.827727468e-18 6.827727468e-18

5.589323749e-18 5.589323749e-18 5.589323749e-18 5.589323749e-18 5.589323749e-18 5.589323749e-18
5.589323749e-18 5.589323749e-18 5.589323749e-18 5.589323749e-18 5.589323749e-18 5.589323749e-18
5.589323749e-18 5.589323749e-18 1.926873900e-01 0.000000000e+00 5.589323749e-18 5.589323749e-18
1.312887761e-03 5.589323749e-18 0.000000000e+00 0.000000000e+00 0.000000000e+00 5.589323749e-18
5.589323749e-18 5.589323749e-18 8.059997223e-01 5.589323749e-18 5.589323749e-18 5.589323749e-18
5.589323749e-18 5.589323749e-18 5.589323749e-18 5.589323749e-18 5.589323749e-18 5.589323749e-18

5.820467674e-18 5.820467674e-18 5.820467674e-18 5.820467674e-18 5.820467674e-18 5.820467674e-18
5.820467674e-18 5.820467674e-18 5.820467674e-18 5.820467674e-18 5.820467674e-18 5.820467674e-18
5.820467674e-18 5.820467674e-18 3.906663050e-01 0.000000000e+00 5.820467674e-18 5.820467674e-18
0.000000000e+00 0.000000000e+00 0.000000000e+00 0.000000000e+00 0.000000000e+00 5.820467674e-18
5.820467674e-18 5.820467674e-18 6.093336950e-01 5.820467674e-18 5.820467674e-18 5.820467674e-18
5.820467674e-18 5.820467674e-18 5.820467674e-18 5.820467674e-18 5.820467674e-18 5.820467674e-18

5.769613695e-18 5.769613695e-18 5.769613695e-18 5.769613695e-18 5.769613695e-18 5.769613695e-18
5.769613695e-18 5.769613695e-18 0.000000000e+00 5.769613695e-18 5.769613695e-18 5.769613695e-18
5.769613695e-18 3.132228211e-04 7.027651178e-01 0.000000000e+00 5.769613695e-18 5.769613695e-18
0.000000000e+00 0.000000000e+00 0.000000000e+00 0.000000000e+00 0.000000000e+00 5.769613695e-18
5.769613695e-18 5.769613695e-18 2.961323874e-01 5.769613695e-18 5.769613695e-18 0.000000000e+00
5.769613695e-18 5.769613695e-18 7.892720512e-04 5.769613695e-18 5.769613695e-18 5.769613695e-18

5.888116773e-18 0.000000000e+00 5.888116773e-18 5.888116773e-18 5.888116773e-18 5.888116773e-18
5.888116773e-18 5.888116773e-18 0.000000000e+00 5.888116773e-18 5.888116773e-18 5.888116773e-18
5.888116773e-18 0.000000000e+00 5.250202041e-01 0.000000000e+00 5.888116773e-18 5.888116773e-18
0.000000000e+00 0.000000000e+00 0.000000000e+00 0.000000000e+00 0.000000000e+00 5.888116773e-18
5.888116773e-18 5.888116773e-18 4.741112673e-01 5.888116773e-18 5.888116773e-18 0.000000000e+00
5.888116773e-18 5.888116773e-18 3.196561580e-04 5.888116773e-18 5.888116773e-18 5.488724351e-04

