6.851136000e-18 9.372222214e-04 2.362540563e-02 1.476032507e-04 3.719368851e-04 6.851136000e-18
1.476032507e-04 3.719368851e-04 4.751682109e-02 6.386421745e-04 6.851136000e-18 1.609277438e-03
7.904268777e-01 3.936901080e-02 6.851136000e-18 4.096765815e-02 3.719368851e-04 6.851136000e-18
6.851136000e-18 1.476032507e-04 5.003401761e-02 0.000000000e+00 9.372222214e-04 3.719368851e-04
6.851136000e-18 6.851136000e-18 1.476032507e-04 3.719368851e-04 3.719368851e-04 3.719368851e-04
6.851136000e-18 6.851136000e-18 6.851136000e-18 3.719368851e-04 3.719368851e-04 6.851136000e-18

8.377886512e-04 1.936300690e-04 7.162992210e-03 4.879171995e-04 3.624900967e-03 2.776178340e-01
1.936300690e-04 4.171633376e-03 3.191414709e-02 1.967158881e-02 1.229474301e-03 1.936300690e-04
2.560897971e-02 9.591617812e-02 0.000000000e+00 2.132773272e-02 0.000000000e+00 4.273469700e-01
8.377886512e-04 8.377886512e-04 3.566696365e-02 0.000000000e+00 2.737482022e-02 1.121842425e-02
1.936300690e-04 1.936300690e-04 1.936300690e-04 1.229474301e-03 8.377886512e-04 2.111095114e-03
1.936300690e-04 1.936300690e-04 1.936300690e-04 8.377886512e-04 1.936300690e-04 1.936300690e-04

1.201265981e-04 5.575782762e-18 7.627563526e-04 5.575782762e-18 1.201265981e-04 2.588049101e-03
5.575782762e-18 1.201265981e-04 7.857353510e-03 6.090374235e-03 5.575782762e-18 0.000000000e+00
4.443864999e-03 4.443864999e-03 0.000000000e+00 1.201265981e-04 0.000000000e+00 9.520904881e-01
5.575782762e-18 1.922025569e-03 2.588049101e-03 0.000000000e+00 3.027000591e-04 1.201265981e-04
1.201265981e-04 1.309707091e-03 0.000000000e+00 1.201265981e-04 5.575782762e-18 1.201265981e-04
1.201265981e-04 5.575782762e-18 1.427937435e-02 1.201265981e-04 1.201265981e-04 5.575782762e-18

7.075492246e-03 2.314722090e-04 3.703555344e-03 2.314722090e-04 1.602435331e-02 1.602435331e-02
2.062352291e-02 5.832734172e-04 3.036972419e-01 0.000000000e+00 5.662685428e-03 0.000000000e+00
2.254141189e-02 2.145743959e-01 0.000000000e+00 5.662685428e-03 0.000000000e+00 7.075492246e-03
4.333334377e-03 2.314722090e-04 1.003375895e-01 0.000000000e+00 2.853871986e-02 2.549592340e-02
2.314722090e-04 8.562893351e-03 0.000000000e+00 4.986917569e-03 3.099532846e-03 3.595581122e-02
6.424570115e-02 0.000000000e+00 4.841527938e-02 3.379334977e-02 2.314722090e-04 1.782912324e-02

6.172795647e-18 6.172795647e-18 0.000000000e+00 6.172795647e-18 6.172795647e-18 6.172795647e-18
6.172795647e-18 6.172795647e-18 8.249952867e-01 0.000000000e+00 6.172795647e-18 0.000000000e+00
6.172795647e-18 2.384569619e-02 0.000000000e+00 0.000000000e+00 0.000000000e+00 8.847969711e-02
6.172795647e-18 6.172795647e-18 5.363791804e-02 0.000000000e+00 3.653621558e-03 6.172795647e-18
6.172795647e-18 6.172795647e-18 0.000000000e+00 6.172795647e-18 6.172795647e-18 4.919680643e-03
6.172795647e-18 0.000000000e+00 1.329888508e-04 6.172795647e-18 6.172795647e-18 3.351109050e-04

4.000000000e-02 4.000000000e-02 0.000000000e+00 4.000000000e-02 4.000000000e-02 4.000000000e-02
4.000000000e-02 4.000000000e-02 4.000000000e-02 0.000000000e+00 4.000000000e-02 0.000000000e+00
4.000000000e-02 4.000000000e-02 0.000000000e+00 0.000000000e+00 0.000000000e+00 4.000000000e-02
4.000000000e-02 0.000000000e+00 4.000000000e-02 0.000000000e+00 4.000000000e-02 0.000000000e+00
4.000000000e-02 4.000000000e-02 0.000000000e+00 4.000000000e-02 4.000000000e-02 4.000000000e-02
4.000000000e-02 0.000000000e+00 4.000000000e-02 4.000000000e-02 4.000000000e-02 4.000000000e-02

4.417400516e-02 4.417400516e-02 0.000000000e+00 4.417400516e-02 4.417400516e-02 4.417400516e-02
4.417400516e-02 4.417400516e-02 4.417400516e-02 0.000000000e+00 4.417400516e-02 0.000000000e+00
0.000000000e+00 4.417400516e-02 0.000000000e+00 0.000000000e+00 0.000000000e+00 0.000000000e+00
4.417400516e-02 0.000000000e+00 4.284049527e-02 0.000000000e+00 4.284049527e-02 0.000000000e+00
4.284049527e-02 4.284049527e-02 0.000000000e+00 4.284049527e-02 4.284049527e-02 4.284049527e-02
4.284049527e-02 0.000000000e+00 4.284049527e-02 4.284049527e-02 4.284049527e-02 4.284049527e-02

