6.468507115e-18 1.393597612e-04 6.468507115e-18 3.409266678e-03 1.393597612e-04 6.468507115e-18
1.393597612e-04 6.468507115e-18 1.393597612e-04 5.208299632e-02 8.848793262e-04 1.393597612e-04
1.393597612e-04 6.468507115e-18 7.750300650e-01 6.468507115e-18 1.458459893e-01 7.565611817e-03
1.393597612e-04 6.468507115e-18 1.866099430e-03 1.073417136e-02 3.511645933e-04 1.393597612e-04
1.393597612e-04 6.468507115e-18 6.468507115e-18 1.393597612e-04 6.468507115e-18 6.468507115e-18
1.393597612e-04 1.393597612e-04 1.393597612e-04 1.393597612e-04 1.393597612e-04 1.393597612e-04

7.757193357e-18 7.757193357e-18 1.671236647e-04 1.671236647e-04 7.757193357e-18 7.757193357e-18
7.757193357e-18 7.757193357e-18 5.665097716e-02 3.597112829e-01 7.757193357e-18 7.757193357e-18
7.883782307e-03 4.913403323e-02 7.757193357e-18 0.000000000e+00 1.524691811e-01 5.108527708e-03
7.757193357e-18 3.600570207e-03 0.000000000e+00 3.642717798e-01 7.757193357e-18 7.757193357e-18
7.757193357e-18 7.757193357e-18 1.671236647e-04 1.671236647e-04 7.757193357e-18 7.757193357e-18
7.757193357e-18 7.757193357e-18 7.757193357e-18 1.671236647e-04 1.671236647e-04 1.671236647e-04

6.164400351e-18 6.164400351e-18 6.164400351e-18 6.164400351e-18 6.164400351e-18 6.164400351e-18
6.164400351e-18 3.189069249e-02 8.175931470e-01 2.124927673e-03 6.164400351e-18 6.164400351e-18
9.931287470e-02 6.164400351e-18 0.000000000e+00 0.000000000e+00 0.000000000e+00 6.164400351e-18
6.164400351e-18 4.501876998e-02 0.000000000e+00 4.059588120e-03 6.164400351e-18 6.164400351e-18
6.164400351e-18 6.164400351e-18 6.164400351e-18 6.164400351e-18 6.164400351e-18 6.164400351e-18
6.164400351e-18 6.164400351e-18 6.164400351e-18 6.164400351e-18 6.164400351e-18 6.164400351e-18

7.030997404e-18 7.030997404e-18 6.109518021e-02 7.030997404e-18 7.030997404e-18 7.030997404e-18
7.030997404e-18 4.524029461e-01 7.030997404e-18 3.980201172e-01 7.030997404e-18 7.030997404e-18
6.566214684e-02 0.000000000e+00 0.000000000e+00 0.000000000e+00 0.000000000e+00 7.030997404e-18
7.030997404e-18 7.030997404e-18 0.000000000e+00 2.281960968e-02 7.030997404e-18 7.030997404e-18
7.030997404e-18 7.030997404e-18 0.000000000e+00 7.030997404e-18 7.030997404e-18 7.030997404e-18
7.030997404e-18 7.030997404e-18 7.030997404e-18 7.030997404e-18 7.030997404e-18 7.030997404e-18

