1.022410880e-17 9.530604967e-04 5.550500211e-04 2.202717469e-04 1.022410880e-17 1.022410880e-17
9.530604967e-04 1.022410880e-17 0.000000000e+00 2.949552852e-03 1.022410880e-17 1.303768420e-01
1.022410880e-17 1.022410880e-17 8.752769092e-02 1.362033249e-01 6.843334293e-02 1.022410880e-17
1.883296944e-03 1.022410880e-17 1.332821235e-01 1.022410880e-17 9.414471262e-02 8.884141666e-02
1.022410880e-17 1.022410880e-17 1.398638411e-03 1.118932357e-01 5.875128592e-02 1.883296944e-03
1.022410880e-17 1.022410880e-17 1.022410880e-17 7.974979691e-02 1.022410880e-17 1.022410880e-17

2.538397133e-02 9.188302326e-03 2.723106096e-04 1.478329431e-02 1.007363570e-02 2.426210956e-02
6.661747114e-03 0.000000000e+00 0.000000000e+00 4.356969752e-03 1.781154847e-02 4.882692065e-02
2.723106096e-04 7.481227995e-03 2.315307103e-02 2.036319619e-01 3.849843168e-02 1.990602631e-02
1.478329431e-02 1.178219579e-03 1.738345870e-01 0.000000000e+00 4.356969752e-03 8.005879097e-02
5.866754236e-03 1.990602631e-02 2.968927297e-03 4.618791659e-02 3.725156738e-02 2.097469686e-02
1.380604751e-02 2.651836969e-02 3.357377645e-02 2.097469686e-02 2.538397133e-02 1.781154847e-02

1.510775556e-04 1.510775556e-04 1.510775556e-04 1.510775556e-04 1.510775556e-04 3.806915849e-04
1.510775556e-04 0.000000000e+00 0.000000000e+00 0.000000000e+00 3.806915849e-04 1.510775556e-04
1.510775556e-04 1.510775556e-04 6.365666481e-02 3.265469504e-01 1.346058536e-02 1.510775556e-04
1.291694930e-03 2.417240889e-03 2.417240889e-03 0.000000000e+00 0.000000000e+00 3.806915849e-04
5.588839375e-03 6.536746188e-04 1.510775556e-04 5.772735268e-01 1.291694930e-03 1.510775556e-04
1.510775556e-04 6.536746188e-04 3.806915849e-04 9.592826825e-04 1.510775556e-04 1.510775556e-04

