8.415430233e-18 8.415430233e-18 8.415430233e-18 8.415430233e-18 8.415430233e-18 8.415430233e-18
8.415430233e-18 8.415430233e-18 1.133155927e-01 8.527822565e-02 8.415430233e-18 8.415430233e-18
8.415430233e-18 4.258709251e-02 3.792217545e-02 5.430664654e-02 8.415430233e-18 8.415430233e-18
8.415430233e-18 1.614333019e-01 4.544963395e-02 4.591634165e-01 1.813049483e-04 8.415430233e-18
8.415430233e-18 8.415430233e-18 8.415430233e-18 1.813049483e-04 1.813049483e-04 8.415430233e-18
8.415430233e-18 8.415430233e-18 8.415430233e-18 8.415430233e-18 8.415430233e-18 8.415430233e-18

6.839709804e-18 6.839709804e-18 6.839709804e-18 6.839709804e-18 6.839709804e-18 6.839709804e-18
1.237477013e-01 0.000000000e+00 6.839709804e-18 3.676240791e-01 6.839709804e-18 6.839709804e-18
6.839709804e-18 6.375770590e-04 3.713165757e-04 0.000000000e+00 6.839709804e-18 6.839709804e-18
6.839709804e-18 4.752944041e-01 3.232492183e-02 6.839709804e-18 6.839709804e-18 6.839709804e-18
6.839709804e-18 6.839709804e-18 6.839709804e-18 6.839709804e-18 6.839709804e-18 6.839709804e-18
6.839709804e-18 6.839709804e-18 6.839709804e-18 6.839709804e-18 6.839709804e-18 6.839709804e-18

4.472907308e-04 4.472907308e-04 1.352198886e-01 4.472907308e-04 4.472907308e-04 4.472907308e-04
4.472907308e-04 0.000000000e+00 0.000000000e+00 0.000000000e+00 1.775074441e-04 1.775074441e-04
1.775074441e-04 1.775074441e-04 1.775074441e-04 0.000000000e+00 4.472907308e-04 1.775074441e-04
1.775074441e-04 1.844242490e-01 3.220645805e-01 1.315026072e-01 1.775074441e-04 4.472907308e-04
1.775074441e-04 1.775074441e-04 2.173587017e-01 1.775074441e-04 7.680301051e-04 4.472907308e-04
4.472907308e-04 4.472907308e-04 4.472907308e-04 4.472907308e-04 4.472907308e-04 4.472907308e-04

5.103703708e-18 5.103703708e-18 9.441447726e-01 5.103703708e-18 5.103703708e-18 5.103703708e-18
5.103703708e-18 0.000000000e+00 0.000000000e+00 0.000000000e+00 5.103703708e-18 5.103703708e-18
5.103703708e-18 5.103703708e-18 0.000000000e+00 0.000000000e+00 5.103703708e-18 5.103703708e-18
5.103703708e-18 5.103703708e-18 5.103703708e-18 0.000000000e+00 5.103703708e-18 5.103703708e-18
5.103703708e-18 5.103703708e-18 5.585522737e-02 5.103703708e-18 5.103703708e-18 5.103703708e-18
5.103703708e-18 5.103703708e-18 5.103703708e-18 5.103703708e-18 5.103703708e-18 5.103703708e-18

