1.798390188e-04 1.960735106e-03 7.781182427e-04 7.905188588e-02 4.520520000e-01 1.798390188e-04
1.798390188e-04 1.798390188e-04 4.531659307e-04 7.905188588e-02 8.347387814e-18 8.795523839e-02
1.798390188e-04 1.798390188e-04 1.798390188e-04 1.798390188e-04 2.316337674e-01 6.068126678e-03
4.531659307e-04 8.347387814e-18 1.798390188e-04 1.141906590e-03 1.798390188e-04 1.960735106e-03
1.798390188e-04 1.798390188e-04 1.798390188e-04 1.798390188e-04 1.798390188e-04 5.188175331e-02
1.798390188e-04 1.798390188e-04 1.798390188e-04 1.960735106e-03 1.798390188e-04 1.798390188e-04

1.200257513e-04 9.497815174e-01 5.193212645e-04 1.200257513e-04 7.621160152e-04 3.024459411e-04
1.200257513e-04 5.571101867e-18 7.850757226e-03 2.510487243e-02 0.000000000e+00 4.440134354e-03
1.200257513e-04 3.668869260e-03 0.000000000e+00 1.200257513e-04 2.585876422e-03 1.200257513e-04
3.024459411e-04 1.200257513e-04 1.200257513e-04 5.193212645e-04 1.200257513e-04 3.024459411e-04
3.024459411e-04 1.200257513e-04 1.200257513e-04 5.571101867e-18 3.024459411e-04 3.024459411e-04
3.024459411e-04 3.024459411e-04 1.200257513e-04 3.024459411e-04 3.024459411e-04 3.024459411e-04

1.762146562e-04 4.313346547e-01 4.440331092e-04 1.762146562e-04 8.312634785e-03 7.624365363e-04
2.019902135e-01 0.000000000e+00 2.454455463e-01 4.700029756e-02 0.000000000e+00 1.118893322e-03
4.440331092e-04 4.440331092e-04 0.000000000e+00 0.000000000e+00 4.231377835e-02 1.118893322e-03
4.440331092e-04 6.518740690e-03 2.819434498e-03 1.506614117e-03 4.440331092e-04 4.440331092e-04
4.440331092e-04 1.762146562e-04 1.762146562e-04 7.624365363e-04 4.440331092e-04 7.624365363e-04
4.440331092e-04 4.440331092e-04 4.440331092e-04 7.624365363e-04 1.118893322e-03 7.624365363e-04

5.585759544e-18 8.981929252e-01 5.585759544e-18 5.585759544e-18 5.206876088e-04 5.585759544e-18
3.032416822e-04 0.000000000e+00 6.965060813e-02 1.611435609e-03 0.000000000e+00 2.889717244e-02
5.585759544e-18 0.000000000e+00 0.000000000e+00 0.000000000e+00 5.206876088e-04 5.585759544e-18
5.585759544e-18 0.000000000e+00 5.585759544e-18 3.032416822e-04 5.585759544e-18 5.585759544e-18
5.585759544e-18 5.585759544e-18 5.585759544e-18 5.585759544e-18 5.585759544e-18 5.585759544e-18
5.585759544e-18 5.585759544e-18 5.585759544e-18 5.585759544e-18 5.585759544e-18 5.585759544e-18

3.591272925e-04 1.310681125e-01 6.166471899e-04 6.166471899e-04 1.218526812e-03 1.908413458e-03
2.280316167e-03 0.000000000e+00 4.668700888e-02 0.000000000e+00 0.000000000e+00 1.949642898e-02
6.166471899e-04 0.000000000e+00 0.000000000e+00 0.000000000e+00 7.860467608e-01 0.000000000e+00
1.425197605e-04 0.000000000e+00 1.218526812e-03 1.425197605e-04 1.425197605e-04 3.591272925e-04
6.166471899e-04 3.591272925e-04 1.553853550e-03 3.591272925e-04 9.049440707e-04 3.591272925e-04
6.166471899e-04 3.591272925e-04 6.166471899e-04 3.591272925e-04 6.166471899e-04 3.591272925e-04

