6.468507115e-18 1.393597612e-04 6.468507115e-18 3.409266678e-03 1.393597612e-04 6.468507115e-18
1.393597612e-04 6.468507115e-18 1.393597612e-04 5.208299632e-02 8.848793262e-04 1.393597612e-04
1.393597612e-04 6.468507115e-18 7.750300650e-01 6.468507115e-18 1.458459893e-01 7.565611817e-03
1.393597612e-04 6.468507115e-18 1.866099430e-03 1.073417136e-02 3.511645933e-04 1.393597612e-04
1.393597612e-04 6.468507115e-18 6.468507115e-18 1.393597612e-04 6.468507115e-18 6.468507115e-18
1.393597612e-04 1.393597612e-04 1.393597612e-04 1.393597612e-04 1.393597612e-04 1.393597612e-04

8.435431676e-18 8.435431676e-18 8.435431676e-18 4.579456869e-04 8.435431676e-18 8.435431676e-18
8.435431676e-18 8.435431676e-18 8.435431676e-18 1.233794510e-01 8.435431676e-18 8.435431676e-18
8.435431676e-18 8.435431676e-18 1.738382100e-01 0.000000000e+00 1.461312980e-01 8.435431676e-18
8.435431676e-18 8.435431676e-18 1.658000903e-01 8.435431676e-18 2.111436771e-01 8.435431676e-18
8.435431676e-18 8.435431676e-18 0.000000000e+00 1.792493279e-01 8.435431676e-18 8.435431676e-18
8.435431676e-18 8.435431676e-18 8.435431676e-18 8.435431676e-18 8.435431676e-18 8.435431676e-18

6.013878928e-18 6.013878928e-18 6.013878928e-18 5.663521790e-03 6.013878928e-18 6.013878928e-18
6.013878928e-18 6.013878928e-18 6.013878928e-18 6.013878928e-18 2.791395328e-03 6.013878928e-18
6.013878928e-18 6.013878928e-18 6.353575114e-01 0.000000000e+00 3.541145300e-01 6.013878928e-18
6.013878928e-18 6.013878928e-18 2.073041502e-03 0.000000000e+00 6.013878928e-18 6.013878928e-18
6.013878928e-18 6.013878928e-18 0.000000000e+00 0.000000000e+00 6.013878928e-18 6.013878928e-18
6.013878928e-18 6.013878928e-18 6.013878928e-18 6.013878928e-18 6.013878928e-18 6.013878928e-18

5.199225948e-18 5.199225948e-18 5.199225948e-18 0.000000000e+00 5.199225948e-18 5.199225948e-18
5.199225948e-18 5.199225948e-18 5.199225948e-18 0.000000000e+00 5.199225948e-18 5.199225948e-18
5.199225948e-18 5.199225948e-18 9.575049755e-01 0.000000000e+00 2.514834152e-02 5.199225948e-18
5.199225948e-18 5.199225948e-18 1.044159949e-02 0.000000000e+00 6.905083466e-03 5.199225948e-18
5.199225948e-18 5.199225948e-18 0.000000000e+00 0.000000000e+00 5.199225948e-18 5.199225948e-18
5.199225948e-18 5.199225948e-18 5.199225948e-18 5.199225948e-18 5.199225948e-18 5.199225948e-18

3.609445831e-02 3.609445831e-02 3.609445831e-02 0.000000000e+00 3.609445831e-02 3.609445831e-02
3.609445831e-02 3.609445831e-02 3.609445831e-02 0.000000000e+00 3.609445831e-02 3.609445831e-02
3.609445831e-02 3.609445831e-02 3.476385421e-02 0.000000000e+00 3.609445831e-02 3.609445831e-02
3.609445831e-02 3.609445831e-02 3.609445831e-02 0.000000000e+00 3.609445831e-02 3.609445831e-02
3.609445831e-02 0.000000000e+00 0.000000000e+00 0.000000000e+00 0.000000000e+00 3.476385421e-02
3.476385421e-02 3.476385421e-02 3.476385421e-02 3.476385421e-02 3.476385421e-02 3.476385421e-02

