1.017574848e-17 7.431374573e-02 1.017574848e-17 3.143216231e-01 8.193288827e-02 1.017574848e-17
1.017574848e-17 1.017574848e-17 3.930922399e-02 9.369940546e-02 1.017574848e-17 6.022932905e-03
6.022932905e-03 1.017574848e-17 7.431374573e-02 1.017574848e-17 7.431374573e-02 5.035420140e-02
1.874388896e-03 1.017574848e-17 0.000000000e+00 1.058480017e-01 5.847339067e-02 1.017574848e-17
1.017574848e-17 1.017574848e-17 4.723164052e-03 9.485524936e-04 1.017574848e-17 1.017574848e-17
2.935601384e-03 6.701275922e-03 2.390202507e-03 5.524246188e-04 9.485524936e-04 1.017574848e-17

7.870239654e-18 1.045245239e-02 4.272623433e-04 9.823818953e-03 4.272623433e-04 4.272623433e-04
7.870239654e-18 7.870239654e-18 7.870239654e-18 2.090532495e-02 8.186612923e-02 4.272623433e-04
4.272623433e-04 7.870239654e-18 1.076633640e-03 0.000000000e+00 6.248889016e-01 7.661069309e-02
4.272623433e-04 7.870239654e-18 0.000000000e+00 2.015539396e-02 7.870239654e-18 8.596587574e-03
7.870239654e-18 1.076633640e-03 1.375454012e-01 0.000000000e+00 1.076633640e-03 7.336399345e-04
7.870239654e-18 7.336399345e-04 7.336399345e-04 4.272623433e-04 7.336399345e-04 7.870239654e-18

6.349251562e-18 6.349251562e-18 3.446904059e-04 5.918580253e-04 6.349251562e-18 6.349251562e-18
6.349251562e-18 6.349251562e-18 6.349251562e-18 1.491388769e-03 6.349251562e-18 6.349251562e-18
6.349251562e-18 0.000000000e+00 6.349251562e-18 0.000000000e+00 5.313034935e-01 9.999444618e-03
3.446904059e-04 6.349251562e-18 0.000000000e+00 6.935226814e-03 0.000000000e+00 4.453405366e-01
6.349251562e-18 6.349251562e-18 5.918580253e-04 0.000000000e+00 5.918580253e-04 6.349251562e-18
6.349251562e-18 3.446904059e-04 5.918580253e-04 5.918580253e-04 3.446904059e-04 5.918580253e-04

