7.772125505e-18 7.772125505e-18 7.772125505e-18 7.772125505e-18 7.772125505e-18 7.772125505e-18
7.772125505e-18 2.601018096e-02 3.347865917e-01 7.772125505e-18 1.063211813e-03 7.772125505e-18
7.772125505e-18 1.674453680e-04 2.076832732e-01 2.290620414e-02 1.674453680e-04 7.772125505e-18
7.772125505e-18 6.750974204e-03 5.485220687e-02 3.452775757e-01 1.674453680e-04 7.772125505e-18
7.772125505e-18 7.772125505e-18 7.772125505e-18 1.674453680e-04 7.772125505e-18 7.772125505e-18
7.772125505e-18 7.772125505e-18 7.772125505e-18 7.772125505e-18 7.772125505e-18 7.772125505e-18

5.584493262e-18 5.584493262e-18 5.584493262e-18 5.584493262e-18 5.584493262e-18 5.584493262e-18
5.584493262e-18 1.868905491e-02 3.031729378e-04 0.000000000e+00 3.031729378e-04 5.584493262e-18
5.584493262e-18 5.584493262e-18 1.062520025e-01 5.584493262e-18 5.584493262e-18 5.584493262e-18
5.584493262e-18 1.203142601e-04 0.000000000e+00 8.742119681e-01 5.584493262e-18 5.584493262e-18
5.584493262e-18 5.584493262e-18 5.584493262e-18 1.203142601e-04 5.584493262e-18 5.584493262e-18
5.584493262e-18 5.584493262e-18 5.584493262e-18 5.584493262e-18 5.584493262e-18 5.584493262e-18

1.057511158e-04 1.057511158e-04 1.057511158e-04 1.057511158e-04 0.000000000e+00 4.575585038e-04
1.057511158e-04 2.664761136e-04 1.057511158e-04 0.000000000e+00 4.575585038e-04 2.664761136e-04
2.664761136e-04 2.664761136e-04 1.057511158e-04 1.057511158e-04 4.575585038e-04 1.057511158e-04
1.057511158e-04 9.945412183e-01 0.000000000e+00 0.000000000e+00 1.057511158e-04 2.664761136e-04
1.057511158e-04 1.057511158e-04 1.057511158e-04 2.664761136e-04 1.057511158e-04 1.057511158e-04
1.057511158e-04 1.057511158e-04 1.057511158e-04 1.057511158e-04 1.057511158e-04 2.664761136e-04

1.721457786e-04 1.721457786e-04 1.721457786e-04 1.721457786e-04 0.000000000e+00 1.721457786e-04
1.721457786e-04 2.026863276e-01 1.721457786e-04 0.000000000e+00 2.327927915e-01 1.721457786e-04
4.337801803e-04 1.721457786e-04 0.000000000e+00 5.444751483e-02 3.304408327e-01 1.721457786e-04
1.736602487e-01 0.000000000e+00 0.000000000e+00 0.000000000e+00 1.721457786e-04 1.721457786e-04
7.448315257e-04 1.721457786e-04 1.721457786e-04 7.448315257e-04 4.337801803e-04 1.721457786e-04
1.721457786e-04 1.721457786e-04 1.721457786e-04 1.721457786e-04 1.721457786e-04 1.721457786e-04

