1.085041883e-17 2.337651873e-04 3.521581766e-02 2.337651873e-04 2.337651873e-04 1.085041883e-17
1.085041883e-17 1.085041883e-17 2.337651873e-04 6.422264143e-03 1.085041883e-17 1.797147171e-01
1.262032481e-01 2.337651873e-04 0.000000000e+00 7.131983273e-02 5.008379222e-02 1.085041883e-17
2.337651873e-04 1.085041883e-17 7.924088017e-02 1.085041883e-17 1.041858681e-01 1.011443223e-03
1.269072685e-02 1.085041883e-17 5.718780347e-03 5.736347095e-02 5.860039837e-02 4.653870867e-02
1.085041883e-17 2.337651873e-04 1.085041883e-17 9.011674692e-02 7.393694811e-02 1.085041883e-17

8.419744667e-04 1.326026693e-04 3.341377885e-04 1.326026693e-04 5.737384283e-04 5.737384283e-04
1.326026693e-04 3.341377885e-04 8.811625251e-01 0.000000000e+00 3.341377885e-04 1.326026693e-04
1.133736874e-03 3.341377885e-04 0.000000000e+00 5.737384283e-04 1.133736874e-03 1.326026693e-04
5.737384283e-04 3.341377885e-04 6.819993180e-02 0.000000000e+00 1.813978999e-02 5.737384283e-04
8.419744667e-04 5.737384283e-04 1.326026693e-04 1.813978999e-02 3.341377885e-04 5.737384283e-04
5.737384283e-04 8.419744667e-04 1.133736874e-03 1.326026693e-04 5.737384283e-04 3.341377885e-04

5.715148410e-18 5.715148410e-18 5.715148410e-18 5.715148410e-18 5.715148410e-18 5.715148410e-18
5.715148410e-18 5.715148410e-18 5.715148410e-18 0.000000000e+00 5.715148410e-18 5.715148410e-18
5.715148410e-18 5.715148410e-18 0.000000000e+00 0.000000000e+00 5.715148410e-18 5.715148410e-18
5.715148410e-18 0.000000000e+00 7.638306483e-01 0.000000000e+00 2.320147293e-01 5.715148410e-18
5.715148410e-18 5.715148410e-18 5.715148410e-18 5.715148410e-18 5.715148410e-18 5.715148410e-18
5.715148410e-18 5.715148410e-18 5.715148410e-18 4.154622417e-03 5.715148410e-18 5.715148410e-18

