6.518960590e-18 6.518960590e-18 6.518960590e-18 6.518960590e-18 6.518960590e-18 6.518960590e-18
6.518960590e-18 6.518960590e-18 6.191198223e-01 1.404467484e-04 3.539036294e-04 6.518960590e-18
6.518960590e-18 1.404467484e-04 0.000000000e+00 6.518960590e-18 1.404467484e-04 6.518960590e-18
6.518960590e-18 3.539036294e-04 2.808061445e-01 6.625342929e-03 9.154429883e-02 6.518960590e-18
6.518960590e-18 1.404467484e-04 1.404467484e-04 3.539036294e-04 1.404467484e-04 6.518960590e-18
6.518960590e-18 6.518960590e-18 6.518960590e-18 6.518960590e-18 6.518960590e-18 6.518960590e-18

6.921983004e-04 6.921983004e-04 1.599811652e-04 4.031272753e-04 1.599811652e-04 4.031272753e-04
1.599811652e-04 1.140882637e-01 6.450641081e-01 1.599811652e-04 6.921983004e-04 1.599811652e-04
1.015817080e-03 4.031272753e-04 0.000000000e+00 0.000000000e+00 6.921983004e-04 1.599811652e-04
1.015817080e-03 1.599811652e-04 8.126693724e-02 0.000000000e+00 1.599811652e-04 1.599811652e-04
4.031272753e-04 4.031272753e-04 1.015817080e-03 4.031272753e-04 1.218688909e-01 2.485072657e-02
4.031272753e-04 1.599811652e-04 4.031272753e-04 1.599811652e-04 1.367819722e-03 6.921983004e-04

1.039628872e-04 1.039628872e-04 1.039628872e-04 1.039628872e-04 1.039628872e-04 1.039628872e-04
1.039628872e-04 1.039628872e-04 9.968811134e-01 1.039628872e-04 1.039628872e-04 1.039628872e-04
1.039628872e-04 1.039628872e-04 0.000000000e+00 0.000000000e+00 1.039628872e-04 1.039628872e-04
1.039628872e-04 1.039628872e-04 1.039628872e-04 0.000000000e+00 0.000000000e+00 1.039628872e-04
1.039628872e-04 1.039628872e-04 1.039628872e-04 1.039628872e-04 0.000000000e+00 1.039628872e-04
1.039628872e-04 1.039628872e-04 1.039628872e-04 1.039628872e-04 1.039628872e-04 1.039628872e-04

