1.478020661e-04 1.478020661e-04 1.478020661e-04 1.478020661e-04 1.478020661e-04 1.478020661e-04
1.478020661e-04 0.000000000e+00 1.478020661e-04 2.364833057e-03 1.478020661e-04 1.478020661e-04
1.478020661e-04 1.478020661e-04 7.562888038e-01 1.262476455e-01 1.478020661e-04 1.478020661e-04
1.478020661e-04 3.184298984e-03 3.626904254e-02 2.436076639e-02 1.478020661e-04 1.478020661e-04
1.478020661e-04 3.615797375e-03 1.478020661e-04 4.345352071e-02 1.478020661e-04 1.478020661e-04
1.478020661e-04 1.478020661e-04 3.724378685e-04 1.478020661e-04 1.478020661e-04 1.478020661e-04

4.124069836e-04 1.636638199e-04 1.636638199e-04 1.636638199e-04 1.636638199e-04 1.636638199e-04
1.636638199e-04 0.000000000e+00 1.636638199e-04 1.039200480e-03 4.124069836e-04 1.636638199e-04
2.313828462e-02 0.000000000e+00 5.098793498e-01 2.400401068e-01 1.636638199e-04 1.636638199e-04
1.636638199e-04 4.124069836e-04 1.888743301e-01 8.297695330e-03 1.662720767e-02 4.124069836e-04
4.124069836e-04 1.039200480e-03 1.784381385e-03 3.526030111e-03 4.124069836e-04 1.636638199e-04
1.636638199e-04 1.636638199e-04 0.000000000e+00 4.124069836e-04 4.124069836e-04 1.636638199e-04

1.756594983e-04 0.000000000e+00 1.756594983e-04 1.756594983e-04 1.756594983e-04 1.756594983e-04
1.756594983e-04 0.000000000e+00 1.756594983e-04 3.497084535e-02 1.756594983e-04 1.756594983e-04
1.756594983e-04 0.000000000e+00 1.086176873e-01 2.547390086e-01 1.756594983e-04 1.756594983e-04
1.756594983e-04 0.000000000e+00 3.606379483e-01 2.895223399e-02 1.756594983e-04 1.756594983e-04
1.756594983e-04 2.027178033e-01 1.756594983e-04 7.600345076e-04 1.756594983e-04 1.756594983e-04
1.756594983e-04 1.756594983e-04 0.000000000e+00 4.297295495e-03 4.426341989e-04 1.756594983e-04

