1.337107289e-04 1.337107289e-04 1.083056904e-02 1.337107289e-04 1.337107289e-04 1.337107289e-04
1.337107289e-04 1.337107289e-04 7.564442199e-02 8.490102071e-04 6.206302263e-18 1.337107289e-04
4.511666306e-03 3.422994661e-02 6.206302263e-18 8.596708129e-01 1.337107289e-04 1.337107289e-04
1.337107289e-04 5.785327241e-04 8.745877118e-03 3.369299240e-04 6.206302263e-18 1.337107289e-04
1.337107289e-04 6.206302263e-18 1.337107289e-04 6.206302263e-18 6.206302263e-18 3.369299240e-04
6.206302263e-18 8.490102071e-04 1.337107289e-04 1.143210651e-03 1.337107289e-04 1.337107289e-04

7.588518553e-18 7.588518553e-18 7.588518553e-18 7.588518553e-18 7.588518553e-18 7.588518553e-18
7.588518553e-18 1.121063118e-01 9.037121794e-02 1.634896762e-04 7.588518553e-18 7.588518553e-18
5.805426208e-01 7.588518553e-18 0.000000000e+00 6.987590918e-02 7.588518553e-18 7.588518553e-18
7.588518553e-18 8.931579294e-02 5.729767839e-02 0.000000000e+00 7.588518553e-18 7.588518553e-18
1.634896762e-04 7.588518553e-18 7.588518553e-18 7.588518553e-18 7.588518553e-18 7.588518553e-18
7.588518553e-18 7.588518553e-18 7.588518553e-18 1.634896762e-04 7.588518553e-18 7.588518553e-18

7.061727617e-18 7.061727617e-18 3.833695569e-04 3.833695569e-04 7.061727617e-18 7.061727617e-18
7.061727617e-18 3.302279197e-01 1.569180175e-01 7.061727617e-18 1.521403095e-04 7.061727617e-18
4.528812670e-01 0.000000000e+00 0.000000000e+00 0.000000000e+00 7.061727617e-18 7.061727617e-18
7.061727617e-18 5.775313497e-02 1.300781349e-03 0.000000000e+00 7.061727617e-18 7.061727617e-18
7.061727617e-18 7.061727617e-18 7.061727617e-18 7.061727617e-18 7.061727617e-18 7.061727617e-18
7.061727617e-18 7.061727617e-18 7.061727617e-18 7.061727617e-18 7.061727617e-18 7.061727617e-18

1.671066010e-04 1.671066010e-04 1.428741341e-03 1.821917076e-03 1.671066010e-04 1.671066010e-04
1.671066010e-04 5.073309409e-01 7.963925121e-02 0.000000000e+00 1.428741341e-03 1.671066010e-04
2.382196518e-01 0.000000000e+00 0.000000000e+00 0.000000000e+00 1.671066010e-04 7.230282706e-04
1.671066010e-04 2.210105889e-02 1.296432925e-01 0.000000000e+00 7.230282706e-04 1.671066010e-04
1.671066010e-04 1.671066010e-04 1.671066010e-04 0.000000000e+00 1.671066010e-04 1.671066010e-04
1.671066010e-04 1.671066010e-04 1.671066010e-04 1.671066010e-04 1.287136886e-02 1.061060777e-03

4.790902656e-18 4.790902656e-18 6.553862644e-04 2.600902114e-04 4.790902656e-18 4.790902656e-18
4.790902656e-18 4.465934540e-04 9.951788411e-01 0.000000000e+00 4.790902656e-18 4.790902656e-18
2.835691674e-03 0.000000000e+00 0.000000000e+00 0.000000000e+00 4.790902656e-18 4.790902656e-18
4.790902656e-18 0.000000000e+00 4.790902656e-18 0.000000000e+00 4.790902656e-18 4.790902656e-18
4.790902656e-18 4.790902656e-18 2.600902114e-04 0.000000000e+00 4.790902656e-18 4.790902656e-18
4.790902656e-18 4.790902656e-18 1.032168688e-04 0.000000000e+00 2.600902114e-04 4.790902656e-18

5.858478996e-18 5.858478996e-18 4.223979280e-01 5.858478996e-18 5.858478996e-18 5.858478996e-18
5.858478996e-18 5.770559623e-01 5.858478996e-18 0.000000000e+00 5.858478996e-18 5.858478996e-18
5.461096912e-04 0.000000000e+00 0.000000000e+00 0.000000000e+00 5.858478996e-18 5.858478996e-18
5.858478996e-18 0.000000000e+00 0.000000000e+00 0.000000000e+00 5.858478996e-18 5.858478996e-18
5.858478996e-18 5.858478996e-18 0.000000000e+00 0.000000000e+00 5.858478996e-18 5.858478996e-18
5.858478996e-18 5.858478996e-18 5.858478996e-18 0.000000000e+00 5.858478996e-18 5.858478996e-18

4.211050269e-02 4.211050269e-02 0.000000000e+00 4.211050269e-02 4.211050269e-02 4.211050269e-02
4.211050269e-02 4.077899461e-02 0.000000000e+00 0.000000000e+00 4.211050269e-02 4.211050269e-02
4.211050269e-02 0.000000000e+00 0.000000000e+00 0.000000000e+00 4.211050269e-02 4.211050269e-02
4.211050269e-02 0.000000000e+00 0.000000000e+00 0.000000000e+00 4.211050269e-02 4.211050269e-02
4.211050269e-02 4.211050269e-02 0.000000000e+00 0.000000000e+00 4.077899461e-02 4.077899461e-02
4.077899461e-02 4.077899461e-02 4.077899461e-02 0.000000000e+00 4.077899461e-02 4.077899461e-02

4.618203788e-02 4.618203788e-02 0.000000000e+00 4.618203788e-02 4.618203788e-02 4.618203788e-02
0.000000000e+00 0.000000000e+00 0.000000000e+00 0.000000000e+00 4.484830177e-02 4.618203788e-02
4.618203788e-02 0.000000000e+00 0.000000000e+00 0.000000000e+00 4.618203788e-02 4.618203788e-02
4.618203788e-02 0.000000000e+00 0.000000000e+00 0.000000000e+00 4.484830177e-02 4.484830177e-02
4.484830177e-02 4.484830177e-02 0.000000000e+00 0.000000000e+00 4.484830177e-02 4.484830177e-02
4.484830177e-02 4.484830177e-02 4.484830177e-02 0.000000000e+00 4.484830177e-02 4.484830177e-02

