8.415430233e-18 8.415430233e-18 8.415430233e-18 8.415430233e-18 8.415430233e-18 8.415430233e-18
8.415430233e-18 8.415430233e-18 1.133155927e-01 8.527822565e-02 8.415430233e-18 8.415430233e-18
8.415430233e-18 4.258709251e-02 3.792217545e-02 5.430664654e-02 8.415430233e-18 8.415430233e-18
8.415430233e-18 1.614333019e-01 4.544963395e-02 4.591634165e-01 1.813049483e-04 8.415430233e-18
8.415430233e-18 8.415430233e-18 8.415430233e-18 1.813049483e-04 1.813049483e-04 8.415430233e-18
8.415430233e-18 8.415430233e-18 8.415430233e-18 8.415430233e-18 8.415430233e-18 8.415430233e-18

5.899955077e-18 5.899955077e-18 5.899955077e-18 5.899955077e-18 5.899955077e-18 5.899955077e-18
5.899955077e-18 0.000000000e+00 2.341398724e-02 6.444464557e-03 5.899955077e-18 5.899955077e-18
5.899955077e-18 4.825177639e-02 0.000000000e+00 1.086781017e-03 5.899955077e-18 5.899955077e-18
5.899955077e-18 8.893320663e-01 1.855728448e-02 1.291364002e-02 5.899955077e-18 5.899955077e-18
5.899955077e-18 5.899955077e-18 5.899955077e-18 5.899955077e-18 5.899955077e-18 5.899955077e-18
5.899955077e-18 5.899955077e-18 5.899955077e-18 5.899955077e-18 5.899955077e-18 5.899955077e-18

6.161674741e-18 0.000000000e+00 6.161674741e-18 5.743726814e-04 6.161674741e-18 6.161674741e-18
6.161674741e-18 0.000000000e+00 6.161674741e-18 7.582037511e-01 6.161674741e-18 3.345071693e-04
6.161674741e-18 6.161674741e-18 0.000000000e+00 0.000000000e+00 3.345071693e-04 3.345071693e-04
6.161674741e-18 1.849035426e-01 5.196078044e-02 8.429052478e-04 3.345071693e-04 6.161674741e-18
6.161674741e-18 3.345071693e-04 6.161674741e-18 6.161674741e-18 1.327492581e-04 6.161674741e-18
6.161674741e-18 6.161674741e-18 5.743726814e-04 6.161674741e-18 6.161674741e-18 1.134990191e-03

5.523488378e-18 0.000000000e+00 5.523488378e-18 5.523488378e-18 5.523488378e-18 5.523488378e-18
5.523488378e-18 0.000000000e+00 5.523488378e-18 5.523488378e-18 5.523488378e-18 5.523488378e-18
5.523488378e-18 0.000000000e+00 0.000000000e+00 0.000000000e+00 0.000000000e+00 1.804492755e-01
5.523488378e-18 8.195507245e-01 5.523488378e-18 5.523488378e-18 5.523488378e-18 5.523488378e-18
5.523488378e-18 5.523488378e-18 5.523488378e-18 5.523488378e-18 5.523488378e-18 5.523488378e-18
5.523488378e-18 5.523488378e-18 5.523488378e-18 5.523488378e-18 5.523488378e-18 5.523488378e-18

