8.415430233e-18 8.415430233e-18 8.415430233e-18 8.415430233e-18 8.415430233e-18 8.415430233e-18
8.415430233e-18 8.415430233e-18 1.133155927e-01 8.527822565e-02 8.415430233e-18 8.415430233e-18
8.415430233e-18 4.258709251e-02 3.792217545e-02 5.430664654e-02 8.415430233e-18 8.415430233e-18
8.415430233e-18 1.614333019e-01 4.544963395e-02 4.591634165e-01 1.813049483e-04 8.415430233e-18
8.415430233e-18 8.415430233e-18 8.415430233e-18 1.813049483e-04 1.813049483e-04 8.415430233e-18
8.415430233e-18 8.415430233e-18 8.415430233e-18 8.415430233e-18 8.415430233e-18 8.415430233e-18

5.873712749e-18 8.035126015e-04 5.873712749e-18 5.873712749e-18 5.873712749e-18 5.873712749e-18
5.873712749e-18 0.000000000e+00 2.726335951e-03 1.339464754e-02 1.265453051e-04 5.873712749e-18
5.873712749e-18 5.873712749e-18 8.745909477e-01 2.726335951e-03 5.873712749e-18 5.873712749e-18
5.873712749e-18 0.000000000e+00 8.591089136e-02 1.847474379e-02 1.265453051e-04 5.873712749e-18
5.873712749e-18 1.265453051e-04 3.188741872e-04 5.475297356e-04 5.873712749e-18 5.873712749e-18
5.873712749e-18 5.873712749e-18 5.873712749e-18 5.873712749e-18 1.265453051e-04 5.873712749e-18

7.485652828e-04 1.730087261e-04 1.730087261e-04 4.359546717e-04 1.730087261e-04 4.359546717e-04
4.359546717e-04 0.000000000e+00 3.238853872e-03 5.081967336e-01 1.730087261e-04 1.730087261e-04
1.098536935e-03 0.000000000e+00 1.886266314e-03 1.001330285e-01 4.359546717e-04 4.359546717e-04
1.366626065e-01 0.000000000e+00 0.000000000e+00 1.642086972e-01 7.289738338e-02 1.730087261e-04
1.479203801e-03 1.730087261e-04 7.485652828e-04 4.359546717e-04 1.730087261e-04 1.730087261e-04
7.485652828e-04 4.359546717e-04 1.098536935e-03 7.485652828e-04 7.485652828e-04 7.485652828e-04

6.303042059e-18 0.000000000e+00 6.303042059e-18 7.372082714e-03 6.303042059e-18 6.303042059e-18
6.303042059e-18 0.000000000e+00 6.303042059e-18 7.630326719e-01 6.303042059e-18 6.303042059e-18
6.303042059e-18 0.000000000e+00 6.303042059e-18 7.372082714e-03 6.303042059e-18 6.303042059e-18
7.859463141e-02 0.000000000e+00 0.000000000e+00 6.303042059e-18 6.303042059e-18 6.303042059e-18
6.303042059e-18 6.303042059e-18 0.000000000e+00 6.303042059e-18 6.303042059e-18 6.303042059e-18
6.303042059e-18 6.303042059e-18 1.410863478e-01 2.542183434e-03 6.303042059e-18 6.303042059e-18

