7.461337435e-18 7.461337435e-18 7.461337435e-18 7.461337435e-18 7.461337435e-18 7.461337435e-18
7.461337435e-18 6.955233065e-04 4.050637156e-04 1.565425028e-02 7.461337435e-18 7.461337435e-18
7.461337435e-18 4.050637156e-04 7.461337435e-18 2.599382885e-01 1.981917839e-02 7.461337435e-18
7.461337435e-18 5.174894150e-02 5.576151879e-01 4.287544052e-02 7.461337435e-18 7.461337435e-18
7.461337435e-18 7.461337435e-18 5.084306214e-02 7.461337435e-18 7.461337435e-18 7.461337435e-18
7.461337435e-18 7.461337435e-18 7.461337435e-18 7.461337435e-18 7.461337435e-18 7.461337435e-18

5.893549509e-18 5.893549509e-18 5.893549509e-18 5.893549509e-18 1.269726751e-04 5.893549509e-18
5.893549509e-18 5.893549509e-18 5.893549509e-18 7.296291619e-01 5.893549509e-18 5.893549509e-18
5.893549509e-18 5.893549509e-18 0.000000000e+00 3.488338311e-03 5.893549509e-18 5.893549509e-18
5.893549509e-18 5.893549509e-18 2.595424387e-01 0.000000000e+00 5.893549509e-18 5.893549509e-18
6.893137322e-03 5.893549509e-18 3.199510923e-04 5.893549509e-18 5.893549509e-18 5.893549509e-18
5.893549509e-18 5.893549509e-18 5.893549509e-18 5.893549509e-18 5.893549509e-18 5.893549509e-18

5.359701616e-18 5.359701616e-18 5.359701616e-18 5.359701616e-18 5.359701616e-18 5.359701616e-18
5.359701616e-18 5.359701616e-18 2.473952262e-02 0.000000000e+00 5.359701616e-18 5.359701616e-18
5.359701616e-18 9.385101315e-01 0.000000000e+00 5.359701616e-18 3.394832965e-02 2.909693697e-04
5.359701616e-18 0.000000000e+00 2.909693697e-04 0.000000000e+00 9.872654788e-04 5.359701616e-18
7.331968676e-04 5.359701616e-18 4.996151725e-04 5.359701616e-18 5.359701616e-18 5.359701616e-18
5.359701616e-18 5.359701616e-18 5.359701616e-18 5.359701616e-18 5.359701616e-18 5.359701616e-18

5.001407856e-18 5.001407856e-18 3.635769311e-03 5.001407856e-18 5.001407856e-18 5.001407856e-18
5.001407856e-18 5.001407856e-18 5.001407856e-18 0.000000000e+00 5.001407856e-18 5.001407856e-18
5.001407856e-18 0.000000000e+00 0.000000000e+00 0.000000000e+00 7.047948467e-03 5.001407856e-18
5.001407856e-18 0.000000000e+00 9.809498876e-01 0.000000000e+00 6.642361582e-03 5.001407856e-18
5.001407856e-18 5.001407856e-18 1.724033053e-03 5.001407856e-18 5.001407856e-18 5.001407856e-18
5.001407856e-18 5.001407856e-18 5.001407856e-18 5.001407856e-18 5.001407856e-18 5.001407856e-18

3.609445831e-02 3.609445831e-02 3.609445831e-02 3.609445831e-02 3.609445831e-02 3.609445831e-02
3.609445831e-02 3.609445831e-02 0.000000000e+00 0.000000000e+00 3.609445831e-02 3.609445831e-02
3.609445831e-02 0.000000000e+00 0.000000000e+00 0.000000000e+00 3.609445831e-02 3.609445831e-02
3.609445831e-02 0.000000000e+00 3.476385421e-02 0.000000000e+00 3.609445831e-02 3.609445831e-02
3.609445831e-02 3.609445831e-02 0.000000000e+00 3.609445831e-02 3.609445831e-02 3.476385421e-02
3.476385421e-02 3.476385421e-02 3.476385421e-02 3.476385421e-02 3.476385421e-02 3.476385421e-02

3.917969513e-02 3.917969513e-02 3.784597560e-02 3.917969513e-02 3.917969513e-02 3.917969513e-02
3.917969513e-02 3.917969513e-02 0.000000000e+00 0.000000000e+00 3.917969513e-02 3.917969513e-02
3.917969513e-02 0.000000000e+00 0.000000000e+00 0.000000000e+00 0.000000000e+00 3.917969513e-02
3.917969513e-02 0.000000000e+00 0.000000000e+00 0.000000000e+00 3.784597560e-02 3.784597560e-02
3.784597560e-02 3.784597560e-02 0.000000000e+00 3.784597560e-02 3.784597560e-02 3.784597560e-02
3.784597560e-02 3.784597560e-02 3.784597560e-02 3.784597560e-02 3.784597560e-02 3.784597560e-02

