1.608301178e-04 1.608301178e-04 1.608301178e-04 1.608301178e-04 1.608301178e-04 1.608301178e-04
1.608301178e-04 4.027526402e-01 6.958715049e-04 2.498259890e-02 1.608301178e-04 1.608301178e-04
4.052665018e-04 2.668897187e-01 2.862209796e-01 9.914350943e-03 1.608301178e-04 1.608301178e-04
1.608301178e-04 7.465072789e-18 4.052665018e-04 0.000000000e+00 4.052665018e-04 1.608301178e-04
1.608301178e-04 2.153598632e-03 4.052665018e-04 1.608301178e-04 1.608301178e-04 1.608301178e-04
1.608301178e-04 6.958715049e-04 1.608301178e-04 6.958715049e-04 1.608301178e-04 1.608301178e-04

4.569920336e-04 4.569920336e-04 4.569920336e-04 1.813574087e-04 1.550584033e-03 1.813574087e-04
1.813574087e-04 2.398583147e-02 1.813574087e-04 1.550584033e-03 1.813574087e-04 1.813574087e-04
1.194335767e-01 8.869784893e-02 2.689877506e-01 1.813574087e-04 0.000000000e+00 1.813574087e-04
1.813574087e-04 0.000000000e+00 4.569920336e-04 0.000000000e+00 1.813574087e-04 1.151547766e-03
4.569920336e-04 4.002608661e-01 1.813574087e-04 2.428469697e-03 1.396903587e-02 1.813574087e-04
1.813574087e-04 4.569920336e-04 4.569920336e-04 7.206459950e-02 1.813574087e-04 1.813574087e-04

1.436386238e-04 1.436386238e-04 1.436386238e-04 1.436386238e-04 3.619466514e-04 1.436386238e-04
1.436386238e-04 5.473438218e-01 1.436386238e-04 6.214882303e-04 1.436386238e-04 1.436386238e-04
1.228092958e-03 1.436386238e-04 0.000000000e+00 1.436386238e-04 0.000000000e+00 1.436386238e-04
1.436386238e-04 0.000000000e+00 1.436386238e-04 0.000000000e+00 1.436386238e-04 1.436386238e-04
1.436386238e-04 3.556428300e-01 0.000000000e+00 1.436386238e-04 6.214882303e-04 1.436386238e-04
1.436386238e-04 1.436386238e-04 1.436386238e-04 9.073300522e-02 1.436386238e-04 1.436386238e-04

9.573167248e-04 1.507679366e-04 1.507679366e-04 1.507679366e-04 1.643781134e-03 1.507679366e-04
1.507679366e-04 0.000000000e+00 1.507679366e-04 1.507679366e-04 1.507679366e-04 1.507679366e-04
6.590335938e-03 0.000000000e+00 0.000000000e+00 1.507679366e-04 0.000000000e+00 1.507679366e-04
1.507679366e-04 0.000000000e+00 1.507679366e-04 0.000000000e+00 1.507679366e-04 1.507679366e-04
1.507679366e-04 3.690466917e-01 0.000000000e+00 4.310668915e-01 1.507679366e-04 1.507679366e-04
1.507679366e-04 1.507679366e-04 1.507679366e-04 1.869981770e-01 3.799113940e-04 1.507679366e-04

