1.182175861e-04 9.458942190e-01 3.247808509e-03 2.978896504e-04 5.114977883e-04 5.487174276e-18
3.613598442e-03 5.487174276e-18 2.062229857e-02 1.182175861e-04 5.487174276e-18 1.182175861e-04
7.506348821e-04 2.235848239e-02 1.182175861e-04 1.182175861e-04 5.487174276e-18 2.978896504e-04
7.506348821e-04 1.182175861e-04 5.487174276e-18 1.182175861e-04 5.487174276e-18 1.182175861e-04
1.182175861e-04 5.487174276e-18 5.487174276e-18 5.487174276e-18 5.487174276e-18 1.182175861e-04
5.487174276e-18 1.182175861e-04 1.182175861e-04 1.182175861e-04 1.182175861e-04 5.487174276e-18

5.267713934e-18 9.267154441e-01 5.267713934e-18 5.267713934e-18 2.859755101e-04 5.267713934e-18
7.206131297e-04 0.000000000e+00 7.093091023e-02 5.267713934e-18 5.267713934e-18 5.267713934e-18
7.206131297e-04 5.267713934e-18 1.134894564e-04 5.267713934e-18 5.267713934e-18 5.267713934e-18
5.267713934e-18 0.000000000e+00 1.134894564e-04 5.267713934e-18 5.267713934e-18 5.267713934e-18
5.267713934e-18 5.267713934e-18 5.267713934e-18 5.267713934e-18 5.267713934e-18 5.267713934e-18
5.267713934e-18 5.267713934e-18 5.267713934e-18 1.134894564e-04 2.859755101e-04 5.267713934e-18

5.390802602e-18 5.390802602e-18 1.266256720e-03 5.390802602e-18 5.390802602e-18 5.390802602e-18
1.189117752e-01 0.000000000e+00 8.798219681e-01 5.390802602e-18 5.390802602e-18 5.390802602e-18
5.390802602e-18 0.000000000e+00 5.390802602e-18 5.390802602e-18 5.390802602e-18 5.390802602e-18
5.390802602e-18 0.000000000e+00 0.000000000e+00 5.390802602e-18 5.390802602e-18 5.390802602e-18
5.390802602e-18 5.390802602e-18 5.390802602e-18 5.390802602e-18 5.390802602e-18 5.390802602e-18
5.390802602e-18 5.390802602e-18 5.390802602e-18 5.390802602e-18 5.390802602e-18 5.390802602e-18

4.647784847e-18 0.000000000e+00 4.647784847e-18 4.647784847e-18 4.647784847e-18 4.647784847e-18
1.000000000e+00 0.000000000e+00 4.647784847e-18 4.647784847e-18 4.647784847e-18 4.647784847e-18
4.647784847e-18 0.000000000e+00 4.647784847e-18 4.647784847e-18 4.647784847e-18 4.647784847e-18
4.647784847e-18 0.000000000e+00 0.000000000e+00 4.647784847e-18 4.647784847e-18 4.647784847e-18
4.647784847e-18 4.647784847e-18 0.000000000e+00 4.647784847e-18 4.647784847e-18 4.647784847e-18
4.647784847e-18 4.647784847e-18 4.647784847e-18 4.647784847e-18 4.647784847e-18 4.647784847e-18

