7.118210429e-18 7.118210429e-18 7.118210429e-18 7.118210429e-18 7.118210429e-18 7.118210429e-18
7.118210429e-18 1.533571948e-04 3.864359158e-04 3.864359158e-04 7.118210429e-18 7.118210429e-18
7.118210429e-18 2.453715117e-03 1.757893083e-01 3.985712794e-01 3.864359158e-04 7.118210429e-18
7.118210429e-18 3.864359158e-04 3.941974026e-01 2.310266585e-02 1.672011100e-03 7.118210429e-18
7.118210429e-18 6.635380449e-04 3.864359158e-04 1.311185572e-03 1.533571948e-04 7.118210429e-18
7.118210429e-18 7.118210429e-18 7.118210429e-18 7.118210429e-18 7.118210429e-18 7.118210429e-18

1.858639161e-03 1.704747581e-04 1.704747581e-04 4.295694724e-04 4.295694724e-04 4.295694724e-04
3.672767326e-03 2.282745365e-03 2.282745365e-03 6.306403602e-03 7.376014399e-04 1.704747581e-04
4.295694724e-04 1.180162304e-02 7.220032526e-01 8.041864594e-03 2.727596130e-03 1.704747581e-04
1.082447241e-03 5.752157873e-03 7.451756322e-03 0.000000000e+00 9.755313529e-02 1.704747581e-04
1.858639161e-03 4.273471534e-02 4.295694724e-04 5.011924820e-02 7.376014399e-04 3.191416079e-03
1.457538679e-03 1.704747581e-04 0.000000000e+00 1.380845541e-02 4.683477206e-03 4.683477206e-03

2.931051777e-04 1.163188669e-04 1.163188669e-04 1.163188669e-04 1.163188669e-04 2.931051777e-04
5.032825073e-04 4.303004909e-03 1.163188669e-04 7.385787665e-04 9.945123224e-04 1.163188669e-04
9.945123224e-04 5.032825073e-04 0.000000000e+00 5.032825073e-04 9.945123224e-04 1.163188669e-04
2.931051777e-04 1.268192450e-03 1.163188669e-04 0.000000000e+00 5.032825073e-04 1.163188669e-04
2.931051777e-04 2.931051777e-04 9.705155266e-01 1.163188669e-04 6.739213613e-03 1.163188669e-04
9.945123224e-04 0.000000000e+00 0.000000000e+00 1.163188669e-04 6.314759627e-03 1.268192450e-03

1.504373983e-04 1.504373983e-04 1.504373983e-04 1.504373983e-04 6.982685481e-18 1.504373983e-04
9.552179373e-04 2.406998373e-03 1.504373983e-04 9.552179373e-04 2.406998373e-03 1.504373983e-04
6.509048192e-04 5.076057445e-03 0.000000000e+00 3.790784896e-04 1.306719757e-01 1.504373983e-04
9.552179373e-04 1.286221663e-03 6.982685481e-18 0.000000000e+00 1.286221663e-03 3.790784896e-04
1.504373983e-04 1.654754752e-01 0.000000000e+00 2.014434732e-03 4.132987979e-03 1.504373983e-04
2.816301587e-03 0.000000000e+00 0.000000000e+00 0.000000000e+00 6.762681592e-01 3.790784896e-04

9.233513059e-04 2.134053461e-04 2.857608187e-03 2.134053461e-04 2.134053461e-04 5.377477753e-04
6.523236105e-03 5.220701649e-03 2.326699494e-03 5.012722102e-02 9.328329040e-03 5.377477753e-04
1.989300085e-02 1.017041928e-01 0.000000000e+00 0.000000000e+00 2.134053461e-04 5.377477753e-04
1.236415254e-02 2.326699494e-03 0.000000000e+00 0.000000000e+00 1.814468097e-02 5.862915337e-03
9.233513059e-04 1.084052541e-01 0.000000000e+00 3.077228679e-01 4.355756980e-02 2.134053461e-04
1.915712908e-01 0.000000000e+00 0.000000000e+00 0.000000000e+00 1.057120172e-01 1.824590043e-03

