9.248591962e-18 4.292816118e-03 5.020908190e-04 1.228303984e-02 9.995781931e-02 1.935565847e-01
1.992548736e-04 0.000000000e+00 1.775304892e-02 2.873183933e-01 9.248591962e-18 2.010078387e-01
5.020908190e-04 5.020908190e-04 8.621257674e-04 2.172420804e-03 9.125483385e-02 6.414464545e-02
1.992548736e-04 9.248591962e-18 1.456561962e-02 8.621257674e-04 1.992548736e-04 5.020908190e-04
1.992548736e-04 9.248591962e-18 9.248591962e-18 9.248591962e-18 5.020908190e-04 4.292816118e-03
9.248591962e-18 5.020908190e-04 5.020908190e-04 5.020908190e-04 8.621257674e-04 9.248591962e-18

4.491033815e-03 4.896450017e-02 5.868762834e-03 6.590696413e-03 1.295130932e-01 2.051081819e-03
1.523244555e-03 0.000000000e+00 2.768491744e-01 1.483378201e-01 0.000000000e+00 8.685478888e-02
2.051081819e-03 0.000000000e+00 1.048628220e-02 1.943157477e-02 3.726432118e-02 3.212331570e-03
1.302355775e-02 2.398959848e-04 1.069182787e-01 2.615519605e-03 2.398959848e-04 7.332984756e-03
1.048628220e-02 9.672000033e-03 5.868762834e-03 1.523244555e-03 7.332984756e-03 8.874515614e-03
7.332984756e-03 1.048628220e-02 1.523244555e-03 9.672000033e-03 1.131669608e-02 2.051081819e-03

3.274957938e-02 5.007365860e-02 2.394008776e-04 1.520100820e-03 1.512236786e-01 1.035827438e-03
2.394008776e-04 0.000000000e+00 0.000000000e+00 1.448567862e-01 0.000000000e+00 1.126041085e-01
5.251606924e-02 0.000000000e+00 7.706855112e-02 9.652038560e-03 9.087763289e-02 1.520100820e-03
1.200973870e-01 0.000000000e+00 8.667553437e-02 2.534025560e-02 6.032524100e-04 2.046848711e-03
1.520100820e-03 7.317850640e-03 1.520100820e-03 6.032524100e-04 2.046848711e-03 4.481765034e-03
6.032524100e-04 1.129334021e-02 6.032524100e-04 2.610121587e-03 5.856650639e-03 6.032524100e-04

4.892569062e-04 2.500815104e-01 0.000000000e+00 2.599926220e-03 3.200177588e-02 8.400890232e-04
0.000000000e+00 0.000000000e+00 0.000000000e+00 2.240700912e-01 0.000000000e+00 5.334232796e-03
4.749930087e-03 0.000000000e+00 1.941617319e-04 3.768496319e-02 2.393862873e-02 8.400890232e-04
1.232850150e-03 0.000000000e+00 2.485318208e-01 1.506329854e-01 1.941617319e-04 1.941617319e-04
1.941617319e-04 4.892569062e-04 5.935009798e-03 1.941617319e-04 1.941617319e-04 8.400890232e-04
1.941617319e-04 4.183087707e-03 1.941617319e-04 2.116891688e-03 1.660059456e-03 1.941617319e-04

