7.461337435e-18 7.461337435e-18 7.461337435e-18 7.461337435e-18 7.461337435e-18 7.461337435e-18
7.461337435e-18 6.955233065e-04 4.050637156e-04 1.565425028e-02 7.461337435e-18 7.461337435e-18
7.461337435e-18 4.050637156e-04 7.461337435e-18 2.599382885e-01 1.981917839e-02 7.461337435e-18
7.461337435e-18 5.174894150e-02 5.576151879e-01 4.287544052e-02 7.461337435e-18 7.461337435e-18
7.461337435e-18 7.461337435e-18 5.084306214e-02 7.461337435e-18 7.461337435e-18 7.461337435e-18
7.461337435e-18 7.461337435e-18 7.461337435e-18 7.461337435e-18 7.461337435e-18 7.461337435e-18

1.357815299e-03 5.780592617e-18 5.780592617e-18 5.780592617e-18 5.780592617e-18 5.780592617e-18
5.780592617e-18 5.780592617e-18 5.780592617e-18 3.056055825e-02 5.780592617e-18 5.780592617e-18
5.780592617e-18 5.780592617e-18 0.000000000e+00 5.388493585e-04 5.780592617e-18 5.780592617e-18
5.780592617e-18 5.780592617e-18 1.275098683e-01 8.395945509e-01 5.780592617e-18 5.780592617e-18
5.780592617e-18 5.780592617e-18 1.245390927e-04 5.780592617e-18 3.138188487e-04 5.780592617e-18
5.780592617e-18 5.780592617e-18 5.780592617e-18 5.780592617e-18 5.780592617e-18 0.000000000e+00

3.424919392e-04 6.308755459e-18 6.308755459e-18 6.308755459e-18 6.308755459e-18 6.308755459e-18
6.308755459e-18 0.000000000e+00 6.308755459e-18 6.308755459e-18 6.308755459e-18 6.308755459e-18
6.732805868e-02 6.308755459e-18 0.000000000e+00 3.112058020e-01 3.424919392e-04 6.308755459e-18
6.308755459e-18 6.199181298e-01 8.630256071e-04 0.000000000e+00 6.308755459e-18 6.308755459e-18
6.308755459e-18 6.308755459e-18 6.308755459e-18 6.308755459e-18 6.308755459e-18 6.308755459e-18
6.308755459e-18 6.308755459e-18 6.308755459e-18 6.308755459e-18 6.308755459e-18 0.000000000e+00

5.951000831e-18 5.951000831e-18 5.951000831e-18 5.951000831e-18 5.951000831e-18 5.951000831e-18
5.951000831e-18 0.000000000e+00 5.951000831e-18 5.951000831e-18 5.951000831e-18 5.951000831e-18
6.763594198e-01 0.000000000e+00 0.000000000e+00 5.951000831e-18 3.078332336e-01 5.951000831e-18
5.951000831e-18 0.000000000e+00 1.580734661e-02 0.000000000e+00 5.951000831e-18 5.951000831e-18
5.951000831e-18 5.951000831e-18 5.951000831e-18 5.951000831e-18 5.951000831e-18 5.951000831e-18
5.951000831e-18 5.951000831e-18 5.951000831e-18 5.951000831e-18 5.951000831e-18 0.000000000e+00

4.432447702e-03 7.488622849e-18 7.488622849e-18 7.488622849e-18 7.488622849e-18 7.488622849e-18
7.488622849e-18 0.000000000e+00 7.488622849e-18 7.488622849e-18 7.488622849e-18 7.488622849e-18
5.090706823e-01 0.000000000e+00 0.000000000e+00 0.000000000e+00 0.000000000e+00 7.488622849e-18
2.430486610e-02 0.000000000e+00 2.379603331e-01 0.000000000e+00 1.437471653e-02 7.488622849e-18
7.488622849e-18 7.488622849e-18 1.762273971e-01 7.488622849e-18 1.613374885e-04 7.488622849e-18
1.707735259e-02 7.488622849e-18 1.639086713e-02 7.488622849e-18 7.488622849e-18 0.000000000e+00

