7.312828517e-18 7.312828517e-18 7.312828517e-18 7.312828517e-18 7.312828517e-18 7.312828517e-18
7.312828517e-18 7.312828517e-18 3.375484299e-02 6.816797544e-04 7.312828517e-18 7.312828517e-18
7.312828517e-18 2.083714428e-02 1.222292563e-01 7.312828517e-18 3.970014111e-04 7.312828517e-18
7.312828517e-18 7.312828517e-18 5.795947429e-02 6.740513025e-01 4.806724190e-02 7.312828517e-18
7.312828517e-18 7.312828517e-18 7.312828517e-18 4.202205662e-02 7.312828517e-18 7.312828517e-18
7.312828517e-18 7.312828517e-18 7.312828517e-18 7.312828517e-18 7.312828517e-18 7.312828517e-18

5.687872965e-18 5.687872965e-18 5.687872965e-18 5.687872965e-18 5.687872965e-18 5.687872965e-18
5.687872965e-18 5.687872965e-18 5.687872965e-18 5.687872965e-18 5.687872965e-18 5.687872965e-18
5.687872965e-18 8.276084543e-01 5.687872965e-18 0.000000000e+00 1.539311434e-01 5.687872965e-18
5.687872965e-18 5.687872965e-18 1.846040235e-02 5.687872965e-18 5.687872965e-18 5.687872965e-18
5.687872965e-18 5.687872965e-18 5.687872965e-18 0.000000000e+00 5.687872965e-18 5.687872965e-18
5.687872965e-18 5.687872965e-18 5.687872965e-18 5.687872965e-18 5.687872965e-18 5.687872965e-18

5.360219198e-18 5.360219198e-18 5.360219198e-18 5.360219198e-18 5.360219198e-18 5.360219198e-18
5.360219198e-18 5.360219198e-18 5.360219198e-18 5.360219198e-18 5.360219198e-18 5.360219198e-18
5.360219198e-18 0.000000000e+00 0.000000000e+00 0.000000000e+00 8.791426742e-01 5.360219198e-18
5.360219198e-18 5.360219198e-18 1.208573258e-01 5.360219198e-18 5.360219198e-18 5.360219198e-18
5.360219198e-18 5.360219198e-18 5.360219198e-18 0.000000000e+00 5.360219198e-18 5.360219198e-18
5.360219198e-18 5.360219198e-18 5.360219198e-18 5.360219198e-18 5.360219198e-18 5.360219198e-18

5.225361725e-18 5.225361725e-18 5.225361725e-18 1.801232091e-03 5.225361725e-18 5.225361725e-18
5.225361725e-18 1.125770057e-04 1.801909790e-02 7.148194290e-04 1.125770057e-04 5.225361725e-18
1.125770057e-04 0.000000000e+00 0.000000000e+00 0.000000000e+00 0.000000000e+00 0.000000000e+00
1.125770057e-04 1.125770057e-04 9.637617857e-01 1.288863977e-02 1.801232091e-03 5.225361725e-18
5.225361725e-18 5.225361725e-18 1.125770057e-04 0.000000000e+00 1.125770057e-04 1.125770057e-04
5.225361725e-18 5.225361725e-18 1.125770057e-04 5.225361725e-18 5.225361725e-18 5.225361725e-18

1.525873744e-04 1.525873744e-04 1.525873744e-04 5.148601920e-03 1.525873744e-04 1.525873744e-04
0.000000000e+00 3.844960899e-04 5.085239405e-02 3.284238669e-01 1.525873744e-04 1.525873744e-04
1.525873744e-04 0.000000000e+00 0.000000000e+00 0.000000000e+00 0.000000000e+00 0.000000000e+00
3.287395326e-03 1.056331561e-02 0.000000000e+00 5.671020323e-01 2.885883764e-02 1.525873744e-04
1.525873744e-04 1.525873744e-04 1.525873744e-04 0.000000000e+00 1.663617961e-03 9.688694345e-04
1.525873744e-04 1.525873744e-04 1.525873744e-04 1.525873744e-04 1.525873744e-04 1.525873744e-04

8.926686384e-04 5.198785894e-04 1.310011956e-03 2.762650784e-03 2.063139549e-04 2.063139549e-04
0.000000000e+00 1.310011956e-03 7.953426545e-02 6.306471063e-03 2.063139549e-04 1.310011956e-03
1.688303466e-01 0.000000000e+00 0.000000000e+00 0.000000000e+00 0.000000000e+00 0.000000000e+00
1.153787222e-01 6.875771062e-02 0.000000000e+00 0.000000000e+00 1.615142673e-01 2.558921633e-01
1.310011956e-03 5.198785894e-04 7.632209500e-03 0.000000000e+00 2.249384016e-03 1.087390458e-01
5.198785894e-04 2.063139549e-04 8.318057429e-03 5.047219409e-03 0.000000000e+00 5.198785894e-04

1.417368517e-04 5.714471775e-03 1.417368517e-04 3.571544860e-04 1.417368517e-04 1.417368517e-04
0.000000000e+00 1.417368517e-04 6.950450208e-01 1.417368517e-04 1.417368517e-04 1.417368517e-04
4.782483673e-03 0.000000000e+00 0.000000000e+00 0.000000000e+00 0.000000000e+00 0.000000000e+00
2.436863092e-01 0.000000000e+00 0.000000000e+00 0.000000000e+00 1.417368517e-04 1.417368517e-04
1.417368517e-04 1.417368517e-04 3.571544860e-04 0.000000000e+00 6.686201417e-03 5.714471775e-03
1.417368517e-04 0.000000000e+00 3.553067960e-02 1.417368517e-04 0.000000000e+00 1.417368517e-04

