7.238819028e-18 7.238819028e-18 7.238819028e-18 7.238819028e-18 7.238819028e-18 7.238819028e-18
7.238819028e-18 0.000000000e+00 7.906892857e-03 1.333401866e-03 7.238819028e-18 7.238819028e-18
7.238819028e-18 2.919607016e-03 2.816052484e-01 1.655839779e-01 1.559556283e-04 7.238819028e-18
7.238819028e-18 1.559556283e-04 5.555879985e-02 4.843122940e-01 1.559556283e-04 7.238819028e-18
7.238819028e-18 7.238819028e-18 1.559556283e-04 1.559556283e-04 7.238819028e-18 7.238819028e-18
7.238819028e-18 7.238819028e-18 7.238819028e-18 7.238819028e-18 7.238819028e-18 7.238819028e-18

3.544592942e-04 5.671348707e-03 3.544592942e-04 3.544592942e-04 1.406672641e-04 1.406672641e-04
0.000000000e+00 0.000000000e+00 1.406672641e-04 3.544592942e-04 3.544592942e-04 1.406672641e-04
3.544592942e-04 0.000000000e+00 7.823015618e-01 2.522248162e-02 1.406672641e-04 1.406672641e-04
1.406672641e-04 4.449126206e-02 1.345543172e-01 2.250676226e-03 3.544592942e-04 1.406672641e-04
1.406672641e-04 1.406672641e-04 1.406672641e-04 3.544592942e-04 1.406672641e-04 1.406672641e-04
1.406672641e-04 1.406672641e-04 1.406672641e-04 1.406672641e-04 1.406672641e-04 1.406672641e-04

1.096470568e-04 1.096470568e-04 1.207727257e-02 1.096470568e-04 1.096470568e-04 1.096470568e-04
0.000000000e+00 0.000000000e+00 0.000000000e+00 1.096470568e-04 1.096470568e-04 1.096470568e-04
1.096470568e-04 0.000000000e+00 1.096470568e-04 1.096470568e-04 1.096470568e-04 1.096470568e-04
1.096470568e-04 0.000000000e+00 9.796801914e-01 1.096470568e-04 1.096470568e-04 1.096470568e-04
1.096470568e-04 1.096470568e-04 5.172418447e-03 1.096470568e-04 1.096470568e-04 1.096470568e-04
1.096470568e-04 1.096470568e-04 1.096470568e-04 1.096470568e-04 1.096470568e-04 1.096470568e-04

5.049892203e-18 1.087966294e-04 1.087966294e-04 5.049892203e-18 5.049892203e-18 5.049892203e-18
0.000000000e+00 0.000000000e+00 0.000000000e+00 1.105304858e-02 1.087966294e-04 5.049892203e-18
5.049892203e-18 0.000000000e+00 0.000000000e+00 4.386405234e-03 5.049892203e-18 5.049892203e-18
9.777272263e-01 0.000000000e+00 0.000000000e+00 5.906389751e-03 1.087966294e-04 5.049892203e-18
5.049892203e-18 1.087966294e-04 2.741503272e-04 5.049892203e-18 5.049892203e-18 5.049892203e-18
5.049892203e-18 1.087966294e-04 5.049892203e-18 5.049892203e-18 5.049892203e-18 5.049892203e-18

