1.331384413e-02 9.447850669e-18 9.827641823e-02 3.452471993e-02 8.206531934e-03 9.447850669e-18
5.129082459e-04 0.000000000e+00 3.950670521e-02 2.035477723e-04 9.447850669e-18 4.510967693e-01
4.979548123e-03 2.330363911e-02 4.979548123e-03 2.219225092e-03 9.447850669e-18 5.129082459e-04
1.648736955e-02 2.035477723e-04 2.035477723e-04 2.035477723e-04 9.447850669e-18 6.783583219e-02
1.292447791e-03 9.447850669e-18 9.447850669e-18 9.447850669e-18 9.447850669e-18 1.292447791e-03
9.447850669e-18 6.221916188e-03 2.877695444e-02 1.593487426e-01 3.649733274e-02 9.447850669e-18

6.127475750e-03 0.000000000e+00 1.519806477e-04 1.125916240e-01 2.035099641e-03 1.657002988e-03
6.575820714e-04 0.000000000e+00 8.156021189e-01 2.431690363e-03 1.657002988e-03 2.845192380e-03
3.829672344e-04 1.657002988e-03 0.000000000e+00 6.575820714e-04 1.657002988e-03 4.645645794e-03
3.274323796e-03 9.650169600e-04 1.657002988e-03 1.299416259e-03 9.650169600e-04 1.657002988e-03
4.175385888e-03 4.645645794e-03 1.299416259e-03 9.650169600e-04 2.035099641e-03 3.718021280e-03
1.299416259e-03 3.274323796e-03 4.175385888e-03 3.718021280e-03 3.274323796e-03 2.845192380e-03

5.391597605e-03 0.000000000e+00 0.000000000e+00 6.551774161e-01 2.593760527e-01 9.254276007e-04
1.457457143e-04 0.000000000e+00 0.000000000e+00 1.457457143e-04 9.254276007e-04 9.254276007e-04
1.457457143e-04 6.674868575e-02 0.000000000e+00 9.254276007e-04 9.254276007e-04 3.672561867e-04
1.457457143e-04 1.457457143e-04 1.457457143e-04 3.139996228e-03 3.672561867e-04 3.672561867e-04
3.672561867e-04 1.457457143e-04 1.457457143e-04 1.457457143e-04 6.306050814e-04 3.672561867e-04
3.672561867e-04 3.672561867e-04 3.672561867e-04 1.457457143e-04 3.672561867e-04 1.457457143e-04

4.647784847e-18 0.000000000e+00 0.000000000e+00 4.647784847e-18 1.000000000e+00 4.647784847e-18
4.647784847e-18 0.000000000e+00 0.000000000e+00 0.000000000e+00 4.647784847e-18 4.647784847e-18
4.647784847e-18 0.000000000e+00 0.000000000e+00 4.647784847e-18 4.647784847e-18 4.647784847e-18
4.647784847e-18 4.647784847e-18 4.647784847e-18 4.647784847e-18 4.647784847e-18 4.647784847e-18
4.647784847e-18 4.647784847e-18 4.647784847e-18 4.647784847e-18 4.647784847e-18 4.647784847e-18
4.647784847e-18 4.647784847e-18 4.647784847e-18 4.647784847e-18 4.647784847e-18 4.647784847e-18

