9.225184381e-18 1.987505726e-04 1.987505726e-04 1.987505726e-04 1.987505726e-04 9.225184381e-18
1.987505726e-04 0.000000000e+00 9.225184381e-18 5.008200601e-04 9.225184381e-18 9.225184381e-18
1.987505726e-04 9.225184381e-18 7.661857290e-02 1.417361082e-01 1.987505726e-04 9.225184381e-18
9.225184381e-18 9.225184381e-18 1.726374577e-01 9.225184381e-18 1.626410975e-01 1.034849162e-01
1.987505726e-04 9.225184381e-18 1.987505726e-04 6.063716224e-02 5.301111868e-02 1.699293492e-03
9.225184381e-18 9.225184381e-18 9.225184381e-18 2.247438779e-01 5.008200601e-04 9.225184381e-18

2.022488742e-04 4.333147594e-02 2.022488742e-04 2.022488742e-04 5.096352277e-04 2.022488742e-04
1.719610762e-02 0.000000000e+00 1.322888458e-02 8.154163643e-03 2.022488742e-04 5.096352277e-04
8.750800555e-04 0.000000000e+00 9.138064384e-02 8.890259204e-02 5.096352277e-04 2.022488742e-04
1.284200302e-03 1.729203550e-03 5.391604067e-01 0.000000000e+00 2.315493175e-02 4.947772164e-03
4.750665437e-02 1.557819886e-02 1.885302828e-02 4.962970557e-02 5.096352277e-04 5.096352277e-04
2.022488742e-04 1.638215881e-02 2.022488742e-04 8.154163643e-03 6.182212313e-03 2.022488742e-04

4.038485299e-04 0.000000000e+00 3.452856361e-03 3.000326546e-03 4.403048880e-03 4.038485299e-04
6.978009637e-01 0.000000000e+00 1.602673953e-04 1.905088606e-02 2.146063486e-03 1.370266955e-03
1.747351106e-03 0.000000000e+00 9.591628271e-02 5.928800780e-03 1.370266955e-03 1.602673953e-04
1.017634527e-03 0.000000000e+00 1.438700218e-01 0.000000000e+00 2.564278324e-03 1.370266955e-03
6.934367459e-04 1.370266955e-03 3.920746459e-03 2.146063486e-03 4.038485299e-04 1.017634527e-03
1.602673953e-04 1.017634527e-03 1.017634527e-03 1.017634527e-03 6.934367459e-04 4.038485299e-04

1.378188383e-03 0.000000000e+00 5.469344224e-04 1.378188383e-03 1.080770769e-03 1.264077160e-04
1.264077160e-04 0.000000000e+00 0.000000000e+00 9.736541405e-03 1.264077160e-04 1.264077160e-04
8.797924138e-01 0.000000000e+00 0.000000000e+00 2.366447807e-03 1.264077160e-04 1.264077160e-04
1.264077160e-04 0.000000000e+00 9.718011130e-02 0.000000000e+00 1.264077160e-04 1.264077160e-04
5.469344224e-04 1.264077160e-04 2.723371685e-03 1.264077160e-04 1.264077160e-04 1.264077160e-04
1.264077160e-04 1.264077160e-04 1.264077160e-04 8.026389656e-04 3.185274846e-04 1.264077160e-04

1.263506803e-03 0.000000000e+00 1.611211597e-03 9.334942322e-02 3.723839088e-04 1.477806522e-04
0.000000000e+00 0.000000000e+00 0.000000000e+00 2.082514465e-01 1.477806522e-04 1.263506803e-03
6.740232687e-01 0.000000000e+00 0.000000000e+00 1.263506803e-03 9.383486507e-04 1.477806522e-04
1.611211597e-03 0.000000000e+00 0.000000000e+00 0.000000000e+00 1.611211597e-03 1.477806522e-04
3.723839088e-04 6.394097462e-04 8.022768112e-03 3.183837635e-03 1.477806522e-04 1.477806522e-04
1.477806522e-04 3.723839088e-04 1.477806522e-04 1.477806522e-04 1.477806522e-04 3.723839088e-04

