1.337107289e-04 1.337107289e-04 1.083056904e-02 1.337107289e-04 1.337107289e-04 1.337107289e-04
1.337107289e-04 1.337107289e-04 7.564442199e-02 8.490102071e-04 6.206302263e-18 1.337107289e-04
4.511666306e-03 3.422994661e-02 6.206302263e-18 8.596708129e-01 1.337107289e-04 1.337107289e-04
1.337107289e-04 5.785327241e-04 8.745877118e-03 3.369299240e-04 6.206302263e-18 1.337107289e-04
1.337107289e-04 6.206302263e-18 1.337107289e-04 6.206302263e-18 6.206302263e-18 3.369299240e-04
6.206302263e-18 8.490102071e-04 1.337107289e-04 1.143210651e-03 1.337107289e-04 1.337107289e-04

1.133621249e-04 2.856546549e-04 7.847830847e-03 5.261803732e-18 1.133621249e-04 5.261803732e-18
1.133621249e-04 5.261803732e-18 9.603191355e-01 2.856546549e-04 5.261803732e-18 1.133621249e-04
1.813793999e-03 2.662786288e-02 0.000000000e+00 4.904894279e-04 1.133621249e-04 5.261803732e-18
5.261803732e-18 9.692325345e-04 1.133621249e-04 5.261803732e-18 5.261803732e-18 5.261803732e-18
1.133621249e-04 0.000000000e+00 1.133621249e-04 5.261803732e-18 5.261803732e-18 1.133621249e-04
5.261803732e-18 1.133621249e-04 5.261803732e-18 1.133621249e-04 1.133621249e-04 5.261803732e-18

6.163075059e-18 4.058715344e-03 6.163075059e-18 6.163075059e-18 6.163075059e-18 6.163075059e-18
6.163075059e-18 0.000000000e+00 1.369491394e-01 6.163075059e-18 6.163075059e-18 6.163075059e-18
1.067661019e-01 6.163075059e-18 0.000000000e+00 6.163075059e-18 6.163075059e-18 6.163075059e-18
6.163075059e-18 7.522260433e-01 6.163075059e-18 0.000000000e+00 6.163075059e-18 6.163075059e-18
6.163075059e-18 0.000000000e+00 6.163075059e-18 6.163075059e-18 6.163075059e-18 6.163075059e-18
6.163075059e-18 6.163075059e-18 6.163075059e-18 6.163075059e-18 6.163075059e-18 6.163075059e-18

4.771397188e-18 4.771397188e-18 4.771397188e-18 4.771397188e-18 4.771397188e-18 4.771397188e-18
4.771397188e-18 0.000000000e+00 7.514479693e-03 4.771397188e-18 4.771397188e-18 0.000000000e+00
4.771397188e-18 0.000000000e+00 0.000000000e+00 4.771397188e-18 4.771397188e-18 4.771397188e-18
4.771397188e-18 9.924855203e-01 4.771397188e-18 0.000000000e+00 4.771397188e-18 4.771397188e-18
4.771397188e-18 0.000000000e+00 4.771397188e-18 4.771397188e-18 4.771397188e-18 4.771397188e-18
4.771397188e-18 4.771397188e-18 4.771397188e-18 4.771397188e-18 4.771397188e-18 4.771397188e-18

3.609445831e-02 3.609445831e-02 3.609445831e-02 3.609445831e-02 3.609445831e-02 3.609445831e-02
3.609445831e-02 0.000000000e+00 3.609445831e-02 0.000000000e+00 3.609445831e-02 0.000000000e+00
0.000000000e+00 0.000000000e+00 0.000000000e+00 3.476385421e-02 3.609445831e-02 3.609445831e-02
3.609445831e-02 3.609445831e-02 3.609445831e-02 0.000000000e+00 3.609445831e-02 3.609445831e-02
3.609445831e-02 0.000000000e+00 3.609445831e-02 3.609445831e-02 3.609445831e-02 3.476385421e-02
3.476385421e-02 3.476385421e-02 3.476385421e-02 3.476385421e-02 3.476385421e-02 3.476385421e-02

