1.057116728e-17 5.588713731e-02 2.807966425e-02 5.738912537e-04 2.508581227e-02 1.057116728e-17
6.961680399e-03 2.508581227e-02 1.799028194e-01 1.071235057e-01 1.057116728e-17 5.588713731e-02
1.057116728e-17 0.000000000e+00 1.057116728e-17 1.348024979e-01 1.057116728e-17 7.850721919e-02
5.738912537e-04 7.203407156e-02 1.423430593e-01 7.850721919e-02 1.057116728e-17 1.057116728e-17
1.057116728e-17 1.057116728e-17 2.277488950e-04 1.057116728e-17 1.057116728e-17 5.738912537e-04
1.057116728e-17 1.446115342e-03 5.738912537e-04 4.263631129e-03 9.854122377e-04 5.738912537e-04

1.279619939e-02 2.208624773e-04 2.261309665e-01 7.452339874e-03 5.403131274e-03 5.565385685e-04
2.566016084e-01 0.000000000e+00 1.107974485e-01 8.170405623e-03 9.556164388e-04 1.444638064e-02
5.565385685e-04 0.000000000e+00 0.000000000e+00 3.535129200e-02 1.499422857e-01 6.751180852e-03
2.208624773e-04 2.408002534e-03 3.960196289e-02 7.235072809e-02 1.402389315e-03 1.041882186e-02
1.888347618e-03 2.208624773e-04 5.565385685e-04 2.208624773e-04 9.556164388e-04 2.957463039e-03
9.556164388e-04 1.402389315e-03 5.565385685e-04 7.452339874e-03 1.788986066e-02 2.408002534e-03

6.255365861e-04 0.000000000e+00 6.255365861e-04 1.468783146e-02 6.255365861e-04 3.643043611e-04
6.609837227e-01 0.000000000e+00 0.000000000e+00 1.445742815e-04 9.179894662e-04 6.255365861e-04
1.445742815e-04 0.000000000e+00 0.000000000e+00 2.736950261e-01 3.536833560e-03 1.445742815e-04
1.445742815e-04 1.445742815e-04 3.114758473e-03 3.701101606e-02 1.445742815e-04 3.643043611e-04
1.445742815e-04 1.445742815e-04 1.445742815e-04 1.445742815e-04 1.445742815e-04 1.445742815e-04
1.445742815e-04 1.445742815e-04 1.445742815e-04 3.643043611e-04 1.445742815e-04 1.445742815e-04

