1.182175861e-04 9.458942190e-01 3.247808509e-03 2.978896504e-04 5.114977883e-04 5.487174276e-18
3.613598442e-03 5.487174276e-18 2.062229857e-02 1.182175861e-04 5.487174276e-18 1.182175861e-04
7.506348821e-04 2.235848239e-02 1.182175861e-04 1.182175861e-04 5.487174276e-18 2.978896504e-04
7.506348821e-04 1.182175861e-04 5.487174276e-18 1.182175861e-04 5.487174276e-18 1.182175861e-04
1.182175861e-04 5.487174276e-18 5.487174276e-18 5.487174276e-18 5.487174276e-18 1.182175861e-04
5.487174276e-18 1.182175861e-04 1.182175861e-04 1.182175861e-04 1.182175861e-04 5.487174276e-18

5.665323245e-18 8.763632647e-01 5.665323245e-18 5.665323245e-18 3.075610644e-04 5.665323245e-18
1.330739439e-03 0.000000000e+00 1.007516859e-01 1.220556893e-04 5.665323245e-18 5.665323245e-18
7.750053183e-04 5.665323245e-18 0.000000000e+00 3.075610644e-04 5.665323245e-18 5.665323245e-18
5.665323245e-18 1.895956038e-02 7.750053183e-04 5.665323245e-18 5.665323245e-18 5.665323245e-18
5.665323245e-18 5.665323245e-18 5.665323245e-18 5.665323245e-18 5.665323245e-18 5.665323245e-18
5.665323245e-18 5.665323245e-18 5.665323245e-18 3.075610644e-04 5.665323245e-18 5.665323245e-18

6.669105273e-18 5.565568885e-01 6.669105273e-18 6.669105273e-18 3.620547368e-04 6.669105273e-18
6.669105273e-18 0.000000000e+00 3.598089171e-01 6.669105273e-18 6.669105273e-18 6.669105273e-18
5.709362021e-02 0.000000000e+00 0.000000000e+00 1.644971200e-02 6.669105273e-18 6.669105273e-18
6.669105273e-18 6.669105273e-18 0.000000000e+00 1.566519866e-03 6.669105273e-18 6.669105273e-18
6.669105273e-18 7.800232846e-03 3.620547368e-04 6.669105273e-18 6.669105273e-18 6.669105273e-18
6.669105273e-18 6.669105273e-18 6.669105273e-18 6.669105273e-18 6.669105273e-18 6.669105273e-18

2.095584509e-02 7.523392880e-01 7.354486753e-18 3.075318930e-02 7.354486753e-18 7.354486753e-18
1.883456978e-02 0.000000000e+00 0.000000000e+00 7.354486753e-18 7.354486753e-18 7.354486753e-18
7.354486753e-18 0.000000000e+00 0.000000000e+00 1.814024281e-02 7.354486753e-18 7.354486753e-18
4.484195010e-02 0.000000000e+00 0.000000000e+00 7.474503969e-03 7.354486753e-18 7.354486753e-18
6.580660308e-02 3.413650359e-03 7.354486753e-18 7.354486753e-18 7.354486753e-18 2.535161822e-03
7.354486753e-18 7.354486753e-18 7.354486753e-18 1.745249783e-02 1.745249783e-02 7.354486753e-18

