1.967738235e-04 1.249435898e-03 1.967738235e-04 1.967738235e-04 1.967738235e-04 1.967738235e-04
1.967738235e-04 1.967738235e-04 8.601335469e-03 7.238907701e-02 4.958389646e-04 1.967738235e-04
8.513908873e-04 4.958389646e-04 0.000000000e+00 1.596217649e-01 2.339038259e-02 1.967738235e-04
1.967738235e-04 1.834266062e-02 1.213009584e-02 4.271071264e-01 1.068252666e-02 1.967738235e-04
1.967738235e-04 1.967738235e-04 5.894007078e-02 4.958389646e-04 1.024556678e-01 1.967738235e-04
1.967738235e-04 1.967738235e-04 1.967738235e-04 4.958389646e-04 1.967738235e-04 9.871318048e-02

1.630486568e-04 1.630486568e-04 1.630486568e-04 1.630486568e-04 1.630486568e-04 1.630486568e-04
1.630486568e-04 1.630486568e-04 1.394046406e-03 9.758080256e-02 1.630486568e-04 1.630486568e-04
1.630486568e-04 1.630486568e-04 0.000000000e+00 4.983965511e-03 1.630486568e-04 7.054705654e-04
1.630486568e-04 0.000000000e+00 1.630486568e-04 4.191088463e-01 7.054705654e-04 3.914798248e-01
1.587813477e-02 1.630486568e-04 1.777674431e-03 4.108568696e-04 6.093625961e-02 7.568048244e-18
1.630486568e-04 1.777674431e-03 1.630486568e-04 1.630486568e-04 1.630486568e-04 0.000000000e+00

1.587432674e-03 1.185490092e-04 5.502557571e-18 1.185490092e-04 2.360110957e-02 5.502557571e-18
5.502557571e-18 1.185490092e-04 1.185490092e-04 0.000000000e+00 5.502557571e-18 1.185490092e-04
1.185490092e-04 5.502557571e-18 0.000000000e+00 1.185490092e-04 5.502557571e-18 1.185490092e-04
5.502557571e-18 0.000000000e+00 5.502557571e-18 1.254825055e-02 5.502557571e-18 9.366053192e-01
2.360110957e-02 5.502557571e-18 5.502557571e-18 1.185490092e-04 7.527392873e-04 0.000000000e+00
5.502557571e-18 1.185490092e-04 5.502557571e-18 5.502557571e-18 1.185490092e-04 0.000000000e+00

