9.248591962e-18 4.292816118e-03 5.020908190e-04 1.228303984e-02 9.995781931e-02 1.935565847e-01
1.992548736e-04 0.000000000e+00 1.775304892e-02 2.873183933e-01 9.248591962e-18 2.010078387e-01
5.020908190e-04 5.020908190e-04 8.621257674e-04 2.172420804e-03 9.125483385e-02 6.414464545e-02
1.992548736e-04 9.248591962e-18 1.456561962e-02 8.621257674e-04 1.992548736e-04 5.020908190e-04
1.992548736e-04 9.248591962e-18 9.248591962e-18 9.248591962e-18 5.020908190e-04 4.292816118e-03
9.248591962e-18 5.020908190e-04 5.020908190e-04 5.020908190e-04 8.621257674e-04 9.248591962e-18

1.597471691e-03 1.246251176e-01 1.088549515e-03 4.146645968e-02 4.026890935e-02 2.880341011e-02
1.456115613e-01 0.000000000e+00 0.000000000e+00 1.597471691e-03 0.000000000e+00 1.325999710e-01
1.088549515e-03 7.535808336e-02 6.173651379e-02 6.041242870e-02 1.456115613e-01 3.368867283e-03
5.420256625e-03 1.088549515e-03 1.597471691e-03 4.709880210e-03 2.771139603e-02 2.151030267e-03
2.450015173e-02 1.088549515e-03 3.368867283e-03 1.597471691e-03 1.597471691e-03 1.099727480e-02
9.306967435e-03 1.597471691e-03 2.151030267e-03 1.597471691e-03 2.241560747e-02 1.186815444e-02

5.337827495e-18 2.897818598e-04 9.507288315e-01 1.253813288e-03 1.168327248e-02 4.975761332e-04
2.897818598e-04 0.000000000e+00 0.000000000e+00 0.000000000e+00 0.000000000e+00 5.337827495e-18
5.337827495e-18 5.337827495e-18 0.000000000e+00 2.897818598e-04 3.067301369e-02 2.813334992e-03
5.337827495e-18 5.337827495e-18 5.337827495e-18 5.337827495e-18 5.337827495e-18 4.975761332e-04
5.337827495e-18 5.337827495e-18 5.337827495e-18 5.337827495e-18 5.337827495e-18 9.832362314e-04
5.337827495e-18 5.337827495e-18 5.337827495e-18 5.337827495e-18 5.337827495e-18 5.337827495e-18

