8.415430233e-18 8.415430233e-18 8.415430233e-18 8.415430233e-18 8.415430233e-18 8.415430233e-18
8.415430233e-18 8.415430233e-18 1.133155927e-01 8.527822565e-02 8.415430233e-18 8.415430233e-18
8.415430233e-18 4.258709251e-02 3.792217545e-02 5.430664654e-02 8.415430233e-18 8.415430233e-18
8.415430233e-18 1.614333019e-01 4.544963395e-02 4.591634165e-01 1.813049483e-04 8.415430233e-18
8.415430233e-18 8.415430233e-18 8.415430233e-18 1.813049483e-04 1.813049483e-04 8.415430233e-18
8.415430233e-18 8.415430233e-18 8.415430233e-18 8.415430233e-18 8.415430233e-18 8.415430233e-18

5.899955077e-18 5.899955077e-18 5.899955077e-18 5.899955077e-18 5.899955077e-18 5.899955077e-18
5.899955077e-18 0.000000000e+00 2.341398724e-02 6.444464557e-03 5.899955077e-18 5.899955077e-18
5.899955077e-18 4.825177639e-02 0.000000000e+00 1.086781017e-03 5.899955077e-18 5.899955077e-18
5.899955077e-18 8.893320663e-01 1.855728448e-02 1.291364002e-02 5.899955077e-18 5.899955077e-18
5.899955077e-18 5.899955077e-18 5.899955077e-18 5.899955077e-18 5.899955077e-18 5.899955077e-18
5.899955077e-18 5.899955077e-18 5.899955077e-18 5.899955077e-18 5.899955077e-18 5.899955077e-18

5.659799920e-18 0.000000000e+00 5.659799920e-18 1.219366929e-04 5.659799920e-18 5.659799920e-18
1.219366929e-04 0.000000000e+00 9.070775815e-01 7.742497381e-04 1.219366929e-04 5.659799920e-18
3.072612122e-04 0.000000000e+00 0.000000000e+00 5.659799920e-18 5.659799920e-18 5.659799920e-18
1.219366929e-04 1.219366929e-04 4.918029068e-02 1.187453660e-02 2.928021033e-02 5.659799920e-18
5.659799920e-18 5.659799920e-18 5.659799920e-18 7.742497381e-04 1.219366929e-04 5.659799920e-18
5.659799920e-18 5.659799920e-18 5.659799920e-18 5.659799920e-18 5.659799920e-18 5.659799920e-18

1.069186510e-04 0.000000000e+00 1.069186510e-04 1.165704495e-03 1.069186510e-04 1.069186510e-04
1.069186510e-04 0.000000000e+00 0.000000000e+00 1.069186510e-04 2.694181181e-04 1.069186510e-04
1.069186510e-04 0.000000000e+00 0.000000000e+00 0.000000000e+00 1.069186510e-04 1.069186510e-04
6.788911163e-04 4.626101354e-04 9.915072221e-01 2.615634463e-03 2.694181181e-04 1.069186510e-04
1.069186510e-04 1.069186510e-04 1.069186510e-04 6.788911163e-04 1.069186510e-04 1.069186510e-04
1.069186510e-04 1.069186510e-04 1.069186510e-04 1.069186510e-04 1.069186510e-04 1.069186510e-04

