1.678339316e-04 1.678339316e-04 1.678339316e-04 1.678339316e-04 1.678339316e-04 1.678339316e-04
1.678339316e-04 1.678339316e-04 3.942285768e-02 5.214212518e-02 1.678339316e-04 1.678339316e-04
1.678339316e-04 1.373414651e-01 0.000000000e+00 4.847763198e-01 1.678339316e-04 1.678339316e-04
1.678339316e-04 1.705086462e-02 4.229150067e-04 2.615062117e-01 2.247383329e-03 1.678339316e-04
1.678339316e-04 1.678339316e-04 7.261752473e-04 1.678339316e-04 1.678339316e-04 1.678339316e-04
1.678339316e-04 1.678339316e-04 1.678339316e-04 1.678339316e-04 1.678339316e-04 1.678339316e-04

4.994515640e-18 4.994515640e-18 4.994515640e-18 4.994515640e-18 4.994515640e-18 4.994515640e-18
6.832401288e-04 0.000000000e+00 9.725972180e-01 4.994515640e-18 1.173172060e-03 4.994515640e-18
4.994515640e-18 4.994515640e-18 0.000000000e+00 2.711440248e-04 4.994515640e-18 4.994515640e-18
4.994515640e-18 0.000000000e+00 4.994515640e-18 2.527522583e-02 4.994515640e-18 4.994515640e-18
4.994515640e-18 4.994515640e-18 4.994515640e-18 4.994515640e-18 4.994515640e-18 4.994515640e-18
4.994515640e-18 4.994515640e-18 4.994515640e-18 4.994515640e-18 4.994515640e-18 4.994515640e-18

2.895212515e-04 1.148965848e-04 9.823519818e-04 5.022335046e-03 1.148965848e-04 2.895212515e-04
1.148965848e-04 0.000000000e+00 0.000000000e+00 0.000000000e+00 1.538524819e-03 4.971286502e-04
1.148965848e-04 1.148965848e-04 0.000000000e+00 1.148965848e-04 1.148965848e-04 1.148965848e-04
1.148965848e-04 0.000000000e+00 2.895212515e-04 9.630435526e-01 7.295478383e-04 2.895212515e-04
1.148965848e-04 1.148965848e-04 2.403204374e-02 2.895212515e-04 1.148965848e-04 2.895212515e-04
1.148965848e-04 1.148965848e-04 1.148965848e-04 2.895212515e-04 2.895212515e-04 1.148965848e-04

1.116694364e-04 5.183236090e-18 2.813893471e-04 6.883847361e-03 5.183236090e-18 1.116694364e-04
5.183236090e-18 0.000000000e+00 0.000000000e+00 0.000000000e+00 7.090567232e-04 1.116694364e-04
1.116694364e-04 5.183236090e-18 0.000000000e+00 0.000000000e+00 9.631598519e-01 5.183236090e-18
1.116694364e-04 0.000000000e+00 0.000000000e+00 1.116694364e-04 5.183236090e-18 1.116694364e-04
1.116694364e-04 5.183236090e-18 1.116694364e-04 2.740248257e-02 5.183236090e-18 5.183236090e-18
1.116694364e-04 1.116694364e-04 1.116694364e-04 1.116694364e-04 1.116694364e-04 5.183236090e-18

