9.248591962e-18 4.292816118e-03 5.020908190e-04 1.228303984e-02 9.995781931e-02 1.935565847e-01
1.992548736e-04 0.000000000e+00 1.775304892e-02 2.873183933e-01 9.248591962e-18 2.010078387e-01
5.020908190e-04 5.020908190e-04 8.621257674e-04 2.172420804e-03 9.125483385e-02 6.414464545e-02
1.992548736e-04 9.248591962e-18 1.456561962e-02 8.621257674e-04 1.992548736e-04 5.020908190e-04
1.992548736e-04 9.248591962e-18 9.248591962e-18 9.248591962e-18 5.020908190e-04 4.292816118e-03
9.248591962e-18 5.020908190e-04 5.020908190e-04 5.020908190e-04 8.621257674e-04 9.248591962e-18

5.480647635e-18 2.975353298e-04 5.480647635e-18 3.406402277e-02 1.287360605e-03 5.480647635e-18
5.480647635e-18 0.000000000e+00 3.243945449e-03 5.480647635e-18 0.000000000e+00 2.712072093e-02
5.480647635e-18 5.480647635e-18 1.287360605e-03 0.000000000e+00 9.313919751e-01 5.480647635e-18
5.480647635e-18 5.480647635e-18 5.480647635e-18 1.009543926e-03 5.480647635e-18 5.480647635e-18
5.480647635e-18 5.480647635e-18 5.480647635e-18 5.480647635e-18 5.480647635e-18 2.975353298e-04
5.480647635e-18 5.480647635e-18 5.480647635e-18 5.480647635e-18 5.480647635e-18 5.480647635e-18

6.027233041e-18 6.027233041e-18 3.272085509e-04 3.533602720e-02 8.245138821e-04 6.027233041e-18
6.027233041e-18 0.000000000e+00 6.027233041e-18 0.000000000e+00 0.000000000e+00 8.245138821e-04
6.027233041e-18 0.000000000e+00 2.210272476e-01 0.000000000e+00 7.416604889e-01 6.027233041e-18
6.027233041e-18 6.027233041e-18 6.027233041e-18 6.027233041e-18 6.027233041e-18 6.027233041e-18
6.027233041e-18 6.027233041e-18 6.027233041e-18 6.027233041e-18 6.027233041e-18 6.027233041e-18
6.027233041e-18 6.027233041e-18 6.027233041e-18 6.027233041e-18 6.027233041e-18 6.027233041e-18

3.517249117e-02 3.517249117e-02 3.517249117e-02 3.383900824e-02 3.517249117e-02 3.517249117e-02
3.517249117e-02 0.000000000e+00 0.000000000e+00 0.000000000e+00 0.000000000e+00 3.517249117e-02
0.000000000e+00 0.000000000e+00 3.517249117e-02 0.000000000e+00 3.517249117e-02 3.517249117e-02
3.517249117e-02 3.517249117e-02 3.517249117e-02 3.517249117e-02 3.383900824e-02 3.383900824e-02
3.383900824e-02 3.383900824e-02 3.383900824e-02 3.383900824e-02 3.383900824e-02 3.383900824e-02
3.383900824e-02 3.383900824e-02 3.383900824e-02 3.383900824e-02 3.383900824e-02 3.383900824e-02

