6.620550316e-18 1.426354327e-04 2.670242905e-03 1.426354327e-04 6.620550316e-18 6.620550316e-18
6.620550316e-18 6.620550316e-18 6.620550316e-18 6.620550316e-18 6.620550316e-18 6.620550316e-18
2.670242905e-03 6.620550316e-18 0.000000000e+00 1.426354327e-04 6.620550316e-18 1.155347005e-02
1.426354327e-04 6.620550316e-18 4.359987328e-03 4.812803586e-03 1.426354327e-04 1.098647962e-02
6.620550316e-18 6.620550316e-18 6.620550316e-18 6.620550316e-18 3.594187682e-04 2.575532983e-01
6.620550316e-18 6.620550316e-18 6.171476745e-04 1.695498559e-02 6.867487461e-01 6.620550316e-18

1.758265603e-04 4.430551689e-04 2.012991182e-02 4.430551689e-04 1.758265603e-04 1.494956383e-02
1.503295944e-03 1.758265603e-04 1.758265603e-04 6.504383789e-03 4.430551689e-04 6.162134479e-02
4.430551689e-04 1.116429067e-03 0.000000000e+00 1.758265603e-04 1.758265603e-04 1.758265603e-04
1.758265603e-04 0.000000000e+00 3.291605853e-03 1.758265603e-04 1.758265603e-04 4.788574850e-01
1.116429067e-03 5.374552173e-03 1.758265603e-04 1.758265603e-04 6.060909454e-02 4.430551689e-04
7.607573431e-04 4.430551689e-04 3.238752932e-02 1.758265603e-04 3.068335411e-01 0.000000000e+00

5.252070892e-18 3.452187638e-02 5.252070892e-18 5.252070892e-18 5.252070892e-18 5.252070892e-18
5.252070892e-18 5.252070892e-18 1.131524373e-04 0.000000000e+00 5.252070892e-18 5.252070892e-18
5.252070892e-18 5.252070892e-18 0.000000000e+00 5.252070892e-18 5.252070892e-18 7.184731917e-04
5.252070892e-18 0.000000000e+00 5.252070892e-18 5.252070892e-18 5.252070892e-18 9.527575807e-01
5.252070892e-18 5.252070892e-18 5.252070892e-18 5.252070892e-18 6.555758889e-03 0.000000000e+00
5.252070892e-18 5.252070892e-18 5.252070892e-18 1.515169779e-03 3.817988598e-03 0.000000000e+00

