7.312828517e-18 7.312828517e-18 7.312828517e-18 7.312828517e-18 7.312828517e-18 7.312828517e-18
7.312828517e-18 7.312828517e-18 3.375484299e-02 6.816797544e-04 7.312828517e-18 7.312828517e-18
7.312828517e-18 2.083714428e-02 1.222292563e-01 7.312828517e-18 3.970014111e-04 7.312828517e-18
7.312828517e-18 7.312828517e-18 5.795947429e-02 6.740513025e-01 4.806724190e-02 7.312828517e-18
7.312828517e-18 7.312828517e-18 7.312828517e-18 4.202205662e-02 7.312828517e-18 7.312828517e-18
7.312828517e-18 7.312828517e-18 7.312828517e-18 7.312828517e-18 7.312828517e-18 7.312828517e-18

7.634568790e-18 7.634568790e-18 7.634568790e-18 7.634568790e-18 7.634568790e-18 1.533249572e-02
7.634568790e-18 7.634568790e-18 5.859622650e-02 7.634568790e-18 7.634568790e-18 7.634568790e-18
7.634568790e-18 1.811714396e-02 1.793299579e-03 0.000000000e+00 9.529649016e-03 7.634568790e-18
7.634568790e-18 7.634568790e-18 2.813800882e-01 5.239288596e-01 4.387088815e-02 7.634568790e-18
7.634568790e-18 0.000000000e+00 7.634568790e-18 4.745134926e-02 7.634568790e-18 7.634568790e-18
7.634568790e-18 7.634568790e-18 7.634568790e-18 7.634568790e-18 7.634568790e-18 7.634568790e-18

6.380971566e-18 6.380971566e-18 6.380971566e-18 1.374738650e-04 6.380971566e-18 2.573614464e-03
1.374738650e-04 6.380971566e-18 1.374738650e-04 6.380971566e-18 0.000000000e+00 6.380971566e-18
3.464124326e-04 1.374738650e-04 5.948148681e-04 0.000000000e+00 1.374738650e-04 6.380971566e-18
6.380971566e-18 6.380971566e-18 2.875436152e-02 1.175385012e-03 5.339578140e-01 6.380971566e-18
1.840846302e-03 0.000000000e+00 0.000000000e+00 4.296569605e-01 1.374738650e-04 6.380971566e-18
1.374738650e-04 6.380971566e-18 6.380971566e-18 1.374738650e-04 6.380971566e-18 6.380971566e-18

6.344769048e-18 6.344769048e-18 6.344769048e-18 4.477817061e-01 6.344769048e-18 0.000000000e+00
1.366939054e-04 1.366939054e-04 5.251808893e-01 6.344769048e-18 0.000000000e+00 1.830402239e-03
1.366939054e-04 6.344769048e-18 5.914401789e-04 0.000000000e+00 6.344769048e-18 6.344769048e-18
6.344769048e-18 6.344769048e-18 0.000000000e+00 1.564971900e-02 6.344769048e-18 6.344769048e-18
3.344049765e-03 0.000000000e+00 0.000000000e+00 4.178370577e-03 6.344769048e-18 6.344769048e-18
3.444470576e-04 6.344769048e-18 3.444470576e-04 3.444470576e-04 6.344769048e-18 6.344769048e-18

3.609445831e-02 3.609445831e-02 3.609445831e-02 3.609445831e-02 3.609445831e-02 0.000000000e+00
3.609445831e-02 3.609445831e-02 3.609445831e-02 0.000000000e+00 0.000000000e+00 3.609445831e-02
3.609445831e-02 3.609445831e-02 3.609445831e-02 0.000000000e+00 3.609445831e-02 3.609445831e-02
3.609445831e-02 3.609445831e-02 0.000000000e+00 3.609445831e-02 3.609445831e-02 3.609445831e-02
3.476385421e-02 0.000000000e+00 0.000000000e+00 0.000000000e+00 3.609445831e-02 3.476385421e-02
3.476385421e-02 3.476385421e-02 3.476385421e-02 3.476385421e-02 3.476385421e-02 3.476385421e-02

