9.532520739e-18 2.998288916e-02 1.304030494e-03 7.597361137e-03 6.277675969e-03 9.532520739e-18
8.280077512e-03 0.000000000e+00 3.986075775e-02 5.175048445e-04 9.532520739e-18 9.532520739e-18
1.581875219e-02 9.532520739e-18 3.851834087e-01 1.304030494e-03 9.532520739e-18 5.175048445e-04
5.175048445e-04 1.366373676e-01 9.027539614e-02 2.053719337e-04 9.532520739e-18 1.755905333e-03
5.175048445e-04 1.304030494e-03 9.532520739e-18 9.532520739e-18 9.532520739e-18 5.175048445e-04
8.406133481e-02 1.755905333e-03 1.304030494e-03 8.406133481e-02 1.004428155e-01 9.532520739e-18

5.814197317e-04 7.053005815e-03 1.741538561e-01 3.691785175e-03 2.515657075e-03 1.008590796e-02
1.465085918e-03 0.000000000e+00 2.345019431e-01 3.693174179e-02 9.983391717e-04 8.535679851e-03
3.082994882e-01 0.000000000e+00 0.000000000e+00 3.691785175e-03 1.972769953e-03 1.008590796e-02
2.307365735e-04 1.972769953e-03 1.169825921e-02 1.008590796e-02 4.971068781e-03 1.008590796e-02
4.971068781e-03 1.252630839e-02 1.422372498e-02 1.597342675e-02 8.535679851e-03 6.339058605e-03
3.691785175e-03 1.686694584e-02 1.336827893e-02 2.246977364e-02 1.686694584e-02 2.055797985e-02

0.000000000e+00 4.763050672e-02 5.212591086e-01 2.019442281e-02 7.671333528e-03 2.260914748e-03
1.356395377e-02 0.000000000e+00 0.000000000e+00 1.773001864e-03 9.782409972e-03 3.317944895e-03
1.351664165e-01 0.000000000e+00 0.000000000e+00 5.419597018e-02 5.073092330e-03 3.317944895e-03
2.260914748e-03 6.338799126e-03 8.116947728e-02 3.319193245e-02 1.773001864e-03 1.679709603e-02
1.773001864e-03 3.317944895e-03 2.260914748e-03 2.260914748e-03 3.317944895e-03 3.882151970e-03
5.225435770e-04 2.260914748e-03 2.776812611e-03 6.338799126e-03 2.776812611e-03 1.773001864e-03

0.000000000e+00 3.024631236e-03 1.118486490e-02 3.418916906e-01 6.990540562e-04 1.025878061e-03
4.071199782e-04 0.000000000e+00 0.000000000e+00 0.000000000e+00 2.163448063e-03 1.381367051e-03
1.920521123e-02 0.000000000e+00 0.000000000e+00 1.615656704e-04 1.764766380e-01 1.025878061e-03
1.615656704e-04 1.761505841e-03 0.000000000e+00 4.353560225e-01 1.615656704e-04 6.990540562e-04
1.615656704e-04 1.615656704e-04 6.990540562e-04 1.615656704e-04 1.615656704e-04 4.071199782e-04
4.071199782e-04 4.071199782e-04 1.615656704e-04 1.615656704e-04 1.615656704e-04 1.615656704e-04

0.000000000e+00 6.348526657e-04 1.636518880e-01 1.467274178e-04 6.627962965e-01 1.467274178e-04
1.467274178e-04 0.000000000e+00 0.000000000e+00 0.000000000e+00 1.535565591e-01 1.467274178e-04
3.589507415e-03 0.000000000e+00 0.000000000e+00 0.000000000e+00 7.965589753e-03 1.467274178e-04
1.467274178e-04 1.599728474e-03 0.000000000e+00 0.000000000e+00 1.467274178e-04 1.599728474e-03
1.467274178e-04 1.467274178e-04 1.964756170e-03 1.467274178e-04 1.467274178e-04 1.467274178e-04
1.467274178e-04 1.467274178e-04 1.467274178e-04 1.467274178e-04 1.467274178e-04 1.467274178e-04

