1.678339316e-04 1.678339316e-04 1.678339316e-04 1.678339316e-04 1.678339316e-04 1.678339316e-04
1.678339316e-04 1.678339316e-04 3.942285768e-02 5.214212518e-02 1.678339316e-04 1.678339316e-04
1.678339316e-04 1.373414651e-01 0.000000000e+00 4.847763198e-01 1.678339316e-04 1.678339316e-04
1.678339316e-04 1.705086462e-02 4.229150067e-04 2.615062117e-01 2.247383329e-03 1.678339316e-04
1.678339316e-04 1.678339316e-04 7.261752473e-04 1.678339316e-04 1.678339316e-04 1.678339316e-04
1.678339316e-04 1.678339316e-04 1.678339316e-04 1.678339316e-04 1.678339316e-04 1.678339316e-04

1.315565219e-04 5.885212538e-01 1.315565219e-04 3.315016624e-04 3.315016624e-04 5.692120116e-04
1.315565219e-04 0.000000000e+00 1.315565219e-04 1.315565219e-04 1.315565219e-04 1.315565219e-04
1.315565219e-04 5.692120116e-04 0.000000000e+00 0.000000000e+00 1.315565219e-04 3.315016624e-04
1.315565219e-04 4.059253476e-01 1.315565219e-04 1.315565219e-04 1.315565219e-04 1.315565219e-04
1.315565219e-04 1.315565219e-04 1.315565219e-04 1.315565219e-04 1.315565219e-04 1.315565219e-04
1.315565219e-04 1.315565219e-04 1.315565219e-04 1.315565219e-04 1.315565219e-04 1.315565219e-04

3.912420480e-04 1.326218185e-01 6.717905170e-04 9.858681838e-04 3.912420480e-04 2.053485649e-02
2.906668753e-03 0.000000000e+00 1.692806027e-03 3.912420480e-04 1.552645097e-04 4.141243591e-02
3.912420480e-04 0.000000000e+00 0.000000000e+00 0.000000000e+00 0.000000000e+00 2.079072255e-03
9.858681838e-04 7.320743961e-01 3.912420480e-04 1.552645097e-04 6.717905170e-04 4.998315345e-02
1.552645097e-04 1.692806027e-03 1.552645097e-04 2.906668753e-03 1.552645097e-04 3.912420480e-04
6.717905170e-04 9.858681838e-04 1.327492884e-03 1.327492884e-03 6.717905170e-04 6.717905170e-04

5.050724770e-18 5.050724770e-18 5.050724770e-18 1.088145666e-04 5.050724770e-18 5.050724770e-18
9.553520045e-01 0.000000000e+00 5.050724770e-18 4.453918093e-02 5.050724770e-18 5.050724770e-18
5.050724770e-18 0.000000000e+00 0.000000000e+00 0.000000000e+00 0.000000000e+00 0.000000000e+00
5.050724770e-18 0.000000000e+00 5.050724770e-18 5.050724770e-18 5.050724770e-18 5.050724770e-18
5.050724770e-18 5.050724770e-18 5.050724770e-18 5.050724770e-18 5.050724770e-18 5.050724770e-18
5.050724770e-18 5.050724770e-18 5.050724770e-18 5.050724770e-18 5.050724770e-18 5.050724770e-18

3.698745002e-02 3.832629941e-02 3.698745002e-02 3.698745002e-02 3.698745002e-02 3.698745002e-02
3.698745002e-02 0.000000000e+00 0.000000000e+00 0.000000000e+00 3.698745002e-02 3.698745002e-02
3.698745002e-02 0.000000000e+00 0.000000000e+00 0.000000000e+00 0.000000000e+00 0.000000000e+00
3.698745002e-02 0.000000000e+00 3.698745002e-02 3.698745002e-02 3.698745002e-02 3.698745002e-02
3.698745002e-02 3.698745002e-02 3.698745002e-02 3.698745002e-02 3.698745002e-02 3.698745002e-02
3.698745002e-02 3.698745002e-02 3.698745002e-02 3.698745002e-02 3.698745002e-02 3.698745002e-02

0.000000000e+00 4.000000000e-02 4.000000000e-02 4.000000000e-02 4.000000000e-02 4.000000000e-02
4.000000000e-02 0.000000000e+00 0.000000000e+00 0.000000000e+00 4.000000000e-02 4.000000000e-02
4.000000000e-02 0.000000000e+00 0.000000000e+00 0.000000000e+00 0.000000000e+00 0.000000000e+00
4.000000000e-02 0.000000000e+00 4.000000000e-02 0.000000000e+00 4.000000000e-02 4.000000000e-02
4.000000000e-02 4.000000000e-02 4.000000000e-02 4.000000000e-02 4.000000000e-02 4.000000000e-02
4.000000000e-02 4.000000000e-02 4.000000000e-02 4.000000000e-02 4.000000000e-02 4.000000000e-02

