4.034102739e-04 5.051454219e-01 8.540256842e-02 4.034102739e-04 1.600934733e-04 7.430880780e-18
3.301177392e-01 7.430880780e-18 2.638663862e-02 1.600934733e-04 7.430880780e-18 4.034102739e-04
3.449109325e-03 3.928522211e-02 3.916491670e-03 1.600934733e-04 1.600934733e-04 7.430880780e-18
4.034102739e-04 1.600934733e-04 1.600934733e-04 0.000000000e+00 4.034102739e-04 1.600934733e-04
4.034102739e-04 7.430880780e-18 7.430880780e-18 4.034102739e-04 6.926842292e-04 1.600934733e-04
7.430880780e-18 7.430880780e-18 4.034102739e-04 4.034102739e-04 6.926842292e-04 7.430880780e-18

1.867818666e-02 2.596837095e-01 5.605071717e-02 3.421464878e-03 1.105544867e-03 5.504882238e-03
9.549338036e-02 0.000000000e+00 1.092073422e-01 2.184613964e-03 2.555139993e-04 1.205345006e-02
6.250838520e-03 6.135563844e-02 8.370196746e-02 2.276557882e-02 2.595860424e-02 1.671289998e-02
3.421464878e-03 1.116897352e-02 2.555139993e-04 0.000000000e+00 0.000000000e+00 2.184613964e-03
1.116897352e-02 7.810386086e-03 2.704580751e-02 6.677786171e-02 3.969035057e-02 2.785798499e-03
2.184613964e-03 2.184613964e-03 2.488266875e-02 7.019772339e-03 6.250838520e-03 4.783414828e-03

2.073868983e-03 8.245388493e-02 1.540747014e-02 2.547086550e-03 2.073868983e-03 8.230154513e-04
3.503802796e-02 0.000000000e+00 4.979905440e-01 1.902156807e-04 3.560981043e-03 4.653394755e-03
4.793134803e-04 1.150957861e-01 1.833613453e-01 1.617299147e-02 9.643864884e-03 1.902156807e-04
1.207794287e-03 3.560981043e-03 0.000000000e+00 0.000000000e+00 0.000000000e+00 9.643864884e-03
2.073868983e-03 8.230154513e-04 1.626321194e-03 5.225822373e-03 0.000000000e+00 1.902156807e-04
4.793134803e-04 1.902156807e-04 2.073868983e-03 4.793134803e-04 1.902156807e-04 4.793134803e-04

9.339738248e-03 1.176756028e-01 8.569649776e-03 7.081075059e-03 2.525668777e-03 1.002312318e-03
3.598418162e-02 0.000000000e+00 1.667993914e-01 0.000000000e+00 3.706477580e-03 5.667153486e-03
1.002312318e-03 8.793720607e-02 9.205090663e-02 4.496202399e-02 2.353466564e-02 2.512602574e-01
4.990852422e-03 1.174481543e-02 0.000000000e+00 0.000000000e+00 0.000000000e+00 2.316548488e-04
4.990852422e-03 4.990852422e-03 5.667153486e-03 9.205090663e-02 0.000000000e+00 0.000000000e+00
5.837336405e-04 1.470916602e-03 2.525668777e-03 1.470916602e-03 7.081075059e-03 3.101978487e-03

