1.608301178e-04 1.608301178e-04 1.608301178e-04 1.608301178e-04 1.608301178e-04 1.608301178e-04
1.608301178e-04 4.027526402e-01 6.958715049e-04 2.498259890e-02 1.608301178e-04 1.608301178e-04
4.052665018e-04 2.668897187e-01 2.862209796e-01 9.914350943e-03 1.608301178e-04 1.608301178e-04
1.608301178e-04 7.465072789e-18 4.052665018e-04 0.000000000e+00 4.052665018e-04 1.608301178e-04
1.608301178e-04 2.153598632e-03 4.052665018e-04 1.608301178e-04 1.608301178e-04 1.608301178e-04
1.608301178e-04 6.958715049e-04 1.608301178e-04 6.958715049e-04 1.608301178e-04 1.608301178e-04

1.360018362e-04 1.360018362e-04 1.360018362e-04 1.360018362e-04 1.360018362e-04 1.360018362e-04
1.360018362e-04 1.360018362e-04 1.360018362e-04 1.360018362e-04 1.360018362e-04 1.360018362e-04
1.360018362e-04 1.985533226e-02 5.153958843e-01 1.360018362e-04 1.360018362e-04 1.360018362e-04
1.360018362e-04 0.000000000e+00 1.360018362e-04 0.000000000e+00 1.360018362e-04 1.360018362e-04
1.360018362e-04 4.606687284e-01 0.000000000e+00 1.360018362e-04 1.360018362e-04 1.360018362e-04
1.360018362e-04 1.360018362e-04 1.360018362e-04 1.360018362e-04 1.360018362e-04 1.360018362e-04

1.048045579e-04 1.048045579e-04 1.048045579e-04 1.048045579e-04 1.048045579e-04 1.048045579e-04
1.048045579e-04 1.048045579e-04 1.048045579e-04 1.048045579e-04 1.048045579e-04 1.048045579e-04
1.048045579e-04 1.676872926e-03 1.048045579e-04 1.048045579e-04 0.000000000e+00 1.048045579e-04
1.048045579e-04 0.000000000e+00 1.048045579e-04 0.000000000e+00 1.048045579e-04 1.048045579e-04
1.048045579e-04 9.952837949e-01 0.000000000e+00 1.048045579e-04 1.048045579e-04 1.048045579e-04
1.048045579e-04 0.000000000e+00 1.048045579e-04 1.048045579e-04 1.048045579e-04 1.048045579e-04

1.198232980e-04 1.198232980e-04 1.198232980e-04 1.198232980e-04 3.019357909e-04 1.198232980e-04
1.198232980e-04 3.019357909e-04 1.198232980e-04 5.237690485e-03 3.019357909e-04 0.000000000e+00
1.198232980e-04 1.198232980e-04 9.380447477e-02 1.198232980e-04 0.000000000e+00 1.198232980e-04
1.198232980e-04 0.000000000e+00 1.198232980e-04 0.000000000e+00 1.198232980e-04 8.972960915e-01
1.198232980e-04 0.000000000e+00 0.000000000e+00 1.198232980e-04 1.198232980e-04 1.198232980e-04
1.198232980e-04 0.000000000e+00 1.198232980e-04 1.198232980e-04 1.198232980e-04 1.198232980e-04

9.191844085e-04 9.191844085e-04 2.124422910e-04 9.191844085e-04 3.399076655e-03 8.565136456e-03
2.844712380e-03 4.017919312e-02 1.348924465e-03 3.501478132e-02 2.339983880e-02 0.000000000e+00
3.913220457e-02 6.600091187e-02 0.000000000e+00 5.197141680e-03 0.000000000e+00 3.435272689e-01
5.836457188e-03 0.000000000e+00 2.124422910e-04 0.000000000e+00 9.191844085e-04 2.821442586e-01
0.000000000e+00 0.000000000e+00 0.000000000e+00 2.158279143e-02 2.124422910e-04 3.977079955e-03
7.168226017e-03 0.000000000e+00 1.153314194e-02 5.896389893e-02 3.003443398e-02 5.836457188e-03

4.000000000e-02 4.000000000e-02 4.000000000e-02 4.000000000e-02 4.000000000e-02 4.000000000e-02
4.000000000e-02 4.000000000e-02 4.000000000e-02 4.000000000e-02 4.000000000e-02 0.000000000e+00
4.000000000e-02 4.000000000e-02 0.000000000e+00 0.000000000e+00 0.000000000e+00 4.000000000e-02
4.000000000e-02 0.000000000e+00 4.000000000e-02 0.000000000e+00 4.000000000e-02 4.000000000e-02
0.000000000e+00 0.000000000e+00 0.000000000e+00 4.000000000e-02 0.000000000e+00 4.000000000e-02
4.000000000e-02 0.000000000e+00 4.000000000e-02 4.000000000e-02 4.000000000e-02 4.000000000e-02

4.417400516e-02 4.417400516e-02 4.417400516e-02 4.417400516e-02 4.417400516e-02 4.417400516e-02
4.417400516e-02 4.417400516e-02 4.417400516e-02 4.417400516e-02 4.417400516e-02 0.000000000e+00
4.284049527e-02 4.284049527e-02 0.000000000e+00 0.000000000e+00 0.000000000e+00 0.000000000e+00
4.284049527e-02 0.000000000e+00 4.284049527e-02 0.000000000e+00 4.284049527e-02 4.284049527e-02
0.000000000e+00 0.000000000e+00 0.000000000e+00 4.284049527e-02 0.000000000e+00 4.284049527e-02
4.284049527e-02 0.000000000e+00 4.284049527e-02 0.000000000e+00 4.284049527e-02 4.284049527e-02

