8.415430233e-18 8.415430233e-18 8.415430233e-18 8.415430233e-18 8.415430233e-18 8.415430233e-18
8.415430233e-18 8.415430233e-18 1.133155927e-01 8.527822565e-02 8.415430233e-18 8.415430233e-18
8.415430233e-18 4.258709251e-02 3.792217545e-02 5.430664654e-02 8.415430233e-18 8.415430233e-18
8.415430233e-18 1.614333019e-01 4.544963395e-02 4.591634165e-01 1.813049483e-04 8.415430233e-18
8.415430233e-18 8.415430233e-18 8.415430233e-18 1.813049483e-04 1.813049483e-04 8.415430233e-18
8.415430233e-18 8.415430233e-18 8.415430233e-18 8.415430233e-18 8.415430233e-18 8.415430233e-18

6.391681376e-18 6.391681376e-18 6.391681376e-18 6.391681376e-18 6.391681376e-18 6.391681376e-18
6.391681376e-18 0.000000000e+00 1.177357776e-03 4.455449309e-01 6.391681376e-18 6.391681376e-18
6.391681376e-18 4.875644491e-01 6.391681376e-18 5.958132042e-04 6.391681376e-18 6.391681376e-18
6.391681376e-18 6.477045517e-02 3.469938506e-04 0.000000000e+00 6.391681376e-18 6.391681376e-18
6.391681376e-18 6.391681376e-18 6.391681376e-18 6.391681376e-18 6.391681376e-18 6.391681376e-18
6.391681376e-18 6.391681376e-18 6.391681376e-18 6.391681376e-18 6.391681376e-18 6.391681376e-18

5.118237568e-18 0.000000000e+00 5.118237568e-18 5.118237568e-18 5.118237568e-18 5.118237568e-18
5.118237568e-18 0.000000000e+00 5.118237568e-18 5.882352941e-02 5.118237568e-18 5.118237568e-18
5.118237568e-18 5.118237568e-18 5.118237568e-18 0.000000000e+00 5.118237568e-18 5.118237568e-18
5.118237568e-18 9.411764706e-01 5.118237568e-18 0.000000000e+00 5.118237568e-18 5.118237568e-18
5.118237568e-18 5.118237568e-18 5.118237568e-18 5.118237568e-18 5.118237568e-18 5.118237568e-18
5.118237568e-18 5.118237568e-18 5.118237568e-18 5.118237568e-18 5.118237568e-18 5.118237568e-18

6.126705343e-18 0.000000000e+00 6.126705343e-18 1.627406174e-02 6.126705343e-18 6.126705343e-18
6.126705343e-18 0.000000000e+00 6.126705343e-18 3.218594714e-01 6.126705343e-18 6.126705343e-18
6.126705343e-18 0.000000000e+00 6.126705343e-18 0.000000000e+00 6.126705343e-18 6.126705343e-18
1.016696803e-02 6.516994988e-01 0.000000000e+00 0.000000000e+00 6.126705343e-18 6.126705343e-18
6.126705343e-18 6.126705343e-18 6.126705343e-18 6.126705343e-18 6.126705343e-18 6.126705343e-18
6.126705343e-18 6.126705343e-18 6.126705343e-18 6.126705343e-18 6.126705343e-18 6.126705343e-18

