6.468507115e-18 1.393597612e-04 6.468507115e-18 3.409266678e-03 1.393597612e-04 6.468507115e-18
1.393597612e-04 6.468507115e-18 1.393597612e-04 5.208299632e-02 8.848793262e-04 1.393597612e-04
1.393597612e-04 6.468507115e-18 7.750300650e-01 6.468507115e-18 1.458459893e-01 7.565611817e-03
1.393597612e-04 6.468507115e-18 1.866099430e-03 1.073417136e-02 3.511645933e-04 1.393597612e-04
1.393597612e-04 6.468507115e-18 6.468507115e-18 1.393597612e-04 6.468507115e-18 6.468507115e-18
1.393597612e-04 1.393597612e-04 1.393597612e-04 1.393597612e-04 1.393597612e-04 1.393597612e-04

5.833717422e-18 5.833717422e-18 5.833717422e-18 3.167029068e-04 1.256836319e-04 5.833717422e-18
5.833717422e-18 5.833717422e-18 5.833717422e-18 3.532334270e-01 5.833717422e-18 1.256836319e-04
5.833717422e-18 5.833717422e-18 5.833717422e-18 0.000000000e+00 6.459471355e-01 1.256836319e-04
5.833717422e-18 5.833717422e-18 5.833717422e-18 1.256836319e-04 5.833717422e-18 5.833717422e-18
5.833717422e-18 0.000000000e+00 5.833717422e-18 5.833717422e-18 5.833717422e-18 5.833717422e-18
5.833717422e-18 5.833717422e-18 5.833717422e-18 5.833717422e-18 5.833717422e-18 5.833717422e-18

6.811899066e-18 6.811899066e-18 6.811899066e-18 6.661443970e-01 6.272471197e-02 6.811899066e-18
6.811899066e-18 6.811899066e-18 6.811899066e-18 2.068102148e-01 0.000000000e+00 1.254762536e-03
1.467579166e-04 6.811899066e-18 6.811899066e-18 0.000000000e+00 1.490967495e-02 4.641765776e-02
6.811899066e-18 1.467579166e-04 1.467579166e-04 6.349846262e-04 6.811899066e-18 6.811899066e-18
3.698067766e-04 0.000000000e+00 0.000000000e+00 1.467579166e-04 6.811899066e-18 6.811899066e-18
6.811899066e-18 1.467579166e-04 6.811899066e-18 6.811899066e-18 6.811899066e-18 6.811899066e-18

5.605282750e-18 5.605282750e-18 5.605282750e-18 7.879760527e-01 5.605282750e-18 0.000000000e+00
5.605282750e-18 5.605282750e-18 2.117824230e-01 5.605282750e-18 0.000000000e+00 1.207621561e-04
5.605282750e-18 5.605282750e-18 5.605282750e-18 0.000000000e+00 1.207621561e-04 5.605282750e-18
5.605282750e-18 5.605282750e-18 0.000000000e+00 5.605282750e-18 5.605282750e-18 5.605282750e-18
5.605282750e-18 0.000000000e+00 0.000000000e+00 5.605282750e-18 5.605282750e-18 5.605282750e-18
5.605282750e-18 5.605282750e-18 5.605282750e-18 5.605282750e-18 5.605282750e-18 5.605282750e-18

3.609445831e-02 3.609445831e-02 3.609445831e-02 3.609445831e-02 3.609445831e-02 0.000000000e+00
3.609445831e-02 3.609445831e-02 3.609445831e-02 0.000000000e+00 0.000000000e+00 3.609445831e-02
3.609445831e-02 3.609445831e-02 3.609445831e-02 0.000000000e+00 3.609445831e-02 3.609445831e-02
3.609445831e-02 3.609445831e-02 0.000000000e+00 3.609445831e-02 3.609445831e-02 3.609445831e-02
3.476385421e-02 0.000000000e+00 0.000000000e+00 0.000000000e+00 3.609445831e-02 3.476385421e-02
3.476385421e-02 3.476385421e-02 3.476385421e-02 3.476385421e-02 3.476385421e-02 3.476385421e-02

