5.488774694e-18 5.488774694e-18 5.488774694e-18 5.488774694e-18 5.488774694e-18 5.488774694e-18
5.488774694e-18 0.000000000e+00 7.508538163e-04 1.289269586e-03 5.116469745e-04 5.488774694e-18
5.488774694e-18 1.182520661e-04 9.253510152e-01 4.982561510e-02 1.182520661e-04 5.488774694e-18
5.488774694e-18 1.182520661e-04 1.892033057e-03 1.949032942e-02 2.979765345e-04 5.488774694e-18
5.488774694e-18 5.488774694e-18 1.182520661e-04 1.182520661e-04 5.488774694e-18 5.488774694e-18
5.488774694e-18 5.488774694e-18 5.488774694e-18 5.488774694e-18 5.488774694e-18 5.488774694e-18

1.256413286e-04 1.256413286e-04 1.256413286e-04 1.256413286e-04 1.256413286e-04 0.000000000e+00
1.256413286e-04 0.000000000e+00 1.739804018e-01 0.000000000e+00 1.256413286e-04 1.256413286e-04
1.256413286e-04 1.256413286e-04 8.168029074e-01 3.165963092e-04 1.256413286e-04 1.256413286e-04
1.256413286e-04 3.165963092e-04 1.256413286e-04 5.065540946e-03 1.256413286e-04 1.256413286e-04
1.256413286e-04 1.256413286e-04 1.256413286e-04 1.256413286e-04 1.256413286e-04 1.256413286e-04
1.256413286e-04 1.256413286e-04 1.256413286e-04 1.256413286e-04 1.256413286e-04 1.256413286e-04

1.121824862e-04 1.121824862e-04 1.121824862e-04 1.121824862e-04 9.591467652e-04 0.000000000e+00
1.223094635e-03 0.000000000e+00 3.082005353e-03 0.000000000e+00 9.591467652e-04 0.000000000e+00
1.121824862e-04 1.121824862e-04 0.000000000e+00 2.826821516e-04 4.853854276e-04 9.805798574e-01
1.121824862e-04 1.794919779e-03 7.123143864e-04 4.149987030e-03 1.121824862e-04 2.416898399e-03
1.121824862e-04 1.121824862e-04 1.121824862e-04 1.121824862e-04 1.223094635e-03 1.121824862e-04
1.121824862e-04 1.121824862e-04 1.121824862e-04 1.121824862e-04 1.121824862e-04 1.121824862e-04

