1.337107289e-04 1.337107289e-04 1.083056904e-02 1.337107289e-04 1.337107289e-04 1.337107289e-04
1.337107289e-04 1.337107289e-04 7.564442199e-02 8.490102071e-04 6.206302263e-18 1.337107289e-04
4.511666306e-03 3.422994661e-02 6.206302263e-18 8.596708129e-01 1.337107289e-04 1.337107289e-04
1.337107289e-04 5.785327241e-04 8.745877118e-03 3.369299240e-04 6.206302263e-18 1.337107289e-04
1.337107289e-04 6.206302263e-18 1.337107289e-04 6.206302263e-18 6.206302263e-18 3.369299240e-04
6.206302263e-18 8.490102071e-04 1.337107289e-04 1.143210651e-03 1.337107289e-04 1.337107289e-04

1.172174970e-04 1.002195502e-03 2.101779815e-02 1.172174970e-04 1.172174970e-04 5.440754252e-18
1.172174970e-04 5.440754252e-18 9.349370539e-01 1.172174970e-04 5.440754252e-18 5.440754252e-18
1.172174970e-04 3.973396442e-02 0.000000000e+00 1.172174970e-04 5.440754252e-18 5.440754252e-18
5.440754252e-18 1.277989966e-03 1.172174970e-04 5.440754252e-18 5.440754252e-18 1.172174970e-04
5.440754252e-18 5.440754252e-18 1.172174970e-04 5.440754252e-18 5.440754252e-18 1.172174970e-04
5.440754252e-18 1.172174970e-04 5.440754252e-18 1.172174970e-04 5.071706541e-04 0.000000000e+00

6.817238657e-18 2.212584023e-02 6.817238657e-18 6.817238657e-18 6.817238657e-18 6.817238657e-18
6.817238657e-18 0.000000000e+00 3.308812580e-01 6.817238657e-18 6.817238657e-18 6.817238657e-18
1.717836497e-01 6.817238657e-18 0.000000000e+00 6.817238657e-18 6.817238657e-18 6.817238657e-18
6.817238657e-18 4.752092521e-01 6.817238657e-18 0.000000000e+00 6.817238657e-18 6.817238657e-18
6.817238657e-18 6.817238657e-18 6.817238657e-18 6.817238657e-18 6.817238657e-18 6.817238657e-18
6.817238657e-18 6.817238657e-18 6.817238657e-18 6.817238657e-18 6.817238657e-18 0.000000000e+00

5.239714812e-18 5.239714812e-18 5.239714812e-18 5.239714812e-18 5.239714812e-18 5.239714812e-18
5.239714812e-18 0.000000000e+00 9.132149754e-01 5.239714812e-18 5.239714812e-18 5.239714812e-18
5.239714812e-18 0.000000000e+00 0.000000000e+00 5.239714812e-18 5.239714812e-18 5.239714812e-18
5.239714812e-18 0.000000000e+00 8.678502459e-02 0.000000000e+00 5.239714812e-18 5.239714812e-18
5.239714812e-18 5.239714812e-18 5.239714812e-18 5.239714812e-18 5.239714812e-18 5.239714812e-18
5.239714812e-18 5.239714812e-18 5.239714812e-18 5.239714812e-18 5.239714812e-18 0.000000000e+00

5.363230147e-18 5.363230147e-18 5.363230147e-18 5.363230147e-18 5.363230147e-18 5.363230147e-18
5.363230147e-18 0.000000000e+00 8.781977236e-01 5.363230147e-18 5.363230147e-18 5.363230147e-18
5.363230147e-18 0.000000000e+00 0.000000000e+00 0.000000000e+00 0.000000000e+00 5.363230147e-18
5.363230147e-18 0.000000000e+00 1.218022764e-01 0.000000000e+00 5.363230147e-18 5.363230147e-18
5.363230147e-18 5.363230147e-18 5.363230147e-18 5.363230147e-18 5.363230147e-18 5.363230147e-18
5.363230147e-18 5.363230147e-18 5.363230147e-18 5.363230147e-18 5.363230147e-18 0.000000000e+00

