1.182175861e-04 9.458942190e-01 3.247808509e-03 2.978896504e-04 5.114977883e-04 5.487174276e-18
3.613598442e-03 5.487174276e-18 2.062229857e-02 1.182175861e-04 5.487174276e-18 1.182175861e-04
7.506348821e-04 2.235848239e-02 1.182175861e-04 1.182175861e-04 5.487174276e-18 2.978896504e-04
7.506348821e-04 1.182175861e-04 5.487174276e-18 1.182175861e-04 5.487174276e-18 1.182175861e-04
1.182175861e-04 5.487174276e-18 5.487174276e-18 5.487174276e-18 5.487174276e-18 1.182175861e-04
5.487174276e-18 1.182175861e-04 1.182175861e-04 1.182175861e-04 1.182175861e-04 5.487174276e-18

5.665323245e-18 8.763632647e-01 5.665323245e-18 5.665323245e-18 3.075610644e-04 5.665323245e-18
1.330739439e-03 0.000000000e+00 1.007516859e-01 1.220556893e-04 5.665323245e-18 5.665323245e-18
7.750053183e-04 5.665323245e-18 0.000000000e+00 3.075610644e-04 5.665323245e-18 5.665323245e-18
5.665323245e-18 1.895956038e-02 7.750053183e-04 5.665323245e-18 5.665323245e-18 5.665323245e-18
5.665323245e-18 5.665323245e-18 5.665323245e-18 5.665323245e-18 5.665323245e-18 5.665323245e-18
5.665323245e-18 5.665323245e-18 5.665323245e-18 3.075610644e-04 5.665323245e-18 5.665323245e-18

4.913978666e-18 4.913978666e-18 4.913978666e-18 0.000000000e+00 4.913978666e-18 4.913978666e-18
2.376861766e-02 0.000000000e+00 9.762313823e-01 4.913978666e-18 4.913978666e-18 4.913978666e-18
4.913978666e-18 0.000000000e+00 0.000000000e+00 4.913978666e-18 4.913978666e-18 4.913978666e-18
4.913978666e-18 4.913978666e-18 4.913978666e-18 4.913978666e-18 4.913978666e-18 4.913978666e-18
4.913978666e-18 4.913978666e-18 4.913978666e-18 4.913978666e-18 4.913978666e-18 4.913978666e-18
4.913978666e-18 4.913978666e-18 4.913978666e-18 4.913978666e-18 4.913978666e-18 4.913978666e-18

4.647784847e-18 0.000000000e+00 4.647784847e-18 0.000000000e+00 4.647784847e-18 4.647784847e-18
4.647784847e-18 0.000000000e+00 1.000000000e+00 4.647784847e-18 4.647784847e-18 4.647784847e-18
4.647784847e-18 0.000000000e+00 0.000000000e+00 4.647784847e-18 4.647784847e-18 4.647784847e-18
4.647784847e-18 4.647784847e-18 0.000000000e+00 4.647784847e-18 4.647784847e-18 4.647784847e-18
4.647784847e-18 4.647784847e-18 4.647784847e-18 4.647784847e-18 4.647784847e-18 4.647784847e-18
4.647784847e-18 4.647784847e-18 4.647784847e-18 4.647784847e-18 4.647784847e-18 4.647784847e-18

