9.248591962e-18 4.292816118e-03 5.020908190e-04 1.228303984e-02 9.995781931e-02 1.935565847e-01
1.992548736e-04 0.000000000e+00 1.775304892e-02 2.873183933e-01 9.248591962e-18 2.010078387e-01
5.020908190e-04 5.020908190e-04 8.621257674e-04 2.172420804e-03 9.125483385e-02 6.414464545e-02
1.992548736e-04 9.248591962e-18 1.456561962e-02 8.621257674e-04 1.992548736e-04 5.020908190e-04
1.992548736e-04 9.248591962e-18 9.248591962e-18 9.248591962e-18 5.020908190e-04 4.292816118e-03
9.248591962e-18 5.020908190e-04 5.020908190e-04 5.020908190e-04 8.621257674e-04 9.248591962e-18

4.131789451e-01 4.310112059e-03 1.761833978e-04 1.118694844e-03 1.152396939e-02 1.761833978e-04
1.761833978e-04 0.000000000e+00 0.000000000e+00 1.268580550e-01 0.000000000e+00 2.094281143e-02
3.522572166e-01 4.840311474e-03 8.932433314e-03 1.920878881e-03 2.903858322e-02 4.439543431e-04
1.569744531e-02 1.761833978e-04 2.818934365e-03 1.761833978e-04 4.439543431e-04 1.761833978e-04
7.623012893e-04 1.761833978e-04 1.761833978e-04 1.761833978e-04 1.761833978e-04 1.506346862e-03
1.761833978e-04 1.761833978e-04 1.761833978e-04 7.623012893e-04 1.761833978e-04 1.761833978e-04

1.860638742e-02 1.860638742e-02 7.021579926e-03 6.003366390e-02 4.344474730e-02 2.504448129e-03
0.000000000e+00 0.000000000e+00 0.000000000e+00 1.502498875e-02 0.000000000e+00 2.231392856e-01
1.622324762e-01 1.679179224e-02 0.000000000e+00 4.573108795e-02 2.830923633e-01 2.504448129e-03
1.860638742e-02 2.504448129e-03 9.938908986e-04 2.046638021e-02 3.075915690e-03 2.504448129e-03
7.021579926e-03 1.458557974e-03 2.504448129e-03 1.247049526e-02 2.504448129e-03 7.750821850e-03
2.504448129e-03 2.504448129e-03 6.310813832e-03 2.504448129e-03 3.075915690e-03 2.504448129e-03

