7.152156807e-18 7.152156807e-18 7.152156807e-18 7.152156807e-18 7.152156807e-18 7.152156807e-18
7.152156807e-18 3.319737117e-03 3.882788087e-04 9.019164528e-02 7.152156807e-18 7.152156807e-18
7.152156807e-18 0.000000000e+00 7.152156807e-18 4.233296514e-03 7.152156807e-18 7.152156807e-18
7.152156807e-18 1.508300098e-01 2.133723648e-01 5.376646677e-01 7.152156807e-18 7.152156807e-18
7.152156807e-18 7.152156807e-18 7.152156807e-18 7.152156807e-18 7.152156807e-18 7.152156807e-18
7.152156807e-18 7.152156807e-18 7.152156807e-18 7.152156807e-18 7.152156807e-18 7.152156807e-18

1.637004591e-04 1.637004591e-04 1.637004591e-04 4.124993087e-04 1.637004591e-04 4.124993087e-04
4.124993087e-04 0.000000000e+00 7.082907505e-04 4.192308482e-01 1.637004591e-04 1.637004591e-04
4.124993087e-04 0.000000000e+00 0.000000000e+00 2.192033990e-03 4.124993087e-04 1.637004591e-04
1.637004591e-04 4.022386515e-01 3.591007992e-02 3.526819479e-03 1.637004591e-04 4.124993087e-04
4.124993087e-04 4.124993087e-04 9.474564148e-02 3.259000224e-02 2.192033990e-03 1.637004591e-04
1.637004591e-04 4.124993087e-04 1.637004591e-04 4.124993087e-04 4.124993087e-04 1.637004591e-04

6.287354620e-04 0.000000000e+00 1.453136071e-04 1.453136071e-04 1.453136071e-04 1.453136071e-04
1.453136071e-04 0.000000000e+00 0.000000000e+00 3.661673448e-04 1.453136071e-04 1.453136071e-04
6.287354620e-04 0.000000000e+00 0.000000000e+00 5.774215109e-02 1.453136071e-04 1.453136071e-04
3.661673448e-04 5.998591051e-01 2.121478674e-02 3.661673448e-04 1.453136071e-04 1.453136071e-04
3.661673448e-04 1.453136071e-04 1.453136071e-04 3.154102310e-01 1.453136071e-04 1.453136071e-04
1.453136071e-04 1.453136071e-04 1.453136071e-04 1.453136071e-04 1.453136071e-04 1.453136071e-04

