1.665064437e-04 1.665064437e-04 1.665064437e-04 7.204315407e-04 4.195699468e-04 7.728544499e-18
1.665064437e-04 1.665064437e-04 7.728544499e-18 7.728544499e-18 7.728544499e-18 1.665064437e-04
2.238214360e-01 2.052894718e-02 4.793151015e-01 1.665064437e-04 7.728544499e-18 7.728544499e-18
1.934498870e-01 7.728544499e-18 5.266386510e-02 0.000000000e+00 7.728544499e-18 1.665064437e-04
4.195699468e-04 2.354016598e-02 7.204315407e-04 1.665064437e-04 1.665064437e-04 4.195699468e-04
7.728544499e-18 4.195699468e-04 1.057250016e-03 4.195699468e-04 4.195699468e-04 7.728544499e-18

1.837536276e-04 1.837536276e-04 4.630301268e-04 1.837536276e-04 8.032199437e-03 1.837536276e-04
1.837536276e-04 1.837536276e-04 1.837536276e-04 1.837536276e-04 1.837536276e-04 1.837536276e-04
3.294812424e-02 1.712895734e-02 5.048289471e-03 1.837536276e-04 1.837536276e-04 1.837536276e-04
6.867433918e-02 0.000000000e+00 1.343247166e-02 0.000000000e+00 1.837536276e-04 1.837536276e-04
2.250071828e-01 3.955050486e-01 0.000000000e+00 2.940058041e-03 1.166762807e-03 7.950557713e-04
1.166762807e-03 1.837536276e-04 2.177899060e-01 4.495308503e-03 2.003415004e-03 4.630301268e-04

1.161989619e-04 5.393478039e-18 1.161989619e-04 1.161989619e-04 9.934871492e-04 1.642784981e-02
5.393478039e-18 1.161989619e-04 5.393478039e-18 1.161989619e-04 1.161989619e-04 5.393478039e-18
1.161989619e-04 5.027637085e-04 7.378174173e-04 5.393478039e-18 0.000000000e+00 1.804980371e-02
1.161989619e-04 0.000000000e+00 1.161989619e-04 0.000000000e+00 1.161989619e-04 2.928030361e-04
1.555964323e-03 9.562113728e-01 0.000000000e+00 2.928030361e-04 1.161989619e-04 1.161989619e-04
1.161989619e-04 0.000000000e+00 3.192350559e-03 1.161989619e-04 1.161989619e-04 5.393478039e-18

5.010058228e-18 5.010058228e-18 5.010058228e-18 5.010058228e-18 2.719878063e-04 4.670224735e-04
5.010058228e-18 5.010058228e-18 5.010058228e-18 1.079384325e-04 1.079384325e-04 0.000000000e+00
4.670224735e-04 1.079384325e-04 1.079384325e-04 5.010058228e-18 0.000000000e+00 1.079384325e-04
9.812409885e-01 0.000000000e+00 2.719878063e-04 0.000000000e+00 5.010058228e-18 1.079384325e-04
5.010058228e-18 0.000000000e+00 0.000000000e+00 5.010058228e-18 5.010058228e-18 5.010058228e-18
8.743013029e-03 0.000000000e+00 7.890347278e-03 5.010058228e-18 5.010058228e-18 5.010058228e-18

4.604047798e-04 4.604047798e-04 1.827117580e-04 1.827117580e-04 2.446605135e-03 2.583122318e-02
7.905478632e-04 6.165058620e-03 4.604047798e-04 7.986657453e-03 1.160147347e-03 0.000000000e+00
3.420501948e-03 4.469820432e-03 0.000000000e+00 2.923388127e-03 0.000000000e+00 2.446605135e-03
2.924488028e-02 0.000000000e+00 2.171883356e-02 0.000000000e+00 1.992055788e-03 3.637483140e-02
0.000000000e+00 0.000000000e+00 0.000000000e+00 1.195098251e-02 1.827117580e-04 4.677421003e-02
6.525630266e-01 0.000000000e+00 6.935819214e-02 2.446605135e-03 6.721592984e-02 7.905478632e-04

4.000000000e-02 4.000000000e-02 4.000000000e-02 4.000000000e-02 4.000000000e-02 4.000000000e-02
4.000000000e-02 4.000000000e-02 4.000000000e-02 4.000000000e-02 4.000000000e-02 0.000000000e+00
4.000000000e-02 4.000000000e-02 0.000000000e+00 0.000000000e+00 0.000000000e+00 4.000000000e-02
4.000000000e-02 0.000000000e+00 4.000000000e-02 0.000000000e+00 4.000000000e-02 4.000000000e-02
0.000000000e+00 0.000000000e+00 0.000000000e+00 4.000000000e-02 0.000000000e+00 4.000000000e-02
4.000000000e-02 0.000000000e+00 4.000000000e-02 4.000000000e-02 4.000000000e-02 4.000000000e-02

4.417400516e-02 4.417400516e-02 4.417400516e-02 4.417400516e-02 4.417400516e-02 4.417400516e-02
4.417400516e-02 4.417400516e-02 4.417400516e-02 4.417400516e-02 4.417400516e-02 0.000000000e+00
4.284049527e-02 4.284049527e-02 0.000000000e+00 0.000000000e+00 0.000000000e+00 0.000000000e+00
4.284049527e-02 0.000000000e+00 4.284049527e-02 0.000000000e+00 4.284049527e-02 4.284049527e-02
0.000000000e+00 0.000000000e+00 0.000000000e+00 4.284049527e-02 0.000000000e+00 4.284049527e-02
4.284049527e-02 0.000000000e+00 4.284049527e-02 0.000000000e+00 4.284049527e-02 4.284049527e-02

