6.468507115e-18 1.393597612e-04 6.468507115e-18 3.409266678e-03 1.393597612e-04 6.468507115e-18
1.393597612e-04 6.468507115e-18 1.393597612e-04 5.208299632e-02 8.848793262e-04 1.393597612e-04
1.393597612e-04 6.468507115e-18 7.750300650e-01 6.468507115e-18 1.458459893e-01 7.565611817e-03
1.393597612e-04 6.468507115e-18 1.866099430e-03 1.073417136e-02 3.511645933e-04 1.393597612e-04
1.393597612e-04 6.468507115e-18 6.468507115e-18 1.393597612e-04 6.468507115e-18 6.468507115e-18
1.393597612e-04 1.393597612e-04 1.393597612e-04 1.393597612e-04 1.393597612e-04 1.393597612e-04

7.808505015e-18 7.808505015e-18 1.682291408e-04 7.808505015e-18 7.808505015e-18 7.808505015e-18
7.808505015e-18 7.808505015e-18 2.020263962e-01 5.895870267e-02 7.808505015e-18 4.239108714e-04
1.068188460e-03 2.007070422e-01 7.808505015e-18 0.000000000e+00 2.934649306e-02 1.682291408e-04
7.808505015e-18 7.808505015e-18 4.484697003e-01 5.799019149e-02 7.808505015e-18 7.808505015e-18
1.682291408e-04 7.808505015e-18 1.682291408e-04 0.000000000e+00 7.808505015e-18 7.808505015e-18
7.808505015e-18 7.808505015e-18 1.682291408e-04 1.682291408e-04 7.808505015e-18 7.808505015e-18

4.827533030e-18 4.827533030e-18 4.827533030e-18 4.827533030e-18 4.827533030e-18 4.827533030e-18
4.827533030e-18 4.827533030e-18 4.827533030e-18 8.892391872e-04 4.827533030e-18 2.620788141e-04
4.827533030e-18 0.000000000e+00 0.000000000e+00 0.000000000e+00 9.918096702e-01 4.827533030e-18
4.827533030e-18 4.827533030e-18 1.392694864e-03 5.646316885e-03 4.827533030e-18 4.827533030e-18
4.827533030e-18 4.827533030e-18 4.827533030e-18 0.000000000e+00 4.827533030e-18 4.827533030e-18
4.827533030e-18 4.827533030e-18 4.827533030e-18 4.827533030e-18 4.827533030e-18 4.827533030e-18

6.156410415e-03 1.305061238e-04 3.288548251e-04 1.305061238e-04 6.057557669e-18 6.057557669e-18
6.057557669e-18 3.288548251e-04 1.667281839e-02 1.437483208e-02 6.057557669e-18 7.084962430e-03
5.263656864e-02 0.000000000e+00 0.000000000e+00 0.000000000e+00 0.000000000e+00 0.000000000e+00
1.422872190e-03 1.305061238e-04 8.908764392e-01 7.084962430e-03 3.288548251e-04 3.288548251e-04
6.057557669e-18 6.057557669e-18 5.646672029e-04 0.000000000e+00 6.057557669e-18 3.288548251e-04
1.305061238e-04 6.057557669e-18 1.305061238e-04 8.286622329e-04 6.057557669e-18 6.057557669e-18

7.916303262e-04 1.246739640e-04 1.246739640e-04 1.246739640e-04 5.786852789e-18 5.786852789e-18
0.000000000e+00 3.141587031e-04 4.612086529e-03 3.049996550e-03 1.246739640e-04 2.686019129e-03
9.228114115e-01 0.000000000e+00 0.000000000e+00 0.000000000e+00 0.000000000e+00 0.000000000e+00
3.049996550e-03 3.141587031e-04 0.000000000e+00 4.586500896e-02 7.916303262e-04 1.246739640e-04
5.786852789e-18 5.786852789e-18 2.686019129e-03 0.000000000e+00 5.786852789e-18 1.669448993e-03
3.141587031e-04 5.786852789e-18 1.065947398e-03 7.685509711e-03 5.786852789e-18 1.669448993e-03

6.325140082e-03 1.568833441e-04 3.953212552e-04 1.568833441e-04 6.787948067e-04 1.568833441e-04
0.000000000e+00 6.787948067e-04 1.593835427e-02 1.026157332e-02 1.568833441e-04 2.936974555e-03
5.228410060e-02 0.000000000e+00 0.000000000e+00 0.000000000e+00 0.000000000e+00 0.000000000e+00
3.953212552e-04 6.787948067e-04 0.000000000e+00 0.000000000e+00 5.498237934e-02 1.568833441e-04
1.568833441e-04 3.953212552e-04 2.967133404e-02 0.000000000e+00 3.953212552e-04 1.568833441e-04
5.293556493e-03 1.568833441e-04 7.570913013e-01 5.863209409e-02 0.000000000e+00 1.710455731e-03

6.198417293e-04 1.432580838e-04 1.561903285e-03 1.432580838e-04 1.432580838e-04 1.432580838e-04
0.000000000e+00 1.432580838e-04 1.432580838e-04 5.299572239e-03 1.432580838e-04 1.224839387e-03
2.158127399e-02 0.000000000e+00 0.000000000e+00 0.000000000e+00 0.000000000e+00 0.000000000e+00
1.561903285e-03 0.000000000e+00 0.000000000e+00 0.000000000e+00 1.432580838e-04 9.096321315e-04
1.432580838e-04 1.432580838e-04 1.276389241e-02 0.000000000e+00 1.432580838e-04 1.432580838e-04
1.918299989e-03 0.000000000e+00 3.439626591e-01 6.067338273e-01 0.000000000e+00 1.432580838e-04

