6.717261642e-18 1.447190151e-04 6.717261642e-18 6.717261642e-18 3.540374290e-03 6.717261642e-18
6.717261642e-18 0.000000000e+00 6.717261642e-18 6.717261642e-18 6.717261642e-18 6.717261642e-18
6.717261642e-18 3.646690668e-04 6.717261642e-18 6.261628118e-04 6.717261642e-18 6.717261642e-18
6.717261642e-18 6.717261642e-18 5.353616734e-03 6.717261642e-18 6.717261642e-18 6.717261642e-18
6.717261642e-18 6.717261642e-18 9.238409866e-02 1.237330174e-03 6.717261642e-18 6.717261642e-18
1.577831414e-03 6.082558139e-01 6.717261642e-18 2.816322762e-01 4.883107804e-03 6.717261642e-18

2.573941648e-03 4.233099433e-02 7.965891940e-03 4.419641495e-03 3.161266311e-03 1.499030094e-03
2.702844677e-02 0.000000000e+00 1.169452972e-01 2.360824462e-04 5.948904870e-04 1.021469420e-03
4.419641495e-03 0.000000000e+00 3.777319139e-03 7.965891940e-03 2.018476522e-03 2.360824462e-04
4.582137895e-02 2.360824462e-04 1.139847268e-01 1.113679871e-02 1.021469420e-03 1.281652702e-02
2.200689153e-02 4.419641495e-03 2.200689153e-02 1.031958561e-02 7.965891940e-03 1.113679871e-02
2.573941648e-03 2.890840677e-01 0.000000000e+00 1.667341089e-01 4.937956758e-02 3.161266311e-03

3.274294752e-03 0.000000000e+00 2.342026543e-03 1.906906621e-03 1.495389862e-03 7.567563941e-04
2.798429748e-03 0.000000000e+00 1.013336033e-02 2.342026543e-03 1.749018593e-04 7.567563941e-04
4.407250683e-04 0.000000000e+00 4.805103584e-03 3.274294752e-03 1.749018593e-04 4.407250683e-04
3.768146329e-03 0.000000000e+00 1.347179783e-02 4.278760780e-03 7.567563941e-04 1.906906621e-03
5.346286512e-03 1.910436297e-01 3.136094924e-02 2.798429748e-03 1.495389862e-03 1.110557581e-03
7.475350566e-02 1.110557581e-03 0.000000000e+00 6.246696322e-01 5.901537083e-03 1.110557581e-03

