7.368879063e-18 4.095870243e-01 4.852801927e-03 1.587576868e-04 1.587576868e-04 7.368879063e-18
3.883813281e-03 7.368879063e-18 3.230910544e-01 1.730891172e-03 7.368879063e-18 4.000443029e-04
1.357359129e-03 2.367825816e-01 0.000000000e+00 4.000443029e-04 1.587576868e-04 1.587576868e-04
4.000443029e-04 1.587576868e-04 8.618693236e-03 5.872951861e-03 7.368879063e-18 1.587576868e-04
1.587576868e-04 7.368879063e-18 4.000443029e-04 4.000443029e-04 7.368879063e-18 1.587576868e-04
1.587576868e-04 1.587576868e-04 1.587576868e-04 1.587576868e-04 1.587576868e-04 1.587576868e-04

1.345027454e-03 4.084840900e-01 5.879355364e-02 8.543605236e-02 2.118285503e-04 3.390531985e-02
1.049309390e-01 0.000000000e+00 9.440901641e-02 0.000000000e+00 1.715811257e-02 1.974601671e-02
3.390531985e-02 9.832210336e-02 0.000000000e+00 9.259404479e-03 3.389256804e-03 1.345027454e-03
5.337744990e-04 2.118285503e-04 5.337744990e-04 1.715811257e-02 5.337744990e-04 5.337744990e-04
1.345027454e-03 2.118285503e-04 2.118285503e-04 2.118285503e-04 1.345027454e-03 9.165289069e-04
2.118285503e-04 2.118285503e-04 5.337744990e-04 1.811108629e-03 2.309508125e-03 5.337744990e-04

5.910319754e-04 8.934832577e-03 5.910319754e-04 5.910319754e-04 0.000000000e+00 1.167909820e-03
2.942948333e-03 0.000000000e+00 4.175486726e-03 0.000000000e+00 3.442093252e-04 5.910319754e-04
8.184248111e-01 2.557246838e-03 0.000000000e+00 1.365995612e-04 3.442093252e-04 1.365995612e-04
1.419223381e-01 0.000000000e+00 1.365995612e-04 3.442093252e-04 1.365995612e-04 6.340389980e-18
6.340389980e-18 2.185592979e-03 5.910319754e-04 6.340389980e-18 5.910319754e-04 8.673531487e-04
9.456511606e-03 1.167909820e-03 6.340389980e-18 1.365995612e-04 5.910319754e-04 3.442093252e-04

2.983609869e-03 2.857679125e-02 2.107842540e-02 3.743579177e-02 0.000000000e+00 1.419981500e-02
9.233742275e-03 0.000000000e+00 2.983609869e-03 0.000000000e+00 1.593744464e-04 4.015984395e-04
4.510425114e-02 6.966541858e-03 0.000000000e+00 7.993685091e-01 7.518225756e-03 1.593744464e-04
4.015984395e-04 0.000000000e+00 1.593744464e-04 0.000000000e+00 4.015984395e-04 1.011964655e-03
0.000000000e+00 4.378516767e-03 4.378516767e-03 1.011964655e-03 2.549991141e-03 1.011964655e-03
1.011964655e-03 4.015984395e-04 6.895731803e-04 2.549991141e-03 2.134106437e-03 1.737615530e-03

3.832629941e-02 3.698745002e-02 3.698745002e-02 3.698745002e-02 0.000000000e+00 3.698745002e-02
3.698745002e-02 0.000000000e+00 3.698745002e-02 0.000000000e+00 3.698745002e-02 3.698745002e-02
3.698745002e-02 3.698745002e-02 0.000000000e+00 0.000000000e+00 3.698745002e-02 3.698745002e-02
3.698745002e-02 0.000000000e+00 0.000000000e+00 0.000000000e+00 3.698745002e-02 3.698745002e-02
0.000000000e+00 3.698745002e-02 3.698745002e-02 3.698745002e-02 3.698745002e-02 3.698745002e-02
3.698745002e-02 3.698745002e-02 3.698745002e-02 3.698745002e-02 3.698745002e-02 3.698745002e-02

