1.337107289e-04 1.337107289e-04 1.083056904e-02 1.337107289e-04 1.337107289e-04 1.337107289e-04
1.337107289e-04 1.337107289e-04 7.564442199e-02 8.490102071e-04 6.206302263e-18 1.337107289e-04
4.511666306e-03 3.422994661e-02 6.206302263e-18 8.596708129e-01 1.337107289e-04 1.337107289e-04
1.337107289e-04 5.785327241e-04 8.745877118e-03 3.369299240e-04 6.206302263e-18 1.337107289e-04
1.337107289e-04 6.206302263e-18 1.337107289e-04 6.206302263e-18 6.206302263e-18 3.369299240e-04
6.206302263e-18 8.490102071e-04 1.337107289e-04 1.143210651e-03 1.337107289e-04 1.337107289e-04

1.074977600e-04 4.989604025e-18 7.441852714e-03 4.989604025e-18 4.989604025e-18 4.989604025e-18
4.989604025e-18 4.989604025e-18 9.800350462e-01 1.074977600e-04 4.989604025e-18 4.989604025e-18
1.172018361e-03 1.092109167e-02 0.000000000e+00 0.000000000e+00 4.989604025e-18 4.989604025e-18
4.989604025e-18 1.074977600e-04 1.074977600e-04 4.989604025e-18 4.989604025e-18 4.989604025e-18
4.989604025e-18 4.989604025e-18 4.989604025e-18 4.989604025e-18 4.989604025e-18 4.989604025e-18
4.989604025e-18 4.989604025e-18 4.989604025e-18 4.989604025e-18 4.989604025e-18 4.989604025e-18

4.924377422e-18 4.924377422e-18 2.436804457e-02 4.924377422e-18 4.924377422e-18 4.924377422e-18
4.924377422e-18 0.000000000e+00 9.755258629e-01 4.924377422e-18 4.924377422e-18 4.924377422e-18
4.924377422e-18 1.060924955e-04 0.000000000e+00 0.000000000e+00 4.924377422e-18 4.924377422e-18
4.924377422e-18 4.924377422e-18 4.924377422e-18 0.000000000e+00 4.924377422e-18 4.924377422e-18
4.924377422e-18 4.924377422e-18 4.924377422e-18 4.924377422e-18 4.924377422e-18 4.924377422e-18
4.924377422e-18 4.924377422e-18 4.924377422e-18 4.924377422e-18 4.924377422e-18 4.924377422e-18

4.751823179e-18 4.751823179e-18 2.504477793e-03 4.751823179e-18 4.751823179e-18 4.751823179e-18
4.751823179e-18 0.000000000e+00 9.965406970e-01 0.000000000e+00 4.751823179e-18 4.751823179e-18
1.023749270e-04 1.023749270e-04 0.000000000e+00 0.000000000e+00 4.751823179e-18 4.751823179e-18
4.751823179e-18 4.751823179e-18 1.023749270e-04 0.000000000e+00 1.023749270e-04 4.751823179e-18
4.751823179e-18 4.751823179e-18 4.751823179e-18 0.000000000e+00 4.751823179e-18 4.751823179e-18
4.751823179e-18 4.751823179e-18 4.751823179e-18 4.751823179e-18 4.429505833e-04 1.023749270e-04

3.609445831e-02 3.609445831e-02 3.609445831e-02 3.609445831e-02 3.609445831e-02 3.609445831e-02
3.609445831e-02 0.000000000e+00 3.476385421e-02 0.000000000e+00 3.609445831e-02 3.609445831e-02
3.609445831e-02 3.609445831e-02 0.000000000e+00 0.000000000e+00 3.609445831e-02 3.609445831e-02
3.609445831e-02 3.609445831e-02 0.000000000e+00 0.000000000e+00 3.609445831e-02 3.609445831e-02
3.609445831e-02 3.609445831e-02 3.609445831e-02 0.000000000e+00 3.476385421e-02 3.476385421e-02
3.476385421e-02 3.476385421e-02 3.476385421e-02 0.000000000e+00 3.476385421e-02 3.476385421e-02

3.917969513e-02 3.917969513e-02 3.917969513e-02 3.917969513e-02 3.917969513e-02 3.917969513e-02
0.000000000e+00 0.000000000e+00 0.000000000e+00 0.000000000e+00 3.784597560e-02 3.917969513e-02
3.917969513e-02 3.917969513e-02 0.000000000e+00 0.000000000e+00 3.917969513e-02 3.917969513e-02
3.917969513e-02 3.784597560e-02 0.000000000e+00 0.000000000e+00 3.784597560e-02 3.784597560e-02
3.784597560e-02 3.784597560e-02 3.784597560e-02 0.000000000e+00 3.784597560e-02 3.784597560e-02
3.784597560e-02 3.784597560e-02 3.784597560e-02 0.000000000e+00 3.784597560e-02 3.784597560e-02

