4.797614235e-04 1.318551270e-01 1.208923033e-03 7.004186663e-02 1.854104702e-02 8.837280979e-18
8.837280979e-18 0.000000000e+00 8.837280979e-18 2.316371915e-01 8.837280979e-18 4.797614235e-04
1.618810597e-02 2.347402858e-02 3.587622241e-01 1.228189244e-01 8.837280979e-18 4.797614235e-04
4.797614235e-04 8.837280979e-18 4.101902471e-03 4.797614235e-04 8.837280979e-18 1.033614654e-02
7.676182775e-03 8.837280979e-18 8.837280979e-18 8.837280979e-18 8.837280979e-18 4.797614235e-04
8.837280979e-18 8.837280979e-18 8.837280979e-18 4.797614235e-04 8.837280979e-18 8.837280979e-18

7.174896562e-18 7.174896562e-18 1.321627247e-03 7.174896562e-18 7.174896562e-18 7.174896562e-18
7.174896562e-18 0.000000000e+00 0.000000000e+00 5.298907395e-01 7.174896562e-18 7.174896562e-18
9.815120434e-04 3.957208589e-02 7.174896562e-18 2.499592531e-01 0.000000000e+00 7.174896562e-18
7.174896562e-18 7.174896562e-18 1.513095627e-01 2.696521957e-02 7.174896562e-18 7.174896562e-18
7.174896562e-18 7.174896562e-18 7.174896562e-18 7.174896562e-18 7.174896562e-18 7.174896562e-18
7.174896562e-18 7.174896562e-18 7.174896562e-18 7.174896562e-18 7.174896562e-18 7.174896562e-18

5.117133828e-18 5.117133828e-18 3.863730270e-02 1.476241790e-03 5.117133828e-18 5.117133828e-18
5.117133828e-18 0.000000000e+00 0.000000000e+00 5.117133828e-18 2.778007642e-04 5.117133828e-18
5.117133828e-18 0.000000000e+00 0.000000000e+00 9.579660566e-01 0.000000000e+00 5.117133828e-18
5.117133828e-18 5.117133828e-18 9.425841102e-04 7.000140609e-04 5.117133828e-18 5.117133828e-18
5.117133828e-18 5.117133828e-18 5.117133828e-18 5.117133828e-18 5.117133828e-18 5.117133828e-18
5.117133828e-18 5.117133828e-18 5.117133828e-18 5.117133828e-18 5.117133828e-18 5.117133828e-18

5.436370434e-18 5.436370434e-18 1.120332594e-01 8.843463758e-01 2.951315935e-04 5.436370434e-18
5.436370434e-18 0.000000000e+00 0.000000000e+00 0.000000000e+00 5.436370434e-18 2.523339630e-03
5.436370434e-18 0.000000000e+00 0.000000000e+00 0.000000000e+00 0.000000000e+00 5.436370434e-18
5.436370434e-18 5.436370434e-18 5.067620078e-04 2.951315935e-04 5.436370434e-18 5.436370434e-18
5.436370434e-18 5.436370434e-18 5.436370434e-18 5.436370434e-18 5.436370434e-18 5.436370434e-18
5.436370434e-18 5.436370434e-18 5.436370434e-18 5.436370434e-18 5.436370434e-18 5.436370434e-18

4.760748381e-18 0.000000000e+00 3.135208044e-03 9.956966244e-01 4.760748381e-18 4.760748381e-18
4.760748381e-18 0.000000000e+00 0.000000000e+00 0.000000000e+00 0.000000000e+00 6.512612176e-04
2.584531855e-04 0.000000000e+00 0.000000000e+00 0.000000000e+00 0.000000000e+00 4.760748381e-18
4.760748381e-18 4.760748381e-18 4.760748381e-18 2.584531855e-04 4.760748381e-18 4.760748381e-18
4.760748381e-18 4.760748381e-18 4.760748381e-18 4.760748381e-18 4.760748381e-18 4.760748381e-18
4.760748381e-18 4.760748381e-18 4.760748381e-18 4.760748381e-18 4.760748381e-18 4.760748381e-18

4.000000000e-02 0.000000000e+00 4.000000000e-02 4.000000000e-02 4.000000000e-02 4.000000000e-02
0.000000000e+00 0.000000000e+00 0.000000000e+00 0.000000000e+00 0.000000000e+00 4.000000000e-02
4.000000000e-02 0.000000000e+00 0.000000000e+00 0.000000000e+00 0.000000000e+00 4.000000000e-02
4.000000000e-02 4.000000000e-02 4.000000000e-02 4.000000000e-02 4.000000000e-02 4.000000000e-02
4.000000000e-02 4.000000000e-02 4.000000000e-02 4.000000000e-02 4.000000000e-02 4.000000000e-02
4.000000000e-02 4.000000000e-02 0.000000000e+00 4.000000000e-02 4.000000000e-02 4.000000000e-02

