6.793969232e-18 6.793969232e-18 6.793969232e-18 6.793969232e-18 6.793969232e-18 6.793969232e-18
6.793969232e-18 0.000000000e+00 6.104921063e-01 6.333132613e-04 6.793969232e-18 6.793969232e-18
6.793969232e-18 6.793969232e-18 2.642996580e-01 7.528155532e-02 1.463716300e-04 6.793969232e-18
6.793969232e-18 1.463716300e-04 3.983119285e-02 9.023059409e-03 6.793969232e-18 6.793969232e-18
6.793969232e-18 6.793969232e-18 6.793969232e-18 1.463716300e-04 6.793969232e-18 6.793969232e-18
6.793969232e-18 6.793969232e-18 6.793969232e-18 6.793969232e-18 6.793969232e-18 6.793969232e-18

1.619108180e-04 1.619108180e-04 1.619108180e-04 7.005474229e-04 1.619108180e-04 1.619108180e-04
1.619108180e-04 0.000000000e+00 4.269787797e-01 7.005474229e-04 7.005474229e-04 1.619108180e-04
1.619108180e-04 0.000000000e+00 0.000000000e+00 3.223371484e-02 1.619108180e-04 1.619108180e-04
4.079896955e-04 1.619108180e-04 3.812104528e-01 7.515234447e-02 1.619108180e-04 1.619108180e-04
1.619108180e-04 1.619108180e-04 1.619108180e-04 1.028069611e-03 7.716305775e-02 1.619108180e-04
1.619108180e-04 1.619108180e-04 1.619108180e-04 1.619108180e-04 1.619108180e-04 1.619108180e-04

2.929199417e-03 3.022469835e-01 8.497587067e-18 4.492463346e-02 8.497587067e-18 8.497587067e-18
8.497587067e-18 0.000000000e+00 5.382368417e-02 4.613200007e-04 5.029644438e-03 8.497587067e-18
8.497587067e-18 0.000000000e+00 0.000000000e+00 2.112755350e-01 1.830749636e-04 1.162453559e-03
3.116186595e-01 4.613200007e-04 0.000000000e+00 7.921193627e-04 0.000000000e+00 8.497587067e-18
1.162453559e-03 7.921193627e-04 1.830749636e-04 1.162453559e-03 1.556585563e-02 4.613200007e-04
8.497587067e-18 1.830749636e-04 4.110231480e-02 8.497587067e-18 4.478705815e-03 8.497587067e-18

1.169249329e-04 1.169249329e-04 5.427174627e-18 1.237634429e-02 5.427174627e-18 5.427174627e-18
5.427174627e-18 0.000000000e+00 0.000000000e+00 1.169249329e-04 1.169249329e-04 5.427174627e-18
5.427174627e-18 0.000000000e+00 0.000000000e+00 2.931081280e-02 1.169249329e-04 1.169249329e-04
1.089938856e-02 1.169249329e-04 0.000000000e+00 9.444085761e-01 0.000000000e+00 5.427174627e-18
1.169249329e-04 1.169249329e-04 5.427174627e-18 0.000000000e+00 7.424270457e-04 1.169249329e-04
1.169249329e-04 1.169249329e-04 7.424270457e-04 5.427174627e-18 1.169249329e-04 5.427174627e-18

6.828787000e-18 1.471217561e-04 6.828787000e-18 1.342211691e-01 6.828787000e-18 6.828787000e-18
6.828787000e-18 0.000000000e+00 0.000000000e+00 6.828787000e-18 1.471217561e-04 6.828787000e-18
6.828787000e-18 0.000000000e+00 0.000000000e+00 1.162140379e-01 6.405651192e-01 6.828787000e-18
1.079698215e-01 1.471217561e-04 0.000000000e+00 6.828787000e-18 0.000000000e+00 6.828787000e-18
1.471217561e-04 0.000000000e+00 0.000000000e+00 0.000000000e+00 1.471217561e-04 1.471217561e-04
6.828787000e-18 1.471217561e-04 6.828787000e-18 6.828787000e-18 6.828787000e-18 6.828787000e-18

6.374285521e-18 1.373298185e-04 6.374285521e-18 3.442592187e-02 6.374285521e-18 6.374285521e-18
6.374285521e-18 0.000000000e+00 0.000000000e+00 3.772881580e-03 6.374285521e-18 6.374285521e-18
6.374285521e-18 0.000000000e+00 0.000000000e+00 1.497269047e-03 7.684882300e-01 6.374285521e-18
3.297650507e-02 0.000000000e+00 0.000000000e+00 0.000000000e+00 0.000000000e+00 6.374285521e-18
1.373298185e-04 0.000000000e+00 0.000000000e+00 0.000000000e+00 1.542293942e-01 6.374285521e-18
6.374285521e-18 4.197808757e-03 1.373298185e-04 6.374285521e-18 6.374285521e-18 6.374285521e-18

