7.312828517e-18 7.312828517e-18 7.312828517e-18 7.312828517e-18 7.312828517e-18 7.312828517e-18
7.312828517e-18 7.312828517e-18 3.375484299e-02 6.816797544e-04 7.312828517e-18 7.312828517e-18
7.312828517e-18 2.083714428e-02 1.222292563e-01 7.312828517e-18 3.970014111e-04 7.312828517e-18
7.312828517e-18 7.312828517e-18 5.795947429e-02 6.740513025e-01 4.806724190e-02 7.312828517e-18
7.312828517e-18 7.312828517e-18 7.312828517e-18 4.202205662e-02 7.312828517e-18 7.312828517e-18
7.312828517e-18 7.312828517e-18 7.312828517e-18 7.312828517e-18 7.312828517e-18 7.312828517e-18

6.727009954e-18 6.727009954e-18 6.727009954e-18 6.727009954e-18 6.727009954e-18 6.727009954e-18
6.727009954e-18 6.727009954e-18 6.727009954e-18 1.878280307e-01 6.727009954e-18 6.727009954e-18
6.727009954e-18 6.727009954e-18 3.547543495e-01 0.000000000e+00 6.727009954e-18 6.727009954e-18
6.727009954e-18 6.727009954e-18 6.727009954e-18 6.727009954e-18 6.727009954e-18 6.727009954e-18
6.727009954e-18 0.000000000e+00 6.727009954e-18 4.500697710e-01 6.727009954e-18 6.727009954e-18
6.727009954e-18 6.727009954e-18 6.727009954e-18 7.347848697e-03 6.727009954e-18 6.727009954e-18

8.355160554e-18 8.355160554e-18 8.355160554e-18 8.355160554e-18 8.355160554e-18 8.355160554e-18
8.355160554e-18 8.355160554e-18 3.315747663e-02 0.000000000e+00 9.487352711e-02 8.355160554e-18
8.355160554e-18 8.355160554e-18 6.939270279e-02 0.000000000e+00 5.502321166e-03 8.355160554e-18
8.355160554e-18 1.642223454e-01 8.355160554e-18 0.000000000e+00 1.434640693e-01 2.139725854e-02
8.355160554e-18 0.000000000e+00 8.355160554e-18 4.473818397e-01 8.355160554e-18 8.355160554e-18
8.355160554e-18 8.355160554e-18 8.355160554e-18 2.060845933e-02 8.355160554e-18 8.355160554e-18

5.468772769e-18 5.468772769e-18 5.468772769e-18 5.468772769e-18 5.468772769e-18 5.468772769e-18
5.468772769e-18 5.468772769e-18 5.468772769e-18 0.000000000e+00 1.885138202e-03 5.468772769e-18
5.468772769e-18 5.468772769e-18 1.405673947e-01 0.000000000e+00 5.468772769e-18 5.468772769e-18
5.468772769e-18 0.000000000e+00 0.000000000e+00 0.000000000e+00 5.468772769e-18 5.468772769e-18
5.468772769e-18 0.000000000e+00 5.468772769e-18 8.575474671e-01 5.468772769e-18 5.468772769e-18
5.468772769e-18 5.468772769e-18 5.468772769e-18 5.468772769e-18 5.468772769e-18 5.468772769e-18

5.189145916e-18 5.189145916e-18 5.189145916e-18 5.189145916e-18 5.189145916e-18 5.189145916e-18
4.135717781e-03 5.189145916e-18 5.189145916e-18 0.000000000e+00 2.734971446e-03 5.189145916e-18
5.189145916e-18 0.000000000e+00 0.000000000e+00 0.000000000e+00 5.189145916e-18 5.189145916e-18
5.189145916e-18 0.000000000e+00 0.000000000e+00 0.000000000e+00 5.189145916e-18 1.117967597e-04
5.189145916e-18 0.000000000e+00 5.189145916e-18 9.499197353e-01 5.189145916e-18 5.189145916e-18
5.189145916e-18 5.189145916e-18 5.189145916e-18 4.309777867e-02 5.189145916e-18 5.189145916e-18

