6.083106025e-18 1.310565464e-04 1.120517710e-03 1.310565464e-04 6.182375692e-03 6.083106025e-18
1.310565464e-04 6.083106025e-18 1.310565464e-04 3.302418032e-04 3.078414197e-02 1.120517710e-03
1.310565464e-04 6.083106025e-18 3.302418032e-04 8.803673476e-01 6.083106025e-18 6.002133426e-02
1.310565464e-04 6.083106025e-18 6.083106025e-18 1.754915081e-03 1.009461709e-02 3.302418032e-04
1.310565464e-04 6.083106025e-18 6.083106025e-18 1.310565464e-04 1.310565464e-04 1.310565464e-04
6.083106025e-18 1.310565464e-04 5.728715848e-03 1.310565464e-04 1.310565464e-04 1.310565464e-04

5.290769887e-18 1.139861818e-04 2.872271797e-04 1.139861818e-04 1.139861818e-04 5.290769887e-18
5.290769887e-18 5.290769887e-18 5.290769887e-18 5.290769887e-18 1.206528151e-02 2.872271797e-04
5.290769887e-18 5.290769887e-18 0.000000000e+00 1.559309033e-02 0.000000000e+00 2.788532988e-03
5.290769887e-18 5.290769887e-18 1.139861818e-04 9.626906435e-01 5.290769887e-18 1.242759830e-03
5.290769887e-18 5.290769887e-18 5.290769887e-18 1.139861818e-04 3.846120800e-03 1.139861818e-04
5.290769887e-18 2.872271797e-04 1.139861818e-04 1.139861818e-04 5.290769887e-18 5.290769887e-18

5.505872060e-18 5.505872060e-18 5.505872060e-18 5.505872060e-18 5.505872060e-18 5.505872060e-18
5.505872060e-18 5.505872060e-18 5.505872060e-18 5.505872060e-18 1.186204177e-04 2.989047223e-04
5.505872060e-18 5.505872060e-18 0.000000000e+00 1.186204177e-04 0.000000000e+00 1.186204177e-04
5.505872060e-18 5.505872060e-18 5.505872060e-18 8.444262371e-01 0.000000000e+00 1.546817561e-01
5.505872060e-18 5.505872060e-18 0.000000000e+00 1.186204177e-04 5.505872060e-18 1.186204177e-04
5.505872060e-18 5.505872060e-18 5.505872060e-18 5.505872060e-18 5.505872060e-18 5.505872060e-18

4.724633349e-18 4.724633349e-18 4.724633349e-18 4.724633349e-18 4.724633349e-18 4.724633349e-18
4.724633349e-18 4.724633349e-18 4.724633349e-18 4.724633349e-18 4.724633349e-18 4.724633349e-18
4.724633349e-18 0.000000000e+00 0.000000000e+00 3.765504086e-03 0.000000000e+00 4.724633349e-18
4.724633349e-18 4.724633349e-18 4.724633349e-18 4.724633349e-18 0.000000000e+00 9.962344959e-01
4.724633349e-18 4.724633349e-18 0.000000000e+00 4.724633349e-18 0.000000000e+00 4.724633349e-18
4.724633349e-18 4.724633349e-18 4.724633349e-18 4.724633349e-18 4.724633349e-18 4.724633349e-18

