6.243298529e-18 6.243298529e-18 6.243298529e-18 6.243298529e-18 6.243298529e-18 6.243298529e-18
1.345077893e-04 6.819495329e-03 6.243298529e-18 8.439814947e-01 3.300676955e-02 6.243298529e-18
6.243298529e-18 3.389383903e-04 6.345182363e-03 8.138803113e-02 5.819814041e-04 6.243298529e-18
6.243298529e-18 3.389383903e-04 1.963721170e-02 0.000000000e+00 6.819495329e-03 6.243298529e-18
6.243298529e-18 6.243298529e-18 1.345077893e-04 1.345077893e-04 6.243298529e-18 3.389383903e-04
6.243298529e-18 6.243298529e-18 6.243298529e-18 6.243298529e-18 6.243298529e-18 6.243298529e-18

3.951923815e-04 1.568322005e-04 1.568322005e-04 2.436158111e-02 3.951923815e-04 2.100064448e-03
3.951923815e-04 3.951923815e-04 0.000000000e+00 8.466929292e-02 2.057677115e-01 1.568322005e-04
1.568322005e-04 1.568322005e-04 1.568322005e-04 6.507626618e-01 1.397330804e-02 1.568322005e-04
2.100064448e-03 2.100064448e-03 0.000000000e+00 0.000000000e+00 1.568322005e-04 3.951923815e-04
1.568322005e-04 1.568322005e-04 1.568322005e-04 1.568322005e-04 3.378847333e-03 2.100064448e-03
1.568322005e-04 1.568322005e-04 6.785735214e-04 1.340896453e-03 2.100064448e-03 3.951923815e-04

1.410788778e-04 1.410788778e-04 1.410788778e-04 8.957950363e-04 1.410788778e-04 1.410788778e-04
1.410788778e-04 1.410788778e-04 0.000000000e+00 8.957950363e-04 9.386212684e-02 1.410788778e-04
1.410788778e-04 1.410788778e-04 1.410788778e-04 0.000000000e+00 1.410788778e-04 1.716399148e-01
7.658939826e-03 1.410788778e-04 0.000000000e+00 0.000000000e+00 0.000000000e+00 1.410788778e-04
1.410788778e-04 1.410788778e-04 1.410788778e-04 1.410788778e-04 8.957950363e-04 6.104128528e-04
1.410788778e-04 1.410788778e-04 7.202964064e-01 1.410788778e-04 1.410788778e-04 1.410788778e-04

1.036998616e-04 1.036998616e-04 1.036998616e-04 1.036998616e-04 1.036998616e-04 1.036998616e-04
1.036998616e-04 1.036998616e-04 0.000000000e+00 1.036998616e-04 0.000000000e+00 1.036998616e-04
1.036998616e-04 1.036998616e-04 1.036998616e-04 0.000000000e+00 1.036998616e-04 9.970964039e-01
1.036998616e-04 1.036998616e-04 0.000000000e+00 0.000000000e+00 0.000000000e+00 1.036998616e-04
1.036998616e-04 1.036998616e-04 1.036998616e-04 0.000000000e+00 1.036998616e-04 1.036998616e-04
1.036998616e-04 1.036998616e-04 1.036998616e-04 1.036998616e-04 1.036998616e-04 1.036998616e-04

