1.798390188e-04 1.960735106e-03 7.781182427e-04 7.905188588e-02 4.520520000e-01 1.798390188e-04
1.798390188e-04 1.798390188e-04 4.531659307e-04 7.905188588e-02 8.347387814e-18 8.795523839e-02
1.798390188e-04 1.798390188e-04 1.798390188e-04 1.798390188e-04 2.316337674e-01 6.068126678e-03
4.531659307e-04 8.347387814e-18 1.798390188e-04 1.141906590e-03 1.798390188e-04 1.960735106e-03
1.798390188e-04 1.798390188e-04 1.798390188e-04 1.798390188e-04 1.798390188e-04 5.188175331e-02
1.798390188e-04 1.798390188e-04 1.798390188e-04 1.960735106e-03 1.798390188e-04 1.798390188e-04

7.043764457e-18 7.043764457e-18 7.043764457e-18 7.043764457e-18 6.656662092e-01 7.043764457e-18
7.043764457e-18 7.043764457e-18 3.823943666e-04 6.856559657e-02 0.000000000e+00 9.082079905e-02
7.043764457e-18 7.043764457e-18 7.043764457e-18 0.000000000e+00 7.043764457e-18 4.799763542e-02
7.043764457e-18 7.043764457e-18 7.043764457e-18 9.635734237e-04 1.241824048e-01 6.565984166e-04
7.043764457e-18 7.043764457e-18 7.043764457e-18 7.043764457e-18 7.043764457e-18 3.823943666e-04
7.043764457e-18 3.823943666e-04 7.043764457e-18 7.043764457e-18 7.043764457e-18 7.043764457e-18

6.189611980e-18 1.333511477e-04 1.333511477e-04 1.333511477e-04 2.212897110e-01 6.189611980e-18
6.189611980e-18 3.360238360e-04 6.189611980e-18 7.416139906e-01 0.000000000e+00 1.703628460e-02
6.189611980e-18 6.189611980e-18 6.290619708e-03 0.000000000e+00 0.000000000e+00 3.360238360e-04
6.189611980e-18 6.189611980e-18 1.333511477e-04 1.243059062e-02 0.000000000e+00 6.189611980e-18
6.189611980e-18 6.189611980e-18 6.189611980e-18 6.189611980e-18 6.189611980e-18 1.333511477e-04
6.189611980e-18 6.189611980e-18 6.189611980e-18 6.189611980e-18 6.189611980e-18 6.189611980e-18

5.871452114e-18 1.264966012e-04 3.187514611e-04 2.774887182e-02 8.573792968e-01 5.871452114e-18
5.871452114e-18 1.264966012e-04 0.000000000e+00 0.000000000e+00 0.000000000e+00 3.187514611e-04
5.871452114e-18 5.871452114e-18 1.044174664e-01 0.000000000e+00 0.000000000e+00 5.529392491e-03
5.871452114e-18 5.871452114e-18 8.032033510e-04 5.871452114e-18 0.000000000e+00 5.871452114e-18
5.871452114e-18 5.871452114e-18 5.871452114e-18 2.725286657e-03 1.264966012e-04 1.264966012e-04
5.871452114e-18 5.871452114e-18 5.871452114e-18 1.264966012e-04 5.871452114e-18 1.264966012e-04

5.748417710e-18 5.748417710e-18 9.136203034e-01 1.206046105e-02 1.582194173e-02 5.748417710e-18
5.748417710e-18 1.981534484e-03 0.000000000e+00 0.000000000e+00 0.000000000e+00 5.748417710e-18
5.748417710e-18 5.748417710e-18 5.748417710e-18 0.000000000e+00 0.000000000e+00 6.723390140e-03
5.748417710e-18 5.748417710e-18 3.847606163e-02 0.000000000e+00 0.000000000e+00 5.748417710e-18
5.748417710e-18 5.748417710e-18 0.000000000e+00 5.748417710e-18 5.748417710e-18 7.863724812e-04
5.748417710e-18 5.748417710e-18 5.748417710e-18 1.052993508e-02 5.748417710e-18 5.748417710e-18

6.215865979e-18 6.215865979e-18 5.758300656e-01 2.507023017e-03 8.503185050e-04 6.215865979e-18
6.215865979e-18 6.215865979e-18 0.000000000e+00 0.000000000e+00 0.000000000e+00 1.339167730e-04
6.215865979e-18 6.215865979e-18 0.000000000e+00 0.000000000e+00 0.000000000e+00 1.031492575e-02
6.215865979e-18 6.215865979e-18 4.052426931e-01 0.000000000e+00 0.000000000e+00 1.339167730e-04
6.215865979e-18 6.215865979e-18 0.000000000e+00 2.507023017e-03 6.215865979e-18 0.000000000e+00
6.215865979e-18 6.215865979e-18 6.215865979e-18 2.142668367e-03 6.215865979e-18 3.374491223e-04

5.082059874e-18 1.094896609e-04 9.697671768e-01 1.094896609e-04 2.758966570e-04 5.082059874e-18
2.358883236e-03 5.082059874e-18 0.000000000e+00 0.000000000e+00 0.000000000e+00 5.082059874e-18
1.094896609e-04 2.458161630e-02 0.000000000e+00 0.000000000e+00 0.000000000e+00 1.751834574e-03
5.082059874e-18 5.082059874e-18 0.000000000e+00 0.000000000e+00 0.000000000e+00 5.082059874e-18
5.082059874e-18 5.082059874e-18 0.000000000e+00 5.082059874e-18 0.000000000e+00 0.000000000e+00
5.082059874e-18 5.082059874e-18 5.082059874e-18 9.361234326e-04 5.082059874e-18 5.082059874e-18

