8.200758039e-18 8.200758039e-18 8.200758039e-18 8.200758039e-18 8.200758039e-18 8.200758039e-18
8.200758039e-18 1.766799761e-04 1.766799761e-04 7.337888385e-02 8.200758039e-18 8.200758039e-18
8.200758039e-18 8.200758039e-18 5.588162366e-02 3.344746393e-01 1.946073421e-02 8.200758039e-18
8.200758039e-18 7.766326462e-02 3.754739243e-01 8.200758039e-18 2.826879617e-03 8.200758039e-18
8.200758039e-18 8.200758039e-18 4.807881281e-02 1.223119774e-02 1.766799761e-04 8.200758039e-18
8.200758039e-18 8.200758039e-18 8.200758039e-18 8.200758039e-18 8.200758039e-18 8.200758039e-18

4.958571401e-18 4.958571401e-18 4.958571401e-18 4.958571401e-18 4.958571401e-18 4.958571401e-18
4.958571401e-18 4.958571401e-18 4.958571401e-18 4.958571401e-18 4.958571401e-18 4.958571401e-18
4.958571401e-18 4.958571401e-18 4.958571401e-18 0.000000000e+00 4.958571401e-18 4.958571401e-18
4.958571401e-18 4.958571401e-18 9.697664815e-01 0.000000000e+00 4.958571401e-18 3.023351850e-02
4.958571401e-18 4.958571401e-18 4.958571401e-18 4.958571401e-18 4.958571401e-18 4.958571401e-18
4.958571401e-18 4.958571401e-18 4.958571401e-18 4.958571401e-18 4.958571401e-18 4.958571401e-18

6.135700664e-18 6.135700664e-18 6.135700664e-18 6.135700664e-18 6.135700664e-18 6.135700664e-18
6.135700664e-18 6.135700664e-18 6.135700664e-18 6.135700664e-18 6.135700664e-18 6.135700664e-18
6.135700664e-18 6.135700664e-18 3.243792634e-02 0.000000000e+00 0.000000000e+00 6.135700664e-18
6.135700664e-18 6.135700664e-18 5.870332448e-01 0.000000000e+00 0.000000000e+00 3.805288288e-01
6.135700664e-18 6.135700664e-18 6.135700664e-18 6.135700664e-18 6.135700664e-18 6.135700664e-18
6.135700664e-18 6.135700664e-18 6.135700664e-18 6.135700664e-18 6.135700664e-18 6.135700664e-18

5.540982290e-18 5.540982290e-18 5.540982290e-18 5.540982290e-18 5.540982290e-18 5.540982290e-18
5.540982290e-18 2.929379793e-02 5.540982290e-18 0.000000000e+00 5.540982290e-18 5.540982290e-18
5.540982290e-18 5.540982290e-18 5.540982290e-18 0.000000000e+00 0.000000000e+00 5.540982290e-18
5.540982290e-18 5.540982290e-18 3.248527137e-02 0.000000000e+00 0.000000000e+00 9.162315279e-01
5.540982290e-18 5.540982290e-18 5.540982290e-18 5.540982290e-18 0.000000000e+00 5.540982290e-18
5.540982290e-18 5.540982290e-18 5.540982290e-18 5.540982290e-18 5.540982290e-18 2.198940279e-02

3.609445831e-02 3.609445831e-02 3.609445831e-02 3.609445831e-02 3.609445831e-02 3.609445831e-02
3.609445831e-02 3.609445831e-02 3.609445831e-02 0.000000000e+00 0.000000000e+00 3.609445831e-02
3.609445831e-02 3.609445831e-02 0.000000000e+00 0.000000000e+00 0.000000000e+00 3.609445831e-02
3.609445831e-02 3.609445831e-02 3.609445831e-02 0.000000000e+00 0.000000000e+00 3.476385421e-02
3.609445831e-02 3.609445831e-02 3.609445831e-02 3.609445831e-02 0.000000000e+00 3.476385421e-02
3.476385421e-02 3.476385421e-02 3.476385421e-02 3.476385421e-02 3.476385421e-02 3.476385421e-02

