1.880970534e-04 8.730691826e-18 1.880970534e-04 4.739748740e-04 1.880970534e-04 1.880970534e-04
4.739748740e-04 1.880970534e-04 1.880970534e-04 8.730691826e-18 8.730691826e-18 1.880970534e-04
1.213375677e-01 2.141526341e-01 2.288433444e-01 0.000000000e+00 8.730691826e-18 4.739748740e-04
1.925839509e-01 8.730691826e-18 1.606662935e-01 8.138486833e-04 8.730691826e-18 1.194341842e-03
4.739748740e-04 7.029760997e-02 1.880970534e-04 1.880970534e-04 4.739748740e-04 8.730691826e-18
8.730691826e-18 2.050770175e-03 1.194341842e-03 1.608207185e-03 1.194341842e-03 8.730691826e-18

1.752206555e-04 1.752206555e-04 1.752206555e-04 1.752206555e-04 1.752206555e-04 1.752206555e-04
4.813861919e-03 1.752206555e-04 1.752206555e-04 1.752206555e-04 1.752206555e-04 1.752206555e-04
2.803530488e-03 3.012545737e-01 7.659207978e-03 0.000000000e+00 1.752206555e-04 1.752206555e-04
6.343896524e-02 0.000000000e+00 0.000000000e+00 1.752206555e-04 1.752206555e-04 1.752206555e-04
3.141811131e-02 1.752206555e-04 1.547409718e-01 1.080145370e-02 1.752206555e-04 1.752206555e-04
7.581357453e-04 4.125477610e-01 3.280262859e-03 1.752206555e-04 2.803530488e-03 1.752206555e-04

4.886208467e-04 1.939093115e-04 1.939093115e-04 3.630128598e-03 4.886208467e-04 1.939093115e-04
6.542886379e-03 4.886208467e-04 1.648704055e-02 1.939093115e-04 1.939093115e-04 1.939093115e-04
1.231247380e-03 0.000000000e+00 1.939093115e-04 0.000000000e+00 1.939093115e-04 1.939093115e-04
2.390750727e-02 0.000000000e+00 0.000000000e+00 2.044063118e-01 1.939093115e-04 1.939093115e-04
1.450040217e-01 0.000000000e+00 1.504371547e-01 1.463576139e-01 4.886208467e-04 1.939093115e-04
4.886208467e-04 2.860012560e-01 4.177649474e-03 1.231247380e-03 5.327298015e-03 4.886208467e-04

1.492841612e-04 2.388546579e-03 8.649137311e-03 1.627603941e-03 1.627603941e-03 9.478953381e-04
4.563221345e-03 1.492841612e-04 3.742264371e-02 1.492841612e-04 1.492841612e-04 3.761725142e-04
1.276361624e-03 0.000000000e+00 0.000000000e+00 0.000000000e+00 1.492841612e-04 9.478953381e-04
2.388546579e-03 0.000000000e+00 0.000000000e+00 7.858355993e-01 1.492841612e-04 3.761725142e-04
3.761725142e-04 0.000000000e+00 1.840557393e-02 0.000000000e+00 6.459150520e-04 6.459150520e-04
1.492841612e-04 1.137202315e-01 5.522496013e-03 1.492841612e-04 1.091273838e-02 1.492841612e-04

3.832629941e-02 3.698745002e-02 3.698745002e-02 3.698745002e-02 3.698745002e-02 3.698745002e-02
3.698745002e-02 0.000000000e+00 3.698745002e-02 3.698745002e-02 3.698745002e-02 3.698745002e-02
3.698745002e-02 0.000000000e+00 0.000000000e+00 0.000000000e+00 3.698745002e-02 3.698745002e-02
3.698745002e-02 0.000000000e+00 0.000000000e+00 0.000000000e+00 3.698745002e-02 3.698745002e-02
3.698745002e-02 0.000000000e+00 3.698745002e-02 0.000000000e+00 3.698745002e-02 3.698745002e-02
3.698745002e-02 3.698745002e-02 3.698745002e-02 3.698745002e-02 3.698745002e-02 3.698745002e-02

