1.439980377e-04 3.628523176e-04 1.439980377e-04 6.230433239e-04 3.628523176e-04 1.439980377e-04
1.439980377e-04 6.683796837e-18 6.230433239e-04 1.439980377e-04 6.683796837e-18 3.628523176e-04
1.439980377e-04 1.231165904e-03 1.166384105e-02 5.805637082e-03 1.439980377e-04 3.628523176e-04
2.303968603e-03 3.382399548e-02 6.683796837e-18 7.859378555e-01 1.439980377e-04 1.439980377e-04
1.439980377e-04 1.439980377e-04 1.250786593e-01 1.439980377e-04 1.439980377e-04 1.439980377e-04
6.683796837e-18 3.628523176e-04 2.794866267e-02 1.439980377e-04 3.628523176e-04 6.230433239e-04

7.339413396e-18 7.339413396e-18 7.339413396e-18 7.339413396e-18 7.339413396e-18 7.339413396e-18
7.339413396e-18 7.339413396e-18 7.339413396e-18 7.339413396e-18 7.339413396e-18 1.581228683e-04
7.339413396e-18 7.339413396e-18 1.062738935e-01 0.000000000e+00 7.339413396e-18 7.339413396e-18
7.339413396e-18 3.550029879e-02 0.000000000e+00 5.372066312e-01 7.339413396e-18 7.339413396e-18
7.339413396e-18 6.911833143e-03 7.339413396e-18 8.333963558e-02 7.339413396e-18 7.339413396e-18
7.339413396e-18 7.339413396e-18 2.306095850e-01 7.339413396e-18 7.339413396e-18 7.339413396e-18

5.848563748e-18 3.175088894e-04 1.260034863e-04 5.848563748e-18 1.260034863e-04 1.260034863e-04
5.848563748e-18 3.175088894e-04 3.175088894e-04 3.175088894e-04 5.848563748e-18 1.260034863e-04
3.175088894e-04 5.848563748e-18 0.000000000e+00 0.000000000e+00 3.175088894e-04 1.260034863e-04
3.175088894e-04 6.388330298e-03 0.000000000e+00 5.309168301e-02 5.848563748e-18 5.848563748e-18
5.848563748e-18 2.699603177e-02 0.000000000e+00 1.497795641e-02 5.848563748e-18 5.848563748e-18
5.848563748e-18 5.848563748e-18 8.954414119e-01 1.260034863e-04 5.848563748e-18 1.260034863e-04

5.005273899e-18 5.005273899e-18 5.005273899e-18 5.005273899e-18 5.005273899e-18 5.005273899e-18
5.005273899e-18 5.005273899e-18 5.005273899e-18 5.005273899e-18 5.005273899e-18 1.175699089e-03
1.281832216e-02 0.000000000e+00 0.000000000e+00 0.000000000e+00 5.005273899e-18 5.005273899e-18
5.005273899e-18 9.789002650e-01 0.000000000e+00 5.005273899e-18 2.018759239e-03 5.005273899e-18
5.005273899e-18 5.005273899e-18 0.000000000e+00 0.000000000e+00 5.005273899e-18 5.005273899e-18
5.005273899e-18 5.005273899e-18 5.086954520e-03 5.005273899e-18 5.005273899e-18 5.005273899e-18

5.011465676e-18 5.011465676e-18 5.011465676e-18 5.011465676e-18 5.011465676e-18 2.720642144e-04
5.011465676e-18 5.011465676e-18 5.011465676e-18 3.300318825e-03 5.011465676e-18 1.526428862e-02
4.671536716e-04 0.000000000e+00 0.000000000e+00 0.000000000e+00 0.000000000e+00 5.011465676e-18
5.011465676e-18 9.787062887e-01 0.000000000e+00 0.000000000e+00 2.720642144e-04 5.011465676e-18
5.011465676e-18 5.011465676e-18 0.000000000e+00 0.000000000e+00 2.720642144e-04 5.011465676e-18
5.011465676e-18 5.011465676e-18 1.445757588e-03 5.011465676e-18 5.011465676e-18 5.011465676e-18

5.889530209e-18 5.889530209e-18 5.889530209e-18 5.889530209e-18 5.889530209e-18 5.889530209e-18
5.889530209e-18 5.889530209e-18 5.889530209e-18 5.889530209e-18 5.889530209e-18 3.197328911e-04
3.197328911e-04 0.000000000e+00 0.000000000e+00 0.000000000e+00 0.000000000e+00 0.000000000e+00
4.479552434e-01 5.889530209e-18 0.000000000e+00 0.000000000e+00 0.000000000e+00 5.889530209e-18
5.889530209e-18 5.510855579e-01 0.000000000e+00 0.000000000e+00 5.889530209e-18 5.889530209e-18
5.889530209e-18 5.889530209e-18 3.197328911e-04 5.889530209e-18 5.889530209e-18 5.889530209e-18

4.211050269e-02 4.211050269e-02 4.211050269e-02 4.211050269e-02 4.211050269e-02 4.211050269e-02
4.211050269e-02 4.211050269e-02 4.211050269e-02 4.211050269e-02 4.211050269e-02 4.211050269e-02
4.211050269e-02 0.000000000e+00 0.000000000e+00 0.000000000e+00 0.000000000e+00 0.000000000e+00
0.000000000e+00 0.000000000e+00 0.000000000e+00 0.000000000e+00 0.000000000e+00 4.211050269e-02
4.211050269e-02 4.211050269e-02 0.000000000e+00 0.000000000e+00 4.077899461e-02 4.077899461e-02
4.077899461e-02 4.077899461e-02 4.077899461e-02 4.077899461e-02 4.077899461e-02 4.077899461e-02

4.618203788e-02 4.618203788e-02 4.618203788e-02 4.618203788e-02 4.618203788e-02 4.618203788e-02
4.618203788e-02 4.618203788e-02 4.618203788e-02 4.618203788e-02 4.484830177e-02 4.484830177e-02
4.484830177e-02 0.000000000e+00 0.000000000e+00 0.000000000e+00 0.000000000e+00 0.000000000e+00
0.000000000e+00 0.000000000e+00 0.000000000e+00 0.000000000e+00 0.000000000e+00 4.484830177e-02
4.484830177e-02 0.000000000e+00 0.000000000e+00 0.000000000e+00 4.484830177e-02 4.484830177e-02
4.484830177e-02 4.484830177e-02 4.484830177e-02 0.000000000e+00 4.484830177e-02 4.484830177e-02

