6.468507115e-18 1.393597612e-04 6.468507115e-18 3.409266678e-03 1.393597612e-04 6.468507115e-18
1.393597612e-04 6.468507115e-18 1.393597612e-04 5.208299632e-02 8.848793262e-04 1.393597612e-04
1.393597612e-04 6.468507115e-18 7.750300650e-01 6.468507115e-18 1.458459893e-01 7.565611817e-03
1.393597612e-04 6.468507115e-18 1.866099430e-03 1.073417136e-02 3.511645933e-04 1.393597612e-04
1.393597612e-04 6.468507115e-18 6.468507115e-18 1.393597612e-04 6.468507115e-18 6.468507115e-18
1.393597612e-04 1.393597612e-04 1.393597612e-04 1.393597612e-04 1.393597612e-04 1.393597612e-04

7.032720105e-18 7.032720105e-18 7.032720105e-18 7.032720105e-18 3.817947869e-04 3.817947869e-04
7.032720105e-18 7.032720105e-18 2.940770443e-02 1.049304877e-01 1.515153616e-04 0.000000000e+00
1.515153616e-04 2.790936823e-02 7.032720105e-18 0.000000000e+00 1.734658782e-02 7.278207239e-01
7.032720105e-18 1.515153616e-04 2.353568820e-02 6.752827341e-02 7.032720105e-18 1.515153616e-04
7.032720105e-18 7.032720105e-18 7.032720105e-18 7.032720105e-18 7.032720105e-18 1.515153616e-04
7.032720105e-18 7.032720105e-18 7.032720105e-18 7.032720105e-18 7.032720105e-18 7.032720105e-18

7.535321715e-18 7.535321715e-18 7.535321715e-18 5.689601168e-02 7.535321715e-18 7.535321715e-18
7.535321715e-18 7.535321715e-18 4.265695832e-01 7.535321715e-18 3.983737541e-02 0.000000000e+00
7.535321715e-18 8.144097280e-02 0.000000000e+00 0.000000000e+00 0.000000000e+00 2.597497361e-03
7.535321715e-18 7.535321715e-18 2.990394404e-02 3.627546155e-01 7.535321715e-18 7.535321715e-18
7.535321715e-18 7.535321715e-18 7.535321715e-18 7.535321715e-18 7.535321715e-18 7.535321715e-18
7.535321715e-18 7.535321715e-18 7.535321715e-18 7.535321715e-18 7.535321715e-18 7.535321715e-18

6.170441210e-18 6.170441210e-18 3.349830865e-04 9.717835959e-03 6.170441210e-18 6.170441210e-18
6.170441210e-18 6.170441210e-18 1.482720518e-01 0.000000000e+00 1.294588696e-02 0.000000000e+00
6.170441210e-18 3.262159099e-02 0.000000000e+00 0.000000000e+00 0.000000000e+00 3.349830865e-04
6.170441210e-18 6.170441210e-18 7.949285636e-01 0.000000000e+00 6.170441210e-18 8.441044840e-04
6.170441210e-18 6.170441210e-18 6.170441210e-18 6.170441210e-18 6.170441210e-18 6.170441210e-18
6.170441210e-18 6.170441210e-18 6.170441210e-18 6.170441210e-18 6.170441210e-18 6.170441210e-18

5.759849183e-18 5.759849183e-18 3.126927218e-04 7.426626889e-02 5.759849183e-18 5.759849183e-18
5.759849183e-18 5.759849183e-18 3.716959027e-02 0.000000000e+00 5.424291334e-03 0.000000000e+00
3.126927218e-04 8.803400036e-01 0.000000000e+00 0.000000000e+00 0.000000000e+00 7.879362847e-04
5.759849183e-18 5.759849183e-18 0.000000000e+00 0.000000000e+00 5.369157183e-04 5.369157183e-04
3.126927218e-04 5.759849183e-18 0.000000000e+00 5.759849183e-18 5.759849183e-18 5.759849183e-18
5.759849183e-18 5.759849183e-18 5.759849183e-18 5.759849183e-18 5.759849183e-18 5.759849183e-18

5.515466453e-18 5.515466453e-18 2.224533379e-03 8.736609355e-01 5.515466453e-18 5.515466453e-18
5.515466453e-18 5.515466453e-18 1.180900399e-01 0.000000000e+00 5.515466453e-18 0.000000000e+00
0.000000000e+00 6.024491306e-03 0.000000000e+00 0.000000000e+00 0.000000000e+00 5.515466453e-18
5.515466453e-18 0.000000000e+00 0.000000000e+00 0.000000000e+00 5.515466453e-18 5.515466453e-18
5.515466453e-18 5.515466453e-18 0.000000000e+00 5.515466453e-18 5.515466453e-18 5.515466453e-18
5.515466453e-18 5.515466453e-18 5.515466453e-18 5.515466453e-18 5.515466453e-18 5.515466453e-18

