6.918127424e-18 6.918127424e-18 6.918127424e-18 6.918127424e-18 6.918127424e-18 6.918127424e-18
1.490465371e-04 6.918127424e-18 1.490465371e-04 2.038927947e-02 6.918127424e-18 6.918127424e-18
6.918127424e-18 6.918127424e-18 0.000000000e+00 5.922547681e-02 1.526019173e-01 6.918127424e-18
6.918127424e-18 2.818915938e-02 3.736307596e-02 6.918127424e-18 3.755737391e-04 6.918127424e-18
6.918127424e-18 6.918127424e-18 7.011102847e-01 1.490465371e-04 1.490465371e-04 6.918127424e-18
6.918127424e-18 6.918127424e-18 6.918127424e-18 1.490465371e-04 6.918127424e-18 6.918127424e-18

4.690283184e-18 4.690283184e-18 4.690283184e-18 4.690283184e-18 4.690283184e-18 4.690283184e-18
4.690283184e-18 4.690283184e-18 4.690283184e-18 0.000000000e+00 4.690283184e-18 4.690283184e-18
4.690283184e-18 4.690283184e-18 0.000000000e+00 4.690283184e-18 4.690283184e-18 4.690283184e-18
4.690283184e-18 9.983832146e-01 4.690283184e-18 0.000000000e+00 1.616785408e-03 4.690283184e-18
4.690283184e-18 4.690283184e-18 4.690283184e-18 4.690283184e-18 4.690283184e-18 4.690283184e-18
4.690283184e-18 4.690283184e-18 4.690283184e-18 4.690283184e-18 4.690283184e-18 4.690283184e-18

4.653528752e-18 4.653528752e-18 4.653528752e-18 4.653528752e-18 1.002572378e-04 4.653528752e-18
4.653528752e-18 4.653528752e-18 4.653528752e-18 0.000000000e+00 4.653528752e-18 4.653528752e-18
4.653528752e-18 4.653528752e-18 0.000000000e+00 4.653528752e-18 4.653528752e-18 4.653528752e-18
4.653528752e-18 0.000000000e+00 0.000000000e+00 0.000000000e+00 4.653528752e-18 9.998997428e-01
4.653528752e-18 4.653528752e-18 4.653528752e-18 4.653528752e-18 4.653528752e-18 4.653528752e-18
4.653528752e-18 4.653528752e-18 4.653528752e-18 4.653528752e-18 4.653528752e-18 4.653528752e-18

