6.468507115e-18 1.393597612e-04 6.468507115e-18 3.409266678e-03 1.393597612e-04 6.468507115e-18
1.393597612e-04 6.468507115e-18 1.393597612e-04 5.208299632e-02 8.848793262e-04 1.393597612e-04
1.393597612e-04 6.468507115e-18 7.750300650e-01 6.468507115e-18 1.458459893e-01 7.565611817e-03
1.393597612e-04 6.468507115e-18 1.866099430e-03 1.073417136e-02 3.511645933e-04 1.393597612e-04
1.393597612e-04 6.468507115e-18 6.468507115e-18 1.393597612e-04 6.468507115e-18 6.468507115e-18
1.393597612e-04 1.393597612e-04 1.393597612e-04 1.393597612e-04 1.393597612e-04 1.393597612e-04

7.683765572e-18 1.415361720e-03 7.683765572e-18 7.162573846e-04 1.655417110e-04 7.683765572e-18
7.683765572e-18 7.683765572e-18 7.683765572e-18 2.225246221e-01 1.275083337e-02 7.683765572e-18
7.683765572e-18 7.683765572e-18 2.634964857e-01 0.000000000e+00 7.683765572e-18 2.469007610e-01
7.683765572e-18 7.683765572e-18 0.000000000e+00 2.496479060e-01 2.216689307e-03 7.683765572e-18
7.683765572e-18 7.683765572e-18 7.683765572e-18 7.683765572e-18 7.683765572e-18 7.683765572e-18
7.683765572e-18 7.683765572e-18 1.655417110e-04 7.683765572e-18 7.683765572e-18 7.683765572e-18

4.738904296e-18 4.738904296e-18 4.738904296e-18 4.738904296e-18 4.738904296e-18 4.738904296e-18
4.738904296e-18 4.738904296e-18 4.738904296e-18 4.816238054e-03 4.738904296e-18 4.738904296e-18
4.738904296e-18 4.738904296e-18 4.738904296e-18 0.000000000e+00 0.000000000e+00 4.738904296e-18
4.738904296e-18 4.738904296e-18 0.000000000e+00 9.951837619e-01 0.000000000e+00 4.738904296e-18
4.738904296e-18 4.738904296e-18 4.738904296e-18 4.738904296e-18 4.738904296e-18 4.738904296e-18
4.738904296e-18 4.738904296e-18 4.738904296e-18 4.738904296e-18 4.738904296e-18 4.738904296e-18

6.620290265e-18 6.620290265e-18 6.620290265e-18 1.951882733e-01 6.620290265e-18 6.620290265e-18
6.620290265e-18 6.620290265e-18 4.672306577e-02 6.620290265e-18 6.930656014e-01 6.620290265e-18
6.620290265e-18 5.276331135e-03 0.000000000e+00 0.000000000e+00 0.000000000e+00 5.582823881e-02
6.620290265e-18 6.620290265e-18 0.000000000e+00 0.000000000e+00 0.000000000e+00 6.620290265e-18
6.620290265e-18 6.620290265e-18 6.620290265e-18 3.918489549e-03 6.620290265e-18 6.620290265e-18
6.620290265e-18 6.620290265e-18 6.620290265e-18 6.620290265e-18 6.620290265e-18 6.620290265e-18

