9.900588752e-18 2.133017186e-04 1.823704041e-03 2.133017186e-04 4.569952899e-02 9.900588752e-18
9.900588752e-18 9.900588752e-18 9.900588752e-18 2.133017186e-04 9.900588752e-18 3.114058320e-02
2.133017186e-04 0.000000000e+00 7.352713951e-02 1.491807888e-01 6.036610326e-02 9.900588752e-18
9.900588752e-18 9.900588752e-18 1.333135741e-01 9.900588752e-18 9.246112251e-02 1.993012216e-01
2.133017186e-04 9.900588752e-18 2.133017186e-04 7.846935256e-02 2.133017186e-04 1.823704041e-03
9.900588752e-18 9.900588752e-18 9.900588752e-18 1.304771624e-01 9.229029359e-04 9.900588752e-18

2.338581723e-02 9.280667716e-03 4.696570985e-03 1.361959539e-02 1.833908048e-02 2.032088245e-02
1.183461729e-02 1.736757570e-02 1.096619860e-02 1.592957540e-03 1.592957540e-03 3.896976439e-02
3.093094416e-02 0.000000000e+00 1.195614318e-01 4.056745708e-01 1.932362832e-02 1.640947398e-02
3.359347506e-03 0.000000000e+00 1.592957540e-03 0.000000000e+00 3.779335836e-02 1.183461729e-02
2.338581723e-02 4.014001472e-03 2.982136689e-02 4.744798564e-02 6.137353309e-03 1.271927467e-02
1.011464990e-02 4.014001472e-03 1.183461729e-02 1.183461729e-02 1.011464990e-02 1.011464990e-02

2.203244512e-03 2.203244512e-03 4.146089167e-04 7.119130981e-04 1.645376577e-04 1.044749003e-03
1.044749003e-03 0.000000000e+00 2.402136585e-02 3.694048858e-02 1.645376577e-04 4.146089167e-04
3.441508895e-02 0.000000000e+00 4.025213222e-03 7.776158747e-01 1.267349626e-02 7.119130981e-04
1.645376577e-04 0.000000000e+00 0.000000000e+00 0.000000000e+00 1.014290174e-02 2.632602522e-03
1.793908596e-03 1.645376577e-04 4.300145189e-02 1.202777574e-02 7.119130981e-04 1.793908596e-03
1.406777184e-03 7.119130981e-04 3.080269079e-03 1.955848951e-02 1.406777184e-03 2.632602522e-03

