7.585920501e-18 7.585920501e-18 7.585920501e-18 7.585920501e-18 7.585920501e-18 7.585920501e-18
7.585920501e-18 7.585920501e-18 7.709714464e-03 7.585920501e-18 3.253689556e-02 7.585920501e-18
7.585920501e-18 7.585920501e-18 6.494239427e-02 4.688742435e-01 9.245965588e-02 7.585920501e-18
7.585920501e-18 7.585920501e-18 3.180522319e-01 8.872546443e-03 7.585920501e-18 7.585920501e-18
7.585920501e-18 7.585920501e-18 7.585920501e-18 1.037739327e-03 5.514578645e-03 7.585920501e-18
7.585920501e-18 7.585920501e-18 7.585920501e-18 7.585920501e-18 7.585920501e-18 7.585920501e-18

6.642636933e-18 6.642636933e-18 6.642636933e-18 6.642636933e-18 6.642636933e-18 6.642636933e-18
6.642636933e-18 6.642636933e-18 6.642636933e-18 6.642636933e-18 6.642636933e-18 6.642636933e-18
6.642636933e-18 6.642636933e-18 6.642636933e-18 0.000000000e+00 4.458498133e-01 6.642636933e-18
6.642636933e-18 3.931716338e-03 3.938993928e-01 6.642636933e-18 0.000000000e+00 1.563190776e-01
6.642636933e-18 6.642636933e-18 6.642636933e-18 6.642636933e-18 6.642636933e-18 6.642636933e-18
6.642636933e-18 6.642636933e-18 6.642636933e-18 6.642636933e-18 6.642636933e-18 6.642636933e-18

4.675756128e-18 4.675756128e-18 4.675756128e-18 4.675756128e-18 4.358598429e-04 4.675756128e-18
4.675756128e-18 4.675756128e-18 4.675756128e-18 4.675756128e-18 4.675756128e-18 4.675756128e-18
4.675756128e-18 4.675756128e-18 4.675756128e-18 0.000000000e+00 9.993103011e-01 4.675756128e-18
4.675756128e-18 4.675756128e-18 0.000000000e+00 0.000000000e+00 0.000000000e+00 4.675756128e-18
4.675756128e-18 4.675756128e-18 4.675756128e-18 4.675756128e-18 2.538390961e-04 4.675756128e-18
4.675756128e-18 4.675756128e-18 4.675756128e-18 4.675756128e-18 4.675756128e-18 4.675756128e-18

4.659284791e-18 4.659284791e-18 4.659284791e-18 4.659284791e-18 1.003812479e-04 4.659284791e-18
4.659284791e-18 4.659284791e-18 4.659284791e-18 4.659284791e-18 0.000000000e+00 4.659284791e-18
4.659284791e-18 4.659284791e-18 4.659284791e-18 0.000000000e+00 9.997992375e-01 4.659284791e-18
4.659284791e-18 4.659284791e-18 0.000000000e+00 0.000000000e+00 0.000000000e+00 4.659284791e-18
4.659284791e-18 0.000000000e+00 4.659284791e-18 4.659284791e-18 1.003812479e-04 4.659284791e-18
4.659284791e-18 4.659284791e-18 4.659284791e-18 4.659284791e-18 4.659284791e-18 4.659284791e-18

1.925404852e-02 6.532941062e-18 6.532941062e-18 6.532941062e-18 6.532941062e-18 1.407479485e-04
6.532941062e-18 3.453803772e-02 6.532941062e-18 3.443226989e-03 0.000000000e+00 6.532941062e-18
6.532941062e-18 6.532941062e-18 6.532941062e-18 0.000000000e+00 0.000000000e+00 6.532941062e-18
6.532941062e-18 6.532941062e-18 0.000000000e+00 0.000000000e+00 0.000000000e+00 3.671407235e-01
3.546626062e-04 0.000000000e+00 1.407479485e-04 6.532941062e-18 5.735029308e-01 6.532941062e-18
0.000000000e+00 1.407479485e-04 1.407479485e-04 6.532941062e-18 6.532941062e-18 1.203378033e-03

3.666800183e-01 6.847999076e-18 6.847999076e-18 0.000000000e+00 6.847999076e-18 6.847999076e-18
6.847999076e-18 6.847999076e-18 6.847999076e-18 6.847999076e-18 0.000000000e+00 6.847999076e-18
6.847999076e-18 6.847999076e-18 0.000000000e+00 0.000000000e+00 0.000000000e+00 6.847999076e-18
6.847999076e-18 6.847999076e-18 0.000000000e+00 0.000000000e+00 0.000000000e+00 6.847999076e-02
5.513858211e-02 0.000000000e+00 6.847999076e-18 6.847999076e-18 5.042435952e-01 6.847999076e-18
0.000000000e+00 6.847999076e-18 6.847999076e-18 6.847999076e-18 6.847999076e-18 5.457813675e-03

1.619477211e-01 2.315561375e-04 2.450990058e-02 0.000000000e+00 1.132489234e-01 2.315561375e-04
1.074788382e-17 0.000000000e+00 2.315561375e-04 0.000000000e+00 0.000000000e+00 2.651024180e-02
6.680162337e-02 1.470289825e-03 0.000000000e+00 0.000000000e+00 0.000000000e+00 2.315561375e-04
7.064586982e-02 6.935848928e-02 0.000000000e+00 0.000000000e+00 0.000000000e+00 3.816512936e-02
6.807705523e-02 0.000000000e+00 2.315561375e-04 1.089142725e-01 1.416434333e-01 1.074788382e-17
0.000000000e+00 2.315561375e-04 5.439069777e-02 4.726227719e-02 1.074788382e-17 5.664738634e-03

