6.918127424e-18 6.918127424e-18 6.918127424e-18 6.918127424e-18 6.918127424e-18 6.918127424e-18
1.490465371e-04 6.918127424e-18 1.490465371e-04 2.038927947e-02 6.918127424e-18 6.918127424e-18
6.918127424e-18 6.918127424e-18 0.000000000e+00 5.922547681e-02 1.526019173e-01 6.918127424e-18
6.918127424e-18 2.818915938e-02 3.736307596e-02 6.918127424e-18 3.755737391e-04 6.918127424e-18
6.918127424e-18 6.918127424e-18 7.011102847e-01 1.490465371e-04 1.490465371e-04 6.918127424e-18
6.918127424e-18 6.918127424e-18 6.918127424e-18 1.490465371e-04 6.918127424e-18 6.918127424e-18

5.304146663e-18 5.304146663e-18 5.304146663e-18 5.304146663e-18 2.879533829e-04 5.304146663e-18
5.304146663e-18 3.493064946e-03 5.304146663e-18 0.000000000e+00 5.304146663e-18 5.304146663e-18
5.304146663e-18 3.855845037e-03 0.000000000e+00 5.304146663e-18 1.408914016e-02 5.304146663e-18
2.879533829e-04 5.304146663e-18 9.622044420e-01 0.000000000e+00 4.944365078e-04 2.879533829e-04
5.304146663e-18 2.879533829e-04 4.995137175e-03 5.304146663e-18 5.304146663e-18 5.304146663e-18
5.304146663e-18 5.304146663e-18 5.304146663e-18 9.716120653e-03 5.304146663e-18 5.304146663e-18

3.096108905e-03 3.563085271e-03 1.610553445e-02 1.653837681e-04 1.414011327e-03 1.803133504e-03
5.055343678e-03 2.414489214e-02 1.653837681e-04 0.000000000e+00 4.167409814e-04 6.667855702e-03
1.339608521e-02 1.653837681e-04 0.000000000e+00 1.050121470e-03 1.448529632e-01 1.653837681e-04
1.653837681e-04 0.000000000e+00 0.000000000e+00 0.000000000e+00 1.653837681e-04 2.214574369e-03
2.646140289e-03 1.653837681e-04 1.081757705e-02 7.200775463e-01 5.055343678e-03 1.050121470e-03
1.653837681e-04 1.144918408e-02 1.653837681e-04 1.680194351e-02 1.653837681e-04 6.667855702e-03

2.976341804e-03 1.181162028e-03 3.703371792e-02 8.048676914e-04 2.490922458e-03 2.490922458e-03
3.482460246e-03 6.199485165e-02 0.000000000e+00 0.000000000e+00 2.028139493e-03 1.506773038e-02
9.804370963e-02 1.860213627e-04 0.000000000e+00 1.860213627e-04 6.282046159e-01 4.687444613e-04
8.048676914e-04 0.000000000e+00 0.000000000e+00 0.000000000e+00 8.048676914e-04 2.976341804e-03
3.482460246e-03 4.663194758e-02 0.000000000e+00 2.544736447e-02 4.007708769e-03 2.028139493e-03
1.181162028e-03 3.155198103e-02 1.860213627e-04 1.969010693e-02 1.590460279e-03 2.976341804e-03

3.357766982e-04 1.332530710e-04 0.000000000e+00 1.332530710e-04 1.332530710e-04 1.332530710e-04
1.332530710e-04 2.359902657e-01 0.000000000e+00 0.000000000e+00 0.000000000e+00 3.259873945e-03
1.242144821e-02 1.332530710e-04 0.000000000e+00 1.332530710e-04 7.395346443e-01 1.332530710e-04
1.332530710e-04 0.000000000e+00 0.000000000e+00 0.000000000e+00 1.332530710e-04 1.332530710e-04
1.332530710e-04 1.332530710e-04 0.000000000e+00 1.332530710e-04 1.332530710e-04 1.332530710e-04
1.332530710e-04 2.132049135e-03 1.332530710e-04 3.660880517e-03 1.332530710e-04 1.332530710e-04

