1.337107289e-04 1.337107289e-04 1.083056904e-02 1.337107289e-04 1.337107289e-04 1.337107289e-04
1.337107289e-04 1.337107289e-04 7.564442199e-02 8.490102071e-04 6.206302263e-18 1.337107289e-04
4.511666306e-03 3.422994661e-02 6.206302263e-18 8.596708129e-01 1.337107289e-04 1.337107289e-04
1.337107289e-04 5.785327241e-04 8.745877118e-03 3.369299240e-04 6.206302263e-18 1.337107289e-04
1.337107289e-04 6.206302263e-18 1.337107289e-04 6.206302263e-18 6.206302263e-18 3.369299240e-04
6.206302263e-18 8.490102071e-04 1.337107289e-04 1.143210651e-03 1.337107289e-04 1.337107289e-04

1.458955334e-04 6.771870784e-18 1.953616806e-03 6.771870784e-18 6.771870784e-18 6.771870784e-18
6.771870784e-18 6.771870784e-18 3.557525013e-01 1.458955334e-04 6.771870784e-18 1.458955334e-04
1.458955334e-04 4.779285369e-02 0.000000000e+00 5.513635436e-01 1.458955334e-04 1.458955334e-04
6.771870784e-18 6.771870784e-18 6.771870784e-18 0.000000000e+00 1.458955334e-04 6.771870784e-18
6.771870784e-18 6.771870784e-18 3.657318043e-02 5.397139889e-03 6.771870784e-18 6.771870784e-18
6.771870784e-18 6.771870784e-18 1.458955334e-04 6.771870784e-18 6.771870784e-18 6.771870784e-18

7.144076722e-18 7.144076722e-18 7.144076722e-18 7.144076722e-18 7.144076722e-18 7.144076722e-18
7.144076722e-18 7.144076722e-18 1.434744107e-02 7.144076722e-18 7.144076722e-18 1.897645458e-02
7.144076722e-18 1.006738223e-02 0.000000000e+00 6.671818916e-02 7.144076722e-18 7.144076722e-18
7.144076722e-18 6.618183503e-01 0.000000000e+00 0.000000000e+00 6.659492225e-04 7.144076722e-18
7.144076722e-18 1.539144672e-04 7.144076722e-18 1.622464044e-01 0.000000000e+00 7.144076722e-18
7.144076722e-18 7.144076722e-18 6.485200009e-02 7.144076722e-18 7.144076722e-18 1.539144672e-04

5.510936260e-18 5.510936260e-18 1.899672360e-03 5.510936260e-18 5.510936260e-18 5.510936260e-18
5.510936260e-18 5.510936260e-18 5.510936260e-18 5.510936260e-18 5.510936260e-18 5.510936260e-18
5.510936260e-18 1.463220694e-01 0.000000000e+00 8.510243728e-01 5.510936260e-18 5.510936260e-18
5.510936260e-18 0.000000000e+00 0.000000000e+00 0.000000000e+00 5.510936260e-18 5.510936260e-18
5.510936260e-18 5.510936260e-18 0.000000000e+00 5.510936260e-18 0.000000000e+00 5.510936260e-18
5.510936260e-18 5.510936260e-18 7.538854759e-04 5.510936260e-18 5.510936260e-18 5.510936260e-18

3.609445831e-02 3.609445831e-02 3.609445831e-02 3.609445831e-02 3.609445831e-02 3.609445831e-02
3.609445831e-02 3.609445831e-02 0.000000000e+00 3.609445831e-02 3.609445831e-02 3.609445831e-02
3.609445831e-02 3.476385421e-02 0.000000000e+00 0.000000000e+00 3.609445831e-02 3.609445831e-02
3.609445831e-02 0.000000000e+00 0.000000000e+00 0.000000000e+00 3.609445831e-02 3.609445831e-02
3.609445831e-02 3.609445831e-02 0.000000000e+00 3.609445831e-02 0.000000000e+00 3.476385421e-02
3.476385421e-02 3.476385421e-02 3.476385421e-02 3.476385421e-02 3.476385421e-02 3.476385421e-02

