6.468507115e-18 1.393597612e-04 6.468507115e-18 3.409266678e-03 1.393597612e-04 6.468507115e-18
1.393597612e-04 6.468507115e-18 1.393597612e-04 5.208299632e-02 8.848793262e-04 1.393597612e-04
1.393597612e-04 6.468507115e-18 7.750300650e-01 6.468507115e-18 1.458459893e-01 7.565611817e-03
1.393597612e-04 6.468507115e-18 1.866099430e-03 1.073417136e-02 3.511645933e-04 1.393597612e-04
1.393597612e-04 6.468507115e-18 6.468507115e-18 1.393597612e-04 6.468507115e-18 6.468507115e-18
1.393597612e-04 1.393597612e-04 1.393597612e-04 1.393597612e-04 1.393597612e-04 1.393597612e-04

8.098798307e-18 8.098798307e-18 8.098798307e-18 1.107900024e-03 8.098798307e-18 8.098798307e-18
8.098798307e-18 8.098798307e-18 8.098798307e-18 1.490378920e-01 8.098798307e-18 8.098798307e-18
8.098798307e-18 8.098798307e-18 2.616836810e-01 0.000000000e+00 1.502969206e-01 8.098798307e-18
8.098798307e-18 8.098798307e-18 2.689474264e-01 8.098798307e-18 9.472411963e-03 8.098798307e-18
4.396704160e-04 0.000000000e+00 1.107900024e-03 1.579061976e-01 8.098798307e-18 8.098798307e-18
8.098798307e-18 8.098798307e-18 8.098798307e-18 8.098798307e-18 8.098798307e-18 8.098798307e-18

6.347380919e-18 6.347380919e-18 6.347380919e-18 6.347380919e-18 6.347380919e-18 6.347380919e-18
6.347380919e-18 6.347380919e-18 6.347380919e-18 0.000000000e+00 6.347380919e-18 6.347380919e-18
6.347380919e-18 6.347380919e-18 8.365040422e-02 0.000000000e+00 6.347380919e-18 6.347380919e-18
6.347380919e-18 6.347380919e-18 6.347380919e-18 0.000000000e+00 5.674339104e-01 6.347380919e-18
6.347380919e-18 0.000000000e+00 6.347380919e-18 3.489156854e-01 6.347380919e-18 6.347380919e-18
6.347380919e-18 6.347380919e-18 6.347380919e-18 6.347380919e-18 6.347380919e-18 6.347380919e-18

6.505055652e-18 6.505055652e-18 6.505055652e-18 6.505055652e-18 6.505055652e-18 6.505055652e-18
6.505055652e-18 6.505055652e-18 3.019379367e-03 0.000000000e+00 6.505055652e-18 6.505055652e-18
6.505055652e-18 6.505055652e-18 6.346044600e-01 0.000000000e+00 6.505055652e-18 6.505055652e-18
6.505055652e-18 0.000000000e+00 0.000000000e+00 0.000000000e+00 1.382296601e-01 6.505055652e-18
3.428529810e-03 0.000000000e+00 6.505055652e-18 2.207179707e-01 6.505055652e-18 6.505055652e-18
6.505055652e-18 6.505055652e-18 6.505055652e-18 6.505055652e-18 6.505055652e-18 6.505055652e-18

5.766059281e-18 5.766059281e-18 5.766059281e-18 5.766059281e-18 5.766059281e-18 5.766059281e-18
5.766059281e-18 5.766059281e-18 3.797259169e-03 0.000000000e+00 5.766059281e-18 5.766059281e-18
5.766059281e-18 0.000000000e+00 0.000000000e+00 0.000000000e+00 5.766059281e-18 5.766059281e-18
5.766059281e-18 0.000000000e+00 0.000000000e+00 0.000000000e+00 2.221549672e-01 5.766059281e-18
5.766059281e-18 0.000000000e+00 3.412878005e-03 7.706348956e-01 5.766059281e-18 5.766059281e-18
5.766059281e-18 5.766059281e-18 5.766059281e-18 5.766059281e-18 5.766059281e-18 5.766059281e-18

