7.173310368e-18 7.173310368e-18 7.173310368e-18 7.173310368e-18 7.173310368e-18 7.173310368e-18
7.173310368e-18 7.173310368e-18 1.545442870e-04 1.545442870e-04 5.717084799e-03 7.173310368e-18
7.173310368e-18 1.545442870e-04 2.525207786e-01 6.755406962e-03 7.173310368e-18 7.173310368e-18
7.173310368e-18 7.173310368e-18 1.190375791e-02 3.972487669e-01 3.214552901e-01 7.173310368e-18
7.173310368e-18 7.173310368e-18 1.545442870e-04 7.173310368e-18 3.780737591e-03 7.173310368e-18
7.173310368e-18 7.173310368e-18 7.173310368e-18 7.173310368e-18 7.173310368e-18 7.173310368e-18

6.873695184e-18 6.873695184e-18 6.873695184e-18 6.873695184e-18 6.873695184e-18 6.873695184e-18
6.873695184e-18 6.873695184e-18 6.873695184e-18 6.873695184e-18 6.873695184e-18 6.873695184e-18
6.873695184e-18 1.025192117e-02 1.471706782e-01 6.873695184e-18 0.000000000e+00 5.970585376e-03
6.873695184e-18 6.873695184e-18 0.000000000e+00 3.349824549e-01 4.970976636e-01 6.873695184e-18
6.873695184e-18 6.873695184e-18 6.873695184e-18 4.526696795e-03 6.873695184e-18 6.873695184e-18
6.873695184e-18 6.873695184e-18 6.873695184e-18 6.873695184e-18 6.873695184e-18 6.873695184e-18

5.526071631e-18 5.526071631e-18 5.526071631e-18 5.526071631e-18 5.526071631e-18 5.526071631e-18
5.526071631e-18 5.526071631e-18 5.526071631e-18 5.526071631e-18 5.526071631e-18 5.526071631e-18
5.526071631e-18 8.737261358e-02 5.526071631e-18 0.000000000e+00 0.000000000e+00 8.871199265e-01
5.526071631e-18 0.000000000e+00 0.000000000e+00 2.550745991e-02 5.526071631e-18 5.526071631e-18
5.526071631e-18 5.526071631e-18 5.526071631e-18 5.526071631e-18 5.526071631e-18 5.526071631e-18
5.526071631e-18 5.526071631e-18 5.526071631e-18 5.526071631e-18 5.526071631e-18 5.526071631e-18

5.193717882e-18 5.193717882e-18 5.193717882e-18 5.193717882e-18 5.193717882e-18 5.193717882e-18
5.193717882e-18 5.193717882e-18 5.193717882e-18 5.193717882e-18 5.193717882e-18 5.193717882e-18
5.193717882e-18 2.804997131e-02 0.000000000e+00 0.000000000e+00 0.000000000e+00 9.550563061e-01
1.479895893e-02 0.000000000e+00 0.000000000e+00 0.000000000e+00 5.193717882e-18 2.094763677e-03
5.193717882e-18 5.193717882e-18 5.193717882e-18 5.193717882e-18 5.193717882e-18 5.193717882e-18
5.193717882e-18 5.193717882e-18 5.193717882e-18 5.193717882e-18 5.193717882e-18 5.193717882e-18

