7.312828517e-18 7.312828517e-18 7.312828517e-18 7.312828517e-18 7.312828517e-18 7.312828517e-18
7.312828517e-18 7.312828517e-18 3.375484299e-02 6.816797544e-04 7.312828517e-18 7.312828517e-18
7.312828517e-18 2.083714428e-02 1.222292563e-01 7.312828517e-18 3.970014111e-04 7.312828517e-18
7.312828517e-18 7.312828517e-18 5.795947429e-02 6.740513025e-01 4.806724190e-02 7.312828517e-18
7.312828517e-18 7.312828517e-18 7.312828517e-18 4.202205662e-02 7.312828517e-18 7.312828517e-18
7.312828517e-18 7.312828517e-18 7.312828517e-18 7.312828517e-18 7.312828517e-18 7.312828517e-18

6.564943683e-18 6.564943683e-18 6.564943683e-18 6.564943683e-18 6.564943683e-18 6.564943683e-18
6.564943683e-18 6.564943683e-18 6.564943683e-18 6.564943683e-18 6.564943683e-18 6.564943683e-18
6.564943683e-18 2.262998785e-03 5.808368458e-01 0.000000000e+00 6.564943683e-18 6.672076416e-03
6.564943683e-18 6.564943683e-18 0.000000000e+00 3.199357685e-01 8.839839006e-02 6.564943683e-18
6.564943683e-18 6.564943683e-18 6.564943683e-18 1.893920413e-03 6.564943683e-18 6.564943683e-18
6.564943683e-18 6.564943683e-18 6.564943683e-18 6.564943683e-18 6.564943683e-18 6.564943683e-18

5.965667713e-18 5.965667713e-18 5.965667713e-18 5.965667713e-18 5.965667713e-18 5.965667713e-18
5.965667713e-18 5.965667713e-18 5.965667713e-18 5.965667713e-18 5.965667713e-18 5.965667713e-18
5.965667713e-18 3.038029527e-01 5.965667713e-18 0.000000000e+00 0.000000000e+00 1.817066696e-02
5.965667713e-18 5.965667713e-18 0.000000000e+00 6.780263804e-01 0.000000000e+00 5.965667713e-18
5.965667713e-18 5.965667713e-18 5.965667713e-18 5.965667713e-18 5.965667713e-18 5.965667713e-18
5.965667713e-18 5.965667713e-18 5.965667713e-18 5.965667713e-18 5.965667713e-18 5.965667713e-18

6.892052279e-18 6.892052279e-18 6.892052279e-18 6.892052279e-18 6.892052279e-18 6.892052279e-18
6.892052279e-18 6.892052279e-18 6.892052279e-18 6.892052279e-18 6.892052279e-18 6.892052279e-18
6.892052279e-18 2.464032095e-01 0.000000000e+00 0.000000000e+00 0.000000000e+00 5.580462742e-01
6.892052279e-18 1.172907025e-01 0.000000000e+00 0.000000000e+00 0.000000000e+00 7.825981374e-02
6.892052279e-18 6.892052279e-18 6.892052279e-18 6.892052279e-18 6.892052279e-18 6.892052279e-18
6.892052279e-18 6.892052279e-18 6.892052279e-18 6.892052279e-18 6.892052279e-18 6.892052279e-18

