1.742959381e-04 7.541347253e-04 1.900300430e-03 1.074444962e-02 2.333912945e-03 1.742959381e-04
4.391982425e-04 7.027171880e-03 1.742959381e-04 1.742959381e-04 1.742959381e-04 4.391982425e-04
8.964352795e-02 2.464142060e-02 1.074444962e-02 1.742959381e-04 1.742959381e-04 4.391982425e-04
5.102676418e-01 8.090100798e-18 2.774307869e-01 7.541347253e-04 1.742959381e-04 1.900300430e-03
1.742959381e-04 4.932715340e-02 1.742959381e-04 1.742959381e-04 1.742959381e-04 1.742959381e-04
1.742959381e-04 4.263937657e-03 4.391982425e-04 2.788735009e-03 1.106710222e-03 1.742959381e-04

6.886633809e-18 6.886633809e-18 6.886633809e-18 1.483680278e-04 6.886633809e-18 6.886633809e-18
6.886633809e-18 6.886633809e-18 6.886633809e-18 6.886633809e-18 6.886633809e-18 6.886633809e-18
6.886633809e-18 6.419511729e-04 5.070884140e-01 0.000000000e+00 6.886633809e-18 6.886633809e-18
3.645643741e-01 0.000000000e+00 6.886633809e-18 8.201251411e-02 6.886633809e-18 6.886633809e-18
6.886633809e-18 8.054655766e-03 3.719298683e-02 6.886633809e-18 6.886633809e-18 6.886633809e-18
6.886633809e-18 1.483680278e-04 1.483680278e-04 6.886633809e-18 6.886633809e-18 6.886633809e-18

5.502229276e-18 5.502229276e-18 5.502229276e-18 5.502229276e-18 5.502229276e-18 5.502229276e-18
5.502229276e-18 5.502229276e-18 5.502229276e-18 5.502229276e-18 5.502229276e-18 5.502229276e-18
8.665468107e-03 9.447720327e-02 2.987069616e-04 0.000000000e+00 5.502229276e-18 5.502229276e-18
5.502229276e-18 0.000000000e+00 0.000000000e+00 0.000000000e+00 5.502229276e-18 5.502229276e-18
2.219194475e-03 8.935867328e-01 5.502229276e-18 5.502229276e-18 5.502229276e-18 5.502229276e-18
7.526943772e-04 5.502229276e-18 5.502229276e-18 5.502229276e-18 5.502229276e-18 5.502229276e-18

4.647784847e-18 4.647784847e-18 4.647784847e-18 4.647784847e-18 4.647784847e-18 4.647784847e-18
4.647784847e-18 4.647784847e-18 4.647784847e-18 4.647784847e-18 4.647784847e-18 4.647784847e-18
4.647784847e-18 4.647784847e-18 0.000000000e+00 0.000000000e+00 4.647784847e-18 4.647784847e-18
0.000000000e+00 0.000000000e+00 0.000000000e+00 0.000000000e+00 4.647784847e-18 4.647784847e-18
4.647784847e-18 1.000000000e+00 4.647784847e-18 4.647784847e-18 4.647784847e-18 4.647784847e-18
4.647784847e-18 4.647784847e-18 4.647784847e-18 4.647784847e-18 4.647784847e-18 4.647784847e-18

