1.439980377e-04 3.628523176e-04 1.439980377e-04 6.230433239e-04 3.628523176e-04 1.439980377e-04
1.439980377e-04 6.683796837e-18 6.230433239e-04 1.439980377e-04 6.683796837e-18 3.628523176e-04
1.439980377e-04 1.231165904e-03 1.166384105e-02 5.805637082e-03 1.439980377e-04 3.628523176e-04
2.303968603e-03 3.382399548e-02 6.683796837e-18 7.859378555e-01 1.439980377e-04 1.439980377e-04
1.439980377e-04 1.439980377e-04 1.250786593e-01 1.439980377e-04 1.439980377e-04 1.439980377e-04
6.683796837e-18 3.628523176e-04 2.794866267e-02 1.439980377e-04 3.628523176e-04 6.230433239e-04

1.340614263e-04 1.340614263e-04 8.512369968e-04 1.340614263e-04 1.340614263e-04 0.000000000e+00
6.222580195e-18 6.222580195e-18 2.804060771e-02 1.340614263e-04 1.340614263e-04 1.461634671e-03
1.340614263e-04 2.872243168e-02 6.222580195e-18 8.683339189e-01 1.340614263e-04 1.340614263e-04
1.340614263e-04 2.082447546e-02 0.000000000e+00 4.164978802e-02 1.340614263e-04 6.222580195e-18
1.340614263e-04 6.222580195e-18 7.767171515e-03 6.222580195e-18 6.222580195e-18 3.378136260e-04
6.222580195e-18 6.222580195e-18 1.340614263e-04 6.222580195e-18 1.340614263e-04 1.340614263e-04

5.077940008e-18 5.077940008e-18 0.000000000e+00 5.077940008e-18 5.077940008e-18 0.000000000e+00
5.077940008e-18 5.077940008e-18 5.077940008e-18 5.077940008e-18 5.077940008e-18 5.077940008e-18
5.077940008e-18 5.077940008e-18 0.000000000e+00 5.077940008e-18 5.077940008e-18 5.077940008e-18
5.077940008e-18 5.077940008e-02 0.000000000e+00 9.492205999e-01 5.077940008e-18 5.077940008e-18
5.077940008e-18 5.077940008e-18 5.077940008e-18 5.077940008e-18 5.077940008e-18 5.077940008e-18
5.077940008e-18 5.077940008e-18 5.077940008e-18 5.077940008e-18 5.077940008e-18 5.077940008e-18

5.378780657e-18 5.378780657e-18 0.000000000e+00 5.378780657e-18 5.378780657e-18 0.000000000e+00
5.378780657e-18 5.378780657e-18 5.378780657e-18 5.378780657e-18 5.378780657e-18 5.378780657e-18
5.378780657e-18 3.910100157e-03 0.000000000e+00 1.023380617e-01 5.378780657e-18 5.378780657e-18
5.378780657e-18 5.378780657e-18 0.000000000e+00 8.937518381e-01 5.378780657e-18 5.378780657e-18
5.378780657e-18 5.378780657e-18 0.000000000e+00 5.378780657e-18 5.378780657e-18 5.378780657e-18
5.378780657e-18 5.378780657e-18 0.000000000e+00 5.378780657e-18 5.378780657e-18 5.378780657e-18

