6.083106025e-18 1.310565464e-04 1.120517710e-03 1.310565464e-04 6.182375692e-03 6.083106025e-18
1.310565464e-04 6.083106025e-18 1.310565464e-04 3.302418032e-04 3.078414197e-02 1.120517710e-03
1.310565464e-04 6.083106025e-18 3.302418032e-04 8.803673476e-01 6.083106025e-18 6.002133426e-02
1.310565464e-04 6.083106025e-18 6.083106025e-18 1.754915081e-03 1.009461709e-02 3.302418032e-04
1.310565464e-04 6.083106025e-18 6.083106025e-18 1.310565464e-04 1.310565464e-04 1.310565464e-04
6.083106025e-18 1.310565464e-04 5.728715848e-03 1.310565464e-04 1.310565464e-04 1.310565464e-04

7.426697777e-18 7.426697777e-18 7.426697777e-18 1.600033532e-04 7.426697777e-18 7.426697777e-18
7.426697777e-18 7.426697777e-18 7.426697777e-18 4.265411778e-01 2.116160289e-02 7.426697777e-18
7.426697777e-18 7.426697777e-18 1.075377617e-01 7.426697777e-18 0.000000000e+00 2.254755902e-01
7.426697777e-18 7.426697777e-18 7.426697777e-18 0.000000000e+00 2.189638607e-01 7.426697777e-18
7.426697777e-18 7.426697777e-18 7.426697777e-18 1.600033532e-04 7.426697777e-18 7.426697777e-18
7.426697777e-18 7.426697777e-18 7.426697777e-18 7.426697777e-18 7.426697777e-18 7.426697777e-18

5.154521214e-18 7.051285835e-04 1.110507932e-04 1.110507932e-04 1.110507932e-04 5.154521214e-18
1.110507932e-04 5.154521214e-18 1.110507932e-04 9.442037186e-03 1.937209758e-02 5.154521214e-18
5.154521214e-18 2.798304638e-04 0.000000000e+00 0.000000000e+00 0.000000000e+00 9.678254722e-01
5.154521214e-18 1.110507932e-04 1.110507932e-04 0.000000000e+00 1.487027676e-03 5.154521214e-18
5.154521214e-18 5.154521214e-18 5.154521214e-18 5.154521214e-18 5.154521214e-18 5.154521214e-18
5.154521214e-18 1.110507932e-04 5.154521214e-18 5.154521214e-18 5.154521214e-18 5.154521214e-18

5.081339596e-18 4.736671070e-04 1.094741430e-04 1.094741430e-04 1.094741430e-04 5.081339596e-18
5.081339596e-18 0.000000000e+00 1.094741430e-04 4.049796798e-03 5.550298688e-03 5.081339596e-18
5.081339596e-18 5.081339596e-18 0.000000000e+00 0.000000000e+00 0.000000000e+00 9.767163600e-01
5.081339596e-18 5.081339596e-18 1.094741430e-04 0.000000000e+00 1.205822667e-02 5.081339596e-18
5.081339596e-18 5.081339596e-18 5.081339596e-18 1.094741430e-04 0.000000000e+00 5.081339596e-18
5.081339596e-18 1.094741430e-04 1.094741430e-04 2.758575543e-04 5.081339596e-18 5.081339596e-18

1.591071343e-04 6.884165882e-04 2.130526990e-03 1.591071343e-04 1.734701101e-03 1.591071343e-04
1.163080207e-02 0.000000000e+00 1.591071343e-04 8.066673050e-03 7.505615753e-03 6.884165882e-04
1.360346863e-03 2.545714149e-03 0.000000000e+00 0.000000000e+00 0.000000000e+00 3.082242389e-01
1.591071343e-04 2.978605586e-03 5.437922550e-01 0.000000000e+00 1.005040849e-01 4.863483611e-03
1.591071343e-04 1.591071343e-04 0.000000000e+00 1.591071343e-04 0.000000000e+00 1.591071343e-04
1.591071343e-04 6.884165882e-04 1.591071343e-04 1.591071343e-04 6.884165882e-04 0.000000000e+00

3.917969513e-02 3.917969513e-02 3.917969513e-02 3.917969513e-02 3.917969513e-02 3.917969513e-02
3.917969513e-02 0.000000000e+00 3.784597560e-02 3.917969513e-02 3.917969513e-02 3.917969513e-02
3.917969513e-02 3.917969513e-02 0.000000000e+00 0.000000000e+00 0.000000000e+00 3.784597560e-02
3.784597560e-02 3.784597560e-02 0.000000000e+00 0.000000000e+00 3.784597560e-02 3.784597560e-02
3.784597560e-02 3.784597560e-02 0.000000000e+00 0.000000000e+00 0.000000000e+00 3.784597560e-02
3.784597560e-02 3.784597560e-02 3.784597560e-02 3.784597560e-02 3.784597560e-02 0.000000000e+00

4.211050269e-02 4.211050269e-02 4.211050269e-02 4.211050269e-02 4.211050269e-02 4.211050269e-02
4.211050269e-02 0.000000000e+00 0.000000000e+00 0.000000000e+00 4.211050269e-02 4.211050269e-02
4.211050269e-02 4.211050269e-02 0.000000000e+00 0.000000000e+00 0.000000000e+00 4.211050269e-02
4.211050269e-02 4.211050269e-02 0.000000000e+00 0.000000000e+00 4.211050269e-02 4.211050269e-02
4.077899461e-02 4.077899461e-02 0.000000000e+00 0.000000000e+00 0.000000000e+00 4.077899461e-02
4.077899461e-02 4.077899461e-02 4.077899461e-02 4.077899461e-02 4.077899461e-02 0.000000000e+00

4.618203788e-02 4.618203788e-02 4.618203788e-02 4.618203788e-02 4.618203788e-02 4.618203788e-02
4.618203788e-02 0.000000000e+00 0.000000000e+00 0.000000000e+00 4.618203788e-02 4.484830177e-02
4.618203788e-02 4.618203788e-02 0.000000000e+00 0.000000000e+00 0.000000000e+00 4.484830177e-02
4.484830177e-02 0.000000000e+00 0.000000000e+00 0.000000000e+00 4.484830177e-02 4.484830177e-02
4.484830177e-02 4.484830177e-02 0.000000000e+00 0.000000000e+00 0.000000000e+00 4.484830177e-02
4.484830177e-02 4.484830177e-02 0.000000000e+00 4.484830177e-02 4.484830177e-02 0.000000000e+00

