6.407674201e-18 6.407674201e-18 6.407674201e-18 6.407674201e-18 6.407674201e-18 6.407674201e-18
1.380491558e-04 1.580487800e-02 7.424147874e-01 6.407674201e-18 1.344361336e-02 6.407674201e-18
6.407674201e-18 1.380491558e-04 2.013336773e-01 8.765575007e-04 1.380491558e-04 6.407674201e-18
6.407674201e-18 2.015422684e-02 0.000000000e+00 4.658053470e-03 3.478620747e-04 6.407674201e-18
1.380491558e-04 6.407674201e-18 1.380491558e-04 1.380491558e-04 6.407674201e-18 6.407674201e-18
6.407674201e-18 1.380491558e-04 6.407674201e-18 6.407674201e-18 6.407674201e-18 6.407674201e-18

5.571801061e-18 5.571801061e-18 5.571801061e-18 1.095148600e-01 5.571801061e-18 5.571801061e-18
5.571801061e-18 5.571801061e-18 8.766610744e-01 0.000000000e+00 1.200408149e-04 5.571801061e-18
5.571801061e-18 1.069529905e-02 3.024838991e-04 5.571801061e-18 5.571801061e-18 5.571801061e-18
5.571801061e-18 5.571801061e-18 0.000000000e+00 2.586200959e-03 1.200408149e-04 5.571801061e-18
5.571801061e-18 5.571801061e-18 5.571801061e-18 0.000000000e+00 5.571801061e-18 5.571801061e-18
5.571801061e-18 5.571801061e-18 5.571801061e-18 5.571801061e-18 5.571801061e-18 5.571801061e-18

1.245446340e-04 1.245446340e-04 1.245446340e-04 1.245446340e-04 1.245446340e-04 1.245446340e-04
1.245446340e-04 1.245446340e-04 7.918295023e-01 0.000000000e+00 1.245446340e-04 1.245446340e-04
1.245446340e-04 1.245446340e-04 1.245446340e-04 0.000000000e+00 1.245446340e-04 1.245446340e-04
1.245446340e-04 1.245446340e-04 0.000000000e+00 0.000000000e+00 1.245446340e-04 1.245446340e-04
1.245446340e-04 1.245446340e-04 1.245446340e-04 0.000000000e+00 1.245446340e-04 2.045587033e-01
1.245446340e-04 1.245446340e-04 1.245446340e-04 1.245446340e-04 1.245446340e-04 1.245446340e-04

1.526917276e-04 1.526917276e-04 1.526917276e-04 1.526917276e-04 1.526917276e-04 1.526917276e-04
1.526917276e-04 1.526917276e-04 6.368521990e-01 0.000000000e+00 1.526917276e-04 1.526917276e-04
9.695320362e-04 2.126809729e-01 1.526917276e-04 0.000000000e+00 8.243396809e-02 2.737853983e-02
3.428094882e-02 0.000000000e+00 0.000000000e+00 0.000000000e+00 0.000000000e+00 1.526917276e-04
1.526917276e-04 1.526917276e-04 1.526917276e-04 0.000000000e+00 1.526917276e-04 2.044621370e-03
1.526917276e-04 1.526917276e-04 1.526917276e-04 1.526917276e-04 1.526917276e-04 1.526917276e-04

