7.173310368e-18 7.173310368e-18 7.173310368e-18 7.173310368e-18 7.173310368e-18 7.173310368e-18
7.173310368e-18 7.173310368e-18 1.545442870e-04 1.545442870e-04 5.717084799e-03 7.173310368e-18
7.173310368e-18 1.545442870e-04 2.525207786e-01 6.755406962e-03 7.173310368e-18 7.173310368e-18
7.173310368e-18 7.173310368e-18 1.190375791e-02 3.972487669e-01 3.214552901e-01 7.173310368e-18
7.173310368e-18 7.173310368e-18 1.545442870e-04 7.173310368e-18 3.780737591e-03 7.173310368e-18
7.173310368e-18 7.173310368e-18 7.173310368e-18 7.173310368e-18 7.173310368e-18 7.173310368e-18

7.222317281e-18 7.222317281e-18 7.222317281e-18 7.222317281e-18 6.732425707e-04 7.222317281e-18
7.222317281e-18 7.222317281e-18 7.222317281e-18 7.222317281e-18 2.256491558e-01 7.222317281e-18
7.222317281e-18 7.222317281e-18 7.222317281e-18 0.000000000e+00 0.000000000e+00 7.222317281e-18
7.222317281e-18 7.222317281e-18 6.090507180e-02 3.363222344e-01 7.222317281e-18 7.222317281e-18
7.222317281e-18 7.222317281e-18 7.222317281e-18 7.222317281e-18 3.706941525e-01 7.222317281e-18
7.222317281e-18 7.222317281e-18 7.222317281e-18 7.222317281e-18 5.756143011e-03 7.222317281e-18

4.978433629e-18 4.978433629e-18 4.978433629e-18 4.978433629e-18 4.978433629e-18 4.978433629e-18
4.978433629e-18 4.978433629e-18 4.978433629e-18 4.978433629e-18 3.332230342e-02 4.978433629e-18
4.978433629e-18 4.978433629e-18 4.978433629e-18 0.000000000e+00 0.000000000e+00 4.978433629e-18
4.978433629e-18 4.978433629e-18 4.978433629e-18 0.000000000e+00 0.000000000e+00 4.978433629e-18
4.978433629e-18 4.978433629e-18 4.978433629e-18 4.978433629e-18 4.978433629e-18 4.978433629e-18
4.978433629e-18 4.978433629e-18 4.978433629e-18 4.978433629e-18 9.666776966e-01 4.978433629e-18

5.977634962e-18 5.977634962e-18 4.764138762e-03 1.147431375e-02 1.254137004e-02 5.977634962e-18
5.977634962e-18 5.977634962e-18 5.977634962e-18 0.000000000e+00 1.496236203e-01 5.977634962e-18
5.977634962e-18 5.977634962e-18 5.977634962e-18 0.000000000e+00 0.000000000e+00 5.977634962e-18
5.977634962e-18 5.977634962e-18 5.977634962e-18 0.000000000e+00 0.000000000e+00 5.977634962e-18
5.977634962e-18 5.977634962e-18 5.977634962e-18 5.977634962e-18 0.000000000e+00 5.977634962e-18
5.977634962e-18 5.977634962e-18 5.977634962e-18 4.345436799e-03 8.172511203e-01 5.977634962e-18

