6.083106025e-18 1.310565464e-04 1.120517710e-03 1.310565464e-04 6.182375692e-03 6.083106025e-18
1.310565464e-04 6.083106025e-18 1.310565464e-04 3.302418032e-04 3.078414197e-02 1.120517710e-03
1.310565464e-04 6.083106025e-18 3.302418032e-04 8.803673476e-01 6.083106025e-18 6.002133426e-02
1.310565464e-04 6.083106025e-18 6.083106025e-18 1.754915081e-03 1.009461709e-02 3.302418032e-04
1.310565464e-04 6.083106025e-18 6.083106025e-18 1.310565464e-04 1.310565464e-04 1.310565464e-04
6.083106025e-18 1.310565464e-04 5.728715848e-03 1.310565464e-04 1.310565464e-04 1.310565464e-04

6.503943063e-18 6.503943063e-18 6.503943063e-18 1.401232056e-04 6.503943063e-18 6.503943063e-18
6.503943063e-18 6.503943063e-18 6.503943063e-18 6.503943063e-18 3.291382820e-02 3.530883526e-04
6.503943063e-18 6.503943063e-18 6.503943063e-18 0.000000000e+00 0.000000000e+00 1.134997965e-02
6.503943063e-18 6.503943063e-18 1.401232056e-04 7.599753425e-01 6.503943063e-18 9.227864322e-02
6.503943063e-18 6.503943063e-18 6.503943063e-18 1.401232056e-04 1.018624486e-01 1.401232056e-04
6.503943063e-18 3.530883526e-04 3.530883526e-04 6.503943063e-18 6.503943063e-18 6.503943063e-18

5.173603794e-18 5.173603794e-18 5.173603794e-18 5.173603794e-18 5.173603794e-18 5.173603794e-18
5.173603794e-18 5.173603794e-18 5.173603794e-18 5.173603794e-18 4.872199486e-03 5.173603794e-18
5.173603794e-18 5.173603794e-18 5.173603794e-18 0.000000000e+00 0.000000000e+00 1.114619149e-04
5.173603794e-18 5.173603794e-18 5.173603794e-18 0.000000000e+00 0.000000000e+00 9.599380167e-01
5.173603794e-18 5.173603794e-18 5.173603794e-18 2.560132927e-02 5.173603794e-18 5.173603794e-18
5.173603794e-18 5.173603794e-18 5.173603794e-18 5.173603794e-18 9.476992601e-03 5.173603794e-18

5.921587307e-18 5.921587307e-18 5.921587307e-18 5.921587307e-18 5.921587307e-18 5.921587307e-18
5.921587307e-18 5.921587307e-18 5.921587307e-18 0.000000000e+00 7.635168583e-02 5.576606903e-03
5.921587307e-18 5.921587307e-18 5.921587307e-18 0.000000000e+00 0.000000000e+00 8.677885065e-01
5.921587307e-18 5.921587307e-18 5.921587307e-18 0.000000000e+00 0.000000000e+00 5.921587307e-18
5.921587307e-18 5.921587307e-18 5.921587307e-18 2.225494131e-02 0.000000000e+00 2.412857673e-02
5.921587307e-18 5.921587307e-18 5.921587307e-18 5.921587307e-18 3.899682713e-03 5.921587307e-18

