7.585920501e-18 7.585920501e-18 7.585920501e-18 7.585920501e-18 7.585920501e-18 7.585920501e-18
7.585920501e-18 7.585920501e-18 7.709714464e-03 7.585920501e-18 3.253689556e-02 7.585920501e-18
7.585920501e-18 7.585920501e-18 6.494239427e-02 4.688742435e-01 9.245965588e-02 7.585920501e-18
7.585920501e-18 7.585920501e-18 3.180522319e-01 8.872546443e-03 7.585920501e-18 7.585920501e-18
7.585920501e-18 7.585920501e-18 7.585920501e-18 1.037739327e-03 5.514578645e-03 7.585920501e-18
7.585920501e-18 7.585920501e-18 7.585920501e-18 7.585920501e-18 7.585920501e-18 7.585920501e-18

6.642636933e-18 6.642636933e-18 6.642636933e-18 6.642636933e-18 6.642636933e-18 6.642636933e-18
6.642636933e-18 6.642636933e-18 6.642636933e-18 6.642636933e-18 6.642636933e-18 6.642636933e-18
6.642636933e-18 6.642636933e-18 6.642636933e-18 0.000000000e+00 4.458498133e-01 6.642636933e-18
6.642636933e-18 3.931716338e-03 3.938993928e-01 6.642636933e-18 0.000000000e+00 1.563190776e-01
6.642636933e-18 6.642636933e-18 6.642636933e-18 6.642636933e-18 6.642636933e-18 6.642636933e-18
6.642636933e-18 6.642636933e-18 6.642636933e-18 6.642636933e-18 6.642636933e-18 6.642636933e-18

4.675756128e-18 4.675756128e-18 4.675756128e-18 4.675756128e-18 4.358598429e-04 4.675756128e-18
4.675756128e-18 4.675756128e-18 4.675756128e-18 4.675756128e-18 4.675756128e-18 4.675756128e-18
4.675756128e-18 4.675756128e-18 4.675756128e-18 0.000000000e+00 9.993103011e-01 4.675756128e-18
4.675756128e-18 4.675756128e-18 0.000000000e+00 0.000000000e+00 0.000000000e+00 4.675756128e-18
4.675756128e-18 4.675756128e-18 4.675756128e-18 4.675756128e-18 2.538390961e-04 4.675756128e-18
4.675756128e-18 4.675756128e-18 4.675756128e-18 4.675756128e-18 4.675756128e-18 4.675756128e-18

4.659284791e-18 4.659284791e-18 4.659284791e-18 4.659284791e-18 1.003812479e-04 4.659284791e-18
4.659284791e-18 4.659284791e-18 4.659284791e-18 4.659284791e-18 0.000000000e+00 4.659284791e-18
4.659284791e-18 4.659284791e-18 4.659284791e-18 0.000000000e+00 9.997992375e-01 4.659284791e-18
4.659284791e-18 4.659284791e-18 0.000000000e+00 0.000000000e+00 0.000000000e+00 4.659284791e-18
4.659284791e-18 0.000000000e+00 4.659284791e-18 4.659284791e-18 1.003812479e-04 4.659284791e-18
4.659284791e-18 4.659284791e-18 4.659284791e-18 4.659284791e-18 4.659284791e-18 4.659284791e-18

1.925404852e-02 6.532941062e-18 6.532941062e-18 6.532941062e-18 6.532941062e-18 1.407479485e-04
6.532941062e-18 3.453803772e-02 6.532941062e-18 3.443226989e-03 0.000000000e+00 6.532941062e-18
6.532941062e-18 6.532941062e-18 6.532941062e-18 0.000000000e+00 0.000000000e+00 6.532941062e-18
6.532941062e-18 6.532941062e-18 0.000000000e+00 0.000000000e+00 0.000000000e+00 3.671407235e-01
3.546626062e-04 0.000000000e+00 1.407479485e-04 6.532941062e-18 5.735029308e-01 6.532941062e-18
0.000000000e+00 1.407479485e-04 1.407479485e-04 6.532941062e-18 6.532941062e-18 1.203378033e-03

1.090827706e-04 5.063173698e-18 5.063173698e-18 5.063173698e-18 5.063173698e-18 1.090827706e-04
5.063173698e-18 9.619326881e-01 5.063173698e-18 3.697648419e-02 0.000000000e+00 5.063173698e-18
5.063173698e-18 5.063173698e-18 0.000000000e+00 0.000000000e+00 0.000000000e+00 1.090827706e-04
1.090827706e-04 5.063173698e-18 0.000000000e+00 0.000000000e+00 0.000000000e+00 1.090827706e-04
1.090827706e-04 0.000000000e+00 1.090827706e-04 1.090827706e-04 0.000000000e+00 5.063173698e-18
0.000000000e+00 5.063173698e-18 1.090827706e-04 5.063173698e-18 5.063173698e-18 1.090827706e-04

1.839998606e-04 1.839998606e-04 1.839998606e-04 1.839998606e-04 1.839998606e-04 1.839998606e-04
1.839998606e-04 3.037739391e-01 0.000000000e+00 7.202131669e-02 0.000000000e+00 6.208521769e-03
1.839998606e-04 2.943997770e-03 0.000000000e+00 0.000000000e+00 0.000000000e+00 5.624388312e-03
1.839998606e-04 1.839998606e-04 0.000000000e+00 0.000000000e+00 0.000000000e+00 1.719226514e-01
1.839998606e-04 0.000000000e+00 1.839998606e-04 0.000000000e+00 0.000000000e+00 2.532962418e-01
0.000000000e+00 1.211737729e-01 1.839998606e-04 1.839998606e-04 1.839998606e-04 6.027517236e-02

1.419843464e-04 1.419843464e-04 1.419843464e-04 1.419843464e-04 1.419843464e-04 1.419843464e-04
1.419843464e-04 7.105529075e-01 0.000000000e+00 4.894336021e-02 0.000000000e+00 1.419843464e-04
1.419843464e-04 0.000000000e+00 0.000000000e+00 0.000000000e+00 0.000000000e+00 1.419843464e-04
1.419843464e-04 1.419843464e-04 0.000000000e+00 0.000000000e+00 0.000000000e+00 6.855252137e-02
1.419843464e-04 0.000000000e+00 0.000000000e+00 0.000000000e+00 0.000000000e+00 1.419843464e-04
0.000000000e+00 1.693954927e-01 1.419843464e-04 1.419843464e-04 1.419843464e-04 1.419843464e-04

5.000000000e-02 5.000000000e-02 5.000000000e-02 5.000000000e-02 5.000000000e-02 5.000000000e-02
0.000000000e+00 5.000000000e-02 0.000000000e+00 5.000000000e-02 0.000000000e+00 5.000000000e-02
5.000000000e-02 0.000000000e+00 0.000000000e+00 0.000000000e+00 0.000000000e+00 5.000000000e-02
5.000000000e-02 0.000000000e+00 0.000000000e+00 0.000000000e+00 0.000000000e+00 5.000000000e-02
5.000000000e-02 0.000000000e+00 0.000000000e+00 0.000000000e+00 0.000000000e+00 5.000000000e-02
0.000000000e+00 5.000000000e-02 5.000000000e-02 5.000000000e-02 5.000000000e-02 5.000000000e-02

