7.872857597e-18 7.872857597e-18 7.872857597e-18 7.872857597e-18 7.872857597e-18 7.872857597e-18
7.872857597e-18 7.872857597e-18 1.026310653e-01 7.872857597e-18 7.872857597e-18 7.872857597e-18
7.872857597e-18 0.000000000e+00 1.957428841e-01 4.521656937e-01 7.872857597e-18 7.872857597e-18
7.872857597e-18 1.139981065e-01 7.872857597e-18 1.109437507e-02 1.197916331e-01 7.872857597e-18
7.872857597e-18 1.450192769e-03 4.274044671e-04 2.271240460e-03 7.872857597e-18 7.872857597e-18
7.872857597e-18 7.872857597e-18 4.274044671e-04 7.872857597e-18 7.872857597e-18 7.872857597e-18

1.049666840e-04 1.049666840e-04 1.049666840e-04 1.049666840e-04 1.049666840e-04 1.049666840e-04
1.049666840e-04 1.049666840e-04 1.049666840e-04 1.049666840e-04 1.049666840e-04 1.049666840e-04
1.049666840e-04 0.000000000e+00 0.000000000e+00 9.954420773e-01 1.049666840e-04 1.049666840e-04
1.049666840e-04 1.049666840e-04 0.000000000e+00 1.144422738e-03 1.049666840e-04 1.049666840e-04
1.049666840e-04 1.049666840e-04 1.049666840e-04 2.644994694e-04 1.049666840e-04 1.049666840e-04
1.049666840e-04 1.049666840e-04 1.049666840e-04 1.049666840e-04 1.049666840e-04 1.049666840e-04

1.265142454e-04 1.265142454e-04 1.265142454e-04 1.265142454e-04 1.265142454e-04 1.265142454e-04
1.265142454e-04 0.000000000e+00 0.000000000e+00 1.265142454e-04 1.265142454e-04 1.265142454e-04
1.265142454e-04 0.000000000e+00 0.000000000e+00 1.639624620e-01 1.265142454e-04 1.265142454e-04
1.285304616e-02 1.265142454e-04 0.000000000e+00 8.194498113e-01 3.187959218e-04 1.265142454e-04
1.265142454e-04 1.265142454e-04 1.265142454e-04 1.265142454e-04 1.265142454e-04 1.265142454e-04
1.265142454e-04 1.265142454e-04 1.265142454e-04 1.265142454e-04 1.265142454e-04 1.265142454e-04

2.080010535e-03 2.433710399e-03 2.080010535e-03 8.254527278e-04 3.275811321e-04 2.080010535e-03
0.000000000e+00 0.000000000e+00 0.000000000e+00 8.254527278e-04 2.800779282e-03 6.034096045e-18
2.019369475e-02 0.000000000e+00 0.000000000e+00 1.417361241e-03 3.275811321e-04 3.275811321e-04
1.158269310e-02 0.000000000e+00 0.000000000e+00 3.275811321e-04 3.893936639e-02 1.740776193e-03
3.275811321e-04 6.034096045e-18 9.079669281e-01 6.034096045e-18 6.034096045e-18 6.034096045e-18
1.417361241e-03 3.275811321e-04 8.254527278e-04 6.034096045e-18 6.034096045e-18 8.254527278e-04

