6.046285751e-18 3.282428912e-04 6.046285751e-18 6.046285751e-18 6.046285751e-18 6.046285751e-18
6.046285751e-18 1.302632777e-04 0.000000000e+00 7.547116627e-03 1.420224506e-03 6.046285751e-18
6.046285751e-18 1.302632777e-04 1.113735358e-03 8.390616186e-01 3.186732297e-03 6.046285751e-18
6.046285751e-18 3.282428912e-04 1.226743871e-01 3.578741502e-03 2.084212443e-03 6.046285751e-18
6.046285751e-18 6.046285751e-18 1.841621927e-02 6.046285751e-18 6.046285751e-18 6.046285751e-18
6.046285751e-18 6.046285751e-18 6.046285751e-18 6.046285751e-18 6.046285751e-18 6.046285751e-18

1.082402099e-04 1.082402099e-04 1.082402099e-04 0.000000000e+00 1.082402099e-04 1.082402099e-04
1.082402099e-04 4.363971803e-03 0.000000000e+00 0.000000000e+00 9.882142844e-01 1.082402099e-04
1.082402099e-04 4.683281884e-04 1.082402099e-04 1.082402099e-04 1.731843358e-03 1.082402099e-04
1.082402099e-04 1.082402099e-04 2.026338386e-03 1.082402099e-04 2.727482377e-04 1.082402099e-04
1.082402099e-04 1.082402099e-04 1.082402099e-04 1.082402099e-04 1.082402099e-04 1.082402099e-04
1.082402099e-04 1.082402099e-04 1.082402099e-04 1.082402099e-04 1.082402099e-04 1.082402099e-04

1.344598975e-04 3.388177104e-04 1.344598975e-04 0.000000000e+00 1.344598975e-04 2.896850676e-03
1.465979092e-03 3.388177104e-04 0.000000000e+00 0.000000000e+00 8.166651569e-01 3.388177104e-04
1.344598975e-04 3.388177104e-04 0.000000000e+00 0.000000000e+00 1.344598975e-04 1.344598975e-04
5.817741881e-04 8.537671309e-04 1.800487715e-03 2.410946366e-02 4.536944745e-03 1.344598975e-04
1.344598975e-04 1.417386897e-01 1.344598975e-04 8.537671309e-04 1.344598975e-04 3.388177104e-04
3.388177104e-04 1.344598975e-04 5.817741881e-04 1.344598975e-04 1.344598975e-04 1.344598975e-04

