1.085041883e-17 2.337651873e-04 3.521581766e-02 2.337651873e-04 2.337651873e-04 1.085041883e-17
1.085041883e-17 1.085041883e-17 2.337651873e-04 6.422264143e-03 1.085041883e-17 1.797147171e-01
1.262032481e-01 2.337651873e-04 0.000000000e+00 7.131983273e-02 5.008379222e-02 1.085041883e-17
2.337651873e-04 1.085041883e-17 7.924088017e-02 1.085041883e-17 1.041858681e-01 1.011443223e-03
1.269072685e-02 1.085041883e-17 5.718780347e-03 5.736347095e-02 5.860039837e-02 4.653870867e-02
1.085041883e-17 2.337651873e-04 1.085041883e-17 9.011674692e-02 7.393694811e-02 1.085041883e-17

1.959653768e-04 1.959653768e-04 3.668619692e-03 4.938018066e-04 3.135446029e-03 4.938018066e-04
4.938018066e-04 5.990142445e-03 9.830761665e-02 0.000000000e+00 1.959653768e-04 1.959653768e-04
1.063863742e-02 2.860959659e-02 0.000000000e+00 8.565996818e-03 1.959653768e-04 1.244302581e-03
4.098858566e-02 1.959653768e-04 5.679483050e-01 0.000000000e+00 6.308568212e-02 1.244302581e-03
2.136556330e-03 4.912471904e-02 9.935372357e-03 2.503556954e-02 3.135446029e-03 1.244302581e-03
1.959653768e-04 2.136556330e-03 4.221946058e-03 6.530886714e-02 1.244302581e-03 1.959653768e-04

5.308979459e-18 5.308979459e-18 2.882157474e-04 5.308979459e-18 5.308979459e-18 5.308979459e-18
5.308979459e-18 5.308979459e-18 1.247037114e-03 0.000000000e+00 5.308979459e-18 5.308979459e-18
2.882157474e-04 1.247037114e-03 0.000000000e+00 4.948870065e-04 5.308979459e-18 1.143784952e-04
2.882157474e-04 0.000000000e+00 0.000000000e+00 0.000000000e+00 4.948870065e-04 2.882157474e-04
5.308979459e-18 9.543258841e-01 5.308979459e-18 3.050724284e-02 2.882157474e-04 5.308979459e-18
5.308979459e-18 5.308979459e-18 2.882157474e-04 9.724973357e-03 5.308979459e-18 1.143784952e-04

5.297368335e-03 2.796247826e-01 1.928198955e-04 5.297368335e-03 1.928198955e-04 1.648586917e-03
1.928198955e-04 3.935593092e-02 0.000000000e+00 0.000000000e+00 1.928198955e-04 8.342832343e-04
5.893993414e-03 8.830773979e-02 0.000000000e+00 4.936189325e-02 1.928198955e-04 2.581958335e-03
3.551772843e-02 0.000000000e+00 0.000000000e+00 0.000000000e+00 4.154178718e-03 7.133021317e-03
3.085118328e-03 4.308535323e-01 0.000000000e+00 1.188635648e-02 8.342832343e-04 4.858756904e-04
1.928198955e-04 1.046787442e-02 8.342832343e-04 1.261214508e-02 1.928198955e-04 2.581958335e-03

3.434038078e-03 1.566839614e-01 0.000000000e+00 2.261608317e-02 4.622267636e-04 2.509352940e-02
1.834348127e-04 8.653233721e-03 0.000000000e+00 0.000000000e+00 0.000000000e+00 1.834348127e-04
1.568345587e-03 1.085733960e-01 0.000000000e+00 1.709923838e-02 4.622267636e-04 7.395628217e-03
1.062773753e-02 0.000000000e+00 0.000000000e+00 0.000000000e+00 2.934957003e-03 2.509352940e-02
1.568345587e-03 5.733020168e-01 0.000000000e+00 2.426058320e-02 1.834348127e-04 1.834348127e-04
1.834348127e-04 3.951983238e-03 1.834348127e-04 2.934957003e-03 1.834348127e-04 1.999939053e-03

