1.337107289e-04 1.337107289e-04 1.083056904e-02 1.337107289e-04 1.337107289e-04 1.337107289e-04
1.337107289e-04 1.337107289e-04 7.564442199e-02 8.490102071e-04 6.206302263e-18 1.337107289e-04
4.511666306e-03 3.422994661e-02 6.206302263e-18 8.596708129e-01 1.337107289e-04 1.337107289e-04
1.337107289e-04 5.785327241e-04 8.745877118e-03 3.369299240e-04 6.206302263e-18 1.337107289e-04
1.337107289e-04 6.206302263e-18 1.337107289e-04 6.206302263e-18 6.206302263e-18 3.369299240e-04
6.206302263e-18 8.490102071e-04 1.337107289e-04 1.143210651e-03 1.337107289e-04 1.337107289e-04

1.458955334e-04 6.771870784e-18 1.953616806e-03 6.771870784e-18 6.771870784e-18 6.771870784e-18
6.771870784e-18 6.771870784e-18 3.557525013e-01 1.458955334e-04 6.771870784e-18 1.458955334e-04
1.458955334e-04 4.779285369e-02 0.000000000e+00 5.513635436e-01 1.458955334e-04 1.458955334e-04
6.771870784e-18 6.771870784e-18 6.771870784e-18 0.000000000e+00 1.458955334e-04 6.771870784e-18
6.771870784e-18 6.771870784e-18 3.657318043e-02 5.397139889e-03 6.771870784e-18 6.771870784e-18
6.771870784e-18 6.771870784e-18 1.458955334e-04 6.771870784e-18 6.771870784e-18 6.771870784e-18

5.170317841e-18 5.170317841e-18 1.113911212e-04 5.170317841e-18 2.806880367e-04 5.170317841e-18
5.170317841e-18 5.170317841e-18 3.968280641e-02 5.170317841e-18 5.170317841e-18 2.806880367e-04
5.170317841e-18 3.060264069e-03 0.000000000e+00 9.550384291e-01 5.170317841e-18 9.523806893e-04
5.170317841e-18 5.170317841e-18 0.000000000e+00 0.000000000e+00 4.819613899e-04 5.170317841e-18
5.170317841e-18 5.170317841e-18 0.000000000e+00 1.113911212e-04 5.170317841e-18 5.170317841e-18
5.170317841e-18 5.170317841e-18 5.170317841e-18 5.170317841e-18 5.170317841e-18 5.170317841e-18

1.017041995e-17 1.017041995e-17 8.837489247e-02 2.934064156e-03 1.017041995e-17 1.017041995e-17
1.017041995e-17 1.017041995e-17 1.999016305e-01 4.694502649e-02 5.360382730e-03 3.507159932e-02
7.805918674e-02 1.840086971e-01 0.000000000e+00 0.000000000e+00 0.000000000e+00 1.113056618e-01
5.521353415e-04 5.962640460e-02 0.000000000e+00 0.000000000e+00 1.413466474e-01 5.521353415e-04
5.521353415e-04 3.505840888e-03 0.000000000e+00 1.017041995e-17 4.720690766e-03 1.017041995e-17
1.017041995e-17 1.873407372e-03 1.433208363e-02 2.042524269e-02 1.017041995e-17 5.521353415e-04

5.506704743e-18 5.506704743e-18 2.902342790e-03 5.506704743e-18 1.306763556e-02 2.989499273e-04
5.506704743e-18 5.506704743e-18 9.567486792e-01 0.000000000e+00 2.555985925e-03 2.555985925e-03
5.596568169e-03 5.133183594e-04 0.000000000e+00 0.000000000e+00 0.000000000e+00 2.902342790e-03
2.989499273e-04 1.588629092e-03 0.000000000e+00 0.000000000e+00 8.213093750e-03 2.989499273e-04
5.506704743e-18 5.133183594e-04 0.000000000e+00 0.000000000e+00 5.133183594e-04 5.506704743e-18
5.506704743e-18 5.506704743e-18 1.014343686e-03 2.989499273e-04 5.506704743e-18 1.186383573e-04

1.160666274e-17 1.160666274e-17 1.099180484e-01 0.000000000e+00 6.940422600e-02 1.160666274e-17
1.160666274e-17 5.614072581e-02 1.160666274e-17 0.000000000e+00 0.000000000e+00 5.103863428e-02
4.483688902e-02 7.351655764e-02 0.000000000e+00 0.000000000e+00 0.000000000e+00 8.333616325e-02
1.160666274e-17 5.614072581e-02 0.000000000e+00 0.000000000e+00 6.804670525e-02 5.230272113e-02
1.160666274e-17 5.873663092e-02 0.000000000e+00 0.000000000e+00 4.121460487e-02 6.804670525e-02
1.160666274e-17 3.650674275e-02 6.004550177e-02 7.076841780e-02 1.160666274e-17 1.160666274e-17

4.211050269e-02 4.211050269e-02 0.000000000e+00 0.000000000e+00 4.211050269e-02 4.211050269e-02
4.211050269e-02 4.211050269e-02 0.000000000e+00 0.000000000e+00 0.000000000e+00 4.211050269e-02
4.211050269e-02 4.077899461e-02 0.000000000e+00 0.000000000e+00 0.000000000e+00 4.211050269e-02
4.211050269e-02 4.211050269e-02 0.000000000e+00 0.000000000e+00 4.211050269e-02 4.211050269e-02
4.211050269e-02 4.211050269e-02 0.000000000e+00 0.000000000e+00 4.211050269e-02 4.077899461e-02
4.077899461e-02 4.077899461e-02 4.077899461e-02 4.077899461e-02 4.077899461e-02 4.077899461e-02

4.618203788e-02 4.618203788e-02 0.000000000e+00 0.000000000e+00 4.618203788e-02 4.618203788e-02
4.618203788e-02 4.618203788e-02 0.000000000e+00 0.000000000e+00 0.000000000e+00 4.618203788e-02
4.618203788e-02 0.000000000e+00 0.000000000e+00 0.000000000e+00 0.000000000e+00 4.618203788e-02
4.618203788e-02 4.484830177e-02 0.000000000e+00 0.000000000e+00 4.484830177e-02 4.484830177e-02
4.484830177e-02 4.484830177e-02 0.000000000e+00 0.000000000e+00 4.484830177e-02 4.484830177e-02
4.484830177e-02 4.484830177e-02 0.000000000e+00 4.484830177e-02 4.484830177e-02 4.484830177e-02

