6.158124435e-18 3.343144291e-04 1.326727691e-04 1.783415046e-01 1.446494525e-03 6.158124435e-18
6.158124435e-18 6.158124435e-18 4.055455093e-03 6.158124435e-18 2.123562978e-02 3.343144291e-04
1.326727691e-04 3.343144291e-04 8.424195729e-04 7.871256318e-01 2.122764305e-03 1.326727691e-04
5.740417326e-04 6.158124435e-18 0.000000000e+00 2.122764305e-03 6.158124435e-18 1.326727691e-04
1.326727691e-04 6.158124435e-18 6.158124435e-18 6.158124435e-18 6.158124435e-18 3.343144291e-04
6.158124435e-18 6.158124435e-18 6.158124435e-18 1.326727691e-04 6.158124435e-18 6.158124435e-18

1.939640866e-03 3.207301560e-02 1.052999067e-17 1.417886074e-01 1.052999067e-17 1.052999067e-17
2.114736816e-02 1.052999067e-17 1.586645354e-01 0.000000000e+00 8.879834727e-02 4.290634837e-02
1.398486337e-02 1.440482462e-03 1.387718789e-01 1.052999067e-17 1.138070432e-01 2.304771938e-02
2.021274593e-02 1.052999067e-17 0.000000000e+00 1.571109101e-01 1.928880673e-02 1.747400479e-02
1.052999067e-17 1.052999067e-17 2.473411185e-03 0.000000000e+00 1.052999067e-17 1.440482462e-03
1.052999067e-17 1.052999067e-17 3.629788351e-03 1.052999067e-17 1.052999067e-17 1.052999067e-17

9.429820220e-04 5.987562614e-03 9.429820220e-04 1.614579866e-01 9.429820220e-04 2.376165798e-03
9.429820220e-04 5.491804487e-04 1.539226374e-01 0.000000000e+00 1.347629948e-01 6.661921993e-03
4.080046248e-03 5.491804487e-04 1.569259646e-01 0.000000000e+00 1.333158815e-01 9.713387599e-02
9.429820220e-04 1.383848015e-03 0.000000000e+00 0.000000000e+00 2.179424055e-04 1.262701800e-02
1.383848015e-03 9.429820220e-04 1.025109453e-01 0.000000000e+00 5.987562614e-03 5.331695277e-03
1.383848015e-03 1.383848015e-03 2.179424055e-04 1.383848015e-03 1.863381356e-03 9.429820220e-04

1.474042109e-04 1.474042109e-04 3.714353363e-04 1.973818780e-03 1.474042109e-04 1.474042109e-04
1.474042109e-04 1.474042109e-04 9.906991683e-02 0.000000000e+00 4.828707036e-02 3.714353363e-04
6.953549708e-03 6.377809794e-04 1.474042109e-04 0.000000000e+00 7.211922397e-01 6.377809794e-04
1.474042109e-04 0.000000000e+00 0.000000000e+00 0.000000000e+00 0.000000000e+00 3.714353363e-04
1.474042109e-04 1.474042109e-04 1.174802609e-01 0.000000000e+00 1.474042109e-04 1.474042109e-04
1.474042109e-04 1.474042109e-04 1.474042109e-04 1.474042109e-04 1.474042109e-04 1.474042109e-04

