8.200758039e-18 8.200758039e-18 8.200758039e-18 8.200758039e-18 8.200758039e-18 8.200758039e-18
8.200758039e-18 1.766799761e-04 1.766799761e-04 7.337888385e-02 8.200758039e-18 8.200758039e-18
8.200758039e-18 8.200758039e-18 5.588162366e-02 3.344746393e-01 1.946073421e-02 8.200758039e-18
8.200758039e-18 7.766326462e-02 3.754739243e-01 8.200758039e-18 2.826879617e-03 8.200758039e-18
8.200758039e-18 8.200758039e-18 4.807881281e-02 1.223119774e-02 1.766799761e-04 8.200758039e-18
8.200758039e-18 8.200758039e-18 8.200758039e-18 8.200758039e-18 8.200758039e-18 8.200758039e-18

5.906083276e-18 5.906083276e-18 5.906083276e-18 5.906083276e-18 5.906083276e-18 5.906083276e-18
5.906083276e-18 5.906083276e-18 5.906083276e-18 3.539141539e-01 5.906083276e-18 5.906083276e-18
5.906083276e-18 5.906083276e-18 5.906083276e-18 5.906083276e-18 5.906083276e-18 5.906083276e-18
5.906083276e-18 5.906083276e-18 5.906083276e-18 0.000000000e+00 5.906083276e-18 5.906083276e-18
5.906083276e-18 0.000000000e+00 5.906083276e-18 6.396346877e-01 5.906083276e-18 5.906083276e-18
5.906083276e-18 5.906083276e-18 5.906083276e-18 6.451158330e-03 5.906083276e-18 5.906083276e-18

6.342349823e-18 6.342349823e-18 6.342349823e-18 1.330655963e-02 6.342349823e-18 6.342349823e-18
6.342349823e-18 6.342349823e-18 6.342349823e-18 4.092859670e-02 6.342349823e-18 6.342349823e-18
6.342349823e-18 2.584304958e-02 3.867072493e-02 0.000000000e+00 8.444239906e-01 6.342349823e-18
6.342349823e-18 6.342349823e-18 1.624252437e-02 0.000000000e+00 6.342349823e-18 6.342349823e-18
6.342349823e-18 0.000000000e+00 6.342349823e-18 0.000000000e+00 6.342349823e-18 6.342349823e-18
6.342349823e-18 2.058455424e-02 6.342349823e-18 6.342349823e-18 6.342349823e-18 6.342349823e-18

6.457763614e-18 6.457763614e-18 6.457763614e-18 3.822291504e-03 6.457763614e-18 6.457763614e-18
6.457763614e-18 6.457763614e-18 6.457763614e-18 2.359822228e-02 6.457763614e-18 6.457763614e-18
1.715343531e-02 6.457763614e-18 3.708919066e-01 0.000000000e+00 5.802813608e-01 6.457763614e-18
6.457763614e-18 6.457763614e-18 0.000000000e+00 0.000000000e+00 6.457763614e-18 6.457763614e-18
6.457763614e-18 0.000000000e+00 0.000000000e+00 0.000000000e+00 6.457763614e-18 6.457763614e-18
4.252783557e-03 6.457763614e-18 6.457763614e-18 6.457763614e-18 6.457763614e-18 6.457763614e-18

1.630235346e-03 6.940359569e-18 1.093038139e-02 2.536174403e-02 6.940359569e-18 6.940359569e-18
6.940359569e-18 6.940359569e-18 7.053618681e-03 7.769335349e-01 6.940359569e-18 3.590501269e-02
6.940359569e-18 0.000000000e+00 0.000000000e+00 0.000000000e+00 6.940359569e-18 3.988172047e-02
6.940359569e-18 6.940359569e-18 0.000000000e+00 0.000000000e+00 6.940359569e-18 6.940359569e-18
6.940359569e-18 0.000000000e+00 0.000000000e+00 0.000000000e+00 2.002224131e-03 6.940359569e-18
5.531424427e-03 8.654154566e-02 6.940359569e-18 4.570598866e-03 3.657959432e-03 6.940359569e-18

7.013477964e-04 7.523820581e-18 0.000000000e+00 1.443295429e-01 7.523820581e-18 7.013477964e-04
1.620958006e-04 7.523820581e-18 3.488894796e-01 4.477185254e-01 4.084558226e-04 2.594508605e-02
4.954839223e-03 0.000000000e+00 0.000000000e+00 0.000000000e+00 0.000000000e+00 1.385899601e-03
4.453280919e-03 7.523820581e-18 0.000000000e+00 0.000000000e+00 7.523820581e-18 7.523820581e-18
7.523820581e-18 0.000000000e+00 0.000000000e+00 0.000000000e+00 1.029244178e-03 1.620958006e-04
9.391410487e-03 1.029244178e-03 4.084558226e-04 6.535293161e-03 4.084558226e-04 1.385899601e-03

