7.461337435e-18 7.461337435e-18 7.461337435e-18 7.461337435e-18 7.461337435e-18 7.461337435e-18
7.461337435e-18 6.955233065e-04 4.050637156e-04 1.565425028e-02 7.461337435e-18 7.461337435e-18
7.461337435e-18 4.050637156e-04 7.461337435e-18 2.599382885e-01 1.981917839e-02 7.461337435e-18
7.461337435e-18 5.174894150e-02 5.576151879e-01 4.287544052e-02 7.461337435e-18 7.461337435e-18
7.461337435e-18 7.461337435e-18 5.084306214e-02 7.461337435e-18 7.461337435e-18 7.461337435e-18
7.461337435e-18 7.461337435e-18 7.461337435e-18 7.461337435e-18 7.461337435e-18 7.461337435e-18

7.116340441e-18 7.116340441e-18 7.116340441e-18 7.116340441e-18 7.116340441e-18 7.116340441e-18
7.116340441e-18 7.116340441e-18 7.116340441e-18 7.116340441e-18 7.116340441e-18 7.116340441e-18
2.870208165e-03 1.157195419e-01 0.000000000e+00 7.116340441e-18 1.061781305e-01 3.863343972e-04
7.116340441e-18 7.116340441e-18 1.999261923e-01 5.682178368e-01 0.000000000e+00 7.116340441e-18
7.116340441e-18 7.116340441e-18 7.116340441e-18 6.701755994e-03 7.116340441e-18 7.116340441e-18
7.116340441e-18 7.116340441e-18 7.116340441e-18 7.116340441e-18 7.116340441e-18 7.116340441e-18

7.319454330e-18 7.319454330e-18 7.319454330e-18 7.319454330e-18 1.576928632e-04 7.319454330e-18
7.319454330e-18 1.576928632e-04 1.001287268e-03 1.031452311e-02 2.523085811e-03 7.319454330e-18
2.157208024e-02 1.146346967e-01 0.000000000e+00 0.000000000e+00 0.000000000e+00 1.576928632e-04
1.576928632e-04 3.973611155e-04 9.720955307e-03 1.968359550e-01 0.000000000e+00 1.719281694e-03
7.319454330e-18 1.576928632e-04 6.241362867e-01 1.277312192e-02 7.319454330e-18 7.319454330e-18
7.319454330e-18 1.576928632e-04 1.576928632e-04 1.576928632e-04 1.576928632e-04 2.952129364e-03

5.054517548e-18 5.054517548e-18 5.054517548e-18 5.054517548e-18 5.054517548e-18 5.054517548e-18
5.054517548e-18 5.054517548e-18 9.546642047e-01 5.054517548e-18 1.088962795e-04 5.054517548e-18
5.054517548e-18 5.054517548e-18 0.000000000e+00 0.000000000e+00 0.000000000e+00 5.054517548e-18
5.054517548e-18 5.054517548e-18 5.054517548e-18 0.000000000e+00 0.000000000e+00 5.054517548e-18
5.054517548e-18 5.054517548e-18 4.522689906e-02 5.054517548e-18 0.000000000e+00 5.054517548e-18
5.054517548e-18 5.054517548e-18 5.054517548e-18 5.054517548e-18 5.054517548e-18 5.054517548e-18

6.002943769e-18 6.002943769e-18 1.293295030e-04 6.002943769e-18 6.002943769e-18 1.293295030e-04
6.002943769e-18 6.002943769e-18 2.268071091e-01 6.002943769e-18 1.410043819e-03 6.002943769e-18
1.099617519e-02 7.552073798e-01 0.000000000e+00 0.000000000e+00 0.000000000e+00 6.002943769e-18
6.002943769e-18 1.293295030e-04 0.000000000e+00 0.000000000e+00 0.000000000e+00 1.293295030e-04
6.002943769e-18 3.163888637e-03 0.000000000e+00 1.293295030e-04 0.000000000e+00 6.002943769e-18
1.293295030e-04 6.002943769e-18 1.293295030e-04 8.211911564e-04 1.293295030e-04 5.595762603e-04

1.264840024e-04 5.870867331e-18 1.264840024e-04 5.870867331e-18 5.870867331e-18 1.264840024e-04
5.870867331e-18 5.870867331e-18 1.089511367e-01 1.264840024e-04 0.000000000e+00 1.264840024e-04
1.179045611e-02 8.618875703e-01 0.000000000e+00 0.000000000e+00 0.000000000e+00 5.870867331e-18
5.870867331e-18 1.081423009e-03 0.000000000e+00 0.000000000e+00 0.000000000e+00 1.264840024e-04
5.870867331e-18 5.528841777e-03 0.000000000e+00 1.264840024e-04 0.000000000e+00 5.870867331e-18
1.264840024e-04 0.000000000e+00 5.472644943e-04 3.187197142e-04 1.264840024e-04 8.756231909e-03

5.510959371e-18 5.510959371e-18 1.187300205e-04 5.510959371e-18 0.000000000e+00 5.510959371e-18
5.510959371e-18 5.510959371e-18 7.184121195e-02 5.510959371e-18 0.000000000e+00 1.187300205e-04
4.006187365e-03 9.142317493e-01 0.000000000e+00 0.000000000e+00 0.000000000e+00 5.510959371e-18
5.510959371e-18 1.899680327e-03 0.000000000e+00 0.000000000e+00 0.000000000e+00 1.187300205e-04
5.510959371e-18 4.786894465e-03 0.000000000e+00 0.000000000e+00 0.000000000e+00 5.510959371e-18
1.187300205e-04 0.000000000e+00 2.222715554e-03 1.187300205e-04 1.187300205e-04 2.991809041e-04

1.513999750e-04 7.027364332e-18 1.513999750e-04 1.513999750e-04 0.000000000e+00 3.355283077e-01
7.027364332e-18 7.027364332e-18 1.504608434e-01 1.513999750e-04 0.000000000e+00 7.027364332e-18
7.675922913e-03 4.898564824e-01 0.000000000e+00 0.000000000e+00 0.000000000e+00 0.000000000e+00
7.027364332e-18 5.600766694e-03 0.000000000e+00 0.000000000e+00 0.000000000e+00 4.159432984e-03
2.027324132e-03 0.000000000e+00 0.000000000e+00 0.000000000e+00 0.000000000e+00 7.027364332e-18
7.027364332e-18 0.000000000e+00 3.703815830e-03 7.027364332e-18 7.027364332e-18 3.815040308e-04

