6.441461623e-18 6.441461623e-18 6.441461623e-18 6.441461623e-18 6.441461623e-18 6.441461623e-18
6.441461623e-18 5.133805794e-03 1.387770838e-04 4.242047822e-03 6.441461623e-18 6.441461623e-18
6.441461623e-18 1.961987484e-02 1.798551006e-01 1.179945094e-02 6.441461623e-18 6.441461623e-18
6.441461623e-18 6.441461623e-18 2.026049932e-02 7.574420136e-01 3.496963382e-04 6.441461623e-18
6.441461623e-18 8.811795550e-04 1.387770838e-04 1.387770838e-04 6.441461623e-18 6.441461623e-18
6.441461623e-18 6.441461623e-18 6.441461623e-18 6.441461623e-18 6.441461623e-18 6.441461623e-18

7.472997306e-18 7.472997306e-18 7.472997306e-18 7.472997306e-18 7.472997306e-18 7.472997306e-18
7.472997306e-18 7.472997306e-18 8.162683553e-03 7.472997306e-18 7.472997306e-18 7.472997306e-18
7.472997306e-18 3.805640468e-01 2.164206971e-01 0.000000000e+00 7.472997306e-18 7.472997306e-18
2.576013541e-03 0.000000000e+00 7.472997306e-18 3.005517625e-01 5.432489221e-03 7.472997306e-18
7.472997306e-18 4.056967107e-04 7.472997306e-18 8.588661057e-02 7.472997306e-18 7.472997306e-18
7.472997306e-18 7.472997306e-18 7.472997306e-18 7.472997306e-18 7.472997306e-18 7.472997306e-18

1.159700146e-04 1.159700146e-04 1.159700146e-04 1.159700146e-04 1.159700146e-04 1.159700146e-04
1.159700146e-04 1.159700146e-04 1.552898600e-03 2.907143332e-02 1.159700146e-04 1.159700146e-04
1.159700146e-04 5.017731112e-04 7.148955926e-03 0.000000000e+00 1.159700146e-04 1.159700146e-04
1.159700146e-04 0.000000000e+00 0.000000000e+00 0.000000000e+00 1.159700146e-04 1.159700146e-04
1.159700146e-04 1.159700146e-04 5.017731112e-04 9.558003572e-01 1.159700146e-04 1.159700146e-04
1.159700146e-04 1.159700146e-04 2.922261251e-04 2.171046162e-03 2.922261251e-04 1.159700146e-04

7.096980219e-18 5.656250134e-03 7.096980219e-18 7.096980219e-18 7.096980219e-18 7.096980219e-18
2.862399676e-03 1.812210966e-01 7.096980219e-18 5.159143910e-03 7.096980219e-18 7.096980219e-18
7.096980219e-18 7.096980219e-18 0.000000000e+00 0.000000000e+00 7.096980219e-18 2.446396861e-03
0.000000000e+00 0.000000000e+00 0.000000000e+00 0.000000000e+00 7.096980219e-18 7.096980219e-18
7.096980219e-18 1.848184865e-01 7.096980219e-18 5.938732064e-01 2.047407617e-03 7.096980219e-18
7.096980219e-18 3.740507314e-03 7.096980219e-18 7.096980219e-18 1.817510502e-02 7.096980219e-18

