7.362041149e-18 7.362041149e-18 7.362041149e-18 7.362041149e-18 7.362041149e-18 7.362041149e-18
7.362041149e-18 1.586103684e-04 3.996730838e-04 2.463779340e-02 7.362041149e-18 7.362041149e-18
7.362041149e-18 0.000000000e+00 3.617013756e-01 4.705794719e-01 3.808652538e-02 7.362041149e-18
7.362041149e-18 3.996730838e-04 5.834952012e-02 7.362041149e-18 7.362041149e-18 7.362041149e-18
7.362041149e-18 7.362041149e-18 4.488801094e-02 3.996730838e-04 3.996730838e-04 7.362041149e-18
7.362041149e-18 7.362041149e-18 7.362041149e-18 7.362041149e-18 7.362041149e-18 7.362041149e-18

4.306313165e-04 7.932296671e-18 7.932296671e-18 7.932296671e-18 7.932296671e-18 7.932296671e-18
7.932296671e-18 1.316325858e-02 4.695054199e-03 1.584204798e-01 7.932296671e-18 7.932296671e-18
7.932296671e-18 0.000000000e+00 2.908886530e-01 3.928707780e-01 4.306313165e-04 7.932296671e-18
7.932296671e-18 0.000000000e+00 7.932296671e-18 0.000000000e+00 3.574504663e-02 4.180766016e-03
7.932296671e-18 9.668140082e-02 1.461141540e-03 4.306313165e-04 4.306313165e-04 7.932296671e-18
7.932296671e-18 7.932296671e-18 1.708961512e-04 7.932296671e-18 7.932296671e-18 7.932296671e-18

4.171539708e-04 1.415412609e-03 4.171539708e-04 1.655476630e-04 1.655476630e-04 1.655476630e-04
1.655476630e-04 0.000000000e+00 4.255324235e-01 1.415412609e-03 1.655476630e-04 1.655476630e-04
1.655476630e-04 0.000000000e+00 1.655476630e-04 1.354705712e-01 1.655476630e-04 1.655476630e-04
1.655476630e-04 0.000000000e+00 0.000000000e+00 0.000000000e+00 5.585907871e-03 8.393205481e-03
1.655476630e-04 9.473363532e-02 3.207009080e-01 1.655476630e-04 1.804920405e-03 1.655476630e-04
1.655476630e-04 1.655476630e-04 7.162831375e-04 1.655476630e-04 1.655476630e-04 4.171539708e-04

