1.637004407e-04 1.637004407e-04 1.637004407e-04 1.637004407e-04 1.637004407e-04 1.637004407e-04
1.637004407e-04 1.637004407e-04 5.067346992e-01 1.637004407e-04 1.637004407e-04 1.637004407e-04
4.124992621e-04 1.070747239e-02 2.647098421e-01 7.082906706e-04 7.082906706e-04 1.637004407e-04
5.003888818e-03 4.124992621e-04 0.000000000e+00 7.155638800e-03 1.602386387e-01 1.637004407e-04
4.124992621e-04 7.082906706e-04 4.124992621e-04 1.399619080e-03 1.637004407e-04 1.637004407e-04
1.637004407e-04 4.124992621e-04 3.675252428e-02 1.637004407e-04 1.637004407e-04 1.637004407e-04

4.690283184e-18 4.690283184e-18 4.690283184e-18 4.690283184e-18 4.690283184e-18 4.690283184e-18
4.690283184e-18 4.690283184e-18 4.690283184e-18 4.690283184e-18 4.690283184e-18 4.690283184e-18
4.690283184e-18 9.983832146e-01 4.690283184e-18 0.000000000e+00 1.616785408e-03 4.690283184e-18
4.690283184e-18 4.690283184e-18 0.000000000e+00 4.690283184e-18 4.690283184e-18 4.690283184e-18
4.690283184e-18 4.690283184e-18 4.690283184e-18 0.000000000e+00 4.690283184e-18 4.690283184e-18
4.690283184e-18 4.690283184e-18 4.690283184e-18 4.690283184e-18 4.690283184e-18 4.690283184e-18

1.224121561e-04 5.681868968e-18 5.681868968e-18 3.084593044e-04 5.681868968e-18 5.681868968e-18
1.224121561e-04 1.224121561e-04 4.130429954e-03 1.224121561e-04 5.681868968e-18 5.681868968e-18
1.224121561e-04 0.000000000e+00 0.000000000e+00 0.000000000e+00 8.639305817e-01 1.262563019e-01
1.958594497e-03 1.224121561e-04 0.000000000e+00 1.224121561e-04 1.224121561e-04 1.224121561e-04
1.224121561e-04 5.681868968e-18 1.224121561e-04 0.000000000e+00 1.224121561e-04 1.224121561e-04
1.224121561e-04 1.224121561e-04 1.224121561e-04 5.681868968e-18 1.334625898e-03 1.224121561e-04

