1.404935970e-04 1.404935970e-04 1.404935970e-04 1.404935970e-04 3.540216804e-04 1.404935970e-04
1.404935970e-04 6.521135109e-18 1.404935970e-04 1.201203357e-03 1.404935970e-04 1.404935970e-04
1.404935970e-04 6.521135109e-18 6.078804896e-04 1.794876868e-02 3.437004588e-03 1.404935970e-04
1.404935970e-04 3.540216804e-04 7.878131145e-01 6.521135109e-18 1.438449539e-01 4.740533783e-03
3.540216804e-04 6.521135109e-18 1.404935970e-04 2.867575611e-02 1.404935970e-04 1.404935970e-04
1.404935970e-04 6.521135109e-18 1.404935970e-04 8.139834807e-03 1.404935970e-04 6.521135109e-18

7.554292714e-18 7.554292714e-18 7.554292714e-18 7.554292714e-18 7.554292714e-18 4.101101045e-04
7.554292714e-18 7.554292714e-18 4.101101045e-04 4.101101045e-04 7.554292714e-18 7.554292714e-18
7.554292714e-18 4.101101045e-04 0.000000000e+00 4.605775617e-01 4.101101045e-04 7.554292714e-18
7.554292714e-18 2.896417921e-01 7.554292714e-18 0.000000000e+00 1.366763189e-01 2.179337686e-03
7.554292714e-18 7.554292714e-18 5.331483986e-02 5.239364324e-02 7.554292714e-18 7.554292714e-18
7.554292714e-18 7.554292714e-18 1.391512615e-03 1.774443366e-03 7.554292714e-18 7.554292714e-18

5.305019824e-18 5.305019824e-18 5.305019824e-18 9.771930067e-04 5.305019824e-18 5.305019824e-18
5.305019824e-18 5.305019824e-18 5.305019824e-18 5.305019824e-18 2.880007854e-04 5.305019824e-18
5.305019824e-18 2.139654692e-03 0.000000000e+00 9.463387960e-01 2.880007854e-04 5.305019824e-18
5.305019824e-18 0.000000000e+00 0.000000000e+00 0.000000000e+00 4.071666021e-02 1.142931874e-04
4.945179013e-04 5.305019824e-18 2.880007854e-04 8.354882684e-03 5.305019824e-18 5.305019824e-18
5.305019824e-18 5.305019824e-18 5.305019824e-18 5.305019824e-18 5.305019824e-18 5.305019824e-18

6.841638615e-18 6.841638615e-18 6.841638615e-18 1.973744126e-03 3.714212877e-04 6.841638615e-18
6.841638615e-18 6.841638615e-18 1.607046578e-03 0.000000000e+00 9.607559384e-02 5.251039279e-02
6.841638615e-18 2.289621524e-02 0.000000000e+00 0.000000000e+00 6.841638615e-18 3.714212877e-04
6.841638615e-18 0.000000000e+00 0.000000000e+00 0.000000000e+00 7.261002147e-01 9.607559384e-02
3.714212877e-04 6.841638615e-18 6.377568570e-04 3.714212877e-04 6.841638615e-18 6.841638615e-18
6.841638615e-18 6.841638615e-18 6.841638615e-18 6.377568570e-04 6.841638615e-18 6.841638615e-18

3.760540321e-03 5.061744635e-04 1.717461101e-03 4.406495976e-02 1.163820394e-02 2.008754690e-04
3.407145767e-02 6.140230955e-03 3.998360261e-01 0.000000000e+00 1.020403502e-01 3.026110932e-02
2.008754690e-04 0.000000000e+00 0.000000000e+00 0.000000000e+00 0.000000000e+00 7.431022604e-03
1.018431222e-02 0.000000000e+00 0.000000000e+00 0.000000000e+00 2.428093381e-01 4.929268665e-02
8.691376764e-04 1.275479723e-03 3.999092011e-02 4.914173480e-03 5.061744635e-04 2.008754690e-04
2.008754690e-04 2.008754690e-04 5.061744635e-04 6.777938406e-03 2.008754690e-04 2.008754690e-04

2.478053557e-03 1.850603170e-04 1.850603170e-04 2.701753289e-02 5.084188333e-03 1.850603170e-04
1.210459927e-02 5.084188333e-03 2.992495749e-01 0.000000000e+00 8.819558880e-02 6.845969822e-03
0.000000000e+00 0.000000000e+00 0.000000000e+00 0.000000000e+00 0.000000000e+00 3.464468744e-03
4.426034312e-01 0.000000000e+00 0.000000000e+00 0.000000000e+00 5.035930237e-02 8.089317164e-03
2.478053557e-03 0.000000000e+00 7.461164442e-03 3.464468744e-03 8.007094878e-04 1.850603170e-04
4.663227776e-04 1.850603170e-04 1.175059767e-03 3.228258363e-02 1.850603170e-04 1.850603170e-04

