2.455312879e-03 7.933615123e-04 7.933615123e-04 7.933615123e-04 1.833620497e-04 1.164276443e-03
5.675972083e-01 8.510912425e-18 1.833620497e-04 1.833620497e-04 8.510912425e-18 1.833620497e-04
1.062352183e-02 4.620434124e-04 6.006623654e-02 7.836941289e-02 2.933792796e-03 4.620434124e-04
1.164276443e-03 6.110858938e-02 8.510912425e-18 0.000000000e+00 1.833620497e-04 1.833620497e-04
4.620434124e-04 1.709245564e-02 9.781529299e-02 8.510912425e-02 2.455312879e-03 1.833620497e-04
1.833620497e-04 4.620434124e-04 3.432675900e-03 4.620434124e-04 2.455312879e-03 8.510912425e-18

9.081876356e-04 6.638891890e-18 9.081876356e-04 6.188574205e-04 6.638891890e-18 9.081876356e-04
1.222894342e-03 6.638891890e-18 6.638891890e-18 6.638891890e-18 6.638891890e-18 1.158547778e-02
2.288489439e-03 3.604145020e-04 8.502510066e-01 1.392871936e-02 3.604145020e-04 1.915253729e-03
1.559422982e-03 5.768801681e-02 0.000000000e+00 0.000000000e+00 3.434541037e-02 1.559422982e-03
9.081876356e-04 9.355479350e-03 0.000000000e+00 6.638891890e-18 1.915253729e-03 9.081876356e-04
3.604145020e-04 1.430305899e-04 4.372066237e-03 9.081876356e-04 3.604145020e-04 3.604145020e-04

1.338486959e-02 1.827641447e-02 4.224052676e-03 1.245391841e-02 1.433230375e-02 1.245391841e-02
3.611514237e-02 1.676316415e-03 8.907996896e-03 1.142275905e-03 2.640032923e-04 1.154005569e-02
2.352195095e-02 3.535140911e-03 1.632443866e-01 2.460958834e-02 0.000000000e+00 1.142275905e-03
2.682106265e-02 1.241760501e-01 0.000000000e+00 0.000000000e+00 2.570937987e-02 2.138426667e-02
3.491634844e-02 1.096460807e-01 0.000000000e+00 0.000000000e+00 1.154005569e-02 8.907996896e-03
3.022502963e-02 2.640032923e-04 1.258180370e-01 9.405050806e-02 2.138426667e-02 1.433230375e-02

1.355376740e-03 2.967723041e-03 1.585258252e-04 1.355376740e-03 3.415335371e-03 8.558363324e-02
1.006576247e-03 1.006576247e-03 1.585258252e-04 2.967723041e-03 3.878141070e-03 1.585258252e-04
1.355376740e-03 0.000000000e+00 6.391360772e-03 3.878141070e-03 0.000000000e+00 7.986716483e-01
5.864374563e-03 1.284059184e-02 0.000000000e+00 0.000000000e+00 2.536413203e-03 4.355202478e-03
2.967723041e-03 7.478193459e-03 0.000000000e+00 0.000000000e+00 3.415335371e-03 1.585258252e-04
8.037200893e-03 0.000000000e+00 1.677974187e-02 1.884386671e-02 6.859014098e-04 1.728363249e-03

1.375131839e-03 2.165696939e-04 4.665852612e-03 2.899980444e-03 1.851644836e-03 3.069589654e-01
5.298113561e-03 5.949849913e-03 5.659987753e-02 8.734828086e-02 2.361199503e-03 0.000000000e+00
2.165696939e-04 0.000000000e+00 2.165696939e-04 0.000000000e+00 0.000000000e+00 6.486956881e-02
3.465115102e-03 2.136065536e-01 0.000000000e+00 0.000000000e+00 1.098000363e-02 6.247818469e-02
2.165696939e-04 2.574350544e-02 0.000000000e+00 0.000000000e+00 2.165696939e-04 2.165696939e-04
1.098000363e-02 0.000000000e+00 7.094448648e-02 5.544184162e-02 2.165696939e-04 4.665852612e-03

1.534756133e-04 1.534756133e-04 1.673302185e-03 2.873179264e-03 3.867343117e-04 2.751909522e-02
6.640504120e-04 9.745094000e-04 0.000000000e+00 7.526092162e-01 1.367424556e-02 0.000000000e+00
1.534756133e-04 0.000000000e+00 0.000000000e+00 0.000000000e+00 0.000000000e+00 1.083927248e-01
3.867343117e-04 1.892234732e-02 0.000000000e+00 0.000000000e+00 1.534756133e-04 5.735852109e-02
1.534756133e-04 6.640504120e-04 0.000000000e+00 0.000000000e+00 6.640504120e-04 6.640504120e-04
5.178572870e-03 0.000000000e+00 3.754593792e-03 2.055118005e-03 6.640504120e-04 1.534756133e-04

1.410501008e-04 1.410501008e-04 3.094139393e-02 6.653805080e-03 1.031082492e-02 2.640564296e-03
3.554239822e-04 1.410501008e-04 0.000000000e+00 8.956123135e-04 8.351768183e-01 0.000000000e+00
1.410501008e-04 0.000000000e+00 0.000000000e+00 0.000000000e+00 0.000000000e+00 0.000000000e+00
1.205961398e-03 2.950237553e-02 0.000000000e+00 0.000000000e+00 0.000000000e+00 7.254459739e-02
1.410501008e-04 3.554239822e-04 0.000000000e+00 0.000000000e+00 8.956123135e-04 3.450618775e-03
1.537830257e-03 0.000000000e+00 8.956123135e-04 8.956123135e-04 8.956123135e-04 1.410501008e-04

3.016361322e-04 3.016361322e-04 4.403679977e-02 1.305103746e-03 6.498553470e-03 5.179307649e-04
1.197043784e-04 5.556185061e-18 0.000000000e+00 0.000000000e+00 9.367157103e-01 0.000000000e+00
1.023458039e-03 0.000000000e+00 0.000000000e+00 0.000000000e+00 0.000000000e+00 0.000000000e+00
1.197043784e-04 0.000000000e+00 0.000000000e+00 0.000000000e+00 0.000000000e+00 2.928421697e-03
3.016361322e-04 1.197043784e-04 0.000000000e+00 0.000000000e+00 1.305103746e-03 7.600754248e-04
7.600754248e-04 0.000000000e+00 1.305103746e-03 5.179307649e-04 7.600754248e-04 3.016361322e-04

2.886435605e-04 5.316859843e-18 1.361628229e-02 2.886435605e-04 4.618296968e-03 7.273361955e-04
1.533860742e-03 0.000000000e+00 0.000000000e+00 0.000000000e+00 9.615857156e-01 0.000000000e+00
5.316859843e-18 0.000000000e+00 0.000000000e+00 0.000000000e+00 0.000000000e+00 0.000000000e+00
2.886435605e-04 0.000000000e+00 0.000000000e+00 0.000000000e+00 0.000000000e+00 7.273361955e-04
5.316859843e-18 5.316859843e-18 0.000000000e+00 0.000000000e+00 5.316859843e-18 4.956215921e-04
9.793739568e-04 0.000000000e+00 7.273361955e-04 0.000000000e+00 1.412290954e-02 5.316859843e-18

1.206722659e-02 1.650773377e-04 4.258914128e-01 2.210471108e-03 2.503201561e-01 2.641237403e-03
7.142481581e-04 0.000000000e+00 0.000000000e+00 0.000000000e+00 2.641237403e-03 0.000000000e+00
0.000000000e+00 0.000000000e+00 0.000000000e+00 0.000000000e+00 0.000000000e+00 0.000000000e+00
0.000000000e+00 0.000000000e+00 0.000000000e+00 0.000000000e+00 0.000000000e+00 2.210471108e-03
1.650773377e-04 1.650773377e-04 0.000000000e+00 0.000000000e+00 2.475769336e-01 5.045976914e-03
1.048175758e-03 0.000000000e+00 4.159688253e-04 0.000000000e+00 4.492145967e-02 1.799792579e-03

1.249928099e-01 6.123880183e-04 7.130717927e-01 0.000000000e+00 4.326361598e-03 1.415353789e-04
1.543121110e-03 0.000000000e+00 0.000000000e+00 0.000000000e+00 1.415353789e-04 0.000000000e+00
0.000000000e+00 0.000000000e+00 0.000000000e+00 0.000000000e+00 0.000000000e+00 0.000000000e+00
0.000000000e+00 0.000000000e+00 0.000000000e+00 0.000000000e+00 0.000000000e+00 1.895232078e-03
3.566468064e-04 1.415353789e-04 0.000000000e+00 0.000000000e+00 1.470504862e-01 2.264566063e-03
3.566468064e-04 0.000000000e+00 0.000000000e+00 0.000000000e+00 1.895232078e-03 1.210110468e-03

9.833864596e-01 0.000000000e+00 4.880715969e-18 0.000000000e+00 1.584071604e-02 1.051518380e-04
6.676725528e-04 0.000000000e+00 0.000000000e+00 0.000000000e+00 4.880715969e-18 0.000000000e+00
0.000000000e+00 0.000000000e+00 0.000000000e+00 0.000000000e+00 0.000000000e+00 0.000000000e+00
0.000000000e+00 0.000000000e+00 0.000000000e+00 0.000000000e+00 0.000000000e+00 4.880715969e-18
4.880715969e-18 4.880715969e-18 0.000000000e+00 0.000000000e+00 4.880715969e-18 4.880715969e-18
4.880715969e-18 0.000000000e+00 0.000000000e+00 0.000000000e+00 0.000000000e+00 4.880715969e-18

