1.404935970e-04 1.404935970e-04 1.404935970e-04 1.404935970e-04 3.540216804e-04 1.404935970e-04
1.404935970e-04 6.521135109e-18 1.404935970e-04 1.201203357e-03 1.404935970e-04 1.404935970e-04
1.404935970e-04 6.521135109e-18 6.078804896e-04 1.794876868e-02 3.437004588e-03 1.404935970e-04
1.404935970e-04 3.540216804e-04 7.878131145e-01 6.521135109e-18 1.438449539e-01 4.740533783e-03
3.540216804e-04 6.521135109e-18 1.404935970e-04 2.867575611e-02 1.404935970e-04 1.404935970e-04
1.404935970e-04 6.521135109e-18 1.404935970e-04 8.139834807e-03 1.404935970e-04 6.521135109e-18

8.535443832e-18 1.167632292e-03 8.535443832e-18 4.633751821e-04 8.535443832e-18 8.535443832e-18
8.535443832e-18 0.000000000e+00 8.535443832e-18 2.865244471e-01 8.535443832e-18 8.535443832e-18
8.535443832e-18 8.535443832e-18 1.248422623e-01 8.535443832e-18 2.008619047e-01 8.535443832e-18
8.535443832e-18 8.535443832e-18 1.186240466e-01 0.000000000e+00 1.413719505e-01 8.535443832e-18
2.004907972e-03 8.535443832e-18 4.633751821e-04 1.186240466e-01 8.535443832e-18 8.535443832e-18
8.535443832e-18 8.535443832e-18 8.535443832e-18 5.052051513e-03 8.535443832e-18 8.535443832e-18

6.058961937e-18 6.058961937e-18 6.058961937e-18 6.058961937e-18 6.058961937e-18 6.058961937e-18
6.058961937e-18 0.000000000e+00 6.058961937e-18 5.584776364e-01 6.058961937e-18 6.058961937e-18
6.058961937e-18 6.058961937e-18 6.058961937e-18 0.000000000e+00 4.236652383e-01 6.058961937e-18
6.058961937e-18 6.058961937e-18 1.785712530e-02 0.000000000e+00 6.058961937e-18 6.058961937e-18
6.058961937e-18 6.058961937e-18 6.058961937e-18 0.000000000e+00 6.058961937e-18 6.058961937e-18
6.058961937e-18 6.058961937e-18 6.058961937e-18 6.058961937e-18 6.058961937e-18 6.058961937e-18

4.647784847e-18 4.647784847e-18 4.647784847e-18 4.647784847e-18 4.647784847e-18 4.647784847e-18
4.647784847e-18 0.000000000e+00 4.647784847e-18 4.647784847e-18 4.647784847e-18 4.647784847e-18
4.647784847e-18 0.000000000e+00 0.000000000e+00 0.000000000e+00 1.000000000e+00 4.647784847e-18
4.647784847e-18 4.647784847e-18 4.647784847e-18 0.000000000e+00 4.647784847e-18 4.647784847e-18
4.647784847e-18 4.647784847e-18 4.647784847e-18 0.000000000e+00 4.647784847e-18 4.647784847e-18
4.647784847e-18 4.647784847e-18 4.647784847e-18 4.647784847e-18 4.647784847e-18 4.647784847e-18

3.609445831e-02 3.609445831e-02 3.609445831e-02 0.000000000e+00 3.609445831e-02 3.609445831e-02
3.609445831e-02 0.000000000e+00 3.609445831e-02 0.000000000e+00 3.609445831e-02 3.609445831e-02
3.609445831e-02 0.000000000e+00 0.000000000e+00 0.000000000e+00 3.609445831e-02 3.609445831e-02
3.609445831e-02 3.476385421e-02 3.609445831e-02 0.000000000e+00 3.609445831e-02 3.609445831e-02
3.609445831e-02 3.609445831e-02 3.609445831e-02 0.000000000e+00 3.609445831e-02 3.476385421e-02
3.476385421e-02 3.476385421e-02 3.476385421e-02 3.476385421e-02 3.476385421e-02 3.476385421e-02

3.917969513e-02 3.917969513e-02 3.917969513e-02 0.000000000e+00 3.784597560e-02 3.917969513e-02
3.917969513e-02 0.000000000e+00 3.917969513e-02 0.000000000e+00 3.917969513e-02 3.917969513e-02
3.917969513e-02 0.000000000e+00 0.000000000e+00 0.000000000e+00 3.917969513e-02 3.917969513e-02
3.917969513e-02 0.000000000e+00 0.000000000e+00 0.000000000e+00 3.784597560e-02 3.784597560e-02
3.784597560e-02 3.784597560e-02 3.784597560e-02 0.000000000e+00 3.784597560e-02 3.784597560e-02
3.784597560e-02 3.784597560e-02 3.784597560e-02 3.784597560e-02 3.784597560e-02 3.784597560e-02

