4.797614235e-04 1.318551270e-01 1.208923033e-03 7.004186663e-02 1.854104702e-02 8.837280979e-18
8.837280979e-18 0.000000000e+00 8.837280979e-18 2.316371915e-01 8.837280979e-18 4.797614235e-04
1.618810597e-02 2.347402858e-02 3.587622241e-01 1.228189244e-01 8.837280979e-18 4.797614235e-04
4.797614235e-04 8.837280979e-18 4.101902471e-03 4.797614235e-04 8.837280979e-18 1.033614654e-02
7.676182775e-03 8.837280979e-18 8.837280979e-18 8.837280979e-18 8.837280979e-18 4.797614235e-04
8.837280979e-18 8.837280979e-18 8.837280979e-18 4.797614235e-04 8.837280979e-18 8.837280979e-18

1.928230345e-04 8.475927318e-02 3.650352256e-01 1.485217452e-02 2.102296241e-03 8.950052439e-18
4.858836002e-04 0.000000000e+00 0.000000000e+00 1.844435655e-01 4.858836002e-04 1.928230345e-04
3.457432313e-02 8.950052439e-18 0.000000000e+00 1.958959922e-02 1.928230345e-04 1.928230345e-04
3.085168552e-03 1.959696965e-01 7.547488780e-02 7.774137603e-03 8.950052439e-18 1.928230345e-04
1.928230345e-04 1.928230345e-04 8.342968160e-04 8.950052439e-18 8.950052439e-18 4.858836002e-04
1.928230345e-04 4.858836002e-04 4.858836002e-04 6.506233230e-03 8.342968160e-04 1.928230345e-04

1.553124214e-04 3.346104684e-03 6.261804448e-03 1.327902524e-03 3.346104684e-03 1.553124214e-04
1.553124214e-04 0.000000000e+00 0.000000000e+00 0.000000000e+00 6.719978190e-04 1.553124214e-04
9.861724043e-04 0.000000000e+00 0.000000000e+00 7.208964007e-18 1.693328395e-03 1.553124214e-04
1.553124214e-04 3.642330845e-01 4.531690065e-01 1.590172689e-01 1.553124214e-04 1.553124214e-04
1.553124214e-04 1.553124214e-04 1.553124214e-04 1.553124214e-04 3.913627780e-04 9.861724043e-04
1.553124214e-04 1.553124214e-04 3.913627780e-04 1.693328395e-03 1.553124214e-04 1.553124214e-04

1.798352130e-03 9.762957406e-18 1.499984748e-01 4.531563408e-03 5.145627078e-03 9.762957406e-18
9.762957406e-18 0.000000000e+00 0.000000000e+00 0.000000000e+00 9.762957406e-18 2.103365412e-04
7.860918534e-02 0.000000000e+00 0.000000000e+00 0.000000000e+00 1.141882425e-02 3.567619578e-02
9.762957406e-18 4.293120459e-02 9.762957406e-18 8.735715821e-02 7.984468212e-02 2.103365412e-04
9.762957406e-18 2.103365412e-04 3.816287831e-01 0.000000000e+00 7.781017761e-03 4.399449267e-02
3.466771121e-02 9.762957406e-18 2.687155858e-02 5.778605625e-03 1.335553787e-03 9.762957406e-18

1.050038986e-03 5.700488641e-18 5.700488641e-18 5.700488641e-18 5.700488641e-18 5.700488641e-18
0.000000000e+00 0.000000000e+00 0.000000000e+00 0.000000000e+00 5.700488641e-18 5.700488641e-18
4.543254828e-03 0.000000000e+00 0.000000000e+00 0.000000000e+00 2.299157717e-03 5.700488641e-18
5.700488641e-18 5.026904188e-02 0.000000000e+00 5.700488641e-18 8.893477834e-01 5.700488641e-18
5.700488641e-18 5.700488641e-18 5.249072317e-02 0.000000000e+00 5.700488641e-18 5.700488641e-18
5.700488641e-18 5.700488641e-18 5.700488641e-18 5.700488641e-18 5.700488641e-18 5.700488641e-18

4.000000000e-02 4.000000000e-02 4.000000000e-02 4.000000000e-02 4.000000000e-02 4.000000000e-02
0.000000000e+00 0.000000000e+00 0.000000000e+00 0.000000000e+00 4.000000000e-02 4.000000000e-02
4.000000000e-02 0.000000000e+00 0.000000000e+00 0.000000000e+00 0.000000000e+00 4.000000000e-02
4.000000000e-02 4.000000000e-02 0.000000000e+00 0.000000000e+00 4.000000000e-02 4.000000000e-02
4.000000000e-02 4.000000000e-02 4.000000000e-02 0.000000000e+00 4.000000000e-02 4.000000000e-02
4.000000000e-02 4.000000000e-02 4.000000000e-02 4.000000000e-02 4.000000000e-02 4.000000000e-02

