7.312828517e-18 7.312828517e-18 7.312828517e-18 7.312828517e-18 7.312828517e-18 7.312828517e-18
7.312828517e-18 7.312828517e-18 3.375484299e-02 6.816797544e-04 7.312828517e-18 7.312828517e-18
7.312828517e-18 2.083714428e-02 1.222292563e-01 7.312828517e-18 3.970014111e-04 7.312828517e-18
7.312828517e-18 7.312828517e-18 5.795947429e-02 6.740513025e-01 4.806724190e-02 7.312828517e-18
7.312828517e-18 7.312828517e-18 7.312828517e-18 4.202205662e-02 7.312828517e-18 7.312828517e-18
7.312828517e-18 7.312828517e-18 7.312828517e-18 7.312828517e-18 7.312828517e-18 7.312828517e-18

7.469131258e-18 7.469131258e-18 7.469131258e-18 7.469131258e-18 7.469131258e-18 7.469131258e-18
7.469131258e-18 7.469131258e-18 4.033890986e-02 7.469131258e-18 7.469131258e-18 7.469131258e-18
2.574680878e-03 1.038046283e-01 7.469131258e-18 0.000000000e+00 4.506967201e-01 7.469131258e-18
7.469131258e-18 7.469131258e-18 3.260463545e-01 0.000000000e+00 8.735948915e-03 7.469131258e-18
7.469131258e-18 7.469131258e-18 6.780275742e-02 7.469131258e-18 7.469131258e-18 7.469131258e-18
7.469131258e-18 7.469131258e-18 7.469131258e-18 7.469131258e-18 7.469131258e-18 7.469131258e-18

7.982850959e-18 7.982850959e-18 7.982850959e-18 7.982850959e-18 7.982850959e-18 7.982850959e-18
7.982850959e-18 7.982850959e-18 7.350696513e-02 7.982850959e-18 7.982850959e-18 7.982850959e-18
6.027511479e-02 2.650970106e-01 0.000000000e+00 0.000000000e+00 4.404480471e-01 2.352725950e-02
7.982850959e-18 0.000000000e+00 7.982850959e-18 0.000000000e+00 7.982850959e-18 7.982850959e-18
7.982850959e-18 7.982850959e-18 7.982850959e-02 7.982850959e-18 7.982850959e-18 7.982850959e-18
7.982850959e-18 7.982850959e-18 5.731709328e-02 7.982850959e-18 7.982850959e-18 7.982850959e-18

6.002825300e-18 6.002825300e-18 6.002825300e-18 6.002825300e-18 6.002825300e-18 6.002825300e-18
6.002825300e-18 6.002825300e-18 8.687488539e-01 6.002825300e-18 6.002825300e-18 6.002825300e-18
8.342617469e-02 6.002825300e-18 0.000000000e+00 0.000000000e+00 5.653112126e-03 6.002825300e-18
6.002825300e-18 0.000000000e+00 0.000000000e+00 0.000000000e+00 0.000000000e+00 2.069231210e-03
6.002825300e-18 6.002825300e-18 9.453857443e-03 3.163826198e-03 6.002825300e-18 6.002825300e-18
2.421098081e-03 6.002825300e-18 2.070009742e-02 6.002825300e-18 4.363748895e-03 6.002825300e-18

