8.200758039e-18 8.200758039e-18 8.200758039e-18 8.200758039e-18 8.200758039e-18 8.200758039e-18
8.200758039e-18 1.766799761e-04 1.766799761e-04 7.337888385e-02 8.200758039e-18 8.200758039e-18
8.200758039e-18 8.200758039e-18 5.588162366e-02 3.344746393e-01 1.946073421e-02 8.200758039e-18
8.200758039e-18 7.766326462e-02 3.754739243e-01 8.200758039e-18 2.826879617e-03 8.200758039e-18
8.200758039e-18 8.200758039e-18 4.807881281e-02 1.223119774e-02 1.766799761e-04 8.200758039e-18
8.200758039e-18 8.200758039e-18 8.200758039e-18 8.200758039e-18 8.200758039e-18 8.200758039e-18

5.716237362e-18 5.716237362e-18 5.716237362e-18 5.716237362e-18 5.716237362e-18 5.716237362e-18
5.716237362e-18 1.231526007e-04 1.231526007e-04 1.231526007e-04 3.764448764e-03 5.716237362e-18
5.716237362e-18 1.231526007e-04 9.485816479e-03 1.114522515e-01 8.706616688e-01 5.716237362e-18
5.716237362e-18 5.716237362e-18 0.000000000e+00 0.000000000e+00 5.716237362e-18 1.342698761e-03
1.231526007e-04 5.716237362e-18 1.231526007e-04 7.819702715e-04 1.649077151e-03 1.231526007e-04
5.716237362e-18 5.716237362e-18 5.716237362e-18 5.716237362e-18 5.716237362e-18 5.716237362e-18

6.403420043e-18 1.379575028e-04 1.379575028e-04 1.379575028e-04 1.379575028e-04 1.379575028e-04
6.403420043e-18 6.403420043e-18 4.676433677e-02 3.790126039e-03 1.379575028e-04 6.403420043e-18
6.403420043e-18 6.403420043e-18 0.000000000e+00 5.969074472e-04 7.815610351e-01 6.403420043e-18
6.403420043e-18 6.403420043e-18 0.000000000e+00 0.000000000e+00 0.000000000e+00 6.403420043e-18
6.403420043e-18 6.403420043e-18 1.278864013e-01 6.403420043e-18 3.240512180e-02 6.403420043e-18
6.403420043e-18 6.403420043e-18 6.030368981e-03 1.379575028e-04 6.403420043e-18 6.403420043e-18

5.717383820e-18 5.717383820e-18 1.970836806e-03 5.717383820e-18 1.970836806e-03 5.717383820e-18
5.717383820e-18 5.717383820e-18 5.717383820e-18 5.717383820e-18 3.418817344e-02 5.717383820e-18
3.384067443e-03 5.717383820e-18 0.000000000e+00 0.000000000e+00 9.208850304e-01 5.717383820e-18
5.717383820e-18 5.717383820e-18 0.000000000e+00 0.000000000e+00 0.000000000e+00 0.000000000e+00
5.717383820e-18 1.970836806e-03 8.056896716e-03 5.717383820e-18 5.717383820e-18 5.717383820e-18
1.970836806e-03 5.717383820e-18 2.305971989e-03 5.717383820e-18 2.329651275e-02 5.717383820e-18

