5.639409848e-18 5.639409848e-18 5.639409848e-18 5.639409848e-18 5.639409848e-18 5.639409848e-18
5.639409848e-18 0.000000000e+00 5.639409848e-18 3.061542688e-04 5.639409848e-18 5.639409848e-18
5.639409848e-18 1.033025479e-02 8.932938175e-01 8.001255304e-02 5.639409848e-18 5.639409848e-18
5.639409848e-18 5.639409848e-18 3.713853727e-03 1.234336665e-02 5.639409848e-18 5.639409848e-18
5.639409848e-18 5.639409848e-18 5.639409848e-18 5.639409848e-18 5.639409848e-18 5.639409848e-18
5.639409848e-18 5.639409848e-18 5.639409848e-18 5.639409848e-18 5.639409848e-18 5.639409848e-18

5.379551691e-18 1.551946711e-03 5.379551691e-18 5.379551691e-18 5.379551691e-18 5.379551691e-18
5.379551691e-18 0.000000000e+00 0.000000000e+00 9.909218939e-04 5.379551691e-18 5.379551691e-18
5.379551691e-18 0.000000000e+00 9.390525849e-01 3.665735309e-02 5.379551691e-18 5.379551691e-18
5.379551691e-18 5.379551691e-18 1.745972339e-02 4.287470027e-03 5.379551691e-18 5.379551691e-18
5.379551691e-18 5.379551691e-18 5.379551691e-18 5.379551691e-18 5.379551691e-18 5.379551691e-18
5.379551691e-18 5.379551691e-18 5.379551691e-18 5.379551691e-18 5.379551691e-18 5.379551691e-18

1.728767504e-04 1.728767504e-04 1.728767504e-04 1.728767504e-04 1.728767504e-04 1.728767504e-04
0.000000000e+00 0.000000000e+00 0.000000000e+00 2.212865179e-01 1.196790811e-02 1.728767504e-04
1.478075424e-03 0.000000000e+00 1.743976513e-01 4.427309923e-01 4.749467481e-03 1.728767504e-04
1.728767504e-04 0.000000000e+00 1.232845646e-01 7.479942569e-04 6.395260937e-03 1.728767504e-04
1.728767504e-04 1.097698942e-03 1.884827419e-03 4.356221137e-04 2.314909286e-03 1.728767504e-04
1.728767504e-04 1.728767504e-04 1.728767504e-04 1.884827419e-03 2.314909286e-03 4.356221137e-04

6.365534909e-18 0.000000000e+00 6.365534909e-18 6.365534909e-18 6.365534909e-18 6.365534909e-18
0.000000000e+00 0.000000000e+00 0.000000000e+00 6.365534909e-18 6.365534909e-18 6.365534909e-18
6.365534909e-18 0.000000000e+00 6.420814835e-01 3.657857801e-02 0.000000000e+00 6.365534909e-18
4.627420346e-03 0.000000000e+00 6.365534909e-18 3.039286217e-01 1.278389644e-02 6.365534909e-18
6.365534909e-18 6.365534909e-18 6.365534909e-18 6.365534909e-18 6.365534909e-18 6.365534909e-18
6.365534909e-18 6.365534909e-18 6.365534909e-18 6.365534909e-18 6.365534909e-18 6.365534909e-18

1.093868364e-04 0.000000000e+00 1.093868364e-04 1.093868364e-04 1.093868364e-04 1.093868364e-04
0.000000000e+00 0.000000000e+00 0.000000000e+00 1.093868364e-04 1.093868364e-04 1.093868364e-04
1.093868364e-04 0.000000000e+00 0.000000000e+00 9.731034827e-01 0.000000000e+00 1.093868364e-04
2.756375554e-04 0.000000000e+00 0.000000000e+00 2.399559572e-02 1.093868364e-04 1.093868364e-04
1.093868364e-04 1.093868364e-04 1.093868364e-04 1.093868364e-04 1.093868364e-04 1.093868364e-04
1.093868364e-04 1.093868364e-04 1.093868364e-04 1.093868364e-04 1.093868364e-04 1.093868364e-04

5.763209112e-18 0.000000000e+00 1.241645764e-04 1.241645764e-04 5.763209112e-18 5.763209112e-18
0.000000000e+00 0.000000000e+00 0.000000000e+00 1.241645764e-04 5.763209112e-18 5.763209112e-18
0.000000000e+00 0.000000000e+00 0.000000000e+00 0.000000000e+00 0.000000000e+00 1.241645764e-04
1.913864502e-01 0.000000000e+00 0.000000000e+00 5.763209112e-18 9.076485594e-03 1.241645764e-04
1.241645764e-04 5.763209112e-18 7.982954185e-01 5.763209112e-18 5.763209112e-18 5.763209112e-18
1.241645764e-04 1.241645764e-04 1.241645764e-04 1.241645764e-04 5.763209112e-18 5.763209112e-18

