7.152156807e-18 7.152156807e-18 7.152156807e-18 7.152156807e-18 7.152156807e-18 7.152156807e-18
7.152156807e-18 3.319737117e-03 3.882788087e-04 9.019164528e-02 7.152156807e-18 7.152156807e-18
7.152156807e-18 0.000000000e+00 7.152156807e-18 4.233296514e-03 7.152156807e-18 7.152156807e-18
7.152156807e-18 1.508300098e-01 2.133723648e-01 5.376646677e-01 7.152156807e-18 7.152156807e-18
7.152156807e-18 7.152156807e-18 7.152156807e-18 7.152156807e-18 7.152156807e-18 7.152156807e-18
7.152156807e-18 7.152156807e-18 7.152156807e-18 7.152156807e-18 7.152156807e-18 7.152156807e-18

5.520412115e-18 5.520412115e-18 1.217707367e-01 5.520412115e-18 5.520412115e-18 5.520412115e-18
5.520412115e-18 0.000000000e+00 5.520412115e-18 1.296700965e-03 5.520412115e-18 5.520412115e-18
5.520412115e-18 0.000000000e+00 0.000000000e+00 5.520412115e-18 5.520412115e-18 5.520412115e-18
5.520412115e-18 6.890708740e-03 8.700418536e-01 5.520412115e-18 5.520412115e-18 5.520412115e-18
5.520412115e-18 5.520412115e-18 5.520412115e-18 5.520412115e-18 5.520412115e-18 5.520412115e-18
5.520412115e-18 5.520412115e-18 5.520412115e-18 5.520412115e-18 5.520412115e-18 5.520412115e-18

6.073707972e-18 1.308540715e-04 1.308540715e-04 6.073707972e-18 6.073707972e-18 6.073707972e-18
6.073707972e-18 0.000000000e+00 0.000000000e+00 2.651326204e-01 6.073707972e-18 6.073707972e-18
6.073707972e-18 0.000000000e+00 0.000000000e+00 1.118786574e-03 6.073707972e-18 6.073707972e-18
6.073707972e-18 0.000000000e+00 7.126991662e-01 1.308540715e-04 1.308540715e-04 6.073707972e-18
6.073707972e-18 8.066481609e-03 1.219782074e-02 6.073707972e-18 1.308540715e-04 6.073707972e-18
6.073707972e-18 1.308540715e-04 6.073707972e-18 6.073707972e-18 6.073707972e-18 6.073707972e-18

5.324653401e-18 2.890666599e-04 7.284023392e-04 5.324653401e-18 5.324653401e-18 5.324653401e-18
5.324653401e-18 0.000000000e+00 0.000000000e+00 1.147161800e-04 5.324653401e-18 5.324653401e-18
0.000000000e+00 0.000000000e+00 0.000000000e+00 9.323730165e-01 5.324653401e-18 5.324653401e-18
0.000000000e+00 0.000000000e+00 5.324653401e-18 5.324653401e-18 5.324653401e-18 5.324653401e-18
5.324653401e-18 1.313354811e-02 5.324653401e-02 5.324653401e-18 5.324653401e-18 5.324653401e-18
5.324653401e-18 5.324653401e-18 1.147161800e-04 5.324653401e-18 5.324653401e-18 5.324653401e-18

