5.639409848e-18 5.639409848e-18 5.639409848e-18 5.639409848e-18 5.639409848e-18 5.639409848e-18
5.639409848e-18 0.000000000e+00 5.639409848e-18 3.061542688e-04 5.639409848e-18 5.639409848e-18
5.639409848e-18 1.033025479e-02 8.932938175e-01 8.001255304e-02 5.639409848e-18 5.639409848e-18
5.639409848e-18 5.639409848e-18 3.713853727e-03 1.234336665e-02 5.639409848e-18 5.639409848e-18
5.639409848e-18 5.639409848e-18 5.639409848e-18 5.639409848e-18 5.639409848e-18 5.639409848e-18
5.639409848e-18 5.639409848e-18 5.639409848e-18 5.639409848e-18 5.639409848e-18 5.639409848e-18

6.150184193e-18 6.150184193e-18 6.150184193e-18 8.666795931e-03 6.150184193e-18 6.150184193e-18
6.150184193e-18 0.000000000e+00 0.000000000e+00 2.120027228e-03 6.150184193e-18 6.150184193e-18
6.150184193e-18 6.150184193e-18 0.000000000e+00 6.541969511e-01 6.150184193e-18 6.150184193e-18
5.342133862e-03 3.338833664e-04 2.120027228e-03 3.268226762e-01 1.325017018e-04 6.150184193e-18
6.150184193e-18 6.150184193e-18 6.150184193e-18 1.325017018e-04 6.150184193e-18 6.150184193e-18
6.150184193e-18 1.325017018e-04 6.150184193e-18 6.150184193e-18 6.150184193e-18 6.150184193e-18

2.983397005e-04 2.550768559e-03 5.495464269e-18 1.290840914e-03 5.495464269e-18 5.495464269e-18
2.983397005e-04 0.000000000e+00 0.000000000e+00 0.000000000e+00 5.495464269e-18 5.495464269e-18
5.495464269e-18 0.000000000e+00 0.000000000e+00 5.495464269e-18 5.495464269e-18 5.495464269e-18
1.585386328e-03 2.550768559e-03 4.988634125e-02 9.590091276e-03 9.309357084e-01 5.495464269e-18
1.183961886e-04 2.983397005e-04 5.495464269e-18 2.983397005e-04 5.495464269e-18 2.983397005e-04
5.495464269e-18 5.495464269e-18 5.495464269e-18 5.495464269e-18 5.495464269e-18 5.495464269e-18

8.200442492e-18 8.640689643e-02 8.200442492e-18 8.200442492e-18 8.200442492e-18 8.200442492e-18
2.996639027e-02 0.000000000e+00 0.000000000e+00 0.000000000e+00 8.200442492e-18 8.200442492e-18
8.200442492e-18 0.000000000e+00 0.000000000e+00 0.000000000e+00 8.200442492e-18 8.200442492e-18
8.200442492e-18 5.887940658e-02 8.200442492e-18 9.086618500e-02 3.128869742e-01 8.200442492e-18
8.200442492e-18 7.874075954e-02 0.000000000e+00 3.422533880e-01 8.200442492e-18 8.200442492e-18
8.200442492e-18 8.200442492e-18 8.200442492e-18 8.200442492e-18 8.200442492e-18 8.200442492e-18

4.669729297e-18 4.669729297e-18 4.669729297e-18 4.669729297e-18 4.669729297e-18 4.669729297e-18
4.669729297e-18 0.000000000e+00 0.000000000e+00 0.000000000e+00 4.669729297e-18 4.669729297e-18
4.669729297e-18 0.000000000e+00 0.000000000e+00 0.000000000e+00 4.669729297e-18 4.669729297e-18
4.669729297e-18 4.669729297e-18 0.000000000e+00 4.669729297e-18 6.388099821e-04 4.669729297e-18
4.669729297e-18 9.993611900e-01 0.000000000e+00 0.000000000e+00 4.669729297e-18 4.669729297e-18
4.669729297e-18 4.669729297e-18 4.669729297e-18 4.669729297e-18 4.669729297e-18 4.669729297e-18

2.151482073e-03 1.112300163e-02 7.457736108e-18 8.985401042e-02 7.457736108e-18 1.751762986e-03
7.457736108e-18 0.000000000e+00 0.000000000e+00 0.000000000e+00 2.271531798e-02 7.457736108e-18
7.457736108e-18 0.000000000e+00 0.000000000e+00 0.000000000e+00 7.457736108e-18 7.457736108e-18
6.839449786e-01 0.000000000e+00 0.000000000e+00 5.263338626e-02 8.161789355e-02 7.457736108e-18
4.414166121e-03 0.000000000e+00 0.000000000e+00 0.000000000e+00 1.751762986e-03 2.570752861e-03
4.547148450e-02 7.457736108e-18 7.457736108e-18 7.457736108e-18 7.457736108e-18 7.457736108e-18

