8.200758039e-18 8.200758039e-18 8.200758039e-18 8.200758039e-18 8.200758039e-18 8.200758039e-18
8.200758039e-18 1.766799761e-04 1.766799761e-04 7.337888385e-02 8.200758039e-18 8.200758039e-18
8.200758039e-18 8.200758039e-18 5.588162366e-02 3.344746393e-01 1.946073421e-02 8.200758039e-18
8.200758039e-18 7.766326462e-02 3.754739243e-01 8.200758039e-18 2.826879617e-03 8.200758039e-18
8.200758039e-18 8.200758039e-18 4.807881281e-02 1.223119774e-02 1.766799761e-04 8.200758039e-18
8.200758039e-18 8.200758039e-18 8.200758039e-18 8.200758039e-18 8.200758039e-18 8.200758039e-18

6.401671273e-18 6.401671273e-18 6.401671273e-18 3.475361856e-04 6.401671273e-18 6.401671273e-18
6.401671273e-18 6.401671273e-18 6.401671273e-18 2.011450610e-01 6.401671273e-18 6.401671273e-18
6.401671273e-18 0.000000000e+00 6.401671273e-18 6.401671273e-18 6.401671273e-18 6.401671273e-18
6.401671273e-18 6.401671273e-18 6.381319914e-01 0.000000000e+00 6.401671273e-18 6.401671273e-18
6.401671273e-18 6.401671273e-18 6.401671273e-18 1.602374916e-01 6.401671273e-18 6.401671273e-18
6.401671273e-18 6.401671273e-18 6.401671273e-18 1.379198267e-04 6.401671273e-18 6.401671273e-18

1.067894289e-17 1.067894289e-17 5.628402893e-03 7.798858711e-02 1.067894289e-17 7.763048718e-03
1.067894289e-17 1.067894289e-17 7.147769797e-02 7.276847640e-02 5.767429972e-02 1.067894289e-17
1.067894289e-17 0.000000000e+00 2.269229850e-01 0.000000000e+00 1.067894289e-17 1.067894289e-17
9.417091434e-02 7.147769797e-02 1.067894289e-17 0.000000000e+00 9.973013443e-02 1.166450728e-02
1.067894289e-17 3.792032402e-02 4.695911936e-02 0.000000000e+00 1.067894289e-17 1.067894289e-17
6.260773625e-02 1.067894289e-17 5.524606848e-02 1.067894289e-17 1.067894289e-17 1.067894289e-17

5.520461921e-18 5.520461921e-18 5.520461921e-18 3.267511163e-03 5.520461921e-18 5.520461921e-18
5.520461921e-18 5.520461921e-18 5.520461921e-18 5.520461921e-18 5.520461921e-18 5.520461921e-18
5.520461921e-18 0.000000000e+00 5.520461921e-18 0.000000000e+00 5.520461921e-18 5.520461921e-18
1.226696904e-01 5.520461921e-18 0.000000000e+00 0.000000000e+00 8.700497032e-01 5.520461921e-18
5.520461921e-18 0.000000000e+00 4.013095235e-03 0.000000000e+00 5.520461921e-18 5.520461921e-18
5.520461921e-18 5.520461921e-18 5.520461921e-18 5.520461921e-18 5.520461921e-18 5.520461921e-18

3.609445831e-02 3.609445831e-02 3.609445831e-02 3.609445831e-02 3.609445831e-02 3.609445831e-02
3.609445831e-02 3.609445831e-02 3.609445831e-02 3.609445831e-02 3.609445831e-02 3.609445831e-02
3.609445831e-02 0.000000000e+00 3.609445831e-02 0.000000000e+00 3.609445831e-02 3.609445831e-02
3.609445831e-02 0.000000000e+00 0.000000000e+00 0.000000000e+00 3.476385421e-02 3.609445831e-02
3.609445831e-02 0.000000000e+00 3.609445831e-02 0.000000000e+00 0.000000000e+00 3.476385421e-02
3.476385421e-02 3.476385421e-02 3.476385421e-02 3.476385421e-02 3.476385421e-02 3.476385421e-02

