9.817828025e-18 5.329937070e-04 4.557032093e-03 1.343059982e-03 5.174546977e-03 9.817828025e-18
1.343059982e-03 0.000000000e+00 1.581721934e-01 5.190441969e-02 9.817828025e-18 1.971713273e-02
8.527899311e-03 1.791492346e-01 9.817828025e-18 1.960775158e-01 9.817828025e-18 1.808459385e-03
9.817828025e-18 3.385572400e-02 1.508415092e-01 1.596487086e-01 9.817828025e-18 9.151882314e-04
6.465566113e-03 9.817828025e-18 5.329937070e-04 9.817828025e-18 9.817828025e-18 3.384299085e-03
9.817828025e-18 1.343059982e-03 9.817828025e-18 9.978044289e-03 3.384299085e-03 1.343059982e-03

2.296154261e-03 5.152163557e-03 2.106037312e-04 9.934882490e-03 1.457967076e-02 2.050918108e-02
2.899194241e-01 0.000000000e+00 0.000000000e+00 2.296154261e-03 1.622173087e-02 2.503433515e-02
8.491010372e-03 8.494205045e-02 0.000000000e+00 3.784526093e-01 1.705890223e-02 2.296154261e-03
1.800636573e-03 1.876420022e-02 2.820093112e-03 6.661127487e-02 5.152163557e-03 2.296154261e-03
1.337250338e-03 1.337250338e-03 4.537319843e-03 1.337250338e-03 1.337250338e-03 2.296154261e-03
1.800636573e-03 3.942660729e-03 1.337250338e-03 2.296154261e-03 1.800636573e-03 1.800636573e-03

1.597955406e-04 3.442690560e-03 1.597955406e-04 4.884526369e-03 4.390085550e-03 1.597955406e-04
1.489565694e-02 0.000000000e+00 0.000000000e+00 0.000000000e+00 1.597955406e-04 1.014638437e-03
4.026595306e-04 0.000000000e+00 0.000000000e+00 4.244569224e-01 2.556728650e-03 1.597955406e-04
1.597955406e-04 1.597955406e-04 2.543501764e-01 2.857644809e-01 1.597955406e-04 1.597955406e-04
1.597955406e-04 1.597955406e-04 1.597955406e-04 1.597955406e-04 1.597955406e-04 1.597955406e-04
1.597955406e-04 1.597955406e-04 1.597955406e-04 4.026595306e-04 4.026595306e-04 1.597955406e-04

