1.579805242e-04 1.579805242e-04 1.579805242e-04 1.579805242e-04 1.579805242e-04 1.579805242e-04
1.579805242e-04 1.579805242e-04 3.980859757e-04 1.579805242e-04 1.579805242e-04 1.579805242e-04
1.579805242e-04 3.980859757e-04 4.409390035e-01 0.000000000e+00 3.530054131e-01 1.579805242e-04
1.579805242e-04 2.115441097e-03 5.355166836e-02 1.579805242e-04 2.115441097e-03 1.579805242e-04
1.579805242e-04 1.579805242e-04 1.429712813e-01 1.579805242e-04 3.980859757e-04 1.579805242e-04
1.579805242e-04 1.579805242e-04 1.579805242e-04 1.579805242e-04 1.579805242e-04 1.579805242e-04

5.458621505e-18 1.176024353e-04 1.176024353e-04 5.458621505e-18 1.176024353e-04 1.176024353e-04
1.176024353e-04 1.176024353e-04 5.097780389e-02 1.176024353e-04 1.176024353e-04 1.502430682e-02
5.458621505e-18 1.176024353e-04 5.088361853e-04 0.000000000e+00 1.176024353e-04 5.458621505e-18
1.176024353e-04 1.176024353e-04 1.176024353e-04 0.000000000e+00 0.000000000e+00 5.458621505e-18
1.176024353e-04 1.176024353e-04 9.306054600e-01 5.458621505e-18 2.963395675e-04 1.176024353e-04
1.176024353e-04 1.176024353e-04 1.176024353e-04 1.176024353e-04 1.176024353e-04 1.176024353e-04

5.614829680e-18 5.614829680e-18 5.614829680e-18 5.614829680e-18 5.614829680e-18 5.614829680e-18
5.614829680e-18 5.614829680e-18 0.000000000e+00 5.614829680e-18 5.614829680e-18 7.762985849e-01
5.614829680e-18 5.614829680e-18 5.614829680e-18 0.000000000e+00 0.000000000e+00 5.614829680e-18
5.614829680e-18 5.614829680e-18 5.614829680e-18 0.000000000e+00 0.000000000e+00 5.614829680e-18
5.614829680e-18 5.614829680e-18 5.614829680e-18 5.614829680e-18 5.614829680e-18 5.614829680e-18
5.614829680e-18 2.237014151e-01 5.614829680e-18 5.614829680e-18 5.614829680e-18 5.614829680e-18

