1.336813703e-02 7.297826152e-02 2.307341243e-04 1.008580090e-02 5.540533803e-02 2.307341243e-04
1.070972935e-17 1.070972935e-17 2.307341243e-04 1.961805152e-02 1.070972935e-17 1.157496401e-01
2.307341243e-04 5.814135601e-04 8.219845073e-02 9.168504541e-02 5.180231324e-02 2.307341243e-04
5.814135601e-04 2.307341243e-04 0.000000000e+00 1.070972935e-17 1.987503923e-01 1.972749013e-03
2.150833713e-02 2.307341243e-04 3.262047679e-02 1.987503923e-01 5.814135601e-04 3.691745988e-03
1.465070366e-03 9.983285746e-04 1.252617543e-02 1.088450047e-02 5.814135601e-04 1.070972935e-17

1.390269130e-03 2.797244015e-02 8.099792687e-03 2.931903090e-03 4.098977840e-03 1.390269130e-03
9.473574997e-04 5.517286699e-04 5.517286699e-04 4.717213773e-03 1.016292899e-17 3.298451976e-02
3.559088973e-01 1.268560792e-02 1.032877693e-02 6.680096014e-02 4.717213773e-03 5.517286699e-04
1.016292899e-17 0.000000000e+00 0.000000000e+00 0.000000000e+00 4.098977840e-03 6.692833602e-03
2.241766239e-01 7.387932839e-03 4.579687142e-02 2.224430608e-02 8.827658718e-03 9.473574997e-04
1.196162407e-01 5.517286699e-04 3.503258684e-03 1.188663386e-02 6.692833602e-03 9.473574997e-04

1.629109666e-03 5.234782512e-03 8.244265848e-04 1.629109666e-03 2.551453757e-03 8.244265848e-04
1.655072255e-01 4.801353061e-04 2.077424817e-03 4.105099123e-03 4.801353061e-04 4.105099123e-03
2.333193594e-01 1.905418225e-04 1.209865158e-03 2.434268300e-02 4.801353061e-04 4.801353061e-04
0.000000000e+00 0.000000000e+00 0.000000000e+00 0.000000000e+00 8.244265848e-04 4.801353061e-04
2.438982472e-01 0.000000000e+00 2.747544856e-01 1.209865158e-03 4.801353061e-04 2.077424817e-03
1.855549623e-02 8.244265848e-04 4.801353061e-04 1.629109666e-03 4.105099123e-03 1.209865158e-03

4.808546753e-18 4.808546753e-18 4.808546753e-18 4.808546753e-18 4.808546753e-18 4.808546753e-18
4.808546753e-18 4.808546753e-18 4.808546753e-18 4.808546753e-18 4.808546753e-18 4.808546753e-18
9.906398827e-01 0.000000000e+00 1.035969994e-04 4.482381834e-04 4.808546753e-18 4.808546753e-18
0.000000000e+00 0.000000000e+00 0.000000000e+00 0.000000000e+00 4.808546753e-18 4.808546753e-18
4.808546753e-18 0.000000000e+00 0.000000000e+00 4.808546753e-18 4.808546753e-18 4.808546753e-18
8.808282160e-03 4.808546753e-18 4.808546753e-18 4.808546753e-18 4.808546753e-18 4.808546753e-18

