8.200758039e-18 8.200758039e-18 8.200758039e-18 8.200758039e-18 8.200758039e-18 8.200758039e-18
8.200758039e-18 1.766799761e-04 1.766799761e-04 7.337888385e-02 8.200758039e-18 8.200758039e-18
8.200758039e-18 8.200758039e-18 5.588162366e-02 3.344746393e-01 1.946073421e-02 8.200758039e-18
8.200758039e-18 7.766326462e-02 3.754739243e-01 8.200758039e-18 2.826879617e-03 8.200758039e-18
8.200758039e-18 8.200758039e-18 4.807881281e-02 1.223119774e-02 1.766799761e-04 8.200758039e-18
8.200758039e-18 8.200758039e-18 8.200758039e-18 8.200758039e-18 8.200758039e-18 8.200758039e-18

7.151092687e-18 7.151092687e-18 7.151092687e-18 7.151092687e-18 7.151092687e-18 7.151092687e-18
7.151092687e-18 7.151092687e-18 7.151092687e-18 2.808738742e-01 7.151092687e-18 7.151092687e-18
7.151092687e-18 7.151092687e-18 0.000000000e+00 4.586124094e-01 7.151092687e-18 7.151092687e-18
2.884224664e-03 1.694663842e-01 7.151092687e-18 0.000000000e+00 8.816310749e-02 7.151092687e-18
7.151092687e-18 7.151092687e-18 7.151092687e-18 7.151092687e-18 7.151092687e-18 7.151092687e-18
7.151092687e-18 7.151092687e-18 7.151092687e-18 7.151092687e-18 7.151092687e-18 7.151092687e-18

5.070501106e-18 5.070501106e-18 5.070501106e-18 5.070501106e-18 5.070501106e-18 5.070501106e-18
5.070501106e-18 5.070501106e-18 5.070501106e-18 5.070501106e-18 5.070501106e-18 5.070501106e-18
5.070501106e-18 5.070501106e-18 0.000000000e+00 0.000000000e+00 5.070501106e-18 5.070501106e-18
4.935740474e-02 5.070501106e-18 0.000000000e+00 0.000000000e+00 9.506425953e-01 5.070501106e-18
5.070501106e-18 5.070501106e-18 5.070501106e-18 5.070501106e-18 5.070501106e-18 5.070501106e-18
5.070501106e-18 5.070501106e-18 5.070501106e-18 5.070501106e-18 5.070501106e-18 5.070501106e-18

5.013578680e-18 5.013578680e-18 5.013578680e-18 5.013578680e-18 5.013578680e-18 5.013578680e-18
5.013578680e-18 5.013578680e-18 5.013578680e-18 5.013578680e-18 5.013578680e-18 5.013578680e-18
5.013578680e-18 5.013578680e-18 0.000000000e+00 0.000000000e+00 3.910677098e-02 5.013578680e-18
9.608932290e-01 0.000000000e+00 0.000000000e+00 0.000000000e+00 0.000000000e+00 5.013578680e-18
5.013578680e-18 5.013578680e-18 5.013578680e-18 5.013578680e-18 5.013578680e-18 5.013578680e-18
5.013578680e-18 5.013578680e-18 5.013578680e-18 5.013578680e-18 5.013578680e-18 5.013578680e-18

