1.404935970e-04 1.404935970e-04 1.404935970e-04 1.404935970e-04 3.540216804e-04 1.404935970e-04
1.404935970e-04 6.521135109e-18 1.404935970e-04 1.201203357e-03 1.404935970e-04 1.404935970e-04
1.404935970e-04 6.521135109e-18 6.078804896e-04 1.794876868e-02 3.437004588e-03 1.404935970e-04
1.404935970e-04 3.540216804e-04 7.878131145e-01 6.521135109e-18 1.438449539e-01 4.740533783e-03
3.540216804e-04 6.521135109e-18 1.404935970e-04 2.867575611e-02 1.404935970e-04 1.404935970e-04
1.404935970e-04 6.521135109e-18 1.404935970e-04 8.139834807e-03 1.404935970e-04 6.521135109e-18

7.554292714e-18 7.554292714e-18 7.554292714e-18 7.554292714e-18 7.554292714e-18 4.101101045e-04
7.554292714e-18 7.554292714e-18 4.101101045e-04 4.101101045e-04 7.554292714e-18 7.554292714e-18
7.554292714e-18 4.101101045e-04 0.000000000e+00 4.605775617e-01 4.101101045e-04 7.554292714e-18
7.554292714e-18 2.896417921e-01 7.554292714e-18 0.000000000e+00 1.366763189e-01 2.179337686e-03
7.554292714e-18 7.554292714e-18 5.331483986e-02 5.239364324e-02 7.554292714e-18 7.554292714e-18
7.554292714e-18 7.554292714e-18 1.391512615e-03 1.774443366e-03 7.554292714e-18 7.554292714e-18

5.837592549e-18 5.837592549e-18 5.837592549e-18 5.837592549e-18 5.837592549e-18 5.837592549e-18
5.837592549e-18 5.837592549e-18 5.837592549e-18 5.837592549e-18 5.837592549e-18 5.837592549e-18
5.837592549e-18 5.837592549e-18 0.000000000e+00 6.563340572e-01 2.354455346e-03 5.837592549e-18
5.837592549e-18 0.000000000e+00 0.000000000e+00 0.000000000e+00 5.837592549e-18 5.837592549e-18
5.837592549e-18 5.837592549e-18 5.837592549e-18 3.413114874e-01 5.837592549e-18 5.837592549e-18
5.837592549e-18 5.837592549e-18 5.837592549e-18 5.837592549e-18 5.837592549e-18 5.837592549e-18

5.588174051e-18 5.588174051e-18 5.588174051e-18 5.588174051e-18 5.588174051e-18 5.588174051e-18
5.588174051e-18 5.588174051e-18 5.588174051e-18 5.588174051e-18 5.588174051e-18 5.588174051e-18
5.588174051e-18 5.588174051e-18 0.000000000e+00 7.899021492e-01 5.588174051e-18 5.588174051e-18
5.588174051e-18 0.000000000e+00 0.000000000e+00 0.000000000e+00 0.000000000e+00 0.000000000e+00
5.588174051e-18 5.588174051e-18 5.588174051e-18 2.100978508e-01 5.588174051e-18 5.588174051e-18
5.588174051e-18 5.588174051e-18 5.588174051e-18 5.588174051e-18 5.588174051e-18 5.588174051e-18

4.802952842e-18 4.802952842e-18 4.802952842e-18 4.802952842e-18 4.802952842e-18 4.802952842e-18
4.802952842e-18 4.802952842e-18 4.802952842e-18 0.000000000e+00 4.802952842e-18 4.802952842e-18
4.802952842e-18 4.802952842e-18 0.000000000e+00 0.000000000e+00 1.051255531e-02 4.802952842e-18
4.802952842e-18 0.000000000e+00 0.000000000e+00 0.000000000e+00 0.000000000e+00 0.000000000e+00
4.802952842e-18 4.802952842e-18 4.802952842e-18 9.894874447e-01 4.802952842e-18 4.802952842e-18
4.802952842e-18 4.802952842e-18 4.802952842e-18 4.802952842e-18 4.802952842e-18 4.802952842e-18

4.706126199e-18 4.706126199e-18 4.706126199e-18 2.184390282e-03 4.706126199e-18 4.706126199e-18
4.706126199e-18 4.706126199e-18 4.706126199e-18 0.000000000e+00 4.706126199e-18 1.013904154e-04
4.706126199e-18 0.000000000e+00 0.000000000e+00 0.000000000e+00 0.000000000e+00 4.706126199e-18
4.706126199e-18 0.000000000e+00 0.000000000e+00 0.000000000e+00 0.000000000e+00 0.000000000e+00
4.706126199e-18 4.706126199e-18 4.706126199e-18 9.977142193e-01 4.706126199e-18 4.706126199e-18
4.706126199e-18 4.706126199e-18 4.706126199e-18 4.706126199e-18 4.706126199e-18 4.706126199e-18

6.370645614e-18 6.370645614e-18 1.336592558e-02 1.457249917e-01 6.370645614e-18 6.370645614e-18
6.370645614e-18 7.759735317e-01 6.370645614e-18 0.000000000e+00 6.370645614e-18 3.081442761e-02
5.938523141e-04 0.000000000e+00 0.000000000e+00 0.000000000e+00 0.000000000e+00 0.000000000e+00
6.370645614e-18 0.000000000e+00 0.000000000e+00 0.000000000e+00 0.000000000e+00 0.000000000e+00
6.370645614e-18 6.370645614e-18 3.152483308e-02 0.000000000e+00 1.173482955e-03 6.370645614e-18
6.370645614e-18 6.370645614e-18 3.458518537e-04 1.372513991e-04 3.458518537e-04 6.370645614e-18

4.838606260e-18 9.913385599e-01 2.863927004e-03 4.838606260e-18 4.838606260e-18 4.838606260e-18
4.556718271e-03 4.838606260e-18 0.000000000e+00 0.000000000e+00 4.838606260e-18 4.838606260e-18
1.042446118e-04 0.000000000e+00 0.000000000e+00 0.000000000e+00 0.000000000e+00 0.000000000e+00
4.838606260e-18 0.000000000e+00 0.000000000e+00 0.000000000e+00 0.000000000e+00 0.000000000e+00
4.838606260e-18 4.838606260e-18 4.838606260e-18 0.000000000e+00 4.838606260e-18 4.838606260e-18
4.838606260e-18 4.838606260e-18 4.838606260e-18 0.000000000e+00 1.136550185e-03 4.838606260e-18

5.326554336e-18 8.893780867e-01 5.326554336e-18 5.326554336e-18 5.326554336e-18 5.326554336e-18
5.326554336e-18 0.000000000e+00 0.000000000e+00 0.000000000e+00 0.000000000e+00 5.326554336e-18
1.106219133e-01 0.000000000e+00 0.000000000e+00 0.000000000e+00 0.000000000e+00 0.000000000e+00
5.326554336e-18 0.000000000e+00 0.000000000e+00 0.000000000e+00 0.000000000e+00 0.000000000e+00
5.326554336e-18 5.326554336e-18 5.326554336e-18 0.000000000e+00 5.326554336e-18 5.326554336e-18
5.326554336e-18 5.326554336e-18 5.326554336e-18 0.000000000e+00 5.326554336e-18 5.326554336e-18

