7.312828517e-18 7.312828517e-18 7.312828517e-18 7.312828517e-18 7.312828517e-18 7.312828517e-18
7.312828517e-18 7.312828517e-18 3.375484299e-02 6.816797544e-04 7.312828517e-18 7.312828517e-18
7.312828517e-18 2.083714428e-02 1.222292563e-01 7.312828517e-18 3.970014111e-04 7.312828517e-18
7.312828517e-18 7.312828517e-18 5.795947429e-02 6.740513025e-01 4.806724190e-02 7.312828517e-18
7.312828517e-18 7.312828517e-18 7.312828517e-18 4.202205662e-02 7.312828517e-18 7.312828517e-18
7.312828517e-18 7.312828517e-18 7.312828517e-18 7.312828517e-18 7.312828517e-18 7.312828517e-18

7.274608614e-18 7.274608614e-18 7.274608614e-18 7.274608614e-18 7.274608614e-18 7.274608614e-18
7.274608614e-18 7.274608614e-18 7.274608614e-18 5.292748618e-01 7.274608614e-18 7.274608614e-18
7.274608614e-18 7.274608614e-18 0.000000000e+00 0.000000000e+00 7.274608614e-18 7.274608614e-18
7.274608614e-18 6.415022081e-02 2.402690023e-01 7.274608614e-18 7.274608614e-18 7.274608614e-18
7.274608614e-18 7.274608614e-18 7.274608614e-18 1.021556942e-01 7.274608614e-18 7.274608614e-18
7.274608614e-18 7.274608614e-18 7.274608614e-18 6.415022081e-02 7.274608614e-18 7.274608614e-18

5.520900559e-18 2.997205947e-04 5.520900559e-18 5.146416504e-04 5.520900559e-18 5.520900559e-18
5.520900559e-18 5.520900559e-18 9.988709648e-02 1.259008063e-02 5.520900559e-18 5.520900559e-18
5.520900559e-18 5.520900559e-18 0.000000000e+00 0.000000000e+00 5.520900559e-18 5.520900559e-18
5.520900559e-18 5.520900559e-18 0.000000000e+00 0.000000000e+00 5.520900559e-18 5.520900559e-18
5.520900559e-18 5.520900559e-18 5.520900559e-18 8.862897959e-01 5.520900559e-18 1.189441969e-04
5.520900559e-18 5.520900559e-18 2.997205947e-04 5.520900559e-18 5.520900559e-18 5.520900559e-18

5.480555064e-18 1.180749795e-04 5.480555064e-18 1.180749795e-04 5.480555064e-18 5.480555064e-18
5.480555064e-18 5.480555064e-18 4.482178491e-02 1.180749795e-04 5.480555064e-18 5.480555064e-18
5.480555064e-18 5.480555064e-18 0.000000000e+00 0.000000000e+00 5.480555064e-18 5.480555064e-18
5.480555064e-18 5.480555064e-18 0.000000000e+00 0.000000000e+00 0.000000000e+00 5.480555064e-18
5.480555064e-18 1.180749795e-04 0.000000000e+00 9.091878756e-01 5.480555064e-18 5.480555064e-18
5.480555064e-18 5.480555064e-18 4.551803957e-02 5.480555064e-18 5.480555064e-18 5.480555064e-18

1.840267639e-04 9.330089081e-03 1.840267639e-04 2.026995938e-02 1.840267639e-04 1.840267639e-04
1.840267639e-04 1.840267639e-04 3.370996985e-01 1.840267639e-04 1.840267639e-04 1.840267639e-04
1.840267639e-04 2.821212297e-01 0.000000000e+00 0.000000000e+00 1.199500968e-01 1.840267639e-04
1.840267639e-04 0.000000000e+00 0.000000000e+00 0.000000000e+00 0.000000000e+00 9.699244396e-02
1.840267639e-04 1.840267639e-04 0.000000000e+00 0.000000000e+00 1.053081875e-01 2.944428222e-03
1.840267639e-04 2.187514750e-02 7.962375633e-04 1.840267639e-04 1.840267639e-04 1.840267639e-04

