7.629586269e-18 7.629586269e-18 7.629586269e-18 7.629586269e-18 7.629586269e-18 7.629586269e-18
7.629586269e-18 1.643744533e-04 6.080733921e-03 4.141976675e-04 1.043712720e-03 7.629586269e-18
7.629586269e-18 2.397270229e-01 6.629656096e-02 3.582794499e-01 7.112069539e-04 7.629586269e-18
7.629586269e-18 4.141976675e-04 7.629586269e-18 0.000000000e+00 1.643744533e-04 7.629586269e-18
7.629586269e-18 1.643744533e-04 2.173971255e-02 3.039716861e-01 4.141976675e-04 7.629586269e-18
7.629586269e-18 7.629586269e-18 7.629586269e-18 7.629586269e-18 4.141976675e-04 7.629586269e-18

1.662657405e-04 1.662657405e-04 7.193900783e-04 1.662657405e-04 1.662657405e-04 1.662657405e-04
1.662657405e-04 1.662657405e-04 3.582086791e-03 4.189634127e-04 5.541094725e-02 1.662657405e-04
1.662657405e-04 6.150698651e-03 9.406182986e-02 6.335658434e-01 1.662657405e-04 1.662657405e-04
1.662657405e-04 1.662657405e-04 0.000000000e+00 0.000000000e+00 2.350613611e-02 1.662657405e-04
4.189634127e-04 2.660251848e-03 0.000000000e+00 1.553525467e-01 7.843311154e-03 2.660251848e-03
1.662657405e-04 2.226384437e-03 1.662657405e-04 8.429611745e-03 1.662657405e-04 1.662657405e-04

1.322444690e-04 1.322444690e-04 1.322444690e-04 1.322444690e-04 1.130674306e-03 1.322444690e-04
1.322444690e-04 1.322444690e-04 1.322444690e-04 5.721885859e-04 3.106317555e-02 1.322444690e-04
1.322444690e-04 5.721885859e-04 1.770821980e-03 8.888110096e-02 0.000000000e+00 1.322444690e-04
1.322444690e-04 1.322444690e-04 0.000000000e+00 0.000000000e+00 8.518230173e-01 1.322444690e-04
3.332351805e-04 2.054223781e-02 0.000000000e+00 0.000000000e+00 1.322444690e-04 3.332351805e-04
1.322444690e-04 1.322444690e-04 1.322444690e-04 3.332351805e-04 1.322444690e-04 1.322444690e-04

1.354861297e-04 1.354861297e-04 2.918960177e-03 1.354861297e-04 1.354861297e-04 1.354861297e-04
1.354861297e-04 3.414036534e-04 2.536402559e-03 1.354861297e-04 2.536402559e-03 1.354861297e-04
1.354861297e-04 1.354861297e-04 1.814229496e-03 0.000000000e+00 0.000000000e+00 1.354861297e-04
1.354861297e-04 1.354861297e-04 0.000000000e+00 0.000000000e+00 6.463146893e-01 5.862144368e-04
1.477167817e-03 2.167778074e-03 0.000000000e+00 0.000000000e+00 0.000000000e+00 1.354861297e-04
1.354861297e-04 1.354861297e-04 1.354861297e-04 3.367325155e-01 1.354861297e-04 1.354861297e-04

