6.525807763e-18 6.525807763e-18 6.525807763e-18 6.525807763e-18 6.525807763e-18 6.525807763e-18
6.525807763e-18 6.525807763e-18 1.532860419e-03 6.525807763e-18 6.525807763e-18 6.525807763e-18
6.525807763e-18 1.041562660e-01 4.765813735e-02 7.625301976e-01 6.525807763e-18 6.525807763e-18
6.525807763e-18 0.000000000e+00 6.525807763e-18 8.145667324e-03 1.405942663e-04 6.525807763e-18
6.525807763e-18 2.632030730e-03 6.525807763e-18 7.320424628e-02 6.525807763e-18 6.525807763e-18
6.525807763e-18 6.525807763e-18 6.525807763e-18 6.525807763e-18 6.525807763e-18 6.525807763e-18

6.065603506e-18 6.065603506e-18 6.065603506e-18 6.065603506e-18 6.065603506e-18 6.065603506e-18
6.065603506e-18 6.065603506e-18 6.065603506e-18 6.065603506e-18 6.065603506e-18 6.065603506e-18
6.065603506e-18 2.815403750e-03 8.297628878e-04 4.188772917e-01 6.065603506e-18 6.065603506e-18
6.065603506e-18 0.000000000e+00 0.000000000e+00 5.718082087e-01 6.065603506e-18 6.065603506e-18
6.065603506e-18 6.065603506e-18 0.000000000e+00 3.590175505e-03 6.065603506e-18 6.065603506e-18
1.749865780e-03 6.065603506e-18 6.065603506e-18 3.292916203e-04 6.065603506e-18 6.065603506e-18

5.641439746e-18 5.641439746e-18 5.641439746e-18 5.641439746e-18 5.641439746e-18 5.641439746e-18
5.641439746e-18 5.641439746e-18 8.414047180e-03 5.641439746e-18 1.215411349e-04 5.641439746e-18
5.641439746e-18 0.000000000e+00 8.891163542e-01 8.667530978e-02 5.641439746e-18 5.641439746e-18
5.641439746e-18 0.000000000e+00 0.000000000e+00 3.715190524e-03 5.641439746e-18 5.641439746e-18
5.641439746e-18 0.000000000e+00 0.000000000e+00 1.215411349e-04 5.641439746e-18 5.641439746e-18
1.183601606e-02 5.641439746e-18 5.641439746e-18 5.641439746e-18 5.641439746e-18 5.641439746e-18

1.110148372e-04 1.110148372e-04 1.210364081e-03 1.110148372e-04 1.110148372e-04 1.110148372e-04
1.110148372e-04 0.000000000e+00 2.797398605e-04 4.475837768e-03 1.110148372e-04 1.110148372e-04
2.797398605e-04 0.000000000e+00 0.000000000e+00 9.775362487e-01 1.110148372e-04 1.110148372e-04
1.110148372e-04 0.000000000e+00 0.000000000e+00 1.210364081e-03 2.797398605e-04 1.110148372e-04
2.797398605e-04 0.000000000e+00 0.000000000e+00 1.110148372e-04 1.110148372e-04 1.110148372e-04
1.222792921e-02 1.110148372e-04 1.110148372e-04 1.110148372e-04 1.110148372e-04 1.110148372e-04

1.795318924e-02 8.939500833e-18 3.082690714e-02 1.259748115e-02 8.939500833e-18 1.483466465e-02
8.939500833e-18 0.000000000e+00 0.000000000e+00 5.983503676e-02 1.576044625e-01 8.939500833e-18
0.000000000e+00 0.000000000e+00 0.000000000e+00 8.939500833e-18 8.939500833e-18 8.939500833e-18
4.726092185e-02 0.000000000e+00 0.000000000e+00 2.388773563e-01 8.939500833e-18 8.939500833e-18
8.939500833e-18 0.000000000e+00 0.000000000e+00 8.939500833e-18 8.939500833e-18 8.939500833e-18
3.511172827e-01 8.939500833e-18 8.939500833e-18 3.642561033e-02 3.266708730e-02 8.939500833e-18

7.562427831e-18 7.562427831e-18 2.256120990e-01 2.454440549e-02 7.562427831e-18 7.562427831e-18
7.562427831e-18 0.000000000e+00 0.000000000e+00 7.562427831e-18 4.946435159e-01 7.562427831e-18
0.000000000e+00 0.000000000e+00 0.000000000e+00 0.000000000e+00 7.562427831e-18 7.562427831e-18
1.040078705e-01 0.000000000e+00 0.000000000e+00 0.000000000e+00 7.562427831e-18 7.562427831e-18
7.562427831e-18 0.000000000e+00 0.000000000e+00 7.562427831e-18 7.562427831e-18 7.562427831e-18
1.195694028e-01 7.562427831e-18 7.562427831e-18 3.162270631e-02 7.562427831e-18 7.562427831e-18

0.000000000e+00 6.586205962e-18 6.586205962e-18 6.586205962e-18 6.586205962e-18 6.586205962e-18
0.000000000e+00 0.000000000e+00 0.000000000e+00 6.586205962e-18 2.786536027e-01 6.586205962e-18
0.000000000e+00 0.000000000e+00 0.000000000e+00 0.000000000e+00 6.586205962e-18 6.586205962e-18
5.097132796e-01 0.000000000e+00 0.000000000e+00 0.000000000e+00 6.586205962e-18 6.586205962e-18
6.586205962e-18 0.000000000e+00 0.000000000e+00 6.586205962e-18 6.586205962e-18 6.586205962e-18
2.116331178e-01 6.586205962e-18 6.586205962e-18 6.586205962e-18 6.586205962e-18 6.586205962e-18

0.000000000e+00 0.000000000e+00 0.000000000e+00 6.977830508e-02 6.297314871e-18 6.297314871e-18
0.000000000e+00 0.000000000e+00 0.000000000e+00 6.297314871e-18 5.877740636e-01 6.297314871e-18
0.000000000e+00 0.000000000e+00 0.000000000e+00 0.000000000e+00 6.297314871e-18 6.297314871e-18
1.356715361e-04 0.000000000e+00 0.000000000e+00 0.000000000e+00 6.297314871e-18 6.297314871e-18
6.297314871e-18 0.000000000e+00 0.000000000e+00 6.297314871e-18 6.297314871e-18 6.297314871e-18
3.423119598e-01 6.297314871e-18 6.297314871e-18 6.297314871e-18 6.297314871e-18 6.297314871e-18

0.000000000e+00 0.000000000e+00 0.000000000e+00 1.143043666e-02 1.411165021e-04 1.411165021e-04
0.000000000e+00 0.000000000e+00 0.000000000e+00 0.000000000e+00 4.410415561e-01 3.555913028e-04
0.000000000e+00 0.000000000e+00 0.000000000e+00 0.000000000e+00 8.960339351e-04 1.411165021e-04
1.615605025e-02 0.000000000e+00 0.000000000e+00 0.000000000e+00 1.411165021e-04 1.411165021e-04
1.411165021e-04 0.000000000e+00 0.000000000e+00 0.000000000e+00 1.411165021e-04 1.411165021e-04
5.156736575e-01 1.411165021e-04 1.199835879e-02 8.960339351e-04 1.411165021e-04 1.411165021e-04

