4.797614235e-04 1.318551270e-01 1.208923033e-03 7.004186663e-02 1.854104702e-02 8.837280979e-18
8.837280979e-18 0.000000000e+00 8.837280979e-18 2.316371915e-01 8.837280979e-18 4.797614235e-04
1.618810597e-02 2.347402858e-02 3.587622241e-01 1.228189244e-01 8.837280979e-18 4.797614235e-04
4.797614235e-04 8.837280979e-18 4.101902471e-03 4.797614235e-04 8.837280979e-18 1.033614654e-02
7.676182775e-03 8.837280979e-18 8.837280979e-18 8.837280979e-18 8.837280979e-18 4.797614235e-04
8.837280979e-18 8.837280979e-18 8.837280979e-18 4.797614235e-04 8.837280979e-18 8.837280979e-18

1.951575400e-04 1.130692196e-02 2.127748708e-03 1.351036215e-02 9.894415326e-03 4.917661853e-04
7.219498222e-03 0.000000000e+00 0.000000000e+00 1.203046026e-02 1.668573496e-03 4.917661853e-04
5.183872370e-01 0.000000000e+00 1.597008556e-01 3.499291392e-02 4.917661853e-04 4.917661853e-04
8.443976345e-04 1.951575400e-04 1.418696125e-01 1.951575400e-04 4.917661853e-04 4.917661853e-04
1.203046026e-02 7.868258964e-03 2.613260606e-03 2.319825596e-02 4.917661853e-04 1.668573496e-03
1.951575400e-04 1.351036215e-02 7.219498222e-03 2.613260606e-03 1.130692196e-02 1.951575400e-04

6.466285212e-03 1.343209357e-03 2.573672885e-01 1.304049152e-02 6.466285212e-03 2.306386322e-03
0.000000000e+00 0.000000000e+00 0.000000000e+00 2.306386322e-03 9.979154045e-03 2.306386322e-03
4.210678396e-01 0.000000000e+00 9.246888377e-03 1.148427846e-02 2.306386322e-03 2.832659935e-03
9.246888377e-03 0.000000000e+00 1.155673029e-01 4.557538926e-03 2.306386322e-03 9.979154045e-03
9.246888377e-03 3.285997953e-02 6.466285212e-03 7.137855759e-03 7.825619579e-03 3.384675486e-03
4.557538926e-03 1.383675235e-02 7.137855759e-03 4.557538926e-03 9.979154045e-03 2.832659935e-03

3.953192627e-04 0.000000000e+00 7.379095780e-02 1.710447110e-03 6.787913855e-04 7.281843078e-18
0.000000000e+00 0.000000000e+00 0.000000000e+00 7.281843078e-18 7.281843078e-18 7.281843078e-18
6.787913855e-04 0.000000000e+00 5.186686136e-01 1.270748682e-02 0.000000000e+00 7.281843078e-18
9.961421209e-04 0.000000000e+00 7.281843078e-18 2.778379154e-01 7.281843078e-18 7.281843078e-18
7.281843078e-18 1.341326963e-03 1.107988889e-01 7.281843078e-18 7.281843078e-18 7.281843078e-18
7.281843078e-18 7.281843078e-18 3.953192627e-04 7.281843078e-18 7.281843078e-18 7.281843078e-18

1.585339012e-04 0.000000000e+00 3.890251984e-02 2.920219428e-02 3.994803985e-04 1.585339012e-04
0.000000000e+00 0.000000000e+00 0.000000000e+00 6.859363527e-04 1.585339012e-04 1.585339012e-04
1.585339012e-04 0.000000000e+00 0.000000000e+00 2.793920337e-01 0.000000000e+00 3.994803985e-04
5.418330738e-01 0.000000000e+00 0.000000000e+00 1.012030905e-01 1.585339012e-04 3.994803985e-04
1.585339012e-04 1.585339012e-04 3.878338640e-03 3.994803985e-04 3.994803985e-04 1.585339012e-04
1.585339012e-04 1.585339012e-04 6.859363527e-04 1.585339012e-04 1.585339012e-04 1.585339012e-04

1.030611681e-04 0.000000000e+00 6.543976264e-04 1.030611681e-04 4.783675668e-18 4.783675668e-18
0.000000000e+00 0.000000000e+00 0.000000000e+00 2.596978701e-04 4.783675668e-18 4.783675668e-18
0.000000000e+00 0.000000000e+00 0.000000000e+00 0.000000000e+00 0.000000000e+00 4.783675668e-18
3.477489077e-03 0.000000000e+00 0.000000000e+00 4.783675668e-18 1.030611681e-04 4.783675668e-18
4.783675668e-18 4.783675668e-18 9.950395341e-01 4.783675668e-18 4.783675668e-18 4.783675668e-18
4.783675668e-18 4.783675668e-18 2.596978701e-04 4.783675668e-18 4.783675668e-18 4.783675668e-18

