2.420064211e-03 5.593262684e-04 2.219687767e-04 1.030287795e-01 3.552836650e-02 3.551500427e-03
5.593262684e-04 1.030287795e-17 4.782172326e-03 7.651475722e-02 2.219687767e-04 9.604031185e-04
1.057853314e-01 1.030287795e-17 1.085599599e-01 1.030287795e-17 1.644408379e-01 2.069125795e-02
1.270202718e-01 2.219687767e-04 7.779265260e-02 0.000000000e+00 1.582938361e-01 1.030287795e-17
9.604031185e-04 1.030287795e-17 2.219687767e-04 1.897806345e-03 2.219687767e-04 2.219687767e-04
2.420064211e-03 5.593262684e-04 1.897806345e-03 2.219687767e-04 2.219687767e-04 1.030287795e-17

1.277207419e-04 1.277207419e-04 1.277207419e-04 1.277207419e-04 1.392503941e-03 1.277207419e-04
3.218361023e-04 1.277207419e-04 1.277207419e-04 5.526155551e-04 1.277207419e-04 3.218361023e-04
1.277207419e-04 1.277207419e-04 1.462240555e-02 0.000000000e+00 0.000000000e+00 5.526155551e-04
1.277207419e-04 3.218361023e-04 8.067806855e-02 0.000000000e+00 8.889310186e-01 3.218361023e-04
8.109761599e-04 2.043531870e-03 5.928271692e-18 1.091996982e-03 1.392503941e-03 1.277207419e-04
1.277207419e-04 1.091996982e-03 3.508890054e-03 1.277207419e-04 1.277207419e-04 1.277207419e-04

3.696811561e-03 4.254390019e-03 3.696811561e-03 6.036174285e-03 5.425156812e-03 4.830894442e-03
4.254390019e-03 8.544086583e-04 2.644242946e-03 4.830894442e-03 1.974712921e-04 3.159540673e-03
2.644242946e-03 1.974712921e-04 5.511615763e-01 0.000000000e+00 0.000000000e+00 2.152974908e-03
3.696811561e-03 1.291638800e-02 3.159540673e-03 0.000000000e+00 0.000000000e+00 1.443523902e-02
6.036174285e-03 4.638443828e-02 0.000000000e+00 8.201395159e-02 3.734772932e-02 3.159540673e-03
4.254390019e-03 3.696811561e-03 1.700983628e-01 4.254390019e-03 4.254390019e-03 4.254390019e-03

1.565513694e-04 1.565513694e-04 1.565513694e-04 1.565513694e-04 1.565513694e-04 1.565513694e-04
1.565513694e-04 1.565513694e-04 1.565513694e-04 3.372797009e-03 0.000000000e+00 6.773584356e-04
1.565513694e-04 1.565513694e-04 6.479226163e-01 0.000000000e+00 0.000000000e+00 5.282355005e-03
1.565513694e-04 6.773584356e-04 0.000000000e+00 0.000000000e+00 0.000000000e+00 1.338495380e-03
3.944847313e-04 4.951520202e-02 0.000000000e+00 1.359826544e-01 1.083773497e-02 1.565513694e-04
1.565513694e-04 1.565513694e-04 1.393928004e-01 1.706836303e-03 1.565513694e-04 3.944847313e-04

