8.200758039e-18 8.200758039e-18 8.200758039e-18 8.200758039e-18 8.200758039e-18 8.200758039e-18
8.200758039e-18 1.766799761e-04 1.766799761e-04 7.337888385e-02 8.200758039e-18 8.200758039e-18
8.200758039e-18 8.200758039e-18 5.588162366e-02 3.344746393e-01 1.946073421e-02 8.200758039e-18
8.200758039e-18 7.766326462e-02 3.754739243e-01 8.200758039e-18 2.826879617e-03 8.200758039e-18
8.200758039e-18 8.200758039e-18 4.807881281e-02 1.223119774e-02 1.766799761e-04 8.200758039e-18
8.200758039e-18 8.200758039e-18 8.200758039e-18 8.200758039e-18 8.200758039e-18 8.200758039e-18

7.465537529e-18 7.465537529e-18 7.465537529e-18 7.465537529e-18 7.465537529e-18 7.465537529e-18
7.465537529e-18 0.000000000e+00 7.465537529e-18 2.188056040e-01 7.465537529e-18 7.465537529e-18
7.465537529e-18 7.465537529e-18 7.465537529e-18 7.465537529e-18 2.084488089e-01 7.465537529e-18
7.465537529e-18 7.465537529e-18 6.777013453e-02 0.000000000e+00 7.465537529e-18 7.465537529e-18
7.465537529e-18 7.465537529e-18 7.465537529e-18 4.458056486e-01 7.465537529e-18 7.465537529e-18
7.465537529e-18 7.465537529e-18 7.465537529e-18 5.916980406e-02 7.465537529e-18 7.465537529e-18

8.432232981e-18 8.432232981e-18 8.432232981e-18 9.862399523e-03 8.432232981e-18 8.432232981e-18
8.432232981e-18 0.000000000e+00 5.553077491e-03 4.566467821e-01 8.432232981e-18 8.432232981e-18
1.816669525e-04 1.860004653e-01 8.432232981e-18 0.000000000e+00 7.218760053e-02 1.052531229e-02
8.432232981e-18 8.569837842e-03 1.308064014e-01 0.000000000e+00 8.432232981e-18 8.432232981e-18
8.432232981e-18 8.432232981e-18 3.169063300e-02 0.000000000e+00 8.208126326e-02 8.432232981e-18
8.432232981e-18 8.432232981e-18 1.980664562e-03 8.432232981e-18 8.432232981e-18 3.913895845e-03

5.239928934e-18 5.239928934e-18 5.239928934e-18 9.146800873e-01 5.239928934e-18 5.239928934e-18
5.239928934e-18 0.000000000e+00 5.239928934e-18 5.239928934e-18 5.239928934e-18 5.239928934e-18
5.239928934e-18 0.000000000e+00 0.000000000e+00 0.000000000e+00 5.239928934e-18 5.239928934e-18
5.239928934e-18 8.520702190e-02 5.239928934e-18 0.000000000e+00 5.239928934e-18 5.239928934e-18
5.239928934e-18 5.239928934e-18 5.239928934e-18 0.000000000e+00 1.128908467e-04 5.239928934e-18
5.239928934e-18 5.239928934e-18 5.239928934e-18 5.239928934e-18 5.239928934e-18 5.239928934e-18

3.609445831e-02 3.609445831e-02 3.609445831e-02 0.000000000e+00 3.609445831e-02 3.609445831e-02
3.609445831e-02 0.000000000e+00 3.609445831e-02 0.000000000e+00 3.609445831e-02 3.609445831e-02
3.609445831e-02 0.000000000e+00 0.000000000e+00 0.000000000e+00 3.609445831e-02 3.609445831e-02
3.609445831e-02 3.476385421e-02 3.609445831e-02 0.000000000e+00 3.609445831e-02 3.609445831e-02
3.609445831e-02 3.609445831e-02 3.609445831e-02 0.000000000e+00 3.609445831e-02 3.476385421e-02
3.476385421e-02 3.476385421e-02 3.476385421e-02 3.476385421e-02 3.476385421e-02 3.476385421e-02

3.917969513e-02 3.917969513e-02 3.917969513e-02 0.000000000e+00 3.784597560e-02 3.917969513e-02
3.917969513e-02 0.000000000e+00 3.917969513e-02 0.000000000e+00 3.917969513e-02 3.917969513e-02
3.917969513e-02 0.000000000e+00 0.000000000e+00 0.000000000e+00 3.917969513e-02 3.917969513e-02
3.917969513e-02 0.000000000e+00 0.000000000e+00 0.000000000e+00 3.784597560e-02 3.784597560e-02
3.784597560e-02 3.784597560e-02 3.784597560e-02 0.000000000e+00 3.784597560e-02 3.784597560e-02
3.784597560e-02 3.784597560e-02 3.784597560e-02 3.784597560e-02 3.784597560e-02 3.784597560e-02

