7.177702691e-18 2.070695241e-03 3.896656527e-04 9.818959164e-04 3.896656527e-04 7.177702691e-18
3.896656527e-04 7.177702691e-18 7.177702691e-18 6.690837336e-04 7.177702691e-18 3.896656527e-04
3.896656527e-04 7.177702691e-18 5.065703489e-02 7.257096152e-01 1.377789263e-02 6.690837336e-04
3.896656527e-04 7.177702691e-18 1.177993249e-01 7.177702691e-18 0.000000000e+00 1.546389167e-04
6.690837336e-04 7.177702691e-18 1.322144140e-03 6.422477161e-02 1.252575225e-02 9.818959164e-04
7.177702691e-18 6.690837336e-04 3.896656527e-04 3.331594466e-03 6.690837336e-04 3.896656527e-04

1.751349173e-02 2.638910246e-02 5.161620414e-03 6.037067860e-04 2.395811968e-04 1.036607634e-03
2.953849487e-02 9.659308576e-03 6.582048197e-03 4.179340093e-02 2.048390419e-03 1.658572215e-02
6.582048197e-03 2.395811968e-04 1.943468536e-01 3.277424670e-02 3.497720619e-02 2.395811968e-04
2.395811968e-04 2.395811968e-04 2.953849487e-02 0.000000000e+00 0.000000000e+00 2.048390419e-03
2.395811968e-04 6.037067860e-04 3.948782127e-02 2.525505786e-01 0.000000000e+00 1.386634729e-01
2.395811968e-04 2.742900935e-02 4.769657813e-02 2.638910246e-02 2.395811968e-04 8.083946753e-03

1.712316380e-04 1.712316380e-04 1.712316380e-04 1.087253129e-03 1.712316380e-04 1.712316380e-04
1.712316380e-04 1.712316380e-04 1.712316380e-04 1.712316380e-04 1.712316380e-04 1.712316380e-04
1.712316380e-04 1.712316380e-04 4.111722448e-02 2.083244792e-01 0.000000000e+00 5.799999700e-01
1.712316380e-04 1.712316380e-04 2.904342443e-02 0.000000000e+00 0.000000000e+00 1.712316380e-04
1.712316380e-04 1.712316380e-04 1.866891213e-03 6.804099979e-02 0.000000000e+00 1.318909941e-02
1.712316380e-04 1.087253129e-03 7.484840892e-03 3.494961190e-02 0.000000000e+00 1.055555125e-02

5.053419185e-18 1.088726160e-04 5.053419185e-18 5.053419185e-18 4.710644508e-04 5.053419185e-18
5.053419185e-18 5.053419185e-18 5.053419185e-18 2.743418012e-04 0.000000000e+00 9.741722658e-01
5.053419185e-18 5.053419185e-18 1.088726160e-04 2.167470279e-02 0.000000000e+00 5.053419185e-18
5.053419185e-18 5.053419185e-18 4.710644508e-04 0.000000000e+00 0.000000000e+00 0.000000000e+00
5.053419185e-18 5.053419185e-18 5.053419185e-18 2.743418012e-04 0.000000000e+00 1.088726160e-04
5.053419185e-18 1.088726160e-04 1.088726160e-04 9.308477727e-04 0.000000000e+00 1.187008035e-03

5.132137648e-18 1.105685538e-04 5.132137648e-18 2.786152969e-04 1.769096861e-03 5.132137648e-18
5.132137648e-18 5.132137648e-18 5.132137648e-18 3.730803226e-03 0.000000000e+00 9.778931721e-01
1.105685538e-04 5.132137648e-18 2.704924886e-03 5.132137648e-18 0.000000000e+00 0.000000000e+00
5.132137648e-18 0.000000000e+00 2.382127280e-03 0.000000000e+00 0.000000000e+00 0.000000000e+00
5.132137648e-18 5.132137648e-18 5.132137648e-18 8.082610318e-03 0.000000000e+00 5.132137648e-18
5.132137648e-18 1.105685538e-04 2.786152969e-04 2.069926742e-03 0.000000000e+00 4.784023478e-04

4.000000000e-02 4.000000000e-02 4.000000000e-02 4.000000000e-02 4.000000000e-02 4.000000000e-02
4.000000000e-02 4.000000000e-02 4.000000000e-02 4.000000000e-02 0.000000000e+00 4.000000000e-02
4.000000000e-02 4.000000000e-02 4.000000000e-02 0.000000000e+00 0.000000000e+00 0.000000000e+00
4.000000000e-02 0.000000000e+00 4.000000000e-02 0.000000000e+00 0.000000000e+00 0.000000000e+00
4.000000000e-02 4.000000000e-02 4.000000000e-02 0.000000000e+00 0.000000000e+00 4.000000000e-02
4.000000000e-02 4.000000000e-02 4.000000000e-02 4.000000000e-02 0.000000000e+00 4.000000000e-02

4.417400516e-02 4.417400516e-02 4.417400516e-02 4.417400516e-02 4.417400516e-02 4.417400516e-02
4.417400516e-02 4.417400516e-02 4.417400516e-02 4.417400516e-02 0.000000000e+00 4.417400516e-02
4.284049527e-02 4.284049527e-02 4.284049527e-02 0.000000000e+00 0.000000000e+00 0.000000000e+00
4.284049527e-02 0.000000000e+00 4.284049527e-02 0.000000000e+00 0.000000000e+00 0.000000000e+00
4.284049527e-02 4.284049527e-02 4.284049527e-02 0.000000000e+00 0.000000000e+00 0.000000000e+00
4.284049527e-02 4.284049527e-02 4.284049527e-02 0.000000000e+00 0.000000000e+00 4.284049527e-02

4.812654667e-02 4.812654667e-02 4.812654667e-02 4.812654667e-02 0.000000000e+00 4.812654667e-02
4.812654667e-02 4.812654667e-02 4.812654667e-02 4.679436166e-02 0.000000000e+00 4.812654667e-02
4.812654667e-02 4.812654667e-02 4.812654667e-02 0.000000000e+00 0.000000000e+00 0.000000000e+00
4.812654667e-02 0.000000000e+00 4.679436166e-02 0.000000000e+00 0.000000000e+00 0.000000000e+00
4.679436166e-02 4.679436166e-02 0.000000000e+00 0.000000000e+00 0.000000000e+00 0.000000000e+00
4.679436166e-02 4.679436166e-02 4.679436166e-02 0.000000000e+00 0.000000000e+00 4.679436166e-02

