6.468507115e-18 1.393597612e-04 6.468507115e-18 3.409266678e-03 1.393597612e-04 6.468507115e-18
1.393597612e-04 6.468507115e-18 1.393597612e-04 5.208299632e-02 8.848793262e-04 1.393597612e-04
1.393597612e-04 6.468507115e-18 7.750300650e-01 6.468507115e-18 1.458459893e-01 7.565611817e-03
1.393597612e-04 6.468507115e-18 1.866099430e-03 1.073417136e-02 3.511645933e-04 1.393597612e-04
1.393597612e-04 6.468507115e-18 6.468507115e-18 1.393597612e-04 6.468507115e-18 6.468507115e-18
1.393597612e-04 1.393597612e-04 1.393597612e-04 1.393597612e-04 1.393597612e-04 1.393597612e-04

7.757193357e-18 7.757193357e-18 1.671236647e-04 1.671236647e-04 7.757193357e-18 7.757193357e-18
7.757193357e-18 7.757193357e-18 5.665097716e-02 3.597112829e-01 7.757193357e-18 7.757193357e-18
7.883782307e-03 4.913403323e-02 7.757193357e-18 0.000000000e+00 1.524691811e-01 5.108527708e-03
7.757193357e-18 3.600570207e-03 0.000000000e+00 3.642717798e-01 7.757193357e-18 7.757193357e-18
7.757193357e-18 7.757193357e-18 1.671236647e-04 1.671236647e-04 7.757193357e-18 7.757193357e-18
7.757193357e-18 7.757193357e-18 7.757193357e-18 1.671236647e-04 1.671236647e-04 1.671236647e-04

6.136073131e-18 6.136073131e-18 1.018251342e-02 6.136073131e-18 6.136073131e-18 6.136073131e-18
6.136073131e-18 1.018251342e-02 6.136073131e-18 2.104220503e-01 6.136073131e-18 6.136073131e-18
1.456115248e-02 7.535214960e-01 0.000000000e+00 0.000000000e+00 1.130274335e-03 6.136073131e-18
6.136073131e-18 6.136073131e-18 0.000000000e+00 0.000000000e+00 6.136073131e-18 6.136073131e-18
6.136073131e-18 6.136073131e-18 6.136073131e-18 6.136073131e-18 6.136073131e-18 6.136073131e-18
6.136073131e-18 6.136073131e-18 6.136073131e-18 6.136073131e-18 6.136073131e-18 6.136073131e-18

6.970580004e-18 2.811419128e-03 4.590500643e-03 6.970580004e-18 6.970580004e-18 6.970580004e-18
4.125822857e-03 3.888759480e-01 0.000000000e+00 6.146918277e-02 0.000000000e+00 6.970580004e-18
4.828802202e-01 6.970580004e-18 0.000000000e+00 0.000000000e+00 6.970580004e-18 6.970580004e-18
6.970580004e-18 5.524690638e-02 0.000000000e+00 0.000000000e+00 6.970580004e-18 6.970580004e-18
6.970580004e-18 6.970580004e-18 6.970580004e-18 6.970580004e-18 6.970580004e-18 6.970580004e-18
6.970580004e-18 6.970580004e-18 6.970580004e-18 6.970580004e-18 6.970580004e-18 6.970580004e-18

