1.156973393e-17 1.156973393e-17 6.248523931e-02 6.281017920e-04 1.156973393e-17 1.725592961e-02
1.156973393e-17 1.582717338e-03 2.492623613e-04 2.131163211e-03 1.156973393e-17 1.156973393e-01
2.962966259e-02 5.725227127e-02 0.000000000e+00 3.073210703e-02 4.666379449e-03 1.005340976e-01
6.281017920e-04 8.879908853e-02 1.156973393e-17 1.219086412e-01 2.492623613e-04 2.532347741e-02
1.582717338e-03 2.717638619e-03 5.854974915e-02 2.962966259e-02 1.156973393e-17 1.004962867e-02
1.919940790e-02 1.156973393e-17 1.393971278e-01 1.156973393e-17 6.648371599e-02 1.263750982e-02

1.293504728e-03 1.293504728e-03 4.983620293e-03 1.650085258e-02 2.727839112e-03 1.741732161e-03
2.037142294e-04 1.741732161e-03 1.293504728e-03 2.366784959e-01 2.037142294e-04 2.037142294e-04
4.983620293e-03 3.852845554e-02 0.000000000e+00 9.455576922e-18 9.079257729e-02 3.813684057e-03
5.133276915e-04 2.446404434e-01 0.000000000e+00 0.000000000e+00 4.468768320e-02 5.133276915e-04
5.133276915e-04 2.037142294e-04 1.466811926e-01 1.523360704e-01 2.037142294e-04 2.037142294e-04
5.133276915e-04 2.037142294e-04 5.133276915e-04 8.814202793e-04 2.037142294e-04 2.037142294e-04

5.654382911e-04 5.625130734e-02 2.185214865e-02 3.172417693e-02 7.571511773e-03 5.654382911e-04
3.485636728e-02 2.243943346e-04 6.473551506e-02 3.052642260e-01 2.243943346e-04 1.300082605e-02
6.164817376e-03 2.030753202e-01 0.000000000e+00 0.000000000e+00 5.037896169e-02 4.200831227e-03
5.654382911e-04 3.591660177e-02 0.000000000e+00 0.000000000e+00 1.999290420e-02 1.300082605e-02
2.243943346e-04 2.243943346e-04 1.083415025e-01 1.728395068e-02 0.000000000e+00 5.654382911e-04
5.654382911e-04 2.243943346e-04 2.243943346e-04 5.654382911e-04 2.243943346e-04 1.424815211e-03

