6.468507115e-18 1.393597612e-04 6.468507115e-18 3.409266678e-03 1.393597612e-04 6.468507115e-18
1.393597612e-04 6.468507115e-18 1.393597612e-04 5.208299632e-02 8.848793262e-04 1.393597612e-04
1.393597612e-04 6.468507115e-18 7.750300650e-01 6.468507115e-18 1.458459893e-01 7.565611817e-03
1.393597612e-04 6.468507115e-18 1.866099430e-03 1.073417136e-02 3.511645933e-04 1.393597612e-04
1.393597612e-04 6.468507115e-18 6.468507115e-18 1.393597612e-04 6.468507115e-18 6.468507115e-18
1.393597612e-04 1.393597612e-04 1.393597612e-04 1.393597612e-04 1.393597612e-04 1.393597612e-04

8.182484824e-18 8.182484824e-18 8.182484824e-18 8.182484824e-18 8.182484824e-18 8.182484824e-18
8.182484824e-18 8.182484824e-18 8.182484824e-18 8.182484824e-02 8.182484824e-18 8.182484824e-18
8.182484824e-18 8.182484824e-18 1.172862055e-01 0.000000000e+00 2.228433557e-01 8.182484824e-18
8.182484824e-18 8.182484824e-18 7.004952865e-02 8.182484824e-18 2.214429282e-01 8.182484824e-18
8.182484824e-18 8.182484824e-18 8.182484824e-18 2.865531337e-01 0.000000000e+00 8.182484824e-18
8.182484824e-18 8.182484824e-18 8.182484824e-18 8.182484824e-18 8.182484824e-18 8.182484824e-18

5.236384034e-18 5.236384034e-18 5.236384034e-18 5.236384034e-18 5.236384034e-18 5.236384034e-18
5.236384034e-18 5.236384034e-18 5.236384034e-18 0.000000000e+00 5.236384034e-18 5.236384034e-18
5.236384034e-18 5.236384034e-18 5.236384034e-18 0.000000000e+00 5.236384034e-18 5.236384034e-18
5.236384034e-18 5.236384034e-18 9.140612908e-01 0.000000000e+00 8.593870920e-02 5.236384034e-18
5.236384034e-18 5.236384034e-18 5.236384034e-18 5.236384034e-18 0.000000000e+00 5.236384034e-18
5.236384034e-18 5.236384034e-18 5.236384034e-18 5.236384034e-18 5.236384034e-18 5.236384034e-18

4.647784847e-18 4.647784847e-18 4.647784847e-18 4.647784847e-18 4.647784847e-18 4.647784847e-18
4.647784847e-18 4.647784847e-18 4.647784847e-18 0.000000000e+00 4.647784847e-18 4.647784847e-18
4.647784847e-18 4.647784847e-18 4.647784847e-18 0.000000000e+00 4.647784847e-18 4.647784847e-18
4.647784847e-18 4.647784847e-18 4.647784847e-18 0.000000000e+00 1.000000000e+00 4.647784847e-18
4.647784847e-18 4.647784847e-18 4.647784847e-18 0.000000000e+00 0.000000000e+00 4.647784847e-18
4.647784847e-18 4.647784847e-18 4.647784847e-18 0.000000000e+00 4.647784847e-18 4.647784847e-18

3.609445831e-02 3.609445831e-02 3.609445831e-02 3.609445831e-02 3.609445831e-02 3.609445831e-02
3.609445831e-02 3.609445831e-02 3.609445831e-02 0.000000000e+00 3.476385421e-02 3.609445831e-02
3.609445831e-02 3.609445831e-02 3.609445831e-02 0.000000000e+00 3.609445831e-02 3.609445831e-02
3.609445831e-02 0.000000000e+00 0.000000000e+00 0.000000000e+00 3.609445831e-02 3.609445831e-02
3.609445831e-02 3.609445831e-02 3.476385421e-02 0.000000000e+00 0.000000000e+00 3.476385421e-02
3.476385421e-02 3.476385421e-02 3.476385421e-02 0.000000000e+00 3.476385421e-02 3.476385421e-02

3.917969513e-02 3.917969513e-02 3.917969513e-02 3.917969513e-02 3.917969513e-02 3.917969513e-02
3.917969513e-02 3.917969513e-02 3.917969513e-02 0.000000000e+00 0.000000000e+00 3.917969513e-02
3.917969513e-02 3.917969513e-02 0.000000000e+00 0.000000000e+00 3.784597560e-02 3.784597560e-02
3.784597560e-02 0.000000000e+00 0.000000000e+00 0.000000000e+00 3.784597560e-02 3.784597560e-02
3.784597560e-02 3.784597560e-02 3.784597560e-02 0.000000000e+00 0.000000000e+00 3.784597560e-02
3.784597560e-02 3.784597560e-02 3.784597560e-02 0.000000000e+00 3.784597560e-02 3.784597560e-02

