1.404935970e-04 1.404935970e-04 1.404935970e-04 1.404935970e-04 3.540216804e-04 1.404935970e-04
1.404935970e-04 6.521135109e-18 1.404935970e-04 1.201203357e-03 1.404935970e-04 1.404935970e-04
1.404935970e-04 6.521135109e-18 6.078804896e-04 1.794876868e-02 3.437004588e-03 1.404935970e-04
1.404935970e-04 3.540216804e-04 7.878131145e-01 6.521135109e-18 1.438449539e-01 4.740533783e-03
3.540216804e-04 6.521135109e-18 1.404935970e-04 2.867575611e-02 1.404935970e-04 1.404935970e-04
1.404935970e-04 6.521135109e-18 1.404935970e-04 8.139834807e-03 1.404935970e-04 6.521135109e-18

7.554292714e-18 7.554292714e-18 7.554292714e-18 7.554292714e-18 7.554292714e-18 4.101101045e-04
7.554292714e-18 7.554292714e-18 4.101101045e-04 4.101101045e-04 7.554292714e-18 7.554292714e-18
7.554292714e-18 4.101101045e-04 0.000000000e+00 4.605775617e-01 4.101101045e-04 7.554292714e-18
7.554292714e-18 2.896417921e-01 7.554292714e-18 0.000000000e+00 1.366763189e-01 2.179337686e-03
7.554292714e-18 7.554292714e-18 5.331483986e-02 5.239364324e-02 7.554292714e-18 7.554292714e-18
7.554292714e-18 7.554292714e-18 1.391512615e-03 1.774443366e-03 7.554292714e-18 7.554292714e-18

5.305019824e-18 5.305019824e-18 5.305019824e-18 9.771930067e-04 5.305019824e-18 5.305019824e-18
5.305019824e-18 5.305019824e-18 5.305019824e-18 5.305019824e-18 2.880007854e-04 5.305019824e-18
5.305019824e-18 2.139654692e-03 0.000000000e+00 9.463387960e-01 2.880007854e-04 5.305019824e-18
5.305019824e-18 0.000000000e+00 0.000000000e+00 0.000000000e+00 4.071666021e-02 1.142931874e-04
4.945179013e-04 5.305019824e-18 2.880007854e-04 8.354882684e-03 5.305019824e-18 5.305019824e-18
5.305019824e-18 5.305019824e-18 5.305019824e-18 5.305019824e-18 5.305019824e-18 5.305019824e-18

3.429548266e-04 3.429548266e-04 1.163653279e-03 4.769911086e-02 3.429548266e-04 6.317281919e-18
6.317281919e-18 3.429548266e-04 3.055631064e-02 0.000000000e+00 3.429548266e-04 6.317281919e-18
1.822472478e-03 6.317281919e-18 0.000000000e+00 0.000000000e+00 9.949095585e-03 8.641920104e-04
8.641920104e-04 0.000000000e+00 0.000000000e+00 0.000000000e+00 8.734186598e-01 3.429548266e-04
2.547926746e-03 3.429548266e-04 1.440618027e-02 9.949095585e-03 6.317281919e-18 3.429548266e-04
6.317281919e-18 6.317281919e-18 3.429548266e-04 3.329562503e-03 3.429548266e-04 6.317281919e-18

5.851083674e-18 3.176456920e-04 2.016924423e-03 2.322004095e-02 3.176456920e-04 5.454203217e-04
5.851083674e-18 8.004169876e-04 3.853252291e-03 0.000000000e+00 3.176456920e-04 3.294484367e-02
1.374373089e-03 0.000000000e+00 0.000000000e+00 0.000000000e+00 0.000000000e+00 5.851083674e-18
3.176456920e-04 0.000000000e+00 0.000000000e+00 0.000000000e+00 9.206030949e-01 1.077778828e-03
8.004169876e-04 5.454203217e-04 1.077778828e-03 4.663278154e-03 5.851083674e-18 5.851083674e-18
5.851083674e-18 5.851083674e-18 3.176456920e-04 4.253440446e-03 3.176456920e-04 3.176456920e-04

6.345840342e-18 1.830711296e-03 5.512083461e-03 5.029539107e-02 1.830711296e-03 3.445052164e-04
6.345840342e-18 1.535411472e-01 6.345840342e-18 0.000000000e+00 3.445052164e-04 7.776978075e-01
2.945478167e-03 0.000000000e+00 0.000000000e+00 0.000000000e+00 0.000000000e+00 0.000000000e+00
3.445052164e-04 0.000000000e+00 0.000000000e+00 0.000000000e+00 6.345840342e-18 3.445052164e-04
6.345840342e-18 6.345840342e-18 3.756045138e-03 0.000000000e+00 6.345840342e-18 6.345840342e-18
6.345840342e-18 6.345840342e-18 8.680987477e-04 3.445052164e-04 6.345840342e-18 6.345840342e-18

5.481851959e-18 1.009765764e-03 1.287643491e-03 7.618578191e-02 5.481851959e-18 2.976007106e-04
5.481851959e-18 9.138310304e-01 0.000000000e+00 0.000000000e+00 2.976007106e-04 2.544450284e-03
0.000000000e+00 0.000000000e+00 0.000000000e+00 0.000000000e+00 0.000000000e+00 0.000000000e+00
5.481851959e-18 0.000000000e+00 0.000000000e+00 0.000000000e+00 5.481851959e-18 2.976007106e-04
1.287643491e-03 5.481851959e-18 5.481851959e-18 0.000000000e+00 5.481851959e-18 5.481851959e-18
5.481851959e-18 5.481851959e-18 2.210975765e-03 7.499067995e-04 5.481851959e-18 5.481851959e-18

7.851464705e-04 1.057216746e-03 2.038048289e-02 5.350146825e-04 2.038048289e-02 7.851464705e-04
5.350146825e-04 4.985369333e-03 0.000000000e+00 0.000000000e+00 0.000000000e+00 1.978445131e-03
0.000000000e+00 0.000000000e+00 0.000000000e+00 0.000000000e+00 0.000000000e+00 0.000000000e+00
0.000000000e+00 0.000000000e+00 0.000000000e+00 0.000000000e+00 9.382633557e-01 7.851464705e-04
7.851464705e-04 7.851464705e-04 7.851464705e-04 0.000000000e+00 7.851464705e-04 7.851464705e-04
7.851464705e-04 5.350146825e-04 1.655775356e-03 1.057216746e-03 7.851464705e-04 7.851464705e-04

