8.200758039e-18 8.200758039e-18 8.200758039e-18 8.200758039e-18 8.200758039e-18 8.200758039e-18
8.200758039e-18 1.766799761e-04 1.766799761e-04 7.337888385e-02 8.200758039e-18 8.200758039e-18
8.200758039e-18 8.200758039e-18 5.588162366e-02 3.344746393e-01 1.946073421e-02 8.200758039e-18
8.200758039e-18 7.766326462e-02 3.754739243e-01 8.200758039e-18 2.826879617e-03 8.200758039e-18
8.200758039e-18 8.200758039e-18 4.807881281e-02 1.223119774e-02 1.766799761e-04 8.200758039e-18
8.200758039e-18 8.200758039e-18 8.200758039e-18 8.200758039e-18 8.200758039e-18 8.200758039e-18

5.716237362e-18 5.716237362e-18 5.716237362e-18 5.716237362e-18 5.716237362e-18 5.716237362e-18
5.716237362e-18 1.231526007e-04 1.231526007e-04 1.231526007e-04 3.764448764e-03 5.716237362e-18
5.716237362e-18 1.231526007e-04 9.485816479e-03 1.114522515e-01 8.706616688e-01 5.716237362e-18
5.716237362e-18 5.716237362e-18 0.000000000e+00 0.000000000e+00 5.716237362e-18 1.342698761e-03
1.231526007e-04 5.716237362e-18 1.231526007e-04 7.819702715e-04 1.649077151e-03 1.231526007e-04
5.716237362e-18 5.716237362e-18 5.716237362e-18 5.716237362e-18 5.716237362e-18 5.716237362e-18

1.722046795e-04 7.993033174e-18 7.993033174e-18 7.993033174e-18 4.339286012e-04 4.339286012e-04
7.993033174e-18 7.993033174e-18 1.722046795e-04 1.326404783e-02 3.004000025e-02 7.993033174e-18
7.993033174e-18 7.993033174e-18 1.087774839e-01 5.936059764e-02 3.094499320e-01 7.993033174e-18
3.223801512e-03 0.000000000e+00 0.000000000e+00 0.000000000e+00 0.000000000e+00 7.993033174e-18
3.223801512e-03 1.722046795e-04 6.942857618e-03 1.472329299e-03 4.508371849e-01 7.993033174e-18
7.993033174e-18 4.339286012e-04 4.339286012e-04 6.942857618e-03 4.212777565e-03 7.993033174e-18

6.047744979e-18 6.047744979e-18 6.047744979e-18 6.047744979e-18 6.047744979e-18 6.047744979e-18
6.047744979e-18 6.047744979e-18 6.047744979e-18 6.047744979e-18 6.146437592e-03 6.047744979e-18
3.187501392e-03 6.047744979e-18 8.470548976e-01 6.047744979e-18 1.075526455e-01 6.047744979e-18
6.047744979e-18 0.000000000e+00 0.000000000e+00 0.000000000e+00 0.000000000e+00 0.000000000e+00
6.047744979e-18 6.047744979e-18 0.000000000e+00 6.047744979e-18 6.047744979e-18 6.047744979e-18
6.047744979e-18 6.047744979e-18 2.807114556e-03 1.435154616e-02 1.491709293e-02 3.982764303e-03

