1.404935970e-04 1.404935970e-04 1.404935970e-04 1.404935970e-04 3.540216804e-04 1.404935970e-04
1.404935970e-04 6.521135109e-18 1.404935970e-04 1.201203357e-03 1.404935970e-04 1.404935970e-04
1.404935970e-04 6.521135109e-18 6.078804896e-04 1.794876868e-02 3.437004588e-03 1.404935970e-04
1.404935970e-04 3.540216804e-04 7.878131145e-01 6.521135109e-18 1.438449539e-01 4.740533783e-03
3.540216804e-04 6.521135109e-18 1.404935970e-04 2.867575611e-02 1.404935970e-04 1.404935970e-04
1.404935970e-04 6.521135109e-18 1.404935970e-04 8.139834807e-03 1.404935970e-04 6.521135109e-18

7.317392463e-18 3.972491802e-04 7.317392463e-18 3.972491802e-04 3.856676950e-03 0.000000000e+00
7.317392463e-18 7.317392463e-18 7.317392463e-18 6.966619067e-01 6.821051916e-04 3.972491802e-04
7.317392463e-18 7.317392463e-18 3.868523755e-02 7.317392463e-18 6.452750480e-02 1.347875216e-03
3.972491802e-04 7.317392463e-18 1.276952377e-02 0.000000000e+00 1.256448506e-01 3.972491802e-04
3.972491802e-04 7.317392463e-18 1.576484416e-04 3.059807749e-02 7.317392463e-18 7.317392463e-18
7.317392463e-18 7.317392463e-18 7.317392463e-18 2.228784905e-02 7.317392463e-18 3.972491802e-04

5.025125519e-18 5.025125519e-18 5.025125519e-18 5.025125519e-18 5.025125519e-18 0.000000000e+00
5.025125519e-18 5.025125519e-18 5.025125519e-18 0.000000000e+00 5.025125519e-18 5.025125519e-18
5.025125519e-18 5.025125519e-18 5.025125519e-18 0.000000000e+00 5.025125519e-18 5.025125519e-18
5.025125519e-18 5.025125519e-18 9.589028680e-01 0.000000000e+00 4.109713205e-02 5.025125519e-18
5.025125519e-18 5.025125519e-18 5.025125519e-18 5.025125519e-18 5.025125519e-18 5.025125519e-18
5.025125519e-18 5.025125519e-18 5.025125519e-18 5.025125519e-18 5.025125519e-18 5.025125519e-18

4.647784847e-18 4.647784847e-18 4.647784847e-18 4.647784847e-18 4.647784847e-18 0.000000000e+00
4.647784847e-18 4.647784847e-18 4.647784847e-18 0.000000000e+00 4.647784847e-18 4.647784847e-18
4.647784847e-18 4.647784847e-18 4.647784847e-18 0.000000000e+00 4.647784847e-18 4.647784847e-18
4.647784847e-18 4.647784847e-18 4.647784847e-18 0.000000000e+00 1.000000000e+00 4.647784847e-18
4.647784847e-18 4.647784847e-18 4.647784847e-18 0.000000000e+00 4.647784847e-18 4.647784847e-18
4.647784847e-18 4.647784847e-18 4.647784847e-18 0.000000000e+00 4.647784847e-18 4.647784847e-18

3.609445831e-02 3.609445831e-02 3.609445831e-02 3.609445831e-02 3.609445831e-02 0.000000000e+00
3.609445831e-02 3.609445831e-02 3.609445831e-02 0.000000000e+00 3.609445831e-02 3.609445831e-02
3.609445831e-02 3.609445831e-02 3.476385421e-02 0.000000000e+00 3.609445831e-02 3.609445831e-02
3.609445831e-02 0.000000000e+00 0.000000000e+00 0.000000000e+00 3.609445831e-02 3.609445831e-02
3.609445831e-02 3.609445831e-02 3.609445831e-02 0.000000000e+00 3.476385421e-02 3.476385421e-02
3.476385421e-02 3.476385421e-02 3.476385421e-02 0.000000000e+00 3.476385421e-02 3.476385421e-02

3.917969513e-02 3.917969513e-02 3.917969513e-02 3.917969513e-02 3.917969513e-02 0.000000000e+00
3.917969513e-02 3.917969513e-02 3.917969513e-02 0.000000000e+00 3.917969513e-02 3.917969513e-02
3.917969513e-02 3.917969513e-02 0.000000000e+00 0.000000000e+00 0.000000000e+00 3.784597560e-02
3.784597560e-02 0.000000000e+00 0.000000000e+00 0.000000000e+00 3.784597560e-02 3.784597560e-02
3.784597560e-02 3.784597560e-02 3.784597560e-02 0.000000000e+00 3.784597560e-02 3.784597560e-02
3.784597560e-02 3.784597560e-02 3.784597560e-02 0.000000000e+00 3.784597560e-02 3.784597560e-02

4.211050269e-02 4.211050269e-02 0.000000000e+00 4.211050269e-02 4.211050269e-02 0.000000000e+00
4.211050269e-02 4.077899461e-02 4.211050269e-02 0.000000000e+00 4.211050269e-02 4.211050269e-02
4.211050269e-02 4.211050269e-02 0.000000000e+00 0.000000000e+00 0.000000000e+00 4.211050269e-02
4.211050269e-02 0.000000000e+00 0.000000000e+00 0.000000000e+00 4.211050269e-02 4.211050269e-02
4.211050269e-02 4.211050269e-02 4.077899461e-02 0.000000000e+00 0.000000000e+00 4.077899461e-02
4.077899461e-02 4.077899461e-02 4.077899461e-02 0.000000000e+00 4.077899461e-02 4.077899461e-02

