1.165164994e-17 2.510271883e-04 1.165164994e-17 4.137435190e-02 4.016435013e-03 4.872201261e-02
1.165164994e-17 1.165164994e-17 2.510271883e-04 1.165164994e-17 1.165164994e-17 9.088486187e-02
2.033320225e-02 8.223216577e-02 7.241882627e-02 8.365917264e-02 1.165164994e-17 6.695443389e-02
1.165164994e-17 0.000000000e+00 1.165164994e-17 1.012458990e-01 1.165164994e-17 9.286294241e-03
1.012078204e-02 1.057705330e-01 9.529103191e-02 5.250544549e-02 1.165164994e-17 1.165164994e-17
1.165164994e-17 2.033320225e-02 2.657088470e-02 5.765762871e-02 1.012078204e-02 1.165164994e-17

1.464577717e-04 6.797967578e-18 6.797967578e-18 1.252196334e-03 6.797967578e-18 6.797967578e-18
6.797967578e-18 6.797967578e-18 1.464577717e-04 6.797967578e-18 6.797967578e-18 6.336859751e-04
3.690504591e-04 2.343324348e-03 1.229924785e-01 1.282764474e-01 6.797967578e-18 9.299488837e-04
1.464577717e-04 0.000000000e+00 0.000000000e+00 7.149289526e-01 6.797967578e-18 1.464577717e-04
2.741799976e-03 6.797967578e-18 0.000000000e+00 1.252196334e-03 6.797967578e-18 1.464577717e-04
9.299488837e-04 1.871072221e-02 9.299488837e-04 6.797967578e-18 2.343324348e-03 6.336859751e-04

1.836751643e-03 4.134005236e-02 7.289153724e-04 1.069700236e-03 2.695475688e-03 1.069700236e-03
1.069700236e-03 7.289153724e-04 2.381737596e-02 1.069700236e-03 7.289153724e-04 3.153833648e-03
1.283333229e-01 0.000000000e+00 7.135008710e-01 7.289153724e-04 7.364003703e-03 1.069700236e-03
2.695475688e-03 0.000000000e+00 0.000000000e+00 2.776680297e-02 1.684672305e-04 7.289153724e-04
6.232138770e-03 0.000000000e+00 0.000000000e+00 3.153833648e-03 7.289153724e-04 1.440374560e-03
3.153833648e-03 1.500995650e-02 1.069700236e-03 7.289153724e-04 4.121345432e-03 2.695475688e-03

5.256568646e-01 2.567468523e-03 6.942994451e-04 6.942994451e-04 6.942994451e-04 6.942994451e-04
2.353511220e-01 0.000000000e+00 2.041226900e-01 6.942994451e-04 6.942994451e-04 6.942994451e-04
6.942994451e-04 0.000000000e+00 0.000000000e+00 4.043509546e-04 6.942994451e-04 6.942994451e-04
4.043509546e-04 0.000000000e+00 0.000000000e+00 8.135606721e-03 6.942994451e-04 6.942994451e-04
3.004059229e-03 0.000000000e+00 0.000000000e+00 6.942994451e-04 4.043509546e-04 4.043509546e-04
1.371971693e-03 5.414468848e-03 1.604667827e-04 4.043509546e-04 2.148733386e-03 1.018900558e-03

9.687161259e-02 1.583639701e-04 1.583639701e-04 3.411848308e-03 1.583639701e-04 1.583639701e-04
1.491379867e-01 0.000000000e+00 0.000000000e+00 1.005548531e-03 1.583639701e-04 1.583639701e-04
0.000000000e+00 0.000000000e+00 0.000000000e+00 5.574569241e-01 1.583639701e-04 1.583639701e-04
1.583639701e-04 0.000000000e+00 0.000000000e+00 1.827581000e-01 1.005548531e-03 1.583639701e-04
1.583639701e-04 0.000000000e+00 0.000000000e+00 1.583639701e-04 1.583639701e-04 1.583639701e-04
1.583639701e-04 5.343515765e-03 1.583639701e-04 1.583639701e-04 1.583639701e-04 1.583639701e-04

1.000000000e+00 4.647784847e-18 4.647784847e-18 4.647784847e-18 4.647784847e-18 4.647784847e-18
4.647784847e-18 0.000000000e+00 0.000000000e+00 4.647784847e-18 4.647784847e-18 4.647784847e-18
0.000000000e+00 0.000000000e+00 0.000000000e+00 0.000000000e+00 4.647784847e-18 4.647784847e-18
4.647784847e-18 0.000000000e+00 0.000000000e+00 0.000000000e+00 4.647784847e-18 4.647784847e-18
4.647784847e-18 0.000000000e+00 0.000000000e+00 4.647784847e-18 4.647784847e-18 4.647784847e-18
4.647784847e-18 4.647784847e-18 4.647784847e-18 4.647784847e-18 4.647784847e-18 4.647784847e-18

4.665052999e-18 1.005055201e-04 1.005055201e-04 1.005055201e-04 4.665052999e-18 4.665052999e-18
0.000000000e+00 0.000000000e+00 0.000000000e+00 0.000000000e+00 4.665052999e-18 4.665052999e-18
0.000000000e+00 0.000000000e+00 0.000000000e+00 0.000000000e+00 4.665052999e-18 4.665052999e-18
9.996984834e-01 0.000000000e+00 0.000000000e+00 0.000000000e+00 4.665052999e-18 4.665052999e-18
4.665052999e-18 0.000000000e+00 0.000000000e+00 4.665052999e-18 4.665052999e-18 4.665052999e-18
4.665052999e-18 4.665052999e-18 4.665052999e-18 4.665052999e-18 4.665052999e-18 4.665052999e-18

