7.312828517e-18 7.312828517e-18 7.312828517e-18 7.312828517e-18 7.312828517e-18 7.312828517e-18
7.312828517e-18 7.312828517e-18 3.375484299e-02 6.816797544e-04 7.312828517e-18 7.312828517e-18
7.312828517e-18 2.083714428e-02 1.222292563e-01 7.312828517e-18 3.970014111e-04 7.312828517e-18
7.312828517e-18 7.312828517e-18 5.795947429e-02 6.740513025e-01 4.806724190e-02 7.312828517e-18
7.312828517e-18 7.312828517e-18 7.312828517e-18 4.202205662e-02 7.312828517e-18 7.312828517e-18
7.312828517e-18 7.312828517e-18 7.312828517e-18 7.312828517e-18 7.312828517e-18 7.312828517e-18

7.490077304e-18 7.490077304e-18 7.490077304e-18 7.490077304e-18 7.490077304e-18 8.181339872e-03
7.490077304e-18 7.490077304e-18 5.655439036e-02 1.759359676e-03 7.590111079e-02 7.490077304e-18
7.490077304e-18 6.508431114e-02 0.000000000e+00 0.000000000e+00 7.490077304e-18 7.490077304e-18
7.490077304e-18 7.490077304e-18 7.490077304e-18 6.903889994e-01 1.117123760e-02 7.490077304e-18
7.490077304e-18 5.286163605e-02 7.490077304e-18 2.355873790e-02 1.613688238e-04 7.490077304e-18
1.437750842e-02 7.490077304e-18 7.490077304e-18 7.490077304e-18 7.490077304e-18 7.490077304e-18

7.178152193e-18 7.178152193e-18 7.178152193e-18 7.178152193e-18 7.178152193e-18 7.178152193e-18
7.178152193e-18 7.178152193e-18 7.178152193e-18 5.599081451e-02 0.000000000e+00 7.178152193e-18
7.178152193e-18 7.178152193e-18 0.000000000e+00 0.000000000e+00 7.178152193e-18 7.178152193e-18
1.636934299e-02 1.265516766e-01 0.000000000e+00 7.178152193e-18 5.603187680e-01 1.011540114e-02
7.178152193e-18 7.178152193e-18 7.178152193e-18 2.306539967e-01 7.178152193e-18 7.178152193e-18
7.178152193e-18 7.178152193e-18 7.178152193e-18 7.178152193e-18 7.178152193e-18 7.178152193e-18

5.378160717e-18 5.378160717e-18 5.378160717e-18 5.378160717e-18 5.378160717e-18 5.378160717e-18
5.378160717e-18 5.378160717e-18 5.378160717e-18 0.000000000e+00 0.000000000e+00 5.378160717e-18
5.378160717e-18 5.378160717e-18 0.000000000e+00 0.000000000e+00 5.378160717e-18 5.378160717e-18
1.265625581e-01 5.378160717e-18 0.000000000e+00 0.000000000e+00 8.734374419e-01 5.378160717e-18
5.378160717e-18 5.378160717e-18 5.378160717e-18 5.378160717e-18 5.378160717e-18 5.378160717e-18
5.378160717e-18 5.378160717e-18 5.378160717e-18 5.378160717e-18 5.378160717e-18 5.378160717e-18

3.609445831e-02 3.609445831e-02 3.609445831e-02 3.609445831e-02 3.609445831e-02 3.609445831e-02
3.609445831e-02 3.609445831e-02 3.609445831e-02 0.000000000e+00 0.000000000e+00 3.609445831e-02
3.609445831e-02 3.609445831e-02 0.000000000e+00 0.000000000e+00 3.609445831e-02 3.609445831e-02
0.000000000e+00 0.000000000e+00 0.000000000e+00 0.000000000e+00 3.476385421e-02 3.609445831e-02
3.609445831e-02 3.609445831e-02 3.609445831e-02 3.609445831e-02 3.609445831e-02 3.476385421e-02
3.476385421e-02 3.476385421e-02 3.476385421e-02 3.476385421e-02 3.476385421e-02 3.476385421e-02

