5.639409848e-18 5.639409848e-18 5.639409848e-18 5.639409848e-18 5.639409848e-18 5.639409848e-18
5.639409848e-18 0.000000000e+00 5.639409848e-18 3.061542688e-04 5.639409848e-18 5.639409848e-18
5.639409848e-18 1.033025479e-02 8.932938175e-01 8.001255304e-02 5.639409848e-18 5.639409848e-18
5.639409848e-18 5.639409848e-18 3.713853727e-03 1.234336665e-02 5.639409848e-18 5.639409848e-18
5.639409848e-18 5.639409848e-18 5.639409848e-18 5.639409848e-18 5.639409848e-18 5.639409848e-18
5.639409848e-18 5.639409848e-18 5.639409848e-18 5.639409848e-18 5.639409848e-18 5.639409848e-18

4.647784847e-18 4.647784847e-18 4.647784847e-18 4.647784847e-18 4.647784847e-18 4.647784847e-18
4.647784847e-18 0.000000000e+00 0.000000000e+00 4.647784847e-18 4.647784847e-18 4.647784847e-18
4.647784847e-18 4.647784847e-18 4.647784847e-18 4.647784847e-18 4.647784847e-18 4.647784847e-18
4.647784847e-18 4.647784847e-18 1.000000000e+00 4.647784847e-18 0.000000000e+00 4.647784847e-18
4.647784847e-18 4.647784847e-18 4.647784847e-18 4.647784847e-18 4.647784847e-18 4.647784847e-18
4.647784847e-18 4.647784847e-18 4.647784847e-18 4.647784847e-18 4.647784847e-18 4.647784847e-18

6.159076010e-18 6.159076010e-18 4.147158234e-01 6.159076010e-18 6.159076010e-18 6.159076010e-18
6.159076010e-18 0.000000000e+00 0.000000000e+00 6.159076010e-18 6.159076010e-18 6.159076010e-18
6.159076010e-18 6.159076010e-18 0.000000000e+00 6.159076010e-18 0.000000000e+00 6.159076010e-18
6.159076010e-18 6.159076010e-18 6.159076010e-18 6.159076010e-18 0.000000000e+00 6.159076010e-18
6.159076010e-18 6.159076010e-18 5.520205474e-01 6.159076010e-18 6.159076010e-18 6.159076010e-18
6.159076010e-18 6.159076010e-18 3.326362912e-02 6.159076010e-18 6.159076010e-18 6.159076010e-18

3.517249117e-02 3.517249117e-02 3.517249117e-02 3.517249117e-02 3.517249117e-02 3.517249117e-02
3.517249117e-02 0.000000000e+00 0.000000000e+00 3.517249117e-02 3.517249117e-02 3.517249117e-02
3.517249117e-02 3.383900824e-02 0.000000000e+00 0.000000000e+00 0.000000000e+00 3.517249117e-02
3.517249117e-02 3.517249117e-02 0.000000000e+00 3.383900824e-02 0.000000000e+00 3.383900824e-02
3.383900824e-02 3.383900824e-02 3.383900824e-02 3.383900824e-02 3.383900824e-02 3.383900824e-02
3.383900824e-02 3.383900824e-02 3.383900824e-02 3.383900824e-02 3.383900824e-02 3.383900824e-02

