2.435427111e-02 1.067963844e-17 2.300858353e-04 6.321180784e-03 1.067963844e-17 9.955235913e-04
4.125576613e-02 1.067963844e-17 7.033114474e-03 1.067963844e-17 2.300858353e-04 6.321180784e-03
2.619577862e-01 1.967206220e-03 7.148235349e-02 0.000000000e+00 1.418361032e-02 4.957049053e-03
5.797799744e-04 2.300858353e-04 1.227403022e-01 1.067963844e-17 1.025460325e-01 9.955235913e-04
1.168785783e-01 1.067963844e-17 4.957049053e-03 6.136891766e-02 5.524966679e-02 1.460953988e-03
5.628769485e-03 3.681373365e-03 3.080968583e-03 7.931278484e-02 1.067963844e-17 1.067963844e-17

4.884023074e-04 2.113194054e-03 1.938225842e-04 8.472331522e-03 2.651455654e-02 8.996447423e-18
1.938225842e-04 1.938225842e-04 4.884023074e-04 3.287518384e-02 2.858733399e-01 1.071381595e-01
1.230696696e-03 1.938225842e-04 3.349017664e-01 0.000000000e+00 8.996447423e-18 7.586613201e-02
1.938225842e-04 8.996447423e-18 9.237148847e-02 0.000000000e+00 0.000000000e+00 4.884023074e-04
1.938225842e-04 1.938225842e-04 1.938225842e-04 2.051585555e-02 1.657159784e-03 1.938225842e-04
4.884023074e-04 3.628504996e-03 4.884023074e-04 1.230696696e-03 1.230696696e-03 1.938225842e-04

5.494197358e-18 5.494197358e-18 5.494197358e-18 5.494197358e-18 5.494197358e-18 5.494197358e-18
1.183688938e-04 5.494197358e-18 0.000000000e+00 5.121524587e-04 1.183688938e-04 5.121524587e-04
1.183688938e-04 5.494197358e-18 2.297428727e-02 0.000000000e+00 0.000000000e+00 1.012039806e-03
1.183688938e-04 1.183688938e-04 9.232976118e-01 0.000000000e+00 0.000000000e+00 5.494197358e-18
5.494197358e-18 1.183688938e-04 5.494197358e-18 4.987484057e-02 1.183688938e-04 5.494197358e-18
5.494197358e-18 5.494197358e-18 7.515956262e-04 1.183688938e-04 5.494197358e-18 1.183688938e-04

