1.182175861e-04 9.458942190e-01 3.247808509e-03 2.978896504e-04 5.114977883e-04 5.487174276e-18
3.613598442e-03 5.487174276e-18 2.062229857e-02 1.182175861e-04 5.487174276e-18 1.182175861e-04
7.506348821e-04 2.235848239e-02 1.182175861e-04 1.182175861e-04 5.487174276e-18 2.978896504e-04
7.506348821e-04 1.182175861e-04 5.487174276e-18 1.182175861e-04 5.487174276e-18 1.182175861e-04
1.182175861e-04 5.487174276e-18 5.487174276e-18 5.487174276e-18 5.487174276e-18 1.182175861e-04
5.487174276e-18 1.182175861e-04 1.182175861e-04 1.182175861e-04 1.182175861e-04 5.487174276e-18

7.276762859e-18 3.176489904e-01 5.585002329e-02 1.567731034e-04 3.950434660e-04 7.276762859e-18
1.150527593e-01 0.000000000e+00 7.276762859e-18 3.199852074e-02 7.276762859e-18 7.276762859e-18
3.950434660e-04 4.775109822e-01 0.000000000e+00 6.783178228e-04 7.276762859e-18 7.276762859e-18
7.276762859e-18 1.567731034e-04 7.276762859e-18 1.567731034e-04 7.276762859e-18 7.276762859e-18
7.276762859e-18 7.276762859e-18 7.276762859e-18 7.276762859e-18 7.276762859e-18 7.276762859e-18
7.276762859e-18 7.276762859e-18 7.276762859e-18 7.276762859e-18 7.276762859e-18 7.276762859e-18

6.654953174e-04 9.856805291e-01 4.864800282e-18 4.864800282e-18 4.864800282e-18 4.864800282e-18
4.864800282e-18 0.000000000e+00 0.000000000e+00 2.641019917e-04 4.864800282e-18 4.864800282e-18
1.338987361e-02 0.000000000e+00 0.000000000e+00 4.864800282e-18 4.864800282e-18 4.864800282e-18
4.864800282e-18 4.864800282e-18 4.864800282e-18 4.864800282e-18 4.864800282e-18 4.864800282e-18
4.864800282e-18 4.864800282e-18 4.864800282e-18 4.864800282e-18 4.864800282e-18 4.864800282e-18
4.864800282e-18 4.864800282e-18 4.864800282e-18 4.864800282e-18 4.864800282e-18 4.864800282e-18

1.784755580e-01 1.003577973e-17 1.223193336e-01 5.766908153e-02 2.545731114e-01 1.003577973e-17
0.000000000e+00 0.000000000e+00 0.000000000e+00 1.223193336e-01 2.665754101e-02 1.003577973e-17
1.125778934e-01 0.000000000e+00 0.000000000e+00 2.196600569e-02 1.003577973e-17 1.003577973e-17
1.003577973e-17 1.414234959e-02 1.414234959e-02 9.451114306e-03 1.003577973e-17 6.609098994e-03
1.003577973e-17 5.289419770e-03 1.003577973e-17 1.003577973e-17 1.003577973e-17 0.000000000e+00
1.003577973e-17 1.003577973e-17 2.105555592e-02 1.003577973e-17 7.998455495e-03 2.475379822e-02

