2.435427111e-02 1.067963844e-17 2.300858353e-04 6.321180784e-03 1.067963844e-17 9.955235913e-04
4.125576613e-02 1.067963844e-17 7.033114474e-03 1.067963844e-17 2.300858353e-04 6.321180784e-03
2.619577862e-01 1.967206220e-03 7.148235349e-02 0.000000000e+00 1.418361032e-02 4.957049053e-03
5.797799744e-04 2.300858353e-04 1.227403022e-01 1.067963844e-17 1.025460325e-01 9.955235913e-04
1.168785783e-01 1.067963844e-17 4.957049053e-03 6.136891766e-02 5.524966679e-02 1.460953988e-03
5.628769485e-03 3.681373365e-03 3.080968583e-03 7.931278484e-02 1.067963844e-17 1.067963844e-17

6.050838931e-04 1.524715868e-03 1.398472464e-04 1.195677138e-03 1.398472464e-04 1.195677138e-03
8.879746642e-04 1.398472464e-04 2.618045954e-03 1.398472464e-04 1.398472464e-04 1.398472464e-04
1.398472464e-04 4.718724627e-03 8.774844092e-01 0.000000000e+00 3.523929790e-04 1.398472464e-04
2.618045954e-03 2.106744459e-02 0.000000000e+00 0.000000000e+00 6.050838931e-04 3.523929790e-04
7.090203834e-03 1.398472464e-04 3.067753030e-02 3.139722348e-02 1.398472464e-04 1.398472464e-04
1.524715868e-03 8.620864663e-03 2.237555942e-03 1.195677138e-03 3.523929790e-04 1.398472464e-04

3.832012064e-04 1.520734995e-04 1.520734995e-04 1.520734995e-04 1.520734995e-04 5.131262758e-03
1.520734995e-04 1.520734995e-04 5.625682511e-03 3.832012064e-04 1.520734995e-04 3.832012064e-04
9.656065325e-04 1.790530061e-01 0.000000000e+00 0.000000000e+00 1.520734995e-04 3.832012064e-04
4.177936820e-03 6.133526123e-02 0.000000000e+00 0.000000000e+00 2.433175992e-03 3.832012064e-04
1.675040953e-02 0.000000000e+00 1.520734995e-04 7.103157925e-01 1.520734995e-04 1.520734995e-04
1.520734995e-04 3.720292788e-03 2.433175992e-03 3.276324228e-03 3.832012064e-04 6.579838180e-04

3.517249117e-02 3.517249117e-02 3.517249117e-02 3.517249117e-02 3.517249117e-02 3.517249117e-02
3.517249117e-02 3.517249117e-02 3.517249117e-02 3.517249117e-02 3.517249117e-02 3.517249117e-02
3.517249117e-02 0.000000000e+00 0.000000000e+00 0.000000000e+00 3.383900824e-02 3.517249117e-02
3.383900824e-02 3.383900824e-02 0.000000000e+00 0.000000000e+00 3.383900824e-02 3.383900824e-02
3.383900824e-02 0.000000000e+00 0.000000000e+00 3.383900824e-02 3.383900824e-02 3.383900824e-02
3.383900824e-02 3.383900824e-02 3.383900824e-02 3.383900824e-02 3.383900824e-02 3.383900824e-02

