4.797614235e-04 1.318551270e-01 1.208923033e-03 7.004186663e-02 1.854104702e-02 8.837280979e-18
8.837280979e-18 0.000000000e+00 8.837280979e-18 2.316371915e-01 8.837280979e-18 4.797614235e-04
1.618810597e-02 2.347402858e-02 3.587622241e-01 1.228189244e-01 8.837280979e-18 4.797614235e-04
4.797614235e-04 8.837280979e-18 4.101902471e-03 4.797614235e-04 8.837280979e-18 1.033614654e-02
7.676182775e-03 8.837280979e-18 8.837280979e-18 8.837280979e-18 8.837280979e-18 4.797614235e-04
8.837280979e-18 8.837280979e-18 8.837280979e-18 4.797614235e-04 8.837280979e-18 8.837280979e-18

5.216159828e-18 5.216159828e-18 5.216159828e-18 1.852228941e-02 5.216159828e-18 5.216159828e-18
5.216159828e-18 0.000000000e+00 0.000000000e+00 9.620645948e-01 4.530827561e-03 5.216159828e-18
2.831767226e-04 1.123787568e-04 0.000000000e+00 5.216159828e-18 5.216159828e-18 1.123787568e-04
5.216159828e-18 5.216159828e-18 1.225234519e-03 1.286594279e-02 2.831767226e-04 5.216159828e-18
5.216159828e-18 5.216159828e-18 5.216159828e-18 5.216159828e-18 5.216159828e-18 5.216159828e-18
5.216159828e-18 5.216159828e-18 5.216159828e-18 5.216159828e-18 5.216159828e-18 5.216159828e-18

1.227613908e-04 1.227613908e-04 7.794862434e-04 1.679352203e-02 5.311576893e-04 1.227613908e-04
1.227613908e-04 0.000000000e+00 0.000000000e+00 2.819666960e-02 1.227613908e-04 1.227613908e-04
9.314992882e-01 0.000000000e+00 0.000000000e+00 0.000000000e+00 1.227613908e-04 1.227613908e-04
3.093393207e-04 3.093393207e-04 4.142213828e-03 1.352177451e-02 1.227613908e-04 1.227613908e-04
1.227613908e-04 7.794862434e-04 3.093393207e-04 1.227613908e-04 1.227613908e-04 1.227613908e-04
1.227613908e-04 3.093393207e-04 3.093393207e-04 1.227613908e-04 1.227613908e-04 1.227613908e-04

5.289762843e-03 1.751449583e-02 4.047957716e-03 1.677525257e-01 7.295974974e-03 2.357477855e-03
2.295777950e-01 0.000000000e+00 0.000000000e+00 1.467961986e-01 1.769434656e-01 9.355657069e-04
1.003643065e-17 0.000000000e+00 0.000000000e+00 0.000000000e+00 5.448612834e-04 1.372964400e-03
7.954599822e-02 0.000000000e+00 9.372974348e-02 0.000000000e+00 1.372964400e-03 5.448612834e-04
7.295974974e-03 5.448612834e-04 1.414326687e-02 9.355657069e-04 5.448612834e-04 4.658498444e-03
1.848726333e-03 1.926533737e-02 1.020021427e-02 3.459653497e-03 5.448612834e-04 9.355657069e-04

5.432616306e-18 5.432616306e-18 5.432616306e-18 8.634286526e-01 5.432616306e-18 5.432616306e-18
5.432616306e-18 0.000000000e+00 0.000000000e+00 5.432616306e-18 1.359814918e-01 5.432616306e-18
0.000000000e+00 0.000000000e+00 0.000000000e+00 0.000000000e+00 0.000000000e+00 5.432616306e-18
2.949277881e-04 0.000000000e+00 2.949277881e-04 0.000000000e+00 5.432616306e-18 5.432616306e-18
5.432616306e-18 5.432616306e-18 5.432616306e-18 5.432616306e-18 5.432616306e-18 5.432616306e-18
5.432616306e-18 5.432616306e-18 5.432616306e-18 5.432616306e-18 5.432616306e-18 5.432616306e-18

4.000000000e-02 4.000000000e-02 4.000000000e-02 4.000000000e-02 4.000000000e-02 4.000000000e-02
4.000000000e-02 0.000000000e+00 0.000000000e+00 0.000000000e+00 4.000000000e-02 4.000000000e-02
0.000000000e+00 0.000000000e+00 0.000000000e+00 0.000000000e+00 0.000000000e+00 4.000000000e-02
4.000000000e-02 0.000000000e+00 0.000000000e+00 0.000000000e+00 4.000000000e-02 4.000000000e-02
4.000000000e-02 4.000000000e-02 4.000000000e-02 4.000000000e-02 4.000000000e-02 4.000000000e-02
4.000000000e-02 4.000000000e-02 4.000000000e-02 4.000000000e-02 4.000000000e-02 4.000000000e-02

