1.264011510e-03 1.351470472e-01 1.990693386e-04 1.009274208e-02 1.080714639e-02 5.016233002e-04
1.264011510e-03 1.990693386e-04 1.938592963e-02 9.487197375e-02 6.085022334e-03 8.613230042e-04
8.613230042e-04 1.990693386e-04 4.212538007e-01 9.239980191e-18 0.000000000e+00 3.185109418e-03
4.288818888e-03 9.239980191e-18 6.296309356e-02 1.191383371e-01 9.611415227e-02 5.016233002e-04
1.990693386e-04 9.239980191e-18 9.239980191e-18 1.990693386e-04 9.239980191e-18 1.990693386e-04
1.990693386e-04 4.288818888e-03 2.665641617e-03 1.702018904e-03 8.613230042e-04 5.016233002e-04

1.502112934e-04 1.502112934e-04 1.502112934e-04 6.056139853e-03 2.403380693e-03 1.502112934e-04
1.502112934e-04 1.502112934e-04 1.502112934e-04 1.719728854e-02 6.056139853e-03 6.654299719e-01
1.502112934e-04 1.502112934e-04 1.785552345e-02 0.000000000e+00 0.000000000e+00 1.502112934e-04
1.502112934e-04 1.502112934e-04 1.719728854e-02 2.582563055e-01 0.000000000e+00 3.674736183e-03
1.502112934e-04 1.502112934e-04 1.502112934e-04 1.502112934e-04 1.502112934e-04 1.502112934e-04
1.502112934e-04 1.284288493e-03 1.502112934e-04 1.284288493e-03 1.502112934e-04 1.502112934e-04

5.168027782e-18 1.113417833e-04 1.113417833e-04 2.723841003e-03 1.213928684e-03 4.866948322e-03
5.168027782e-18 5.168027782e-18 1.113417833e-04 0.000000000e+00 5.168027782e-18 9.761032750e-01
5.168027782e-18 5.168027782e-18 1.490924185e-03 0.000000000e+00 0.000000000e+00 0.000000000e+00
1.113417833e-04 5.168027782e-18 7.069762560e-04 1.037894425e-02 0.000000000e+00 9.519588568e-04
1.113417833e-04 5.168027782e-18 5.168027782e-18 5.168027782e-18 1.113417833e-04 1.113417833e-04
5.168027782e-18 2.805637131e-04 2.805637131e-04 1.113417833e-04 1.113417833e-04 5.168027782e-18

1.534543969e-03 1.139635544e-03 3.360026301e-03 8.466735730e-03 8.466735730e-03 3.130936894e-02
1.956835558e-03 1.794813515e-04 1.794813515e-04 0.000000000e+00 0.000000000e+00 3.394529332e-02
1.956835558e-03 1.956835558e-03 3.147591657e-01 0.000000000e+00 0.000000000e+00 0.000000000e+00
1.794813515e-04 4.522646655e-04 5.676766298e-02 4.522646655e-04 0.000000000e+00 0.000000000e+00
2.403348317e-03 1.794813515e-04 1.139635544e-03 4.122449522e-02 4.767473596e-01 4.522646655e-04
4.522646655e-04 1.534543969e-03 1.139635544e-03 1.956835558e-03 4.930916623e-03 7.765707060e-04

