1.579805242e-04 1.579805242e-04 1.579805242e-04 1.579805242e-04 1.579805242e-04 1.579805242e-04
1.579805242e-04 1.579805242e-04 3.980859757e-04 1.579805242e-04 1.579805242e-04 1.579805242e-04
1.579805242e-04 3.980859757e-04 4.409390035e-01 0.000000000e+00 3.530054131e-01 1.579805242e-04
1.579805242e-04 2.115441097e-03 5.355166836e-02 1.579805242e-04 2.115441097e-03 1.579805242e-04
1.579805242e-04 1.579805242e-04 1.429712813e-01 1.579805242e-04 3.980859757e-04 1.579805242e-04
1.579805242e-04 1.579805242e-04 1.579805242e-04 1.579805242e-04 1.579805242e-04 1.579805242e-04

1.784920649e-04 1.784920649e-04 1.784920649e-04 1.784920649e-04 1.784920649e-04 1.784920649e-04
7.722903118e-04 4.192636855e-02 4.497718197e-04 8.420067775e-03 2.242137217e-01 2.855873039e-03
1.784920649e-04 1.784920649e-04 3.285191373e-01 0.000000000e+00 2.018358907e-01 1.784920649e-04
1.784920649e-04 4.497718197e-04 1.800623671e-01 0.000000000e+00 0.000000000e+00 1.784920649e-04
1.784920649e-04 1.784920649e-04 3.845494966e-03 1.784920649e-04 1.946049641e-03 1.133353967e-03
1.784920649e-04 1.784920649e-04 1.784920649e-04 1.784920649e-04 1.784920649e-04 1.784920649e-04

1.732722904e-04 1.732722904e-04 4.160723886e-02 1.732722904e-04 1.266628126e-02 1.732722904e-04
1.732722904e-04 1.839697317e-01 0.000000000e+00 1.003894733e-02 1.082951815e-01 1.732722904e-04
1.732722904e-04 1.732722904e-04 4.366188120e-04 0.000000000e+00 0.000000000e+00 1.732722904e-04
1.732722904e-04 1.732722904e-04 4.322769281e-01 0.000000000e+00 0.000000000e+00 1.732722904e-04
1.732722904e-04 1.732722904e-04 1.732722904e-04 1.732722904e-04 2.067238097e-01 1.732722904e-04
1.732722904e-04 1.732722904e-04 1.732722904e-04 1.732722904e-04 1.732722904e-04 1.732722904e-04

1.451493164e-04 1.451493164e-04 7.190085590e-02 1.451493164e-04 1.451493164e-04 1.451493164e-04
1.451493164e-04 1.985614718e-02 0.000000000e+00 1.582522871e-03 2.595724442e-01 1.451493164e-04
1.451493164e-04 1.451493164e-04 0.000000000e+00 0.000000000e+00 0.000000000e+00 1.451493164e-04
1.451493164e-04 1.451493164e-04 6.414272065e-01 0.000000000e+00 0.000000000e+00 1.451493164e-04
1.451493164e-04 1.451493164e-04 2.322389062e-03 1.451493164e-04 0.000000000e+00 1.451493164e-04
1.451493164e-04 1.451493164e-04 1.451493164e-04 1.451493164e-04 1.451493164e-04 1.451493164e-04

