7.312828517e-18 7.312828517e-18 7.312828517e-18 7.312828517e-18 7.312828517e-18 7.312828517e-18
7.312828517e-18 7.312828517e-18 3.375484299e-02 6.816797544e-04 7.312828517e-18 7.312828517e-18
7.312828517e-18 2.083714428e-02 1.222292563e-01 7.312828517e-18 3.970014111e-04 7.312828517e-18
7.312828517e-18 7.312828517e-18 5.795947429e-02 6.740513025e-01 4.806724190e-02 7.312828517e-18
7.312828517e-18 7.312828517e-18 7.312828517e-18 4.202205662e-02 7.312828517e-18 7.312828517e-18
7.312828517e-18 7.312828517e-18 7.312828517e-18 7.312828517e-18 7.312828517e-18 7.312828517e-18

7.842222080e-18 7.842222080e-18 7.842222080e-18 7.842222080e-18 7.842222080e-18 7.310282211e-04
7.842222080e-18 7.842222080e-18 4.781578144e-02 7.842222080e-18 4.325262156e-02 7.842222080e-18
7.842222080e-18 6.215530255e-02 1.089897767e-01 0.000000000e+00 7.842222080e-18 7.842222080e-18
7.842222080e-18 7.842222080e-18 7.842222080e-18 4.880160430e-01 1.645336486e-02 7.842222080e-18
7.842222080e-18 0.000000000e+00 7.842222080e-18 2.325860817e-01 7.842222080e-18 7.842222080e-18
7.842222080e-18 7.842222080e-18 7.842222080e-18 7.842222080e-18 7.842222080e-18 7.842222080e-18

7.459154280e-18 7.459154280e-18 7.459154280e-18 1.112511679e-02 7.459154280e-18 7.459154280e-18
7.459154280e-18 7.459154280e-18 7.459154280e-18 1.419197844e-01 0.000000000e+00 7.459154280e-18
7.459154280e-18 3.462232722e-03 7.459154280e-18 0.000000000e+00 7.459154280e-18 7.459154280e-18
2.151891202e-03 6.868470881e-02 0.000000000e+00 7.459154280e-18 3.429749915e-01 4.415005524e-03
7.459154280e-18 0.000000000e+00 7.459154280e-18 4.222577951e-01 7.459154280e-18 7.459154280e-18
7.459154280e-18 7.459154280e-18 7.459154280e-18 3.008474046e-03 7.459154280e-18 7.459154280e-18

5.787029980e-18 5.787029980e-18 5.787029980e-18 5.787029980e-18 5.787029980e-18 5.787029980e-18
5.787029980e-18 5.787029980e-18 5.787029980e-18 7.690148361e-01 0.000000000e+00 5.787029980e-18
5.787029980e-18 6.768551326e-03 0.000000000e+00 0.000000000e+00 5.787029980e-18 5.787029980e-18
5.787029980e-18 2.334062126e-03 0.000000000e+00 0.000000000e+00 5.787029980e-18 5.787029980e-18
5.787029980e-18 0.000000000e+00 5.787029980e-18 5.787029980e-18 5.787029980e-18 5.787029980e-18
5.787029980e-18 5.787029980e-18 5.787029980e-18 2.218825505e-01 5.787029980e-18 5.787029980e-18

3.609445831e-02 3.609445831e-02 3.609445831e-02 3.609445831e-02 3.609445831e-02 3.609445831e-02
3.609445831e-02 3.609445831e-02 3.609445831e-02 0.000000000e+00 0.000000000e+00 3.609445831e-02
3.609445831e-02 3.609445831e-02 0.000000000e+00 0.000000000e+00 3.609445831e-02 3.609445831e-02
3.609445831e-02 3.609445831e-02 0.000000000e+00 0.000000000e+00 3.609445831e-02 3.609445831e-02
3.609445831e-02 0.000000000e+00 3.609445831e-02 0.000000000e+00 3.476385421e-02 3.476385421e-02
3.476385421e-02 3.476385421e-02 3.476385421e-02 3.476385421e-02 3.476385421e-02 3.476385421e-02

