1.331384413e-02 9.447850669e-18 9.827641823e-02 3.452471993e-02 8.206531934e-03 9.447850669e-18
5.129082459e-04 0.000000000e+00 3.950670521e-02 2.035477723e-04 9.447850669e-18 4.510967693e-01
4.979548123e-03 2.330363911e-02 4.979548123e-03 2.219225092e-03 9.447850669e-18 5.129082459e-04
1.648736955e-02 2.035477723e-04 2.035477723e-04 2.035477723e-04 9.447850669e-18 6.783583219e-02
1.292447791e-03 9.447850669e-18 9.447850669e-18 9.447850669e-18 9.447850669e-18 1.292447791e-03
9.447850669e-18 6.221916188e-03 2.877695444e-02 1.593487426e-01 3.649733274e-02 9.447850669e-18

8.155136135e-04 0.000000000e+00 8.658615891e-01 9.159181713e-02 5.557074678e-04 1.284353460e-04
1.284353460e-04 0.000000000e+00 5.961440679e-18 5.557074678e-04 3.236367920e-04 1.284353460e-04
5.557074678e-04 0.000000000e+00 3.151665706e-02 3.925928295e-03 3.236367920e-04 1.284353460e-04
1.284353460e-04 1.284353460e-04 1.400295072e-03 1.284353460e-04 5.961440679e-18 1.284353460e-04
1.284353460e-04 1.284353460e-04 1.284353460e-04 5.961440679e-18 5.961440679e-18 1.284353460e-04
5.961440679e-18 3.236367920e-04 1.284353460e-04 1.284353460e-04 3.236367920e-04 1.284353460e-04

5.060218268e-03 0.000000000e+00 3.046864965e-01 1.546774676e-01 4.171428218e-04 1.655432386e-04
4.171428218e-04 0.000000000e+00 0.000000000e+00 1.051134044e-03 1.655432386e-04 1.655432386e-04
4.508512181e-01 0.000000000e+00 0.000000000e+00 6.674285149e-03 1.655432386e-04 1.655432386e-04
1.655432386e-04 1.655432386e-04 6.381710769e-02 4.049813533e-03 1.655432386e-04 1.655432386e-04
7.162639940e-04 1.051134044e-03 1.051134044e-03 1.655432386e-04 1.655432386e-04 1.655432386e-04
1.655432386e-04 1.415374780e-03 1.655432386e-04 1.655432386e-04 1.415374780e-03 1.655432386e-04

2.999628392e-03 0.000000000e+00 5.007786657e-01 9.483873904e-02 1.602301022e-04 4.037545572e-04
1.602301022e-04 0.000000000e+00 0.000000000e+00 2.563681635e-03 4.037545572e-04 1.602301022e-04
3.246534584e-01 0.000000000e+00 0.000000000e+00 0.000000000e+00 1.602301022e-04 1.602301022e-04
6.932753881e-04 0.000000000e+00 1.602301022e-04 5.615530643e-02 1.602301022e-04 1.602301022e-04
1.602301022e-04 8.698628242e-03 2.563681635e-03 1.602301022e-04 1.602301022e-04 1.602301022e-04
1.602301022e-04 6.932753881e-04 1.746944510e-03 1.602301022e-04 4.037545572e-04 1.602301022e-04

4.753085574e-18 0.000000000e+00 6.502129603e-04 4.430682600e-04 4.753085574e-18 4.753085574e-18
4.753085574e-18 0.000000000e+00 0.000000000e+00 2.580371843e-04 4.753085574e-18 4.753085574e-18
1.638433991e-03 0.000000000e+00 0.000000000e+00 0.000000000e+00 0.000000000e+00 4.753085574e-18
4.753085574e-18 0.000000000e+00 0.000000000e+00 4.753085574e-18 1.024021245e-04 4.753085574e-18
4.753085574e-18 4.753085574e-18 9.968054434e-01 4.753085574e-18 4.753085574e-18 4.753085574e-18
4.753085574e-18 4.753085574e-18 1.024021245e-04 4.753085574e-18 4.753085574e-18 4.753085574e-18

