9.566144214e-18 8.917270277e-04 8.917270277e-04 4.440210816e-03 1.308630121e-03 1.308630121e-03
5.041895467e-03 5.193302076e-04 0.000000000e+00 5.945672410e-02 1.762098830e-03 8.917270277e-04
1.895362216e-01 5.193302076e-04 3.721430813e-01 9.566144214e-18 5.832692013e-02 9.008838862e-03
6.634706466e-02 9.566144214e-18 8.808610266e-02 8.933776105e-02 1.762098830e-03 1.762098830e-03
8.917270277e-04 9.566144214e-18 9.566144214e-18 5.193302076e-04 9.566144214e-18 2.759736667e-03
5.193302076e-04 3.695430428e-02 5.193302076e-04 2.247011306e-03 2.247011306e-03 9.566144214e-18

2.237087441e-04 2.758154512e-02 2.237087441e-04 3.579339906e-03 4.187996457e-03 2.439034594e-03
1.251065593e-01 0.000000000e+00 0.000000000e+00 1.894737990e-01 4.819658788e-03 2.995576027e-03
2.237087441e-04 5.966800815e-02 2.237087441e-04 0.000000000e+00 7.455482640e-02 1.420461983e-03
1.420461983e-03 3.794431965e-02 8.623997657e-02 2.935113846e-01 3.265993732e-02 9.019371384e-03
5.637107115e-04 2.237087441e-04 2.237087441e-04 5.637107115e-04 2.439034594e-03 1.420461983e-03
4.187996457e-03 1.548690432e-02 9.679315202e-04 2.439034594e-03 9.778708981e-03 4.187996457e-03

1.343896443e-03 1.571830815e-04 1.713723685e-03 3.845292481e-03 3.960765461e-04 3.960765461e-04
6.623304428e-01 0.000000000e+00 0.000000000e+00 1.503524102e-01 1.571830815e-04 1.571830815e-04
3.960765461e-04 0.000000000e+00 0.000000000e+00 0.000000000e+00 4.534574261e-02 3.960765461e-04
1.571830815e-04 6.800916951e-04 4.362656459e-02 8.587044691e-02 1.571830815e-04 1.571830815e-04
1.571830815e-04 1.571830815e-04 1.571830815e-04 1.571830815e-04 1.571830815e-04 1.571830815e-04
1.571830815e-04 3.960765461e-04 1.571830815e-04 3.960765461e-04 1.571830815e-04 1.571830815e-04

