1.494458114e-04 1.494458114e-04 1.494458114e-04 1.494458114e-04 1.494458114e-04 1.494458114e-04
1.494458114e-04 1.494458114e-04 1.485188014e-01 1.494458114e-04 3.765798472e-04 1.494458114e-04
1.494458114e-04 9.489217528e-04 3.219712403e-03 3.765798472e-04 6.466144718e-04 1.494458114e-04
1.494458114e-04 1.494458114e-04 4.041340448e-01 0.000000000e+00 4.375165744e-01 1.494458114e-04
1.494458114e-04 1.494458114e-04 3.765798472e-04 1.494458114e-04 1.494458114e-04 1.494458114e-04
1.494458114e-04 1.494458114e-04 1.494458114e-04 1.494458114e-04 1.494458114e-04 1.494458114e-04

1.695964093e-04 1.695964093e-04 1.695964093e-04 1.695964093e-04 1.695964093e-04 1.695964093e-04
1.695964093e-04 1.695964093e-04 4.659346204e-03 1.695964093e-04 4.148969414e-03 1.695964093e-04
1.695964093e-04 4.273561721e-04 7.351593077e-02 0.000000000e+00 0.000000000e+00 1.695964093e-04
1.695964093e-04 4.273561721e-04 4.782973115e-01 0.000000000e+00 2.872247690e-01 7.338010452e-04
1.695964093e-04 6.239106052e-02 1.695964093e-04 8.598475424e-03 7.558674298e-02 1.695964093e-04
1.695964093e-04 1.695964093e-04 1.695964093e-04 4.273561721e-04 1.695964093e-04 1.695964093e-04

1.235500467e-04 1.235500467e-04 1.235500467e-04 1.235500467e-04 1.235500467e-04 1.523275812e-02
1.235500467e-04 1.235500467e-04 5.345700053e-04 1.235500467e-04 5.345700053e-04 1.235500467e-04
3.113266091e-04 1.235500467e-04 1.654399159e-03 0.000000000e+00 0.000000000e+00 1.235500467e-04
1.235500467e-04 7.844938965e-04 9.129647491e-01 0.000000000e+00 0.000000000e+00 2.312950081e-03
1.235500467e-04 6.042556218e-02 0.000000000e+00 1.056338040e-03 1.235500467e-04 1.235500467e-04
1.235500467e-04 1.235500467e-04 1.235500467e-04 7.844938965e-04 1.056338040e-03 1.235500467e-04

1.472361727e-04 1.472361727e-04 1.472361727e-04 1.472361727e-04 1.472361727e-04 6.945622783e-03
1.472361727e-04 9.348914214e-04 1.258851569e-03 1.472361727e-04 0.000000000e+00 1.472361727e-04
3.840652423e-01 3.601953482e-03 3.710119065e-04 0.000000000e+00 0.000000000e+00 1.472361727e-04
1.472361727e-04 1.472361727e-04 0.000000000e+00 0.000000000e+00 0.000000000e+00 5.472139034e-01
1.472361727e-04 2.014162510e-02 0.000000000e+00 1.472361727e-04 1.472361727e-04 1.472361727e-04
1.472361727e-04 1.472361727e-04 1.472361727e-04 3.229839889e-02 3.710119065e-04 1.472361727e-04

