6.468507115e-18 1.393597612e-04 6.468507115e-18 3.409266678e-03 1.393597612e-04 6.468507115e-18
1.393597612e-04 6.468507115e-18 1.393597612e-04 5.208299632e-02 8.848793262e-04 1.393597612e-04
1.393597612e-04 6.468507115e-18 7.750300650e-01 6.468507115e-18 1.458459893e-01 7.565611817e-03
1.393597612e-04 6.468507115e-18 1.866099430e-03 1.073417136e-02 3.511645933e-04 1.393597612e-04
1.393597612e-04 6.468507115e-18 6.468507115e-18 1.393597612e-04 6.468507115e-18 6.468507115e-18
1.393597612e-04 1.393597612e-04 1.393597612e-04 1.393597612e-04 1.393597612e-04 1.393597612e-04

8.098798307e-18 8.098798307e-18 8.098798307e-18 1.107900024e-03 8.098798307e-18 8.098798307e-18
8.098798307e-18 8.098798307e-18 8.098798307e-18 1.490378920e-01 8.098798307e-18 8.098798307e-18
8.098798307e-18 8.098798307e-18 2.616836810e-01 0.000000000e+00 1.502969206e-01 8.098798307e-18
8.098798307e-18 8.098798307e-18 2.689474264e-01 8.098798307e-18 9.472411963e-03 8.098798307e-18
4.396704160e-04 0.000000000e+00 1.107900024e-03 1.579061976e-01 8.098798307e-18 8.098798307e-18
8.098798307e-18 8.098798307e-18 8.098798307e-18 8.098798307e-18 8.098798307e-18 8.098798307e-18

6.332754192e-18 6.332754192e-18 6.332754192e-18 6.332754192e-18 6.332754192e-18 6.332754192e-18
6.332754192e-18 6.332754192e-18 2.248725303e-02 0.000000000e+00 6.332754192e-18 6.332754192e-18
6.332754192e-18 1.328642752e-02 6.332754192e-18 0.000000000e+00 3.532928090e-01 6.332754192e-18
6.332754192e-18 6.332754192e-18 6.058863438e-01 0.000000000e+00 6.332754192e-18 6.332754192e-18
6.332754192e-18 0.000000000e+00 6.332754192e-18 5.047166631e-03 6.332754192e-18 6.332754192e-18
6.332754192e-18 6.332754192e-18 6.332754192e-18 6.332754192e-18 6.332754192e-18 6.332754192e-18

4.705210508e-18 4.705210508e-18 4.705210508e-18 4.705210508e-18 4.705210508e-18 4.705210508e-18
4.705210508e-18 4.705210508e-18 4.705210508e-18 0.000000000e+00 4.705210508e-18 4.705210508e-18
4.705210508e-18 4.705210508e-18 0.000000000e+00 0.000000000e+00 0.000000000e+00 4.705210508e-18
4.705210508e-18 4.705210508e-18 9.975200897e-01 0.000000000e+00 4.705210508e-18 4.705210508e-18
4.705210508e-18 0.000000000e+00 4.705210508e-18 2.479910296e-03 4.705210508e-18 4.705210508e-18
4.705210508e-18 4.705210508e-18 4.705210508e-18 4.705210508e-18 4.705210508e-18 4.705210508e-18

4.785025275e-18 4.785025275e-18 4.785025275e-18 4.785025275e-18 4.785025275e-18 4.785025275e-18
4.785025275e-18 4.785025275e-18 4.785025275e-18 0.000000000e+00 4.785025275e-18 4.785025275e-18
4.785025275e-18 4.785025275e-18 0.000000000e+00 0.000000000e+00 0.000000000e+00 4.785025275e-18
4.785025275e-18 4.785025275e-18 9.912348044e-01 0.000000000e+00 0.000000000e+00 0.000000000e+00
4.785025275e-18 0.000000000e+00 4.785025275e-18 8.765195584e-03 4.785025275e-18 4.785025275e-18
4.785025275e-18 4.785025275e-18 4.785025275e-18 4.785025275e-18 4.785025275e-18 4.785025275e-18

4.833723739e-18 4.833723739e-18 0.000000000e+00 4.833723739e-18 4.833723739e-18 4.833723739e-18
4.833723739e-18 4.833723739e-18 0.000000000e+00 0.000000000e+00 4.833723739e-18 4.833723739e-18
4.833723739e-18 4.833723739e-18 0.000000000e+00 0.000000000e+00 0.000000000e+00 4.833723739e-18
4.833723739e-18 4.833723739e-18 9.862268069e-01 0.000000000e+00 0.000000000e+00 0.000000000e+00
4.833723739e-18 0.000000000e+00 4.833723739e-18 1.377319306e-02 4.833723739e-18 4.833723739e-18
4.833723739e-18 4.833723739e-18 4.833723739e-18 4.833723739e-18 4.833723739e-18 4.833723739e-18

4.950861798e-18 4.950861798e-18 0.000000000e+00 4.950861798e-18 4.950861798e-18 4.950861798e-18
4.950861798e-18 0.000000000e+00 0.000000000e+00 0.000000000e+00 4.950861798e-18 0.000000000e+00
4.950861798e-18 4.950861798e-18 0.000000000e+00 0.000000000e+00 0.000000000e+00 4.950861798e-18
4.950861798e-18 4.950861798e-18 2.730574951e-02 0.000000000e+00 0.000000000e+00 0.000000000e+00
4.950861798e-18 0.000000000e+00 4.950861798e-18 9.724254764e-01 4.950861798e-18 4.950861798e-18
4.950861798e-18 4.950861798e-18 4.950861798e-18 4.950861798e-18 2.687741297e-04 4.950861798e-18

