8.200758039e-18 8.200758039e-18 8.200758039e-18 8.200758039e-18 8.200758039e-18 8.200758039e-18
8.200758039e-18 1.766799761e-04 1.766799761e-04 7.337888385e-02 8.200758039e-18 8.200758039e-18
8.200758039e-18 8.200758039e-18 5.588162366e-02 3.344746393e-01 1.946073421e-02 8.200758039e-18
8.200758039e-18 7.766326462e-02 3.754739243e-01 8.200758039e-18 2.826879617e-03 8.200758039e-18
8.200758039e-18 8.200758039e-18 4.807881281e-02 1.223119774e-02 1.766799761e-04 8.200758039e-18
8.200758039e-18 8.200758039e-18 8.200758039e-18 8.200758039e-18 8.200758039e-18 8.200758039e-18

6.678294240e-18 6.678294240e-18 6.678294240e-18 6.678294240e-18 6.678294240e-18 6.678294240e-18
6.678294240e-18 6.678294240e-18 6.678294240e-18 3.414319087e-01 6.678294240e-18 3.625535907e-04
6.678294240e-18 6.678294240e-18 0.000000000e+00 6.678294240e-18 6.678294240e-18 6.678294240e-18
6.678294240e-18 2.412129416e-01 6.678294240e-18 0.000000000e+00 6.678294240e-18 6.678294240e-18
6.678294240e-18 6.678294240e-18 4.169925961e-01 6.678294240e-18 6.678294240e-18 6.678294240e-18
6.678294240e-18 6.678294240e-18 6.678294240e-18 6.678294240e-18 6.678294240e-18 6.678294240e-18

5.018708659e-18 5.018708659e-18 5.018708659e-18 5.018708659e-18 5.018708659e-18 5.018708659e-18
5.018708659e-18 5.018708659e-18 5.018708659e-18 5.018708659e-18 5.018708659e-18 2.724574240e-04
5.018708659e-18 5.018708659e-18 0.000000000e+00 5.018708659e-18 0.000000000e+00 5.018708659e-18
2.024177833e-03 2.483483815e-02 5.018708659e-18 0.000000000e+00 9.716896718e-01 1.178854808e-03
5.018708659e-18 5.018708659e-18 0.000000000e+00 5.018708659e-18 5.018708659e-18 5.018708659e-18
5.018708659e-18 5.018708659e-18 5.018708659e-18 5.018708659e-18 5.018708659e-18 5.018708659e-18

5.051476305e-18 5.051476305e-18 5.051476305e-18 5.051476305e-18 4.757186912e-03 5.051476305e-18
5.051476305e-18 5.051476305e-18 5.051476305e-18 5.051476305e-18 1.151958694e-02 5.051476305e-18
4.757186912e-03 5.051476305e-18 0.000000000e+00 5.051476305e-18 0.000000000e+00 5.051476305e-18
5.051476305e-18 0.000000000e+00 0.000000000e+00 0.000000000e+00 5.051476305e-18 9.766213516e-01
5.051476305e-18 5.051476305e-18 0.000000000e+00 5.051476305e-18 2.344687601e-03 5.051476305e-18
5.051476305e-18 5.051476305e-18 5.051476305e-18 5.051476305e-18 5.051476305e-18 5.051476305e-18

3.609445831e-02 3.609445831e-02 3.609445831e-02 3.609445831e-02 3.609445831e-02 3.609445831e-02
3.609445831e-02 3.609445831e-02 3.609445831e-02 3.609445831e-02 3.609445831e-02 3.609445831e-02
0.000000000e+00 3.609445831e-02 0.000000000e+00 3.609445831e-02 0.000000000e+00 3.609445831e-02
3.609445831e-02 0.000000000e+00 0.000000000e+00 0.000000000e+00 0.000000000e+00 3.476385421e-02
3.609445831e-02 3.609445831e-02 0.000000000e+00 3.609445831e-02 3.609445831e-02 3.476385421e-02
3.476385421e-02 3.476385421e-02 3.476385421e-02 3.476385421e-02 3.476385421e-02 3.476385421e-02

