8.415430233e-18 8.415430233e-18 8.415430233e-18 8.415430233e-18 8.415430233e-18 8.415430233e-18
8.415430233e-18 8.415430233e-18 1.133155927e-01 8.527822565e-02 8.415430233e-18 8.415430233e-18
8.415430233e-18 4.258709251e-02 3.792217545e-02 5.430664654e-02 8.415430233e-18 8.415430233e-18
8.415430233e-18 1.614333019e-01 4.544963395e-02 4.591634165e-01 1.813049483e-04 8.415430233e-18
8.415430233e-18 8.415430233e-18 8.415430233e-18 1.813049483e-04 1.813049483e-04 8.415430233e-18
8.415430233e-18 8.415430233e-18 8.415430233e-18 8.415430233e-18 8.415430233e-18 8.415430233e-18

6.280391048e-18 6.280391048e-18 6.280391048e-18 6.280391048e-18 6.280391048e-18 6.280391048e-18
8.097802485e-02 0.000000000e+00 6.280391048e-18 6.290201324e-01 6.280391048e-18 6.280391048e-18
6.280391048e-18 2.900018428e-01 6.280391048e-18 6.280391048e-18 6.280391048e-18 6.280391048e-18
6.280391048e-18 6.280391048e-18 6.280391048e-18 0.000000000e+00 6.280391048e-18 6.280391048e-18
6.280391048e-18 6.280391048e-18 6.280391048e-18 6.280391048e-18 6.280391048e-18 6.280391048e-18
6.280391048e-18 6.280391048e-18 6.280391048e-18 6.280391048e-18 6.280391048e-18 6.280391048e-18

5.806503100e-18 5.806503100e-18 5.806503100e-18 5.806503100e-18 5.806503100e-18 5.806503100e-18
5.806503100e-18 0.000000000e+00 0.000000000e+00 6.288500557e-01 5.806503100e-18 5.806503100e-18
5.806503100e-18 5.806503100e-18 5.806503100e-18 5.806503100e-18 5.806503100e-18 5.806503100e-18
5.806503100e-18 5.806503100e-18 3.711499443e-01 0.000000000e+00 0.000000000e+00 5.806503100e-18
5.806503100e-18 5.806503100e-18 5.806503100e-18 5.806503100e-18 5.806503100e-18 5.806503100e-18
5.806503100e-18 5.806503100e-18 5.806503100e-18 5.806503100e-18 5.806503100e-18 5.806503100e-18

4.951337468e-18 4.951337468e-18 4.951337468e-18 4.662881972e-03 4.951337468e-18 4.951337468e-18
0.000000000e+00 0.000000000e+00 0.000000000e+00 9.850472537e-01 4.951337468e-18 4.951337468e-18
4.951337468e-18 4.951337468e-18 4.951337468e-18 4.951337468e-18 4.951337468e-18 4.951337468e-18
1.997005251e-03 5.032137904e-03 4.951337468e-18 0.000000000e+00 0.000000000e+00 4.951337468e-18
4.951337468e-18 4.951337468e-18 4.951337468e-18 4.951337468e-18 0.000000000e+00 4.951337468e-18
4.951337468e-18 4.951337468e-18 4.951337468e-18 4.951337468e-18 3.260721176e-03 4.951337468e-18

