6.851136000e-18 9.372222214e-04 2.362540563e-02 1.476032507e-04 3.719368851e-04 6.851136000e-18
1.476032507e-04 3.719368851e-04 4.751682109e-02 6.386421745e-04 6.851136000e-18 1.609277438e-03
7.904268777e-01 3.936901080e-02 6.851136000e-18 4.096765815e-02 3.719368851e-04 6.851136000e-18
6.851136000e-18 1.476032507e-04 5.003401761e-02 0.000000000e+00 9.372222214e-04 3.719368851e-04
6.851136000e-18 6.851136000e-18 1.476032507e-04 3.719368851e-04 3.719368851e-04 3.719368851e-04
6.851136000e-18 6.851136000e-18 6.851136000e-18 3.719368851e-04 3.719368851e-04 6.851136000e-18

5.707779075e-18 5.707779075e-18 1.967525959e-03 1.229703724e-04 1.051381895e-03 5.707779075e-18
5.707779075e-18 1.229703724e-04 1.646637020e-03 5.480617175e-02 3.098659215e-04 3.098659215e-04
3.098659215e-04 3.098659215e-04 0.000000000e+00 9.178137268e-01 5.707779075e-18 1.197519921e-02
5.707779075e-18 1.229703724e-04 3.378382481e-03 0.000000000e+00 3.758878529e-03 5.707779075e-18
5.707779075e-18 5.707779075e-18 0.000000000e+00 5.320619004e-04 3.098659215e-04 3.098659215e-04
5.707779075e-18 5.707779075e-18 5.707779075e-18 3.098659215e-04 5.707779075e-18 5.320619004e-04

6.508984501e-18 6.508984501e-18 3.441138533e-02 4.286515257e-03 7.391004799e-02 6.508984501e-18
6.508984501e-18 6.067478467e-04 8.188704275e-01 6.508984501e-18 5.240891133e-02 1.877776750e-03
3.533620439e-04 6.067478467e-04 0.000000000e+00 0.000000000e+00 0.000000000e+00 3.021202978e-03
6.508984501e-18 6.508984501e-18 1.877776750e-03 0.000000000e+00 3.852608680e-03 6.508984501e-18
6.508984501e-18 6.508984501e-18 0.000000000e+00 1.528908768e-03 8.904165547e-04 6.508984501e-18
6.508984501e-18 6.508984501e-18 6.508984501e-18 6.067478467e-04 6.508984501e-18 8.904165547e-04

5.240941118e-04 2.079868861e-04 2.025434538e-02 2.657137825e-02 1.768397917e-02 8.999069913e-04
2.079868861e-04 8.999069913e-04 2.472327240e-02 0.000000000e+00 1.244752804e-01 2.381186136e-02
3.327790178e-03 5.240941118e-04 0.000000000e+00 0.000000000e+00 0.000000000e+00 4.562495269e-02
8.999069913e-04 5.240941118e-04 4.288754514e-01 0.000000000e+00 1.761579129e-01 9.091478472e-03
2.079868861e-04 7.694096547e-03 0.000000000e+00 0.000000000e+00 4.036829539e-02 5.240941118e-04
5.240941118e-04 2.079868861e-04 1.205022102e-02 2.079868861e-04 1.853104668e-02 1.439851186e-02

1.699785386e-04 1.699785386e-04 2.719656617e-03 1.853229016e-03 1.853229016e-03 1.699785386e-04
1.699785386e-04 1.699785386e-04 1.453296062e-03 0.000000000e+00 2.720679866e-02 8.018456258e-03
4.283190775e-04 1.699785386e-04 0.000000000e+00 0.000000000e+00 0.000000000e+00 3.662076600e-03
1.699785386e-04 1.699785386e-04 2.507052145e-01 0.000000000e+00 5.211031666e-01 9.227854790e-03
1.699785386e-04 0.000000000e+00 0.000000000e+00 0.000000000e+00 1.699785386e-04 1.699785386e-04
1.699785386e-04 1.699785386e-04 6.352616796e-02 0.000000000e+00 1.028506874e-01 3.182126475e-03

