1.544289600e-04 1.544289600e-04 1.544289600e-04 1.544289600e-04 1.544289600e-04 1.544289600e-04
1.544289600e-04 3.891365947e-04 1.320349035e-03 2.226810308e-01 1.544289600e-04 1.544289600e-04
1.544289600e-04 6.681753034e-04 1.768015789e-02 7.284930620e-03 1.250874575e-02 1.544289600e-04
1.544289600e-04 6.590332248e-01 6.320973015e-02 0.000000000e+00 3.891365947e-04 6.681753034e-04
1.544289600e-04 1.544289600e-04 2.470863359e-03 1.544289600e-04 1.544289600e-04 3.891365947e-04
1.544289600e-04 1.544289600e-04 1.544289600e-04 7.829491335e-03 3.891365947e-04 1.544289600e-04

5.692371488e-18 5.692371488e-18 5.692371488e-18 5.692371488e-18 5.692371488e-18 5.692371488e-18
5.692371488e-18 5.692371488e-18 5.692371488e-18 3.748731807e-03 1.143198311e-02 5.692371488e-18
2.642164794e-03 5.692371488e-18 0.000000000e+00 9.092617887e-01 5.692371488e-18 5.692371488e-18
5.692371488e-18 3.000199596e-03 5.692371488e-18 0.000000000e+00 1.194287334e-02 5.692371488e-18
5.692371488e-18 5.692371488e-18 0.000000000e+00 5.692371488e-18 5.692371488e-02 5.692371488e-18
5.692371488e-18 1.048543793e-03 5.692371488e-18 5.692371488e-18 5.692371488e-18 5.692371488e-18

1.426962219e-04 1.426962219e-04 1.426962219e-04 1.426962219e-04 3.595719474e-04 1.426962219e-04
1.426962219e-04 1.426962219e-04 1.426962219e-04 4.121678413e-01 3.595719474e-04 1.426962219e-04
1.426962219e-04 1.426962219e-04 0.000000000e+00 0.000000000e+00 0.000000000e+00 1.426962219e-04
1.426962219e-04 1.426962219e-04 7.068569623e-02 0.000000000e+00 5.111171607e-01 1.426962219e-04
1.426962219e-04 1.426962219e-04 0.000000000e+00 3.595719474e-04 6.174106940e-04 3.595719474e-04
1.426962219e-04 3.595719474e-04 6.174106940e-04 1.426962219e-04 1.426962219e-04 1.426962219e-04

1.769225856e-04 1.769225856e-04 6.544929250e-03 4.623821780e-02 3.312124273e-03 1.769225856e-04
1.769225856e-04 2.830761369e-03 3.312124273e-03 0.000000000e+00 7.561716929e-02 1.928938041e-03
2.369085116e-03 7.654995689e-04 0.000000000e+00 0.000000000e+00 0.000000000e+00 1.769225856e-04
1.769225856e-04 3.312124273e-03 5.671040423e-01 0.000000000e+00 1.485762554e-01 1.769225856e-04
4.458169795e-04 1.769225856e-04 0.000000000e+00 0.000000000e+00 1.058840240e-01 4.458169795e-04
1.769225856e-04 8.346030183e-03 1.769225856e-04 7.654995689e-04 2.025539282e-02 1.769225856e-04

5.131813377e-18 1.105615676e-04 5.131813377e-18 0.000000000e+00 1.105615676e-04 5.131813377e-18
1.105615676e-04 7.020221951e-04 0.000000000e+00 0.000000000e+00 9.635617933e-01 1.105615676e-04
1.105615676e-04 5.131813377e-18 0.000000000e+00 0.000000000e+00 0.000000000e+00 1.105615676e-04
1.105615676e-04 1.105615676e-04 9.452881064e-04 0.000000000e+00 5.131813377e-18 5.131813377e-18
1.105615676e-04 5.131813377e-18 0.000000000e+00 0.000000000e+00 3.250488642e-02 5.131813377e-18
5.131813377e-18 1.105615676e-04 4.783721202e-04 5.131813377e-18 7.020221951e-04 5.131813377e-18

4.000000000e-02 4.000000000e-02 4.000000000e-02 0.000000000e+00 4.000000000e-02 4.000000000e-02
4.000000000e-02 4.000000000e-02 0.000000000e+00 0.000000000e+00 0.000000000e+00 4.000000000e-02
4.000000000e-02 4.000000000e-02 0.000000000e+00 0.000000000e+00 0.000000000e+00 4.000000000e-02
4.000000000e-02 4.000000000e-02 4.000000000e-02 0.000000000e+00 0.000000000e+00 4.000000000e-02
4.000000000e-02 4.000000000e-02 0.000000000e+00 0.000000000e+00 4.000000000e-02 4.000000000e-02
4.000000000e-02 4.000000000e-02 4.000000000e-02 4.000000000e-02 4.000000000e-02 4.000000000e-02

