8.480436792e-18 1.160107435e-03 1.827054721e-04 2.583033451e-02 7.905206659e-04 4.603889405e-04
1.160107435e-03 8.480436792e-18 1.160107435e-03 5.152676079e-01 1.827054721e-04 7.905206659e-04
4.603889405e-04 0.000000000e+00 1.021759479e-01 8.480436792e-18 3.546141108e-02 2.924387417e-02
4.603889405e-04 1.195057136e-02 1.117613666e-01 1.521226279e-01 4.603889405e-04 4.603889405e-04
7.905206659e-04 8.480436792e-18 4.603889405e-04 1.827054721e-04 8.480436792e-18 4.603889405e-04
8.480436792e-18 1.562109813e-03 7.905206659e-04 7.905206659e-04 3.420384272e-03 8.480436792e-18

1.143081124e-03 3.257249395e-02 6.463071497e-03 1.246269749e-02 4.945824778e-03 4.945824778e-03
7.332643941e-02 0.000000000e+00 1.511807617e-01 5.127667291e-02 4.227030317e-03 4.227030317e-03
2.880383939e-03 0.000000000e+00 6.763248508e-02 0.000000000e+00 3.856983378e-02 1.339430492e-02
1.931236192e-02 6.657155595e-04 1.884028618e-01 1.065545647e-01 1.530644868e-02 4.227030317e-03
3.614060084e-02 1.828929798e-02 2.246256888e-02 1.677498093e-03 5.691787970e-03 1.339430492e-02
7.258112712e-03 6.343882932e-02 4.227030317e-03 6.463071497e-03 1.154819057e-02 5.691787970e-03

8.960730195e-02 2.255052855e-04 4.264979620e-02 1.702054184e-01 5.516711918e-03 3.019632647e-03
1.145517590e-01 0.000000000e+00 0.000000000e+00 2.009188680e-02 2.255052855e-04 2.458621788e-03
2.458621788e-03 0.000000000e+00 1.686312692e-01 0.000000000e+00 2.009188680e-02 3.019632647e-03
6.195338690e-03 0.000000000e+00 1.485073204e-01 4.264979620e-02 2.255052855e-04 9.757047033e-04
2.255052855e-04 1.928043070e-03 9.757047033e-04 1.431869310e-03 5.682377121e-04 9.757047033e-04
5.682377121e-04 1.394394429e-01 9.757047033e-04 3.019632647e-03 7.608997471e-03 9.757047033e-04

2.625853558e-01 0.000000000e+00 1.280519694e-02 1.640858176e-01 5.706866093e-03 5.234349072e-04
2.077252806e-04 0.000000000e+00 0.000000000e+00 1.148230704e-01 2.077252806e-04 5.234349072e-04
1.834464761e-01 0.000000000e+00 0.000000000e+00 0.000000000e+00 5.706866093e-03 1.776026167e-03
2.264771310e-03 0.000000000e+00 1.081578432e-01 7.280078229e-02 2.077252806e-04 2.077252806e-04
8.987750900e-04 8.987750900e-04 2.781549167e-03 2.077252806e-04 2.077252806e-04 1.776026167e-03
2.077252806e-04 3.826332383e-02 8.987750900e-04 1.318973316e-03 1.518481013e-02 1.318973316e-03

