9.532520739e-18 2.998288916e-02 1.304030494e-03 7.597361137e-03 6.277675969e-03 9.532520739e-18
8.280077512e-03 0.000000000e+00 3.986075775e-02 5.175048445e-04 9.532520739e-18 9.532520739e-18
1.581875219e-02 9.532520739e-18 3.851834087e-01 1.304030494e-03 9.532520739e-18 5.175048445e-04
5.175048445e-04 1.366373676e-01 9.027539614e-02 2.053719337e-04 9.532520739e-18 1.755905333e-03
5.175048445e-04 1.304030494e-03 9.532520739e-18 9.532520739e-18 9.532520739e-18 5.175048445e-04
8.406133481e-02 1.755905333e-03 1.304030494e-03 8.406133481e-02 1.004428155e-01 9.532520739e-18

1.888777957e-04 3.479158744e-02 1.668018738e-01 2.245178665e-02 2.059282393e-03 8.766930674e-18
4.759422213e-04 0.000000000e+00 8.766930674e-18 4.289849962e-01 4.759422213e-04 1.888777957e-04
1.167911189e-01 0.000000000e+00 0.000000000e+00 1.605923848e-02 1.888777957e-04 1.888777957e-04
1.888777957e-04 1.105546093e-01 8.650233520e-02 7.615075541e-03 8.766930674e-18 1.888777957e-04
1.888777957e-04 1.888777957e-04 8.172267591e-04 8.766930674e-18 8.766930674e-18 4.759422213e-04
1.888777957e-04 1.888777957e-04 1.888777957e-04 2.059282393e-03 8.172267591e-04 1.888777957e-04

4.917734193e-18 4.917734193e-18 4.917734193e-18 1.031764647e-02 4.917734193e-18 4.917734193e-18
4.917734193e-18 0.000000000e+00 0.000000000e+00 9.852921509e-01 4.917734193e-18 4.917734193e-18
2.669756866e-04 0.000000000e+00 0.000000000e+00 4.917734193e-18 1.059493714e-04 4.917734193e-18
4.917734193e-18 6.727365746e-04 0.000000000e+00 3.238591618e-03 4.917734193e-18 4.917734193e-18
4.917734193e-18 4.917734193e-18 1.059493714e-04 4.917734193e-18 4.917734193e-18 4.917734193e-18
4.917734193e-18 4.917734193e-18 4.917734193e-18 4.917734193e-18 4.917734193e-18 4.917734193e-18

1.075559852e-03 1.075559852e-03 6.266277253e-03 2.625128289e-01 3.171109755e-03 1.075559852e-03
1.075559852e-03 0.000000000e+00 0.000000000e+00 2.941424018e-01 4.268362102e-04 1.693900623e-04
3.978838041e-02 0.000000000e+00 0.000000000e+00 0.000000000e+00 7.329082336e-04 1.075559852e-03
3.649398263e-03 1.693900623e-04 0.000000000e+00 3.723013727e-01 1.846813022e-03 1.693900623e-04
1.846813022e-03 2.268220725e-03 0.000000000e+00 7.329082336e-04 1.693900623e-04 1.693900623e-04
4.268362102e-04 1.448264660e-03 1.448264660e-03 1.693900623e-04 1.693900623e-04 4.268362102e-04

