1.544289600e-04 1.544289600e-04 1.544289600e-04 1.544289600e-04 1.544289600e-04 1.544289600e-04
1.544289600e-04 3.891365947e-04 1.320349035e-03 2.226810308e-01 1.544289600e-04 1.544289600e-04
1.544289600e-04 6.681753034e-04 1.768015789e-02 7.284930620e-03 1.250874575e-02 1.544289600e-04
1.544289600e-04 6.590332248e-01 6.320973015e-02 0.000000000e+00 3.891365947e-04 6.681753034e-04
1.544289600e-04 1.544289600e-04 2.470863359e-03 1.544289600e-04 1.544289600e-04 3.891365947e-04
1.544289600e-04 1.544289600e-04 1.544289600e-04 7.829491335e-03 3.891365947e-04 1.544289600e-04

5.692371488e-18 5.692371488e-18 5.692371488e-18 5.692371488e-18 5.692371488e-18 5.692371488e-18
5.692371488e-18 5.692371488e-18 5.692371488e-18 3.748731807e-03 1.143198311e-02 5.692371488e-18
2.642164794e-03 5.692371488e-18 0.000000000e+00 9.092617887e-01 5.692371488e-18 5.692371488e-18
5.692371488e-18 3.000199596e-03 5.692371488e-18 0.000000000e+00 1.194287334e-02 5.692371488e-18
5.692371488e-18 5.692371488e-18 0.000000000e+00 5.692371488e-18 5.692371488e-02 5.692371488e-18
5.692371488e-18 1.048543793e-03 5.692371488e-18 5.692371488e-18 5.692371488e-18 5.692371488e-18

6.797125098e-18 6.797125098e-18 3.154945996e-03 6.797125098e-18 5.904075555e-03 6.797125098e-18
6.797125098e-18 2.343033937e-03 8.009426442e-01 6.797125098e-18 5.417267424e-03 1.960902422e-03
3.582466818e-03 6.797125098e-18 0.000000000e+00 0.000000000e+00 0.000000000e+00 6.797125098e-18
1.464396211e-04 1.187909568e-01 1.464396211e-04 0.000000000e+00 1.960902422e-03 1.870840337e-02
4.941164478e-03 4.941164478e-03 0.000000000e+00 1.464396211e-04 1.740718710e-02 1.960902422e-03
2.741460181e-03 6.336074416e-04 6.797125098e-18 4.023156477e-03 1.464396211e-04 6.797125098e-18

1.164978233e-03 1.834725748e-04 6.536164274e-02 7.938397263e-04 2.456792866e-03 4.623219180e-04
4.623219180e-04 1.568668448e-03 1.559966232e-02 0.000000000e+00 1.942032121e-02 1.568668448e-03
5.608270580e-03 2.456792866e-03 0.000000000e+00 0.000000000e+00 0.000000000e+00 4.623219180e-04
1.834725748e-04 5.770811335e-01 1.834725748e-04 0.000000000e+00 1.164978233e-03 2.678573345e-02
1.158951377e-01 1.200074673e-02 0.000000000e+00 0.000000000e+00 1.037962845e-01 1.834725748e-04
1.164978233e-03 4.623219180e-04 4.623219180e-04 4.214122648e-02 4.623219180e-04 4.623219180e-04

1.192230267e-04 1.192230267e-04 3.004232020e-04 1.192230267e-04 1.192230267e-04 1.192230267e-04
1.192230267e-04 1.192230267e-04 3.004232020e-04 0.000000000e+00 1.299855702e-03 1.192230267e-04
3.004232020e-04 1.192230267e-04 0.000000000e+00 0.000000000e+00 0.000000000e+00 1.192230267e-04
1.192230267e-04 9.210073415e-01 1.192230267e-04 0.000000000e+00 1.192230267e-04 1.907568428e-03
8.253569235e-03 0.000000000e+00 0.000000000e+00 0.000000000e+00 6.436515805e-02 1.192230267e-04
1.192230267e-04 1.192230267e-04 1.192230267e-04 0.000000000e+00 1.192230267e-04 1.192230267e-04

