6.793969232e-18 6.793969232e-18 6.793969232e-18 6.793969232e-18 6.793969232e-18 6.793969232e-18
6.793969232e-18 0.000000000e+00 6.104921063e-01 6.333132613e-04 6.793969232e-18 6.793969232e-18
6.793969232e-18 6.793969232e-18 2.642996580e-01 7.528155532e-02 1.463716300e-04 6.793969232e-18
6.793969232e-18 1.463716300e-04 3.983119285e-02 9.023059409e-03 6.793969232e-18 6.793969232e-18
6.793969232e-18 6.793969232e-18 6.793969232e-18 1.463716300e-04 6.793969232e-18 6.793969232e-18
6.793969232e-18 6.793969232e-18 6.793969232e-18 6.793969232e-18 6.793969232e-18 6.793969232e-18

1.250998406e-04 1.250998406e-04 1.250998406e-04 1.250998406e-04 1.250998406e-04 1.250998406e-04
1.250998406e-04 0.000000000e+00 5.412755740e-04 1.250998406e-04 1.250998406e-04 1.250998406e-04
1.250998406e-04 0.000000000e+00 0.000000000e+00 1.250998406e-04 1.250998406e-04 1.250998406e-04
1.250998406e-04 1.250998406e-04 7.943344742e-04 8.222815953e-01 1.250998406e-04 1.250998406e-04
1.250998406e-04 1.701848048e-01 1.250998406e-04 1.250998406e-04 1.250998406e-04 1.250998406e-04
1.250998406e-04 2.695194363e-03 1.250998406e-04 1.250998406e-04 1.250998406e-04 1.250998406e-04

1.490859577e-04 1.490859577e-04 4.557162790e-03 1.490859577e-04 2.791001600e-03 1.490859577e-04
1.490859577e-04 0.000000000e+00 0.000000000e+00 1.490859577e-04 1.490859577e-04 1.490859577e-04
1.490859577e-04 0.000000000e+00 0.000000000e+00 1.490859577e-04 1.490859577e-04 1.490859577e-04
1.490859577e-04 0.000000000e+00 1.515188782e-01 6.442775793e-01 1.490859577e-04 1.490859577e-04
1.490859577e-04 1.720509176e-01 1.490859577e-04 1.490859577e-04 1.490859577e-04 1.490859577e-04
1.490859577e-04 2.107731156e-02 1.490859577e-04 1.490859577e-04 1.490859577e-04 1.490859577e-04

2.884293872e-04 1.144632782e-04 7.267965126e-04 3.862218981e-03 1.144632782e-04 1.144632782e-04
1.144632782e-04 0.000000000e+00 0.000000000e+00 0.000000000e+00 7.267965126e-04 1.144632782e-04
1.144632782e-04 0.000000000e+00 0.000000000e+00 1.144632782e-04 1.144632782e-04 1.144632782e-04
1.144632782e-04 0.000000000e+00 0.000000000e+00 9.623333445e-01 1.144632782e-04 1.144632782e-04
1.144632782e-04 2.452356189e-02 2.884293872e-04 4.234360780e-03 1.144632782e-04 1.144632782e-04
1.144632782e-04 7.267965126e-04 1.144632782e-04 1.144632782e-04 1.144632782e-04 1.144632782e-04

2.950585405e-03 1.206103589e-04 1.206103589e-04 6.114900728e-03 4.069633727e-03 1.206103589e-04
3.039190599e-04 0.000000000e+00 0.000000000e+00 0.000000000e+00 4.069633727e-03 1.206103589e-04
1.206103589e-04 0.000000000e+00 0.000000000e+00 0.000000000e+00 7.658280421e-04 1.206103589e-04
1.206103589e-04 0.000000000e+00 0.000000000e+00 0.000000000e+00 7.435009322e-03 1.025483440e-02
2.598471411e-03 9.544076038e-01 7.658280421e-04 3.686739166e-03 3.039190599e-04 1.206103589e-04
1.206103589e-04 5.218507147e-04 1.206103589e-04 3.039190599e-04 1.206103589e-04 1.206103589e-04

