7.629586269e-18 7.629586269e-18 7.629586269e-18 7.629586269e-18 7.629586269e-18 7.629586269e-18
7.629586269e-18 1.643744533e-04 6.080733921e-03 4.141976675e-04 1.043712720e-03 7.629586269e-18
7.629586269e-18 2.397270229e-01 6.629656096e-02 3.582794499e-01 7.112069539e-04 7.629586269e-18
7.629586269e-18 4.141976675e-04 7.629586269e-18 0.000000000e+00 1.643744533e-04 7.629586269e-18
7.629586269e-18 1.643744533e-04 2.173971255e-02 3.039716861e-01 4.141976675e-04 7.629586269e-18
7.629586269e-18 7.629586269e-18 7.629586269e-18 7.629586269e-18 4.141976675e-04 7.629586269e-18

1.453730103e-04 1.453730103e-04 1.453730103e-04 3.663170315e-04 1.453730103e-04 1.453730103e-04
3.663170315e-04 1.453730103e-04 7.438595616e-01 1.453730103e-04 1.158614063e-01 1.453730103e-04
1.453730103e-04 1.242921755e-03 6.289924849e-04 3.663170315e-04 5.094839128e-02 3.663170315e-04
3.663170315e-04 1.453730103e-04 0.000000000e+00 0.000000000e+00 6.289924849e-04 1.453730103e-04
1.453730103e-04 8.035697608e-02 0.000000000e+00 6.289924849e-04 1.453730103e-04 3.663170315e-04
3.663170315e-04 1.453730103e-04 3.663170315e-04 3.663170315e-04 1.453730103e-04 3.663170315e-04

5.141941964e-18 5.141941964e-18 5.141941964e-18 5.141941964e-18 5.141941964e-18 1.107797814e-04
5.141941964e-18 5.141941964e-18 5.141941964e-18 5.141941964e-18 9.398607732e-01 5.141941964e-18
5.141941964e-18 5.141941964e-18 5.141941964e-18 0.000000000e+00 0.000000000e+00 5.141941964e-18
5.141941964e-18 5.141941964e-18 0.000000000e+00 0.000000000e+00 5.141941964e-18 5.141941964e-18
5.141941964e-18 5.980688744e-02 0.000000000e+00 5.141941964e-18 5.141941964e-18 5.141941964e-18
1.107797814e-04 1.107797814e-04 5.141941964e-18 5.141941964e-18 5.141941964e-18 5.141941964e-18

