1.182175861e-04 9.458942190e-01 3.247808509e-03 2.978896504e-04 5.114977883e-04 5.487174276e-18
3.613598442e-03 5.487174276e-18 2.062229857e-02 1.182175861e-04 5.487174276e-18 1.182175861e-04
7.506348821e-04 2.235848239e-02 1.182175861e-04 1.182175861e-04 5.487174276e-18 2.978896504e-04
7.506348821e-04 1.182175861e-04 5.487174276e-18 1.182175861e-04 5.487174276e-18 1.182175861e-04
1.182175861e-04 5.487174276e-18 5.487174276e-18 5.487174276e-18 5.487174276e-18 1.182175861e-04
5.487174276e-18 1.182175861e-04 1.182175861e-04 1.182175861e-04 1.182175861e-04 5.487174276e-18

7.276762859e-18 3.176489904e-01 5.585002329e-02 1.567731034e-04 3.950434660e-04 7.276762859e-18
1.150527593e-01 0.000000000e+00 7.276762859e-18 3.199852074e-02 7.276762859e-18 7.276762859e-18
3.950434660e-04 4.775109822e-01 0.000000000e+00 6.783178228e-04 7.276762859e-18 7.276762859e-18
7.276762859e-18 1.567731034e-04 7.276762859e-18 1.567731034e-04 7.276762859e-18 7.276762859e-18
7.276762859e-18 7.276762859e-18 7.276762859e-18 7.276762859e-18 7.276762859e-18 7.276762859e-18
7.276762859e-18 7.276762859e-18 7.276762859e-18 7.276762859e-18 7.276762859e-18 7.276762859e-18

6.654953174e-04 9.856805291e-01 4.864800282e-18 4.864800282e-18 4.864800282e-18 4.864800282e-18
4.864800282e-18 0.000000000e+00 0.000000000e+00 2.641019917e-04 4.864800282e-18 4.864800282e-18
1.338987361e-02 0.000000000e+00 0.000000000e+00 4.864800282e-18 4.864800282e-18 4.864800282e-18
4.864800282e-18 4.864800282e-18 4.864800282e-18 4.864800282e-18 4.864800282e-18 4.864800282e-18
4.864800282e-18 4.864800282e-18 4.864800282e-18 4.864800282e-18 4.864800282e-18 4.864800282e-18
4.864800282e-18 4.864800282e-18 4.864800282e-18 4.864800282e-18 4.864800282e-18 4.864800282e-18

2.401371894e-01 8.653825696e-18 3.562366520e-01 2.808661606e-02 1.140464117e-01 8.653825696e-18
0.000000000e+00 0.000000000e+00 0.000000000e+00 1.700926683e-01 8.653825696e-18 8.653825696e-18
1.510172285e-02 0.000000000e+00 0.000000000e+00 0.000000000e+00 1.436060072e-02 8.653825696e-18
8.653825696e-18 8.653825696e-18 1.815614888e-02 2.896087720e-02 8.653825696e-18 8.653825696e-18
8.653825696e-18 4.561052351e-03 8.653825696e-18 8.653825696e-18 8.653825696e-18 8.653825696e-18
8.653825696e-18 8.653825696e-18 4.561052351e-03 8.653825696e-18 5.699008174e-03 8.653825696e-18

