6.793969232e-18 6.793969232e-18 6.793969232e-18 6.793969232e-18 6.793969232e-18 6.793969232e-18
6.793969232e-18 0.000000000e+00 6.104921063e-01 6.333132613e-04 6.793969232e-18 6.793969232e-18
6.793969232e-18 6.793969232e-18 2.642996580e-01 7.528155532e-02 1.463716300e-04 6.793969232e-18
6.793969232e-18 1.463716300e-04 3.983119285e-02 9.023059409e-03 6.793969232e-18 6.793969232e-18
6.793969232e-18 6.793969232e-18 6.793969232e-18 1.463716300e-04 6.793969232e-18 6.793969232e-18
6.793969232e-18 6.793969232e-18 6.793969232e-18 6.793969232e-18 6.793969232e-18 6.793969232e-18

1.434821386e-04 1.434821386e-04 1.434821386e-04 9.385014671e-03 1.434821386e-04 1.434821386e-04
6.208111582e-04 0.000000000e+00 1.434821386e-04 3.941905142e-03 3.615523334e-04 1.434821386e-04
1.434821386e-04 0.000000000e+00 0.000000000e+00 4.933172431e-01 1.434821386e-04 1.434821386e-04
7.274491528e-03 1.434821386e-04 1.705563299e-02 4.642382254e-01 1.434821386e-04 1.434821386e-04
1.434821386e-04 1.434821386e-04 1.434821386e-04 3.615523334e-04 1.434821386e-04 1.434821386e-04
1.434821386e-04 1.434821386e-04 1.434821386e-04 1.434821386e-04 1.434821386e-04 1.434821386e-04

1.208550602e-04 1.208550602e-04 1.208550602e-04 8.204781629e-02 1.208550602e-04 1.208550602e-04
3.045356685e-04 0.000000000e+00 0.000000000e+00 0.000000000e+00 5.229094757e-04 1.208550602e-04
1.208550602e-04 0.000000000e+00 0.000000000e+00 7.673817984e-04 1.208550602e-04 3.045356685e-04
9.065217487e-01 1.933680962e-03 1.618311892e-03 3.320268207e-03 1.208550602e-04 1.208550602e-04
1.208550602e-04 1.208550602e-04 1.208550602e-04 1.208550602e-04 1.208550602e-04 1.208550602e-04
1.208550602e-04 1.208550602e-04 1.208550602e-04 1.208550602e-04 1.208550602e-04 1.208550602e-04

5.885776494e-18 3.963134473e-01 5.885776494e-18 0.000000000e+00 5.885776494e-18 5.885776494e-18
5.885776494e-18 0.000000000e+00 0.000000000e+00 0.000000000e+00 5.885776494e-18 5.885776494e-18
5.885776494e-18 0.000000000e+00 0.000000000e+00 5.885776494e-18 5.885776494e-18 5.885776494e-18
6.020951626e-01 1.084169300e-03 0.000000000e+00 1.268052106e-04 1.268052106e-04 5.885776494e-18
1.268052106e-04 5.885776494e-18 5.885776494e-18 5.885776494e-18 5.885776494e-18 5.885776494e-18
5.885776494e-18 5.885776494e-18 1.268052106e-04 5.885776494e-18 5.885776494e-18 5.885776494e-18

1.107740989e-02 0.000000000e+00 0.000000000e+00 0.000000000e+00 1.734904632e-02 1.412580545e-02
1.182199100e-02 0.000000000e+00 0.000000000e+00 0.000000000e+00 1.034513985e-02 5.605829607e-03
8.226685125e-03 0.000000000e+00 0.000000000e+00 7.548371107e-03 1.257848895e-02 3.169580601e-02
5.517892753e-01 1.554374160e-01 0.000000000e+00 3.264762155e-03 7.269145604e-02 1.987073005e-02
7.548371107e-03 2.732303583e-03 1.295621720e-03 2.732303583e-03 2.732303583e-03 1.734904632e-02
6.237195659e-03 3.264762155e-03 6.237195659e-03 4.396073026e-03 3.819925657e-03 8.226685125e-03

1.404348192e-03 0.000000000e+00 0.000000000e+00 0.000000000e+00 1.330453844e-02 1.042945102e-03
8.327594987e-03 0.000000000e+00 0.000000000e+00 0.000000000e+00 0.000000000e+00 1.642535610e-04
4.138930381e-04 0.000000000e+00 0.000000000e+00 0.000000000e+00 1.790811169e-03 4.138930381e-04
1.844663270e-01 7.748389917e-03 0.000000000e+00 4.840922340e-01 2.809896409e-01 1.642535610e-04
7.106838834e-04 1.790811169e-03 7.106838834e-04 1.790811169e-03 4.512561376e-03 1.042945102e-03
4.138930381e-04 1.042945102e-03 1.790811169e-03 1.042945102e-03 4.138930381e-04 4.138930381e-04

