1.404935970e-04 1.404935970e-04 1.404935970e-04 1.404935970e-04 3.540216804e-04 1.404935970e-04
1.404935970e-04 6.521135109e-18 1.404935970e-04 1.201203357e-03 1.404935970e-04 1.404935970e-04
1.404935970e-04 6.521135109e-18 6.078804896e-04 1.794876868e-02 3.437004588e-03 1.404935970e-04
1.404935970e-04 3.540216804e-04 7.878131145e-01 6.521135109e-18 1.438449539e-01 4.740533783e-03
3.540216804e-04 6.521135109e-18 1.404935970e-04 2.867575611e-02 1.404935970e-04 1.404935970e-04
1.404935970e-04 6.521135109e-18 1.404935970e-04 8.139834807e-03 1.404935970e-04 6.521135109e-18

1.126550599e-04 5.228984678e-18 1.126550599e-04 2.838729626e-04 1.228246975e-03 5.228984678e-18
5.228984678e-18 5.228984678e-18 5.228984678e-18 4.874301350e-04 1.802480958e-03 7.153150421e-04
5.228984678e-18 5.228984678e-18 0.000000000e+00 1.541099541e-02 5.228984678e-18 2.838729626e-04
5.228984678e-18 5.228984678e-18 7.153150421e-04 0.000000000e+00 9.716609510e-01 2.108987708e-03
1.126550599e-04 5.228984678e-18 1.126550599e-04 4.874301350e-04 1.126550599e-04 1.126550599e-04
5.228984678e-18 1.126550599e-04 1.126550599e-04 3.801206094e-03 5.228984678e-18 1.126550599e-04

5.954883995e-18 5.954883995e-18 5.954883995e-18 5.954883995e-18 5.954883995e-18 5.954883995e-18
5.954883995e-18 5.954883995e-18 5.954883995e-18 5.954883995e-18 5.954883995e-18 5.954883995e-18
5.954883995e-18 1.398754960e-03 0.000000000e+00 8.622606104e-02 0.000000000e+00 1.096899011e-03
5.550962736e-04 8.881540377e-03 5.954883995e-18 0.000000000e+00 8.664596360e-01 6.052061218e-03
5.954883995e-18 5.954883995e-18 0.000000000e+00 2.683429717e-02 5.954883995e-18 5.954883995e-18
5.954883995e-18 1.398754960e-03 5.954883995e-18 1.096899011e-03 5.954883995e-18 5.954883995e-18

5.845650954e-18 5.845650954e-18 5.845650954e-18 5.845650954e-18 5.845650954e-18 5.845650954e-18
5.845650954e-18 5.845650954e-18 5.845650954e-18 5.845650954e-18 5.845650954e-18 5.845650954e-18
5.845650954e-18 5.845650954e-18 0.000000000e+00 8.247861995e-01 0.000000000e+00 5.845650954e-18
5.845650954e-18 0.000000000e+00 0.000000000e+00 0.000000000e+00 5.845650954e-18 1.956304476e-02
5.845650954e-18 5.845650954e-18 0.000000000e+00 1.226446115e-02 1.433862946e-01 5.845650954e-18
5.845650954e-18 5.845650954e-18 5.845650954e-18 5.845650954e-18 5.845650954e-18 5.845650954e-18

3.609445831e-02 3.609445831e-02 3.609445831e-02 3.609445831e-02 3.609445831e-02 3.609445831e-02
3.609445831e-02 3.609445831e-02 3.609445831e-02 3.609445831e-02 3.609445831e-02 3.609445831e-02
0.000000000e+00 3.609445831e-02 0.000000000e+00 3.609445831e-02 0.000000000e+00 3.609445831e-02
3.609445831e-02 0.000000000e+00 0.000000000e+00 0.000000000e+00 0.000000000e+00 3.476385421e-02
3.609445831e-02 3.609445831e-02 0.000000000e+00 3.609445831e-02 3.609445831e-02 3.476385421e-02
3.476385421e-02 3.476385421e-02 3.476385421e-02 3.476385421e-02 3.476385421e-02 3.476385421e-02

