6.468507115e-18 1.393597612e-04 6.468507115e-18 3.409266678e-03 1.393597612e-04 6.468507115e-18
1.393597612e-04 6.468507115e-18 1.393597612e-04 5.208299632e-02 8.848793262e-04 1.393597612e-04
1.393597612e-04 6.468507115e-18 7.750300650e-01 6.468507115e-18 1.458459893e-01 7.565611817e-03
1.393597612e-04 6.468507115e-18 1.866099430e-03 1.073417136e-02 3.511645933e-04 1.393597612e-04
1.393597612e-04 6.468507115e-18 6.468507115e-18 1.393597612e-04 6.468507115e-18 6.468507115e-18
1.393597612e-04 1.393597612e-04 1.393597612e-04 1.393597612e-04 1.393597612e-04 1.393597612e-04

5.906885814e-18 3.206750983e-04 5.506220283e-04 9.163153797e-02 5.906885814e-18 5.906885814e-18
3.206750983e-04 1.272599971e-04 5.906885814e-18 8.564006612e-01 1.272599971e-04 5.906885814e-18
1.272599971e-04 1.272599971e-04 4.460038429e-02 0.000000000e+00 1.387480568e-03 2.382403151e-03
5.906885814e-18 5.906885814e-18 0.000000000e+00 1.387480568e-03 5.906885814e-18 1.272599971e-04
1.272599971e-04 5.906885814e-18 5.906885814e-18 1.272599971e-04 5.906885814e-18 5.906885814e-18
5.906885814e-18 5.906885814e-18 5.906885814e-18 1.272599971e-04 5.906885814e-18 5.906885814e-18

6.692302802e-18 3.527219579e-03 6.692302802e-18 1.344014402e-02 6.692302802e-18 6.692302802e-18
6.692302802e-18 6.692302802e-18 0.000000000e+00 6.544489240e-01 6.692302802e-18 6.692302802e-18
6.692302802e-18 1.232732716e-03 2.603446206e-01 0.000000000e+00 4.318692126e-02 9.154941456e-04
6.692302802e-18 6.692302802e-18 0.000000000e+00 6.692302802e-18 0.000000000e+00 6.692302802e-18
6.692302802e-18 6.692302802e-18 1.441812931e-04 2.239644828e-02 6.692302802e-18 6.692302802e-18
6.692302802e-18 6.692302802e-18 6.692302802e-18 3.633140925e-04 6.692302802e-18 6.692302802e-18

5.116477985e-18 5.116477985e-18 5.116477985e-18 5.116477985e-18 5.116477985e-18 5.116477985e-18
5.116477985e-18 5.116477985e-18 0.000000000e+00 9.521713783e-01 5.116477985e-18 5.116477985e-18
5.116477985e-18 4.445914663e-02 5.116477985e-18 0.000000000e+00 3.369475060e-03 5.116477985e-18
5.116477985e-18 5.116477985e-18 0.000000000e+00 0.000000000e+00 0.000000000e+00 5.116477985e-18
5.116477985e-18 5.116477985e-18 5.116477985e-18 0.000000000e+00 5.116477985e-18 5.116477985e-18
5.116477985e-18 5.116477985e-18 5.116477985e-18 5.116477985e-18 5.116477985e-18 5.116477985e-18

4.714983395e-18 4.714983395e-18 4.714983395e-18 4.714983395e-18 4.714983395e-18 4.714983395e-18
4.714983395e-18 4.714983395e-18 0.000000000e+00 9.968949307e-01 4.714983395e-18 4.714983395e-18
4.714983395e-18 0.000000000e+00 0.000000000e+00 0.000000000e+00 3.105069348e-03 4.714983395e-18
4.714983395e-18 4.714983395e-18 0.000000000e+00 0.000000000e+00 0.000000000e+00 4.714983395e-18
4.714983395e-18 4.714983395e-18 4.714983395e-18 0.000000000e+00 4.714983395e-18 4.714983395e-18
4.714983395e-18 4.714983395e-18 4.714983395e-18 4.714983395e-18 4.714983395e-18 4.714983395e-18

