9.817828025e-18 5.329937070e-04 4.557032093e-03 1.343059982e-03 5.174546977e-03 9.817828025e-18
1.343059982e-03 0.000000000e+00 1.581721934e-01 5.190441969e-02 9.817828025e-18 1.971713273e-02
8.527899311e-03 1.791492346e-01 9.817828025e-18 1.960775158e-01 9.817828025e-18 1.808459385e-03
9.817828025e-18 3.385572400e-02 1.508415092e-01 1.596487086e-01 9.817828025e-18 9.151882314e-04
6.465566113e-03 9.817828025e-18 5.329937070e-04 9.817828025e-18 9.817828025e-18 3.384299085e-03
9.817828025e-18 1.343059982e-03 9.817828025e-18 9.978044289e-03 3.384299085e-03 1.343059982e-03

2.296154261e-03 5.152163557e-03 2.106037312e-04 9.934882490e-03 1.457967076e-02 2.050918108e-02
2.899194241e-01 0.000000000e+00 0.000000000e+00 2.296154261e-03 1.622173087e-02 2.503433515e-02
8.491010372e-03 8.494205045e-02 0.000000000e+00 3.784526093e-01 1.705890223e-02 2.296154261e-03
1.800636573e-03 1.876420022e-02 2.820093112e-03 6.661127487e-02 5.152163557e-03 2.296154261e-03
1.337250338e-03 1.337250338e-03 4.537319843e-03 1.337250338e-03 1.337250338e-03 2.296154261e-03
1.800636573e-03 3.942660729e-03 1.337250338e-03 2.296154261e-03 1.800636573e-03 1.800636573e-03

5.463356667e-18 5.463356667e-18 5.463356667e-18 5.463356667e-18 5.463356667e-18 5.463356667e-18
5.463356667e-18 0.000000000e+00 0.000000000e+00 0.000000000e+00 5.463356667e-18 5.463356667e-18
5.463356667e-18 5.463356667e-18 0.000000000e+00 5.463356667e-18 1.563230889e-01 5.463356667e-18
5.463356667e-18 5.463356667e-18 5.463356667e-18 8.436769111e-01 5.463356667e-18 5.463356667e-18
5.463356667e-18 0.000000000e+00 5.463356667e-18 5.463356667e-18 5.463356667e-18 5.463356667e-18
5.463356667e-18 5.463356667e-18 5.463356667e-18 5.463356667e-18 5.463356667e-18 5.463356667e-18

3.517249117e-02 3.517249117e-02 3.517249117e-02 3.517249117e-02 3.517249117e-02 3.517249117e-02
3.517249117e-02 0.000000000e+00 0.000000000e+00 0.000000000e+00 3.517249117e-02 3.517249117e-02
3.517249117e-02 0.000000000e+00 0.000000000e+00 0.000000000e+00 3.383900824e-02 3.517249117e-02
3.517249117e-02 3.517249117e-02 3.517249117e-02 3.383900824e-02 3.383900824e-02 3.383900824e-02
3.383900824e-02 0.000000000e+00 3.383900824e-02 3.383900824e-02 3.383900824e-02 3.383900824e-02
3.383900824e-02 3.383900824e-02 3.383900824e-02 3.383900824e-02 3.383900824e-02 3.383900824e-02

