6.828819265e-18 6.828819265e-18 6.828819265e-18 6.828819265e-18 6.828819265e-18 6.828819265e-18
6.828819265e-18 0.000000000e+00 9.623123659e-03 6.365618759e-04 6.828819265e-18 6.828819265e-18
6.828819265e-18 1.471224512e-04 5.406733332e-01 2.292351403e-01 1.471224512e-04 6.828819265e-18
6.828819265e-18 1.471224512e-04 3.169657125e-03 2.157794491e-01 1.471224512e-04 6.828819265e-18
6.828819265e-18 6.828819265e-18 1.471224512e-04 1.471224512e-04 6.828819265e-18 6.828819265e-18
6.828819265e-18 6.828819265e-18 6.828819265e-18 6.828819265e-18 6.828819265e-18 6.828819265e-18

5.430284269e-04 0.000000000e+00 1.255049607e-04 3.162526837e-04 1.255049607e-04 5.430284269e-04
5.920488822e-03 0.000000000e+00 1.255049607e-04 1.255049607e-04 5.920488822e-03 1.255049607e-04
1.255049607e-04 0.000000000e+00 3.162526837e-04 9.305147559e-01 3.146165937e-02 1.255049607e-04
1.255049607e-04 1.255049607e-04 1.067099543e-02 1.255049607e-04 1.255049607e-04 1.255049607e-04
1.680576470e-03 1.368345892e-03 5.486046115e-03 7.969068266e-04 1.255049607e-04 1.255049607e-04
7.969068266e-04 1.255049607e-04 7.969068266e-04 3.162526837e-04 5.430284269e-04 1.255049607e-04

1.045718158e-04 0.000000000e+00 1.045718158e-04 1.045718158e-04 1.045718158e-04 1.045718158e-04
1.045718158e-04 0.000000000e+00 0.000000000e+00 1.045718158e-04 1.045718158e-04 1.045718158e-04
1.045718158e-04 0.000000000e+00 0.000000000e+00 9.958272997e-01 1.045718158e-04 1.045718158e-04
1.045718158e-04 1.045718158e-04 1.045718158e-04 1.140117600e-03 1.045718158e-04 1.045718158e-04
1.045718158e-04 1.045718158e-04 1.045718158e-04 1.045718158e-04 1.045718158e-04 1.045718158e-04
1.045718158e-04 1.045718158e-04 1.045718158e-04 1.045718158e-04 1.045718158e-04 1.045718158e-04

1.337286354e-04 0.000000000e+00 1.337286354e-04 1.337286354e-04 1.337286354e-04 1.337286354e-04
5.786102006e-04 0.000000000e+00 0.000000000e+00 2.881096111e-03 1.337286354e-04 1.337286354e-04
3.369750453e-04 0.000000000e+00 0.000000000e+00 0.000000000e+00 1.246577888e-02 3.369750453e-04
2.106094033e-01 0.000000000e+00 1.337286354e-04 7.591508406e-01 1.083201946e-02 1.337286354e-04
1.337286354e-04 1.337286354e-04 1.337286354e-04 1.337286354e-04 1.337286354e-04 1.337286354e-04
1.337286354e-04 1.337286354e-04 1.337286354e-04 1.337286354e-04 1.337286354e-04 1.337286354e-04

1.109032064e-04 0.000000000e+00 1.109032064e-04 1.109032064e-04 1.109032064e-04 1.109032064e-04
1.109032064e-04 0.000000000e+00 0.000000000e+00 1.109032064e-04 5.147670843e-18 5.147670843e-18
1.109032064e-04 0.000000000e+00 0.000000000e+00 0.000000000e+00 0.000000000e+00 1.109032064e-04
1.934635201e-02 0.000000000e+00 0.000000000e+00 5.147670843e-18 1.080006479e-02 1.109032064e-04
1.109032064e-04 5.147670843e-18 9.679682287e-01 5.147670843e-18 1.109032064e-04 5.147670843e-18
1.109032064e-04 1.109032064e-04 1.109032064e-04 1.109032064e-04 5.147670843e-18 1.109032064e-04

