2.455312879e-03 7.933615123e-04 7.933615123e-04 7.933615123e-04 1.833620497e-04 1.164276443e-03
5.675972083e-01 8.510912425e-18 1.833620497e-04 1.833620497e-04 8.510912425e-18 1.833620497e-04
1.062352183e-02 4.620434124e-04 6.006623654e-02 7.836941289e-02 2.933792796e-03 4.620434124e-04
1.164276443e-03 6.110858938e-02 8.510912425e-18 0.000000000e+00 1.833620497e-04 1.833620497e-04
4.620434124e-04 1.709245564e-02 9.781529299e-02 8.510912425e-02 2.455312879e-03 1.833620497e-04
1.833620497e-04 4.620434124e-04 3.432675900e-03 4.620434124e-04 2.455312879e-03 8.510912425e-18

4.804655128e-04 8.249935733e-04 8.249935733e-04 1.210697227e-03 1.104709152e-02 1.630230065e-03
5.238382664e-03 4.804655128e-04 4.804655128e-04 2.182962548e-02 1.777394773e-02 4.664579213e-03
8.249935733e-04 4.804655128e-04 7.804481980e-02 8.850250415e-02 1.906728651e-04 9.206018826e-02
4.107922350e-03 3.569539880e-03 0.000000000e+00 0.000000000e+00 4.478754177e-02 4.107922350e-03
8.249935733e-04 6.433682231e-03 0.000000000e+00 5.921249121e-01 4.107922350e-03 2.078853538e-03
1.906728651e-04 2.553208485e-03 4.804655128e-04 4.664579213e-03 8.249935733e-04 2.553208485e-03

1.085129655e-04 5.036725688e-18 1.085129655e-04 5.036725688e-18 1.085129655e-04 1.085129655e-04
5.036725688e-18 1.085129655e-04 5.036725688e-18 1.085129655e-04 1.085129655e-04 1.085129655e-04
1.085129655e-04 5.036725688e-18 0.000000000e+00 3.661443580e-03 0.000000000e+00 2.337840971e-03
1.085129655e-04 1.085129655e-04 0.000000000e+00 0.000000000e+00 9.850514097e-01 2.031444576e-03
5.036725688e-18 1.085129655e-04 0.000000000e+00 4.743295637e-03 5.036725688e-18 1.085129655e-04
5.036725688e-18 1.085129655e-04 5.036725688e-18 2.734355388e-04 1.085129655e-04 2.734355388e-04

4.985718313e-18 1.074140449e-04 9.183771654e-04 4.985718313e-18 1.074140449e-04 1.074140449e-04
1.074140449e-04 0.000000000e+00 1.074140449e-04 1.074140449e-04 1.074140449e-04 1.074140449e-04
1.718624718e-03 2.706664324e-04 0.000000000e+00 4.647535802e-04 0.000000000e+00 2.010871954e-03
1.074140449e-04 1.074140449e-04 0.000000000e+00 0.000000000e+00 9.890802787e-01 9.183771654e-04
4.985718313e-18 4.985718313e-18 0.000000000e+00 2.951001289e-03 0.000000000e+00 4.985718313e-18
4.985718313e-18 1.074140449e-04 4.985718313e-18 1.074140449e-04 1.074140449e-04 2.706664324e-04

0.000000000e+00 1.324444491e-04 3.240091996e-03 1.324444491e-04 1.324444491e-04 1.324444491e-04
3.337390986e-04 0.000000000e+00 1.324444491e-04 1.324444491e-04 1.324444491e-04 3.337390986e-04
8.721481495e-01 3.337390986e-04 0.000000000e+00 3.180339924e-02 0.000000000e+00 1.126102189e-02
3.337390986e-04 3.337390986e-04 0.000000000e+00 0.000000000e+00 0.000000000e+00 6.644182935e-02
1.324444491e-04 1.324444491e-04 0.000000000e+00 1.324444491e-04 0.000000000e+00 4.899541491e-03
1.324444491e-04 1.773499816e-03 1.324444491e-04 4.468939500e-03 5.730538492e-04 1.324444491e-04

0.000000000e+00 1.355052641e-04 5.923177248e-03 3.414518693e-04 1.355052641e-04 1.355052641e-04
3.414518693e-04 0.000000000e+00 1.355052641e-04 1.097592639e-02 1.814485716e-03 5.862972268e-04
8.502402420e-01 0.000000000e+00 0.000000000e+00 1.355052641e-04 0.000000000e+00 9.570109858e-02
1.355052641e-04 8.604047952e-04 0.000000000e+00 0.000000000e+00 0.000000000e+00 5.923177248e-03
1.355052641e-04 1.355052641e-04 0.000000000e+00 0.000000000e+00 0.000000000e+00 1.158553711e-03
1.355052641e-04 8.353203750e-03 3.414518693e-04 1.492547139e-02 1.158553711e-03 1.355052641e-04

0.000000000e+00 4.417400516e-02 4.417400516e-02 4.417400516e-02 4.417400516e-02 4.417400516e-02
4.417400516e-02 0.000000000e+00 4.417400516e-02 4.417400516e-02 4.417400516e-02 4.417400516e-02
4.417400516e-02 0.000000000e+00 0.000000000e+00 0.000000000e+00 0.000000000e+00 4.284049527e-02
4.284049527e-02 0.000000000e+00 0.000000000e+00 0.000000000e+00 0.000000000e+00 4.284049527e-02
4.284049527e-02 4.284049527e-02 0.000000000e+00 0.000000000e+00 0.000000000e+00 4.284049527e-02
4.284049527e-02 4.284049527e-02 4.284049527e-02 4.284049527e-02 4.284049527e-02 4.284049527e-02

