2.455312879e-03 7.933615123e-04 7.933615123e-04 7.933615123e-04 1.833620497e-04 1.164276443e-03
5.675972083e-01 8.510912425e-18 1.833620497e-04 1.833620497e-04 8.510912425e-18 1.833620497e-04
1.062352183e-02 4.620434124e-04 6.006623654e-02 7.836941289e-02 2.933792796e-03 4.620434124e-04
1.164276443e-03 6.110858938e-02 8.510912425e-18 0.000000000e+00 1.833620497e-04 1.833620497e-04
4.620434124e-04 1.709245564e-02 9.781529299e-02 8.510912425e-02 2.455312879e-03 1.833620497e-04
1.833620497e-04 4.620434124e-04 3.432675900e-03 4.620434124e-04 2.455312879e-03 8.510912425e-18

4.934753647e-04 5.293835846e-18 5.293835846e-18 1.527218550e-03 5.293835846e-18 5.293835846e-18
7.241865570e-04 5.293835846e-18 7.241865570e-04 1.824835774e-03 5.293835846e-18 1.140522359e-04
5.293835846e-18 7.241865570e-04 9.676244279e-01 5.293835846e-18 1.824835774e-03 2.135143898e-03
4.934753647e-04 1.824835774e-03 0.000000000e+00 0.000000000e+00 1.527218550e-03 5.293835846e-18
5.293835846e-18 1.140522359e-04 0.000000000e+00 1.771634133e-02 5.293835846e-18 5.293835846e-18
1.140522359e-04 5.293835846e-18 5.293835846e-18 5.293835846e-18 5.293835846e-18 4.934753647e-04

1.380143753e-04 6.406059830e-18 1.380143753e-04 1.380143753e-04 2.208230004e-03 8.168945248e-02
6.406059830e-18 6.406059830e-18 1.380143753e-04 2.973429578e-03 3.477744331e-04 6.406059830e-18
6.406059830e-18 1.380143753e-04 7.611979718e-01 0.000000000e+00 0.000000000e+00 1.423484823e-01
1.380143753e-04 1.504732580e-03 0.000000000e+00 0.000000000e+00 2.973429578e-03 1.380143753e-04
6.406059830e-18 1.380143753e-04 0.000000000e+00 3.376353450e-03 1.380143753e-04 6.406059830e-18
6.406059830e-18 1.380143753e-04 6.406059830e-18 6.406059830e-18 6.406059830e-18 6.406059830e-18

