7.312828517e-18 7.312828517e-18 7.312828517e-18 7.312828517e-18 7.312828517e-18 7.312828517e-18
7.312828517e-18 7.312828517e-18 3.375484299e-02 6.816797544e-04 7.312828517e-18 7.312828517e-18
7.312828517e-18 2.083714428e-02 1.222292563e-01 7.312828517e-18 3.970014111e-04 7.312828517e-18
7.312828517e-18 7.312828517e-18 5.795947429e-02 6.740513025e-01 4.806724190e-02 7.312828517e-18
7.312828517e-18 7.312828517e-18 7.312828517e-18 4.202205662e-02 7.312828517e-18 7.312828517e-18
7.312828517e-18 7.312828517e-18 7.312828517e-18 7.312828517e-18 7.312828517e-18 7.312828517e-18

8.662675330e-18 8.662675330e-18 8.662675330e-18 8.662675330e-18 8.662675330e-18 1.185037316e-03
8.662675330e-18 0.000000000e+00 1.662835808e-02 8.662675330e-18 2.197421896e-01 8.662675330e-18
8.662675330e-18 8.662675330e-18 2.675838711e-01 0.000000000e+00 8.662675330e-18 8.662675330e-18
8.662675330e-18 8.662675330e-18 8.662675330e-18 1.500679561e-01 4.877566283e-02 8.662675330e-18
8.662675330e-18 1.421704618e-01 8.662675330e-18 1.356717474e-01 8.662675330e-18 8.662675330e-18
1.817471584e-02 8.662675330e-18 8.662675330e-18 8.662675330e-18 8.662675330e-18 8.662675330e-18

5.863968393e-18 5.863968393e-18 5.863968393e-18 5.863968393e-18 5.863968393e-18 5.863968393e-18
5.863968393e-18 0.000000000e+00 5.863968393e-18 5.863968393e-18 4.673547197e-03 5.863968393e-18
5.863968393e-18 5.863968393e-18 3.331619375e-01 0.000000000e+00 5.863968393e-18 5.863968393e-18
5.863968393e-18 5.863968393e-18 0.000000000e+00 5.863968393e-18 5.863968393e-18 5.863968393e-18
5.863968393e-18 0.000000000e+00 5.863968393e-18 6.621645153e-01 5.863968393e-18 5.863968393e-18
5.863968393e-18 5.863968393e-18 5.863968393e-18 5.863968393e-18 5.863968393e-18 5.863968393e-18

6.213548814e-18 6.213548814e-18 6.213548814e-18 6.213548814e-18 6.213548814e-18 3.504675628e-01
1.416962318e-02 0.000000000e+00 6.213548814e-18 6.213548814e-18 6.213548814e-18 6.213548814e-18
6.213548814e-18 0.000000000e+00 0.000000000e+00 0.000000000e+00 6.213548814e-18 6.213548814e-18
6.213548814e-18 6.213548814e-18 0.000000000e+00 1.892568134e-02 6.213548814e-18 6.213548814e-18
6.213548814e-18 0.000000000e+00 6.213548814e-18 6.164371327e-01 6.213548814e-18 6.213548814e-18
6.213548814e-18 6.213548814e-18 6.213548814e-18 6.213548814e-18 6.213548814e-18 6.213548814e-18

7.554733430e-18 7.554733430e-18 7.554733430e-18 7.554733430e-18 7.554733430e-18 2.495210891e-01
5.491907229e-03 0.000000000e+00 7.554733430e-18 7.554733430e-18 0.000000000e+00 7.554733430e-18
7.554733430e-18 0.000000000e+00 0.000000000e+00 0.000000000e+00 7.554733430e-18 7.554733430e-18
7.554733430e-18 7.554733430e-18 0.000000000e+00 4.471577953e-03 2.631920209e-01 7.554733430e-18
7.554733430e-18 0.000000000e+00 8.996887292e-02 0.000000000e+00 3.741708264e-01 7.554733430e-18
1.318370562e-02 7.554733430e-18 7.554733430e-18 7.554733430e-18 7.554733430e-18 7.554733430e-18

