6.580044846e-18 6.580044846e-18 6.580044846e-18 6.580044846e-18 6.580044846e-18 6.580044846e-18
6.580044846e-18 6.580044846e-18 3.054186268e-03 6.133718771e-04 4.333312304e-03 6.580044846e-18
6.580044846e-18 1.417627688e-04 3.468053329e-03 6.580044846e-18 0.000000000e+00 6.580044846e-18
6.580044846e-18 6.580044846e-18 7.471694398e-02 5.821729291e-01 3.311422205e-01 6.580044846e-18
6.580044846e-18 6.580044846e-18 6.580044846e-18 3.572197930e-04 6.580044846e-18 6.580044846e-18
6.580044846e-18 6.580044846e-18 6.580044846e-18 6.580044846e-18 6.580044846e-18 6.580044846e-18

1.066646794e-04 1.066646794e-04 1.066646794e-04 1.066646794e-04 1.066646794e-04 1.066646794e-04
1.066646794e-04 1.066646794e-04 4.615112642e-04 1.066646794e-04 9.905478987e-01 1.066646794e-04
1.066646794e-04 1.066646794e-04 1.066646794e-04 0.000000000e+00 0.000000000e+00 1.066646794e-04
1.066646794e-04 1.066646794e-04 1.066646794e-04 1.066646794e-04 0.000000000e+00 1.066646794e-04
1.066646794e-04 1.066646794e-04 1.066646794e-04 5.790649698e-03 1.066646794e-04 1.066646794e-04
1.066646794e-04 1.066646794e-04 1.066646794e-04 1.066646794e-04 1.066646794e-04 1.066646794e-04

8.442625187e-18 8.442625187e-18 1.818908458e-04 7.950773916e-03 8.442625187e-18 1.847895808e-02
8.442625187e-18 7.333379372e-03 2.270404482e-01 0.000000000e+00 8.442625187e-18 8.442625187e-18
8.442625187e-18 3.350458026e-02 3.080463578e-01 0.000000000e+00 0.000000000e+00 0.000000000e+00
8.442625187e-18 1.473315851e-02 2.895197734e-01 8.106620105e-02 0.000000000e+00 2.910253533e-03
8.442625187e-18 1.154934880e-03 8.442625187e-18 6.137359408e-03 7.869959826e-04 8.442625187e-18
8.442625187e-18 8.442625187e-18 8.442625187e-18 8.442625187e-18 1.154934880e-03 8.442625187e-18

1.532346124e-02 1.802240863e-04 4.408962576e-03 1.532346124e-02 1.802240863e-04 3.678503543e-02
1.802240863e-04 1.802240863e-04 1.802240863e-04 0.000000000e+00 0.000000000e+00 1.802240863e-04
2.883585380e-03 1.907647314e-02 2.222022562e-02 0.000000000e+00 0.000000000e+00 0.000000000e+00
4.517868281e-02 1.044171636e-02 1.162588774e-01 1.802240863e-04 0.000000000e+00 0.000000000e+00
1.802240863e-04 1.802240863e-04 6.081119622e-03 6.251689673e-01 1.802240863e-04 1.802240863e-04
1.802240863e-04 3.373930857e-03 1.802240863e-04 4.408962576e-03 7.054340121e-02 1.802240863e-04

