7.312828517e-18 7.312828517e-18 7.312828517e-18 7.312828517e-18 7.312828517e-18 7.312828517e-18
7.312828517e-18 7.312828517e-18 3.375484299e-02 6.816797544e-04 7.312828517e-18 7.312828517e-18
7.312828517e-18 2.083714428e-02 1.222292563e-01 7.312828517e-18 3.970014111e-04 7.312828517e-18
7.312828517e-18 7.312828517e-18 5.795947429e-02 6.740513025e-01 4.806724190e-02 7.312828517e-18
7.312828517e-18 7.312828517e-18 7.312828517e-18 4.202205662e-02 7.312828517e-18 7.312828517e-18
7.312828517e-18 7.312828517e-18 7.312828517e-18 7.312828517e-18 7.312828517e-18 7.312828517e-18

6.564943683e-18 6.564943683e-18 6.564943683e-18 6.564943683e-18 6.564943683e-18 6.564943683e-18
6.564943683e-18 6.564943683e-18 6.564943683e-18 6.564943683e-18 6.564943683e-18 6.564943683e-18
6.564943683e-18 2.262998785e-03 5.808368458e-01 0.000000000e+00 6.564943683e-18 6.672076416e-03
6.564943683e-18 6.564943683e-18 0.000000000e+00 3.199357685e-01 8.839839006e-02 6.564943683e-18
6.564943683e-18 6.564943683e-18 6.564943683e-18 1.893920413e-03 6.564943683e-18 6.564943683e-18
6.564943683e-18 6.564943683e-18 6.564943683e-18 6.564943683e-18 6.564943683e-18 6.564943683e-18

5.855465150e-18 5.855465150e-18 5.855465150e-18 5.855465150e-18 5.855465150e-18 5.855465150e-18
5.855465150e-18 5.855465150e-18 5.855465150e-18 5.855465150e-18 5.855465150e-18 5.855465150e-18
5.855465150e-18 5.855465150e-18 4.886561737e-01 0.000000000e+00 0.000000000e+00 5.855465150e-18
5.855465150e-18 5.855465150e-18 0.000000000e+00 0.000000000e+00 5.113438263e-01 5.855465150e-18
5.855465150e-18 5.855465150e-18 5.855465150e-18 5.855465150e-18 5.855465150e-18 5.855465150e-18
5.855465150e-18 5.855465150e-18 5.855465150e-18 5.855465150e-18 5.855465150e-18 5.855465150e-18

4.868397044e-18 4.868397044e-18 4.868397044e-18 4.868397044e-18 2.881559897e-03 2.259709736e-03
4.868397044e-18 4.868397044e-18 4.868397044e-18 4.868397044e-18 4.868397044e-18 4.868397044e-18
4.868397044e-18 4.868397044e-18 9.891646186e-01 0.000000000e+00 0.000000000e+00 0.000000000e+00
4.868397044e-18 5.694111725e-03 0.000000000e+00 0.000000000e+00 0.000000000e+00 4.868397044e-18
4.868397044e-18 4.868397044e-18 4.868397044e-18 4.868397044e-18 4.868397044e-18 4.868397044e-18
4.868397044e-18 4.868397044e-18 4.868397044e-18 4.868397044e-18 4.868397044e-18 4.868397044e-18

