1.579805242e-04 1.579805242e-04 1.579805242e-04 1.579805242e-04 1.579805242e-04 1.579805242e-04
1.579805242e-04 1.579805242e-04 3.980859757e-04 1.579805242e-04 1.579805242e-04 1.579805242e-04
1.579805242e-04 3.980859757e-04 4.409390035e-01 0.000000000e+00 3.530054131e-01 1.579805242e-04
1.579805242e-04 2.115441097e-03 5.355166836e-02 1.579805242e-04 2.115441097e-03 1.579805242e-04
1.579805242e-04 1.579805242e-04 1.429712813e-01 1.579805242e-04 3.980859757e-04 1.579805242e-04
1.579805242e-04 1.579805242e-04 1.579805242e-04 1.579805242e-04 1.579805242e-04 1.579805242e-04

1.602018060e-04 1.602018060e-04 1.602018060e-04 1.602018060e-04 1.602018060e-04 1.602018060e-04
1.602018060e-04 1.369706174e-03 6.931529574e-04 1.602018060e-04 1.369706174e-03 1.602018060e-04
1.602018060e-04 5.328842547e-01 2.145185211e-03 0.000000000e+00 1.774471571e-01 1.602018060e-04
4.036832551e-04 5.405528006e-03 0.000000000e+00 0.000000000e+00 1.602018060e-04 1.602018060e-04
4.036832551e-04 1.602018060e-04 2.127637561e-01 6.081331471e-02 6.931529574e-04 1.602018060e-04
1.602018060e-04 1.602018060e-04 4.036832551e-04 1.602018060e-04 1.602018060e-04 1.602018060e-04

1.261826569e-04 1.261826569e-04 3.179603712e-04 1.261826569e-04 3.179603712e-04 1.261826569e-04
1.261826569e-04 1.261826569e-04 1.261826569e-04 1.261826569e-04 1.261826569e-04 1.261826569e-04
1.261826569e-04 1.261826569e-04 0.000000000e+00 0.000000000e+00 8.052497836e-01 3.179603712e-04
1.261826569e-04 1.261826569e-04 0.000000000e+00 0.000000000e+00 1.261826569e-04 1.261826569e-04
8.012099294e-04 0.000000000e+00 1.261826569e-04 1.861096720e-01 3.857069557e-03 1.261826569e-04
1.261826569e-04 1.261826569e-04 1.261826569e-04 1.261826569e-04 1.261826569e-04 1.261826569e-04

3.517249117e-02 3.517249117e-02 3.517249117e-02 3.517249117e-02 3.517249117e-02 3.517249117e-02
3.517249117e-02 3.517249117e-02 3.517249117e-02 3.517249117e-02 3.517249117e-02 3.517249117e-02
3.517249117e-02 0.000000000e+00 0.000000000e+00 0.000000000e+00 3.383900824e-02 3.517249117e-02
3.383900824e-02 3.383900824e-02 0.000000000e+00 0.000000000e+00 3.383900824e-02 3.383900824e-02
3.383900824e-02 0.000000000e+00 0.000000000e+00 3.383900824e-02 3.383900824e-02 3.383900824e-02
3.383900824e-02 3.383900824e-02 3.383900824e-02 3.383900824e-02 3.383900824e-02 3.383900824e-02

