6.468507115e-18 1.393597612e-04 6.468507115e-18 3.409266678e-03 1.393597612e-04 6.468507115e-18
1.393597612e-04 6.468507115e-18 1.393597612e-04 5.208299632e-02 8.848793262e-04 1.393597612e-04
1.393597612e-04 6.468507115e-18 7.750300650e-01 6.468507115e-18 1.458459893e-01 7.565611817e-03
1.393597612e-04 6.468507115e-18 1.866099430e-03 1.073417136e-02 3.511645933e-04 1.393597612e-04
1.393597612e-04 6.468507115e-18 6.468507115e-18 1.393597612e-04 6.468507115e-18 6.468507115e-18
1.393597612e-04 1.393597612e-04 1.393597612e-04 1.393597612e-04 1.393597612e-04 1.393597612e-04

5.735409459e-18 5.735409459e-18 5.735409459e-18 3.113659295e-04 1.235656510e-04 5.735409459e-18
5.735409459e-18 1.235656510e-04 5.735409459e-18 4.981854872e-03 3.429596115e-02 5.735409459e-18
5.735409459e-18 5.735409459e-18 0.000000000e+00 0.000000000e+00 5.735409459e-18 7.070968631e-02
5.735409459e-18 5.735409459e-18 1.235656510e-04 8.856885668e-01 3.394736654e-03 5.735409459e-18
5.735409459e-18 5.735409459e-18 5.735409459e-18 5.735409459e-18 5.735409459e-18 5.735409459e-18
5.735409459e-18 1.235656510e-04 1.235656510e-04 5.735409459e-18 5.735409459e-18 5.735409459e-18

5.243273763e-18 5.243273763e-18 5.243273763e-18 5.243273763e-18 5.243273763e-18 5.243273763e-18
5.243273763e-18 5.243273763e-18 5.243273763e-18 5.243273763e-18 9.138352547e-01 5.243273763e-18
5.243273763e-18 5.243273763e-18 0.000000000e+00 0.000000000e+00 0.000000000e+00 5.243273763e-18
5.243273763e-18 5.243273763e-18 0.000000000e+00 1.129629088e-04 8.605178234e-02 5.243273763e-18
5.243273763e-18 5.243273763e-18 5.243273763e-18 5.243273763e-18 5.243273763e-18 5.243273763e-18
5.243273763e-18 5.243273763e-18 5.243273763e-18 5.243273763e-18 5.243273763e-18 5.243273763e-18

5.096350477e-18 5.096350477e-18 5.096350477e-18 5.096350477e-18 6.768454721e-03 5.096350477e-18
5.096350477e-18 5.096350477e-18 0.000000000e+00 3.349832566e-02 5.096350477e-18 5.096350477e-18
5.096350477e-18 5.096350477e-18 0.000000000e+00 0.000000000e+00 0.000000000e+00 0.000000000e+00
5.096350477e-18 5.096350477e-18 0.000000000e+00 5.096350477e-18 9.597332196e-01 5.096350477e-18
5.096350477e-18 5.096350477e-18 5.096350477e-18 5.096350477e-18 5.096350477e-18 5.096350477e-18
5.096350477e-18 5.096350477e-18 5.096350477e-18 5.096350477e-18 5.096350477e-18 5.096350477e-18

