1.579805242e-04 1.579805242e-04 1.579805242e-04 1.579805242e-04 1.579805242e-04 1.579805242e-04
1.579805242e-04 1.579805242e-04 3.980859757e-04 1.579805242e-04 1.579805242e-04 1.579805242e-04
1.579805242e-04 3.980859757e-04 4.409390035e-01 0.000000000e+00 3.530054131e-01 1.579805242e-04
1.579805242e-04 2.115441097e-03 5.355166836e-02 1.579805242e-04 2.115441097e-03 1.579805242e-04
1.579805242e-04 1.579805242e-04 1.429712813e-01 1.579805242e-04 3.980859757e-04 1.579805242e-04
1.579805242e-04 1.579805242e-04 1.579805242e-04 1.579805242e-04 1.579805242e-04 1.579805242e-04

1.376351686e-04 1.376351686e-04 1.376351686e-04 1.376351686e-04 1.376351686e-04 3.468188922e-04
1.376351686e-04 1.471809362e-01 1.376351686e-04 8.739288455e-04 7.606883968e-01 1.376351686e-04
1.376351686e-04 1.376351686e-04 5.955127882e-04 0.000000000e+00 1.843006241e-03 1.376351686e-04
1.376351686e-04 5.955127882e-04 0.000000000e+00 0.000000000e+00 1.376351686e-04 1.376351686e-04
1.376351686e-04 3.468188922e-04 8.739288455e-04 1.376351686e-04 8.328034711e-02 1.376351686e-04
1.376351686e-04 1.376351686e-04 1.376351686e-04 1.376351686e-04 1.376351686e-04 3.468188922e-04

1.243808583e-04 1.243808583e-04 1.243808583e-04 1.243808583e-04 1.243808583e-04 3.134201231e-04
1.243808583e-04 8.011713363e-01 1.243808583e-04 1.243808583e-04 0.000000000e+00 1.243808583e-04
1.243808583e-04 1.243808583e-04 0.000000000e+00 0.000000000e+00 1.243808583e-04 1.243808583e-04
1.243808583e-04 3.134201231e-04 0.000000000e+00 0.000000000e+00 1.243808583e-04 1.243808583e-04
1.243808583e-04 1.243808583e-04 1.243808583e-04 1.243808583e-04 1.948435403e-01 1.243808583e-04
1.243808583e-04 1.243808583e-04 1.243808583e-04 1.243808583e-04 1.243808583e-04 1.243808583e-04

