6.499631072e-18 6.499631072e-18 6.499631072e-18 6.499631072e-18 6.499631072e-18 6.499631072e-18
6.499631072e-18 6.499631072e-18 0.000000000e+00 2.240484905e-03 5.645668186e-03 6.499631072e-18
6.499631072e-18 1.788958098e-02 1.257034422e-01 6.499631072e-18 3.528542617e-04 6.499631072e-18
6.499631072e-18 6.499631072e-18 7.819855539e-01 4.272209286e-02 2.044346122e-02 6.499631072e-18
6.499631072e-18 6.499631072e-18 6.499631072e-18 3.016861501e-03 6.499631072e-18 6.499631072e-18
6.499631072e-18 6.499631072e-18 6.499631072e-18 6.499631072e-18 6.499631072e-18 6.499631072e-18

7.300558379e-18 7.300558379e-18 7.300558379e-18 3.963352855e-04 7.300558379e-18 7.300558379e-18
4.321134054e-03 0.000000000e+00 0.000000000e+00 4.744043076e-01 1.211491976e-02 7.300558379e-18
3.963352855e-04 1.790733012e-01 7.300558379e-18 0.000000000e+00 2.908628282e-01 3.531235942e-02
7.300558379e-18 6.805359693e-04 3.963352855e-04 6.805359693e-04 6.805359693e-04 7.300558379e-18
7.300558379e-18 7.300558379e-18 7.300558379e-18 6.805359693e-04 7.300558379e-18 7.300558379e-18
7.300558379e-18 7.300558379e-18 7.300558379e-18 7.300558379e-18 7.300558379e-18 7.300558379e-18

3.827219260e-04 3.827219260e-04 1.518832970e-04 3.827219260e-04 1.518832970e-04 3.827219260e-04
6.432637632e-01 0.000000000e+00 0.000000000e+00 9.089859622e-02 3.827219260e-04 1.518832970e-04
6.571608594e-04 0.000000000e+00 0.000000000e+00 0.000000000e+00 2.328438626e-01 1.169879542e-02
2.430132752e-03 1.298583923e-03 5.618646313e-03 2.430132752e-03 6.571608594e-04 1.518832970e-04
3.827219260e-04 6.571608594e-04 6.571608594e-04 2.033796064e-03 1.518832970e-04 1.518832970e-04
1.518832970e-04 1.518832970e-04 1.518832970e-04 6.571608594e-04 3.827219260e-04 1.518832970e-04

