9.532520739e-18 2.998288916e-02 1.304030494e-03 7.597361137e-03 6.277675969e-03 9.532520739e-18
8.280077512e-03 0.000000000e+00 3.986075775e-02 5.175048445e-04 9.532520739e-18 9.532520739e-18
1.581875219e-02 9.532520739e-18 3.851834087e-01 1.304030494e-03 9.532520739e-18 5.175048445e-04
5.175048445e-04 1.366373676e-01 9.027539614e-02 2.053719337e-04 9.532520739e-18 1.755905333e-03
5.175048445e-04 1.304030494e-03 9.532520739e-18 9.532520739e-18 9.532520739e-18 5.175048445e-04
8.406133481e-02 1.755905333e-03 1.304030494e-03 8.406133481e-02 1.004428155e-01 9.532520739e-18

1.888777957e-04 3.479158744e-02 1.668018738e-01 2.245178665e-02 2.059282393e-03 8.766930674e-18
4.759422213e-04 0.000000000e+00 8.766930674e-18 4.289849962e-01 4.759422213e-04 1.888777957e-04
1.167911189e-01 0.000000000e+00 0.000000000e+00 1.605923848e-02 1.888777957e-04 1.888777957e-04
1.888777957e-04 1.105546093e-01 8.650233520e-02 7.615075541e-03 8.766930674e-18 1.888777957e-04
1.888777957e-04 1.888777957e-04 8.172267591e-04 8.766930674e-18 8.766930674e-18 4.759422213e-04
1.888777957e-04 1.888777957e-04 1.888777957e-04 2.059282393e-03 8.172267591e-04 1.888777957e-04

4.316861428e-04 5.646514612e-01 1.638699708e-01 1.713147593e-04 1.257246004e-01 1.867797462e-03
1.713147593e-04 0.000000000e+00 0.000000000e+00 0.000000000e+00 7.412359140e-04 1.713147593e-04
5.611975253e-02 0.000000000e+00 0.000000000e+00 3.496657757e-02 1.713147593e-04 1.713147593e-04
1.713147593e-04 4.191006753e-03 3.583260370e-02 2.293993416e-03 1.713147593e-04 7.412359140e-04
1.713147593e-04 1.713147593e-04 1.713147593e-04 1.713147593e-04 1.713147593e-04 1.464720589e-03
1.713147593e-04 1.713147593e-04 1.713147593e-04 4.191006753e-03 1.713147593e-04 1.713147593e-04

4.647784847e-18 1.000000000e+00 4.647784847e-18 0.000000000e+00 4.647784847e-18 4.647784847e-18
4.647784847e-18 0.000000000e+00 0.000000000e+00 0.000000000e+00 4.647784847e-18 4.647784847e-18
4.647784847e-18 0.000000000e+00 0.000000000e+00 4.647784847e-18 4.647784847e-18 4.647784847e-18
4.647784847e-18 4.647784847e-18 0.000000000e+00 4.647784847e-18 4.647784847e-18 4.647784847e-18
4.647784847e-18 4.647784847e-18 4.647784847e-18 4.647784847e-18 4.647784847e-18 4.647784847e-18
4.647784847e-18 4.647784847e-18 4.647784847e-18 4.647784847e-18 4.647784847e-18 4.647784847e-18

4.708159151e-03 0.000000000e+00 0.000000000e+00 0.000000000e+00 7.840432432e-01 1.439159530e-01
1.395341210e-04 0.000000000e+00 0.000000000e+00 0.000000000e+00 1.192999953e-03 1.868434197e-03
8.859864415e-04 0.000000000e+00 0.000000000e+00 4.809874410e-02 4.708159151e-03 1.395341210e-04
3.516039523e-04 2.232545935e-03 0.000000000e+00 4.708159151e-03 1.395341210e-04 1.395341210e-04
1.395341210e-04 1.395341210e-04 1.395341210e-04 1.395341210e-04 1.395341210e-04 1.192999953e-03
1.395341210e-04 1.395341210e-04 1.395341210e-04 1.395341210e-04 1.395341210e-04 1.395341210e-04

5.517311184e-04 0.000000000e+00 0.000000000e+00 0.000000000e+00 2.837652127e-01 1.275163305e-04
1.275163305e-04 0.000000000e+00 0.000000000e+00 0.000000000e+00 0.000000000e+00 3.213210179e-04
1.275163305e-04 0.000000000e+00 0.000000000e+00 0.000000000e+00 1.275163305e-04 1.275163305e-04
3.213210179e-04 3.213210179e-04 0.000000000e+00 7.121024782e-01 3.213210179e-04 1.275163305e-04
1.275163305e-04 1.275163305e-04 1.275163305e-04 1.275163305e-04 1.275163305e-04 1.275163305e-04
1.275163305e-04 1.275163305e-04 1.275163305e-04 1.275163305e-04 1.275163305e-04 1.275163305e-04

