1.404935970e-04 1.404935970e-04 1.404935970e-04 1.404935970e-04 3.540216804e-04 1.404935970e-04
1.404935970e-04 6.521135109e-18 1.404935970e-04 1.201203357e-03 1.404935970e-04 1.404935970e-04
1.404935970e-04 6.521135109e-18 6.078804896e-04 1.794876868e-02 3.437004588e-03 1.404935970e-04
1.404935970e-04 3.540216804e-04 7.878131145e-01 6.521135109e-18 1.438449539e-01 4.740533783e-03
3.540216804e-04 6.521135109e-18 1.404935970e-04 2.867575611e-02 1.404935970e-04 1.404935970e-04
1.404935970e-04 6.521135109e-18 1.404935970e-04 8.139834807e-03 1.404935970e-04 6.521135109e-18

6.695412876e-18 6.695412876e-18 6.695412876e-18 1.233305597e-03 6.695412876e-18 6.695412876e-18
6.695412876e-18 6.695412876e-18 6.695412876e-18 1.232121339e-01 6.695412876e-18 6.695412876e-18
6.695412876e-18 3.634829332e-04 6.500213418e-01 6.695412876e-18 1.904157421e-01 3.634829332e-04
6.695412876e-18 6.695412876e-18 0.000000000e+00 0.000000000e+00 3.634829332e-04 6.695412876e-18
6.695412876e-18 6.695412876e-18 6.695412876e-18 3.388277956e-02 6.695412876e-18 6.695412876e-18
6.695412876e-18 6.695412876e-18 6.695412876e-18 1.442482977e-04 6.695412876e-18 6.695412876e-18

4.794190206e-18 4.794190206e-18 4.794190206e-18 4.794190206e-18 2.837637545e-03 4.794190206e-18
4.794190206e-18 4.794190206e-18 4.794190206e-18 9.944973119e-01 4.794190206e-18 4.794190206e-18
4.794190206e-18 4.794190206e-18 8.830973864e-04 0.000000000e+00 1.126117206e-03 4.794190206e-18
4.794190206e-18 4.794190206e-18 0.000000000e+00 0.000000000e+00 4.794190206e-18 4.794190206e-18
4.794190206e-18 4.794190206e-18 6.558359949e-04 0.000000000e+00 4.794190206e-18 4.794190206e-18
4.794190206e-18 4.794190206e-18 4.794190206e-18 4.794190206e-18 4.794190206e-18 4.794190206e-18

9.723927436e-18 3.921916911e-03 2.113387254e-01 0.000000000e+00 5.140799058e-02 5.278959987e-04
9.882611344e-03 9.723927436e-18 2.805255544e-03 0.000000000e+00 2.094956659e-04 3.921916911e-03
9.882611344e-03 2.284073332e-03 1.759305149e-01 0.000000000e+00 1.791162748e-03 9.882611344e-03
2.288301141e-01 5.278959987e-04 0.000000000e+00 0.000000000e+00 6.275067058e-02 5.755504141e-03
1.393809553e-01 1.330214562e-03 9.723927436e-18 0.000000000e+00 2.094956659e-04 3.351930655e-03
9.723927436e-18 9.723927436e-18 6.981807111e-02 3.351930655e-03 9.064351025e-04 9.723927436e-18

5.509190116e-18 1.014801496e-03 9.614044144e-03 0.000000000e+00 6.443587849e-03 5.509190116e-18
5.509190116e-18 5.509190116e-18 1.256337567e-02 0.000000000e+00 5.509190116e-18 5.509190116e-18
7.763511626e-03 5.509190116e-18 9.511864175e-01 0.000000000e+00 1.186919030e-04 2.990848541e-04
1.186919030e-04 7.536466068e-04 0.000000000e+00 0.000000000e+00 2.990848541e-04 1.186919030e-04
1.186919030e-04 1.186919030e-04 0.000000000e+00 0.000000000e+00 1.186919030e-04 1.186919030e-04
5.509190116e-18 5.509190116e-18 8.216800613e-03 1.014801496e-03 0.000000000e+00 5.509190116e-18

1.073102180e-17 9.463016566e-02 8.912511039e-02 0.000000000e+00 8.640382691e-02 2.311928564e-04
9.324618874e-02 1.101813205e-01 1.073102180e-17 0.000000000e+00 7.066953174e-03 2.311928564e-04
1.174409208e-01 0.000000000e+00 0.000000000e+00 0.000000000e+00 2.311928564e-04 2.311928564e-04
2.311928564e-04 1.425185248e-02 0.000000000e+00 0.000000000e+00 1.712743007e-01 4.980899098e-03
2.311928564e-04 2.311928564e-04 0.000000000e+00 0.000000000e+00 2.311928564e-04 1.010585290e-02
3.700477452e-02 2.311928564e-04 6.542943925e-02 5.190530357e-02 0.000000000e+00 4.487235561e-02

3.710994351e-04 4.969213769e-03 1.372814861e-02 0.000000000e+00 3.710994351e-04 1.472709084e-04
9.351119798e-04 2.356334535e-03 0.000000000e+00 0.000000000e+00 6.372042131e-04 1.472709084e-04
1.530095080e-01 0.000000000e+00 0.000000000e+00 0.000000000e+00 1.472709084e-04 1.472709084e-04
1.472709084e-04 2.757022508e-03 0.000000000e+00 0.000000000e+00 0.000000000e+00 1.472709084e-04
1.686065174e-02 1.472709084e-04 0.000000000e+00 0.000000000e+00 7.568942752e-01 2.785333487e-02
3.710994351e-04 1.472709084e-04 1.972033791e-03 1.558842432e-02 0.000000000e+00 1.472709084e-04

