1.617290705e-04 1.617290705e-04 1.617290705e-04 1.617290705e-04 1.617290705e-04 1.617290705e-04
1.617290705e-04 1.617290705e-04 1.617290705e-04 4.075317207e-04 1.617290705e-04 1.617290705e-04
1.617290705e-04 2.990796761e-01 0.000000000e+00 4.080575533e-01 1.617290705e-04 1.617290705e-04
1.617290705e-04 1.382764102e-03 1.617290705e-04 8.011376755e-02 3.027690210e-03 1.617290705e-04
1.617290705e-04 4.075317207e-04 1.617290705e-04 2.031568004e-01 1.617290705e-04 1.617290705e-04
1.617290705e-04 1.617290705e-04 1.617290705e-04 1.617290705e-04 1.617290705e-04 1.617290705e-04

1.391456265e-04 1.391456265e-04 1.391456265e-04 1.391456265e-04 1.391456265e-04 1.391456265e-04
1.391456265e-04 1.391456265e-04 1.391456265e-04 1.391456265e-04 1.391456265e-04 1.391456265e-04
1.391456265e-04 4.940982731e-01 0.000000000e+00 6.020481599e-04 1.391456265e-04 1.391456265e-04
1.391456265e-04 1.391456265e-04 0.000000000e+00 0.000000000e+00 1.391456265e-04 1.391456265e-04
1.391456265e-04 1.189678372e-03 8.835196553e-04 6.020481599e-04 4.699026152e-01 1.391456265e-04
1.391456265e-04 1.391456265e-04 1.391456265e-04 1.391456265e-04 2.910403114e-02 1.391456265e-04

1.131448034e-04 1.131448034e-04 1.131448034e-04 1.131448034e-04 1.131448034e-04 1.131448034e-04
1.131448034e-04 1.131448034e-04 1.131448034e-04 1.131448034e-04 1.131448034e-04 1.131448034e-04
1.131448034e-04 9.483604200e-01 0.000000000e+00 1.131448034e-04 1.131448034e-04 1.131448034e-04
1.131448034e-04 1.131448034e-04 0.000000000e+00 0.000000000e+00 1.131448034e-04 1.131448034e-04
1.131448034e-04 1.131448034e-04 1.131448034e-04 0.000000000e+00 0.000000000e+00 1.131448034e-04
1.131448034e-04 1.131448034e-04 1.131448034e-04 1.131448034e-04 4.835838073e-02 1.131448034e-04

