7.312828517e-18 7.312828517e-18 7.312828517e-18 7.312828517e-18 7.312828517e-18 7.312828517e-18
7.312828517e-18 7.312828517e-18 3.375484299e-02 6.816797544e-04 7.312828517e-18 7.312828517e-18
7.312828517e-18 2.083714428e-02 1.222292563e-01 7.312828517e-18 3.970014111e-04 7.312828517e-18
7.312828517e-18 7.312828517e-18 5.795947429e-02 6.740513025e-01 4.806724190e-02 7.312828517e-18
7.312828517e-18 7.312828517e-18 7.312828517e-18 4.202205662e-02 7.312828517e-18 7.312828517e-18
7.312828517e-18 7.312828517e-18 7.312828517e-18 7.312828517e-18 7.312828517e-18 7.312828517e-18

8.417107058e-18 8.417107058e-18 8.417107058e-18 8.417107058e-18 8.417107058e-18 8.417107058e-18
8.417107058e-18 0.000000000e+00 4.438829970e-01 5.633848239e-02 8.417107058e-18 8.417107058e-18
1.186132755e-02 1.002388294e-01 8.417107058e-18 0.000000000e+00 1.575153302e-01 6.118809026e-03
8.417107058e-18 3.977980580e-02 1.368714413e-01 4.739297737e-02 8.417107058e-18 8.417107058e-18
8.417107058e-18 8.417107058e-18 8.417107058e-18 8.417107058e-18 8.417107058e-18 8.417107058e-18
8.417107058e-18 8.417107058e-18 8.417107058e-18 8.417107058e-18 8.417107058e-18 8.417107058e-18

5.767788644e-18 5.767788644e-18 5.767788644e-18 5.767788644e-18 5.767788644e-18 5.767788644e-18
5.767788644e-18 0.000000000e+00 5.767788644e-18 5.767788644e-18 5.767788644e-18 5.767788644e-18
5.767788644e-18 3.288853227e-01 0.000000000e+00 0.000000000e+00 5.767788644e-18 6.711146773e-01
5.767788644e-18 5.767788644e-18 5.767788644e-18 5.767788644e-18 5.767788644e-18 5.767788644e-18
5.767788644e-18 5.767788644e-18 5.767788644e-18 5.767788644e-18 5.767788644e-18 5.767788644e-18
5.767788644e-18 5.767788644e-18 5.767788644e-18 0.000000000e+00 5.767788644e-18 5.767788644e-18

5.157524540e-18 5.157524540e-18 5.157524540e-18 5.157524540e-18 5.157524540e-18 5.157524540e-18
5.157524540e-18 0.000000000e+00 5.157524540e-18 5.157524540e-18 5.157524540e-18 5.157524540e-18
5.157524540e-18 4.816587380e-02 0.000000000e+00 0.000000000e+00 0.000000000e+00 9.469770692e-01
5.157524540e-18 5.157524540e-18 5.157524540e-18 5.157524540e-18 5.157524540e-18 5.157524540e-18
5.157524540e-18 5.157524540e-18 4.857056978e-03 0.000000000e+00 5.157524540e-18 5.157524540e-18
5.157524540e-18 5.157524540e-18 5.157524540e-18 0.000000000e+00 5.157524540e-18 5.157524540e-18

