1.337107289e-04 1.337107289e-04 1.083056904e-02 1.337107289e-04 1.337107289e-04 1.337107289e-04
1.337107289e-04 1.337107289e-04 7.564442199e-02 8.490102071e-04 6.206302263e-18 1.337107289e-04
4.511666306e-03 3.422994661e-02 6.206302263e-18 8.596708129e-01 1.337107289e-04 1.337107289e-04
1.337107289e-04 5.785327241e-04 8.745877118e-03 3.369299240e-04 6.206302263e-18 1.337107289e-04
1.337107289e-04 6.206302263e-18 1.337107289e-04 6.206302263e-18 6.206302263e-18 3.369299240e-04
6.206302263e-18 8.490102071e-04 1.337107289e-04 1.143210651e-03 1.337107289e-04 1.337107289e-04

5.306095578e-04 3.090200961e-04 5.360582169e-03 3.090200961e-04 5.692198838e-18 3.090200961e-04
3.090200961e-04 5.692198838e-18 1.733771546e-02 7.786818477e-04 5.692198838e-18 5.306095578e-04
6.217534402e-03 1.048511991e-03 0.000000000e+00 0.000000000e+00 1.048511991e-03 3.090200961e-04
5.692198838e-18 1.048511991e-03 9.488960971e-01 5.692198838e-18 1.962155302e-03 5.692198838e-18
5.306095578e-04 5.692198838e-18 6.217534402e-03 1.226347064e-04 5.306095578e-04 7.786818477e-04
3.090200961e-04 3.090200961e-04 3.090200961e-04 3.748618108e-03 5.306095578e-04 3.090200961e-04

5.554892213e-18 5.554892213e-18 5.554892213e-18 5.554892213e-18 5.554892213e-18 5.554892213e-18
5.554892213e-18 0.000000000e+00 1.304800067e-03 5.554892213e-18 5.554892213e-18 1.602530693e-03
5.554892213e-18 5.178102496e-04 0.000000000e+00 0.000000000e+00 2.927740294e-03 5.554892213e-18
5.554892213e-18 4.825055130e-03 6.933747612e-03 0.000000000e+00 9.379988477e-01 5.554892213e-18
5.554892213e-18 5.554892213e-18 1.475518305e-02 2.811106527e-02 5.554892213e-18 5.554892213e-18
5.554892213e-18 5.554892213e-18 5.554892213e-18 5.554892213e-18 1.023219894e-03 5.554892213e-18

6.065784562e-18 6.065784562e-18 1.424804622e-03 6.065784562e-18 6.065784562e-18 6.065784562e-18
6.065784562e-18 0.000000000e+00 5.712403501e-03 6.065784562e-18 6.065784562e-18 6.065784562e-18
3.293014495e-04 2.446491216e-03 0.000000000e+00 0.000000000e+00 8.297876559e-04 6.065784562e-18
6.065784562e-18 6.065784562e-18 4.834393458e-03 0.000000000e+00 8.574135698e-01 7.821093453e-02
6.065784562e-18 6.065784562e-18 0.000000000e+00 4.504780463e-02 0.000000000e+00 8.297876559e-04
6.065784562e-18 6.065784562e-18 6.065784562e-18 2.090933869e-03 8.297876559e-04 6.065784562e-18

