4.753497755e-04 1.886426834e-04 3.018282935e-03 1.557163660e-01 1.358291655e-01 4.753497755e-04
1.886426834e-04 8.162094874e-04 2.930287287e-02 8.756017729e-18 4.354105458e-01 7.050152857e-02
1.612872256e-03 1.886426834e-04 0.000000000e+00 1.332295993e-01 4.614913294e-03 2.526023301e-03
1.197806376e-03 1.886426834e-04 4.064183412e-03 1.305935180e-02 4.753497755e-04 1.197806376e-03
1.886426834e-04 8.756017729e-18 8.756017729e-18 8.756017729e-18 4.753497755e-04 2.056719028e-03
4.753497755e-04 4.753497755e-04 4.753497755e-04 1.886426834e-04 1.197806376e-03 1.886426834e-04

1.732612007e-03 1.515383999e-01 5.187776759e-02 4.034370752e-02 1.732612007e-03 2.026475297e-04
6.753581069e-02 2.026475297e-04 3.588873714e-01 0.000000000e+00 1.889018974e-02 4.365908677e-03
8.768049377e-04 1.863645373e-01 0.000000000e+00 1.973438389e-02 8.768049377e-04 2.026475297e-04
1.286731607e-03 2.026475297e-04 8.294620173e-02 0.000000000e+00 5.106397766e-04 1.286731607e-03
5.106397766e-04 2.026475297e-04 5.106397766e-04 1.286731607e-03 1.732612007e-03 1.286731607e-03
2.026475297e-04 2.026475297e-04 5.106397766e-04 8.768049377e-04 8.768049377e-04 2.026475297e-04

1.062533686e-04 1.422787675e-03 1.700053898e-03 6.746668365e-04 4.931844493e-18 4.931844493e-18
4.597316257e-04 0.000000000e+00 9.909026523e-01 0.000000000e+00 2.677417115e-04 1.062533686e-04
1.062533686e-04 2.919113865e-03 0.000000000e+00 1.062533686e-04 1.062533686e-04 4.931844493e-18
4.931844493e-18 4.931844493e-18 1.062533686e-04 0.000000000e+00 1.062533686e-04 2.677417115e-04
4.931844493e-18 4.931844493e-18 4.931844493e-18 2.677417115e-04 0.000000000e+00 2.677417115e-04
4.931844493e-18 4.931844493e-18 4.931844493e-18 1.062533686e-04 4.931844493e-18 4.931844493e-18

4.199118438e-03 3.782938223e-02 2.666274011e-02 1.666421257e-03 1.666421257e-03 8.433084732e-04
2.125004194e-03 0.000000000e+00 0.000000000e+00 0.000000000e+00 1.237574768e-03 8.433084732e-04
7.210186024e-03 2.173874841e-01 0.000000000e+00 1.980119628e-02 1.270411466e-01 1.949058126e-04
8.433084732e-04 4.911318720e-04 1.949058126e-04 0.000000000e+00 2.125004194e-03 4.054080920e-01
1.949058126e-04 1.949058126e-04 1.949058126e-04 1.349293557e-02 0.000000000e+00 1.077369292e-01
1.949058126e-04 1.949058126e-04 8.433084732e-04 1.657176755e-02 2.609889846e-03 0.000000000e+00

3.079383756e-04 1.616255304e-02 2.287777755e-03 1.044841689e-03 6.195770011e-03 1.222054254e-04
3.079383756e-04 0.000000000e+00 0.000000000e+00 0.000000000e+00 1.222054254e-04 9.412860395e-03
1.222054254e-04 1.139162010e-02 0.000000000e+00 9.440466074e-01 0.000000000e+00 1.222054254e-04
3.079383756e-04 1.222054254e-04 0.000000000e+00 0.000000000e+00 3.735496123e-03 5.287521666e-04
1.222054254e-04 1.222054254e-04 1.222054254e-04 1.222054254e-04 0.000000000e+00 1.636393982e-03
1.222054254e-04 1.222054254e-04 1.222054254e-04 1.044841689e-03 1.222054254e-04 0.000000000e+00

4.000000000e-02 4.000000000e-02 4.000000000e-02 4.000000000e-02 4.000000000e-02 4.000000000e-02
4.000000000e-02 0.000000000e+00 0.000000000e+00 0.000000000e+00 0.000000000e+00 4.000000000e-02
4.000000000e-02 4.000000000e-02 0.000000000e+00 0.000000000e+00 0.000000000e+00 4.000000000e-02
4.000000000e-02 4.000000000e-02 0.000000000e+00 0.000000000e+00 4.000000000e-02 4.000000000e-02
4.000000000e-02 4.000000000e-02 4.000000000e-02 4.000000000e-02 0.000000000e+00 4.000000000e-02
4.000000000e-02 4.000000000e-02 4.000000000e-02 4.000000000e-02 4.000000000e-02 0.000000000e+00

