7.312828517e-18 7.312828517e-18 7.312828517e-18 7.312828517e-18 7.312828517e-18 7.312828517e-18
7.312828517e-18 7.312828517e-18 3.375484299e-02 6.816797544e-04 7.312828517e-18 7.312828517e-18
7.312828517e-18 2.083714428e-02 1.222292563e-01 7.312828517e-18 3.970014111e-04 7.312828517e-18
7.312828517e-18 7.312828517e-18 5.795947429e-02 6.740513025e-01 4.806724190e-02 7.312828517e-18
7.312828517e-18 7.312828517e-18 7.312828517e-18 4.202205662e-02 7.312828517e-18 7.312828517e-18
7.312828517e-18 7.312828517e-18 7.312828517e-18 7.312828517e-18 7.312828517e-18 7.312828517e-18

6.129581488e-18 3.327648795e-04 6.129581488e-18 6.129581488e-18 6.129581488e-18 6.129581488e-18
6.129581488e-18 6.129581488e-18 6.129581488e-18 6.129581488e-18 6.129581488e-18 6.129581488e-18
6.129581488e-18 3.327648795e-04 6.695283291e-03 0.000000000e+00 6.129581488e-18 6.129581488e-18
6.129581488e-18 6.129581488e-18 0.000000000e+00 6.787071292e-01 2.926627974e-01 6.129581488e-18
6.129581488e-18 6.129581488e-18 6.129581488e-18 2.113720250e-02 6.129581488e-18 1.320578299e-04
6.129581488e-18 6.129581488e-18 6.129581488e-18 6.129581488e-18 6.129581488e-18 6.129581488e-18

6.375256887e-18 6.375256887e-18 6.375256887e-18 6.375256887e-18 6.375256887e-18 6.375256887e-18
1.373507460e-04 1.153445698e-01 0.000000000e+00 6.375256887e-18 6.219418666e-01 6.375256887e-18
6.375256887e-18 6.375256887e-18 6.375256887e-18 0.000000000e+00 6.375256887e-18 6.375256887e-18
6.375256887e-18 6.375256887e-18 0.000000000e+00 0.000000000e+00 2.624388621e-01 6.375256887e-18
6.375256887e-18 6.375256887e-18 6.375256887e-18 6.375256887e-18 6.375256887e-18 1.373507460e-04
6.375256887e-18 6.375256887e-18 6.375256887e-18 6.375256887e-18 6.375256887e-18 6.375256887e-18

5.177609225e-18 5.177609225e-18 5.177609225e-18 5.177609225e-18 5.177609225e-18 1.115482093e-04
1.115482093e-04 3.409733259e-03 0.000000000e+00 0.000000000e+00 9.664166085e-01 5.655453085e-03
5.177609225e-18 2.810838739e-04 5.177609225e-18 0.000000000e+00 5.177609225e-18 5.177609225e-18
2.810838739e-04 1.115482093e-04 0.000000000e+00 0.000000000e+00 2.220736832e-02 5.177609225e-18
5.177609225e-18 5.177609225e-18 0.000000000e+00 5.177609225e-18 5.177609225e-18 7.082869790e-04
1.115482093e-04 5.177609225e-18 4.826410707e-04 5.177609225e-18 5.177609225e-18 1.115482093e-04

