6.899761152e-18 6.899761152e-18 6.899761152e-18 6.899761152e-18 6.899761152e-18 6.899761152e-18
6.899761152e-18 6.899761152e-18 1.637341539e-02 6.431748640e-04 0.000000000e+00 6.899761152e-18
6.899761152e-18 7.536543179e-03 1.388938437e-01 6.375807798e-01 1.486508478e-04 6.899761152e-18
6.899761152e-18 2.782856014e-03 9.163561484e-03 1.867285239e-01 1.486508478e-04 6.899761152e-18
6.899761152e-18 6.899761152e-18 6.899761152e-18 6.899761152e-18 6.899761152e-18 6.899761152e-18
6.899761152e-18 6.899761152e-18 6.899761152e-18 6.899761152e-18 6.899761152e-18 6.899761152e-18

4.879760152e-18 4.548764810e-04 4.879760152e-18 4.879760152e-18 1.051312455e-04 4.879760152e-18
4.879760152e-18 0.000000000e+00 4.879760152e-18 4.879760152e-18 0.000000000e+00 4.879760152e-18
4.879760152e-18 4.879760152e-18 1.051312455e-04 1.051312455e-04 0.000000000e+00 4.879760152e-18
4.879760152e-18 9.873314610e-01 1.051312455e-04 4.548764810e-04 1.112799861e-02 4.879760152e-18
4.879760152e-18 1.051312455e-04 4.879760152e-18 4.879760152e-18 1.051312455e-04 4.879760152e-18
4.879760152e-18 4.879760152e-18 4.879760152e-18 4.879760152e-18 4.879760152e-18 4.879760152e-18

1.233377537e-04 1.233377537e-04 5.724831402e-18 1.233377537e-04 1.651556445e-03 5.724831402e-18
1.233377537e-04 0.000000000e+00 1.233377537e-04 1.233377537e-04 0.000000000e+00 5.724831402e-18
1.233377537e-04 0.000000000e+00 7.219248361e-02 5.724831402e-18 0.000000000e+00 5.724831402e-18
5.724831402e-18 8.916288617e-01 1.233377537e-04 1.651556445e-03 0.000000000e+00 1.233377537e-04
5.724831402e-18 1.344717432e-03 5.724831402e-18 1.233377537e-04 2.961664191e-02 5.724831402e-18
1.233377537e-04 1.233377537e-04 1.233377537e-04 5.724831402e-18 3.107916642e-04 5.724831402e-18

1.115743617e-04 2.729530748e-03 1.115743617e-04 5.178823111e-18 1.115743617e-04 5.178823111e-18
5.178823111e-18 0.000000000e+00 1.115743617e-04 0.000000000e+00 0.000000000e+00 1.115743617e-04
5.178823111e-18 0.000000000e+00 9.537475282e-01 0.000000000e+00 0.000000000e+00 5.178823111e-18
5.178823111e-18 5.178823111e-18 5.178823111e-18 7.084530362e-04 0.000000000e+00 1.115743617e-04
5.178823111e-18 4.169874443e-02 5.178823111e-18 1.115743617e-04 1.115743617e-04 5.178823111e-18
5.178823111e-18 1.115743617e-04 5.178823111e-18 5.178823111e-18 1.115743617e-04 5.178823111e-18

