6.083106025e-18 1.310565464e-04 1.120517710e-03 1.310565464e-04 6.182375692e-03 6.083106025e-18
1.310565464e-04 6.083106025e-18 1.310565464e-04 3.302418032e-04 3.078414197e-02 1.120517710e-03
1.310565464e-04 6.083106025e-18 3.302418032e-04 8.803673476e-01 6.083106025e-18 6.002133426e-02
1.310565464e-04 6.083106025e-18 6.083106025e-18 1.754915081e-03 1.009461709e-02 3.302418032e-04
1.310565464e-04 6.083106025e-18 6.083106025e-18 1.310565464e-04 1.310565464e-04 1.310565464e-04
6.083106025e-18 1.310565464e-04 5.728715848e-03 1.310565464e-04 1.310565464e-04 1.310565464e-04

5.357583207e-18 5.357583207e-18 1.154256312e-04 5.357583207e-18 9.469170704e-01 5.357583207e-18
5.357583207e-18 5.357583207e-18 5.357583207e-18 2.591430601e-02 5.357583207e-18 5.445013132e-03
5.357583207e-18 5.357583207e-18 0.000000000e+00 2.908543648e-04 0.000000000e+00 1.957789832e-02
5.357583207e-18 5.357583207e-18 5.357583207e-18 2.908543648e-04 9.868752647e-04 1.154256312e-04
5.357583207e-18 5.357583207e-18 5.357583207e-18 5.357583207e-18 5.357583207e-18 1.154256312e-04
5.357583207e-18 1.154256312e-04 1.154256312e-04 5.357583207e-18 5.357583207e-18 5.357583207e-18

4.994946651e-18 4.994946651e-18 4.994946651e-18 4.994946651e-18 4.994946651e-18 4.994946651e-18
4.994946651e-18 4.994946651e-18 4.994946651e-18 9.656922560e-01 0.000000000e+00 4.994946651e-18
4.994946651e-18 4.994946651e-18 0.000000000e+00 4.994946651e-18 0.000000000e+00 3.403657657e-02
4.994946651e-18 4.994946651e-18 4.994946651e-18 2.711674237e-04 0.000000000e+00 4.994946651e-18
4.994946651e-18 4.994946651e-18 4.994946651e-18 4.994946651e-18 4.994946651e-18 4.994946651e-18
4.994946651e-18 4.994946651e-18 4.994946651e-18 4.994946651e-18 4.994946651e-18 4.994946651e-18

5.631871911e-18 5.631871911e-18 5.631871911e-18 5.631871911e-18 5.631871911e-18 5.631871911e-18
5.631871911e-18 5.631871911e-18 5.631871911e-18 7.670925220e-01 0.000000000e+00 5.631871911e-18
5.631871911e-18 5.631871911e-18 0.000000000e+00 0.000000000e+00 0.000000000e+00 2.329074780e-01
5.631871911e-18 5.631871911e-18 5.631871911e-18 0.000000000e+00 0.000000000e+00 5.631871911e-18
5.631871911e-18 5.631871911e-18 5.631871911e-18 5.631871911e-18 5.631871911e-18 5.631871911e-18
5.631871911e-18 5.631871911e-18 5.631871911e-18 5.631871911e-18 5.631871911e-18 5.631871911e-18

4.806124104e-18 4.806124104e-18 4.806124104e-18 1.035448049e-04 1.035448049e-04 4.806124104e-18
4.806124104e-18 4.806124104e-18 4.806124104e-18 9.652133511e-03 0.000000000e+00 4.806124104e-18
4.806124104e-18 4.806124104e-18 0.000000000e+00 0.000000000e+00 0.000000000e+00 9.901407769e-01
4.806124104e-18 4.806124104e-18 0.000000000e+00 0.000000000e+00 0.000000000e+00 4.806124104e-18
4.806124104e-18 4.806124104e-18 4.806124104e-18 4.806124104e-18 0.000000000e+00 4.806124104e-18
4.806124104e-18 4.806124104e-18 4.806124104e-18 4.806124104e-18 4.806124104e-18 4.806124104e-18

