7.312828517e-18 7.312828517e-18 7.312828517e-18 7.312828517e-18 7.312828517e-18 7.312828517e-18
7.312828517e-18 7.312828517e-18 3.375484299e-02 6.816797544e-04 7.312828517e-18 7.312828517e-18
7.312828517e-18 2.083714428e-02 1.222292563e-01 7.312828517e-18 3.970014111e-04 7.312828517e-18
7.312828517e-18 7.312828517e-18 5.795947429e-02 6.740513025e-01 4.806724190e-02 7.312828517e-18
7.312828517e-18 7.312828517e-18 7.312828517e-18 4.202205662e-02 7.312828517e-18 7.312828517e-18
7.312828517e-18 7.312828517e-18 7.312828517e-18 7.312828517e-18 7.312828517e-18 7.312828517e-18

7.469131258e-18 7.469131258e-18 7.469131258e-18 7.469131258e-18 7.469131258e-18 7.469131258e-18
7.469131258e-18 7.469131258e-18 4.033890986e-02 7.469131258e-18 7.469131258e-18 7.469131258e-18
2.574680878e-03 1.038046283e-01 7.469131258e-18 0.000000000e+00 4.506967201e-01 7.469131258e-18
7.469131258e-18 7.469131258e-18 3.260463545e-01 0.000000000e+00 8.735948915e-03 7.469131258e-18
7.469131258e-18 7.469131258e-18 6.780275742e-02 7.469131258e-18 7.469131258e-18 7.469131258e-18
7.469131258e-18 7.469131258e-18 7.469131258e-18 7.469131258e-18 7.469131258e-18 7.469131258e-18

5.773725941e-18 5.773725941e-18 5.773725941e-18 5.773725941e-18 5.773725941e-18 5.773725941e-18
5.773725941e-18 5.773725941e-18 5.773725941e-18 5.773725941e-18 5.773725941e-18 5.773725941e-18
5.773725941e-18 8.491337083e-01 0.000000000e+00 0.000000000e+00 1.000212080e-01 7.898345985e-04
3.134460682e-04 3.134460682e-04 0.000000000e+00 0.000000000e+00 4.942835696e-02 5.773725941e-18
5.773725941e-18 5.773725941e-18 5.773725941e-18 5.773725941e-18 5.773725941e-18 5.773725941e-18
5.773725941e-18 5.773725941e-18 5.773725941e-18 5.773725941e-18 5.773725941e-18 5.773725941e-18

5.338410957e-18 5.338410957e-18 1.150125776e-04 5.338410957e-18 5.338410957e-18 5.338410957e-18
5.338410957e-18 5.338410957e-18 0.000000000e+00 5.338410957e-18 5.338410957e-18 5.338410957e-18
5.338410957e-18 9.376952592e-01 0.000000000e+00 0.000000000e+00 2.477870869e-03 1.150125776e-04
2.641686958e-02 0.000000000e+00 0.000000000e+00 0.000000000e+00 3.317997516e-02 5.338410957e-18
5.338410957e-18 5.338410957e-18 5.338410957e-18 5.338410957e-18 5.338410957e-18 5.338410957e-18
5.338410957e-18 5.338410957e-18 5.338410957e-18 5.338410957e-18 5.338410957e-18 5.338410957e-18

1.617700529e-04 2.588320846e-03 2.684494950e-01 1.617700529e-04 1.617700529e-04 1.617700529e-04
1.027175808e-03 1.027175808e-03 0.000000000e+00 1.617700529e-04 1.617700529e-04 1.617700529e-04
1.617700529e-04 0.000000000e+00 0.000000000e+00 0.000000000e+00 1.922950604e-02 3.957507145e-03
1.763734166e-03 0.000000000e+00 0.000000000e+00 0.000000000e+00 3.570310246e-01 1.617700529e-04
5.458443780e-03 1.617700529e-04 0.000000000e+00 3.335748986e-01 1.617700529e-04 1.383114496e-03
1.383114496e-03 1.617700529e-04 6.999383677e-04 1.617700529e-04 1.617700529e-04 1.617700529e-04

5.194835631e-18 4.842468641e-04 2.820190671e-04 5.194835631e-18 5.194835631e-18 5.194835631e-18
5.194835631e-18 1.119193409e-04 0.000000000e+00 5.194835631e-18 5.194835631e-18 5.194835631e-18
5.194835631e-18 0.000000000e+00 0.000000000e+00 0.000000000e+00 5.194835631e-18 1.119193409e-04
1.119193409e-04 0.000000000e+00 0.000000000e+00 0.000000000e+00 0.000000000e+00 4.842468641e-04
4.380752393e-02 0.000000000e+00 0.000000000e+00 5.194835631e-18 3.421077771e-03 1.119193409e-04
1.119193409e-04 5.194835631e-18 9.509612888e-01 5.194835631e-18 5.194835631e-18 5.194835631e-18

