6.789011641e-18 6.789011641e-18 6.789011641e-18 6.789011641e-18 1.462648219e-04 6.789011641e-18
6.789011641e-18 2.097077343e-01 6.495387816e-01 6.789011641e-18 6.393496747e-03 1.462648219e-04
6.789011641e-18 6.789011641e-18 1.176095215e-01 1.462648219e-04 2.340237151e-03 6.789011641e-18
6.789011641e-18 9.016475241e-03 1.250546637e-03 0.000000000e+00 2.340237151e-03 6.789011641e-18
6.328511297e-04 6.789011641e-18 1.462648219e-04 1.462648219e-04 6.789011641e-18 1.462648219e-04
6.789011641e-18 6.789011641e-18 6.789011641e-18 1.462648219e-04 1.462648219e-04 6.789011641e-18

5.103001906e-18 5.103001906e-18 5.103001906e-18 5.103001906e-18 5.103001906e-18 5.103001906e-18
4.756864021e-04 5.103001906e-18 9.766085512e-01 0.000000000e+00 8.905208307e-03 9.399809880e-04
1.099408433e-04 6.980808413e-04 0.000000000e+00 5.103001906e-18 1.099408433e-04 5.103001906e-18
5.103001906e-18 8.468182217e-03 5.103001906e-18 0.000000000e+00 5.103001906e-18 5.103001906e-18
1.099408433e-04 5.103001906e-18 5.103001906e-18 5.103001906e-18 2.770335655e-04 5.103001906e-18
5.103001906e-18 5.103001906e-18 5.103001906e-18 3.020420380e-03 5.103001906e-18 2.770335655e-04

2.351284209e-03 1.492972411e-02 5.752130196e-02 1.369357302e-03 9.331077569e-04 1.843869296e-03
2.351284209e-03 0.000000000e+00 0.000000000e+00 0.000000000e+00 7.064657205e-02 5.434298053e-04
4.037322784e-03 2.968802991e-01 0.000000000e+00 2.726159582e-01 7.064657205e-02 1.369357302e-03
2.887802669e-03 2.755169078e-02 2.156602612e-04 0.000000000e+00 9.479783903e-02 5.275865398e-03
5.924864939e-03 1.093389573e-02 9.331077569e-04 3.554516782e-02 3.450564178e-03 1.369357302e-03
9.331077569e-04 9.331077569e-04 2.351284209e-03 4.037322784e-03 3.450564178e-03 1.369357302e-03

2.190527411e-03 1.717804347e-03 7.626845693e-02 2.190527411e-03 1.275734636e-03 1.275734636e-03
1.275734636e-03 0.000000000e+00 0.000000000e+00 0.000000000e+00 2.041175417e-02 8.693113791e-04
2.690364218e-03 1.418974032e-01 0.000000000e+00 2.041943393e-01 7.391275771e-02 1.275734636e-03
8.693113791e-04 4.915155609e-03 0.000000000e+00 0.000000000e+00 1.275734636e-03 3.945569637e-01
1.468702057e-02 1.275734636e-03 2.009156152e-04 4.328595711e-03 0.000000000e+00 1.872874591e-02
8.693113791e-04 8.693113791e-04 2.690364218e-03 3.214649843e-03 1.956572522e-02 5.062756257e-04

2.835905814e-03 1.225755242e-01 2.835905814e-03 2.835905814e-03 3.388553906e-03 2.835905814e-03
2.062417925e-02 0.000000000e+00 0.000000000e+00 0.000000000e+00 8.039437894e-02 5.818388877e-03
1.344748509e-03 4.005480770e-02 0.000000000e+00 4.429737611e-02 0.000000000e+00 2.994145437e-02
2.309029156e-03 3.246752588e-01 0.000000000e+00 0.000000000e+00 2.309029156e-03 2.309029156e-03
2.835905814e-03 3.964767842e-03 1.810733023e-03 3.901106039e-02 0.000000000e+00 1.344748509e-03
2.309029156e-03 2.835905814e-03 2.835905814e-03 2.309029156e-03 2.493575331e-01 0.000000000e+00

4.415076078e-04 3.774836948e-03 1.112529457e-03 1.112529457e-03 1.752124103e-04 7.581000702e-04
7.658847564e-03 0.000000000e+00 0.000000000e+00 0.000000000e+00 8.679284597e-02 4.415076078e-04
1.752124103e-04 0.000000000e+00 0.000000000e+00 8.265355494e-03 0.000000000e+00 4.415076078e-04
4.415076078e-04 4.570411984e-01 0.000000000e+00 0.000000000e+00 1.752124103e-04 1.112529457e-03
4.415076078e-04 6.445707275e-02 0.000000000e+00 2.584247709e-01 0.000000000e+00 1.752124103e-04
4.415076078e-04 1.498045035e-03 1.752124103e-04 1.910292473e-03 1.025559383e-01 0.000000000e+00

4.417400516e-02 4.417400516e-02 4.417400516e-02 4.417400516e-02 4.417400516e-02 4.417400516e-02
4.417400516e-02 0.000000000e+00 0.000000000e+00 0.000000000e+00 4.417400516e-02 4.417400516e-02
4.417400516e-02 0.000000000e+00 0.000000000e+00 4.417400516e-02 0.000000000e+00 4.284049527e-02
4.284049527e-02 4.284049527e-02 0.000000000e+00 0.000000000e+00 4.284049527e-02 4.284049527e-02
4.284049527e-02 4.284049527e-02 0.000000000e+00 0.000000000e+00 0.000000000e+00 4.284049527e-02
4.284049527e-02 0.000000000e+00 4.284049527e-02 4.284049527e-02 4.284049527e-02 0.000000000e+00

