6.468507115e-18 1.393597612e-04 6.468507115e-18 3.409266678e-03 1.393597612e-04 6.468507115e-18
1.393597612e-04 6.468507115e-18 1.393597612e-04 5.208299632e-02 8.848793262e-04 1.393597612e-04
1.393597612e-04 6.468507115e-18 7.750300650e-01 6.468507115e-18 1.458459893e-01 7.565611817e-03
1.393597612e-04 6.468507115e-18 1.866099430e-03 1.073417136e-02 3.511645933e-04 1.393597612e-04
1.393597612e-04 6.468507115e-18 6.468507115e-18 1.393597612e-04 6.468507115e-18 6.468507115e-18
1.393597612e-04 1.393597612e-04 1.393597612e-04 1.393597612e-04 1.393597612e-04 1.393597612e-04

5.763929331e-18 1.241800930e-04 5.763929331e-18 1.061724861e-03 1.241800930e-04 5.763929331e-18
5.763929331e-18 5.763929331e-18 1.241800930e-04 7.396476912e-01 5.763929331e-18 1.241800930e-04
5.763929331e-18 5.763929331e-18 5.763929331e-18 0.000000000e+00 2.582971432e-01 1.241800930e-04
5.763929331e-18 5.763929331e-18 0.000000000e+00 1.241800930e-04 1.241800930e-04 5.763929331e-18
5.763929331e-18 5.763929331e-18 5.763929331e-18 1.241800930e-04 5.763929331e-18 5.763929331e-18
5.763929331e-18 5.763929331e-18 5.763929331e-18 5.763929331e-18 5.763929331e-18 5.763929331e-18

5.858751031e-18 5.858751031e-18 5.858751031e-18 2.367363003e-01 5.858751031e-18 5.858751031e-18
5.858751031e-18 5.858751031e-18 7.473833296e-01 5.858751031e-18 0.000000000e+00 3.180619402e-04
5.858751031e-18 5.858751031e-18 5.858751031e-18 0.000000000e+00 1.556230807e-02 0.000000000e+00
5.858751031e-18 5.858751031e-18 0.000000000e+00 5.858751031e-18 5.858751031e-18 5.858751031e-18
5.858751031e-18 5.858751031e-18 5.858751031e-18 5.858751031e-18 5.858751031e-18 5.858751031e-18
5.858751031e-18 5.858751031e-18 5.858751031e-18 5.858751031e-18 5.858751031e-18 5.858751031e-18

4.647784847e-18 4.647784847e-18 4.647784847e-18 4.647784847e-18 4.647784847e-18 4.647784847e-18
4.647784847e-18 4.647784847e-18 1.000000000e+00 0.000000000e+00 0.000000000e+00 4.647784847e-18
4.647784847e-18 4.647784847e-18 4.647784847e-18 0.000000000e+00 4.647784847e-18 0.000000000e+00
4.647784847e-18 4.647784847e-18 0.000000000e+00 4.647784847e-18 4.647784847e-18 4.647784847e-18
4.647784847e-18 4.647784847e-18 4.647784847e-18 4.647784847e-18 4.647784847e-18 4.647784847e-18
4.647784847e-18 4.647784847e-18 4.647784847e-18 0.000000000e+00 4.647784847e-18 4.647784847e-18

