7.173310368e-18 7.173310368e-18 7.173310368e-18 7.173310368e-18 7.173310368e-18 7.173310368e-18
7.173310368e-18 7.173310368e-18 1.545442870e-04 1.545442870e-04 5.717084799e-03 7.173310368e-18
7.173310368e-18 1.545442870e-04 2.525207786e-01 6.755406962e-03 7.173310368e-18 7.173310368e-18
7.173310368e-18 7.173310368e-18 1.190375791e-02 3.972487669e-01 3.214552901e-01 7.173310368e-18
7.173310368e-18 7.173310368e-18 1.545442870e-04 7.173310368e-18 3.780737591e-03 7.173310368e-18
7.173310368e-18 7.173310368e-18 7.173310368e-18 7.173310368e-18 7.173310368e-18 7.173310368e-18

4.789424365e-18 4.789424365e-18 4.789424365e-18 4.789424365e-18 2.223053865e-03 4.789424365e-18
4.789424365e-18 4.789424365e-18 4.789424365e-18 4.789424365e-18 4.789424365e-18 4.789424365e-18
4.789424365e-18 4.789424365e-18 0.000000000e+00 4.789424365e-18 0.000000000e+00 4.789424365e-18
4.789424365e-18 4.789424365e-18 6.551840370e-04 1.124997748e-03 9.948717666e-01 4.789424365e-18
4.789424365e-18 4.789424365e-18 4.789424365e-18 4.789424365e-18 1.124997748e-03 4.789424365e-18
4.789424365e-18 4.789424365e-18 4.789424365e-18 4.789424365e-18 4.789424365e-18 4.789424365e-18

7.497174791e-18 7.497174791e-18 7.497174791e-18 7.497174791e-18 1.380991404e-03 7.100015229e-02
1.615217345e-04 1.615217345e-04 4.136512146e-01 1.615217345e-04 0.000000000e+00 1.615217345e-04
1.615217345e-04 7.497174791e-18 0.000000000e+00 7.497174791e-18 0.000000000e+00 1.761026819e-03
1.615217345e-04 1.615217345e-04 1.714937229e-01 3.243839136e-01 0.000000000e+00 7.497174791e-18
7.497174791e-18 1.380991404e-03 7.497174791e-18 1.244119509e-02 1.615217345e-04 7.497174791e-18
1.615217345e-04 1.615217345e-04 1.615217345e-04 4.070092666e-04 1.615217345e-04 1.615217345e-04

5.238890487e-18 5.238890487e-18 5.238890487e-18 5.238890487e-18 5.238890487e-18 6.127443485e-03
5.238890487e-18 5.238890487e-18 5.238890487e-18 5.238890487e-18 0.000000000e+00 5.238890487e-18
5.238890487e-18 5.238890487e-18 0.000000000e+00 0.000000000e+00 0.000000000e+00 9.388514041e-01
5.238890487e-18 5.238890487e-18 5.238890487e-18 0.000000000e+00 0.000000000e+00 5.238890487e-18
5.238890487e-18 5.379057860e-02 5.238890487e-18 5.238890487e-18 1.230573771e-03 5.238890487e-18
5.238890487e-18 5.238890487e-18 5.238890487e-18 5.238890487e-18 5.238890487e-18 5.238890487e-18

5.529471708e-18 5.529471708e-18 5.529471708e-18 5.529471708e-18 5.529471708e-18 3.306451758e-02
5.529471708e-18 5.154406270e-04 5.529471708e-18 5.529471708e-18 0.000000000e+00 5.529471708e-18
5.529471708e-18 5.529471708e-18 0.000000000e+00 0.000000000e+00 0.000000000e+00 8.980110261e-01
5.529471708e-18 5.529471708e-18 0.000000000e+00 0.000000000e+00 0.000000000e+00 5.529471708e-18
5.529471708e-18 6.817075794e-02 5.529471708e-18 5.529471708e-18 0.000000000e+00 5.529471708e-18
1.191288567e-04 5.529471708e-18 5.529471708e-18 5.529471708e-18 1.191288567e-04 5.529471708e-18

