6.013231718e-18 3.264484422e-04 2.072818402e-03 7.077488910e-02 5.605352718e-04 6.013231718e-18
1.295511501e-04 1.295511501e-04 5.662912285e-03 6.013231718e-18 4.765922629e-02 3.264484422e-04
1.295511501e-04 6.013231718e-18 8.225985279e-04 8.671287104e-01 3.264484422e-04 1.412460376e-03
1.107646753e-03 6.013231718e-18 6.013231718e-18 1.295511501e-04 6.013231718e-18 3.264484422e-04
3.264484422e-04 6.013231718e-18 6.013231718e-18 6.013231718e-18 1.295511501e-04 1.295511501e-04
6.013231718e-18 1.295511501e-04 1.295511501e-04 1.295511501e-04 6.013231718e-18 6.013231718e-18

5.631610118e-18 5.631610118e-18 4.677260774e-02 5.631610118e-18 9.070696701e-01 3.057308343e-04
5.631610118e-18 1.213293620e-04 3.567059707e-02 0.000000000e+00 5.723511864e-03 1.213293620e-04
5.631610118e-18 5.631610118e-18 0.000000000e+00 4.093894325e-03 5.631610118e-18 5.631610118e-18
5.631610118e-18 5.631610118e-18 5.631610118e-18 5.631610118e-18 5.631610118e-18 1.213293620e-04
5.631610118e-18 5.631610118e-18 5.631610118e-18 5.631610118e-18 5.631610118e-18 5.631610118e-18
5.631610118e-18 5.631610118e-18 5.631610118e-18 5.631610118e-18 5.631610118e-18 5.631610118e-18

5.369227228e-18 5.369227228e-18 5.369227228e-18 0.000000000e+00 5.369227228e-18 5.369227228e-18
5.369227228e-18 5.369227228e-18 1.236993049e-01 0.000000000e+00 8.763006951e-01 5.369227228e-18
5.369227228e-18 5.369227228e-18 0.000000000e+00 5.369227228e-18 5.369227228e-18 5.369227228e-18
5.369227228e-18 5.369227228e-18 5.369227228e-18 0.000000000e+00 5.369227228e-18 5.369227228e-18
5.369227228e-18 5.369227228e-18 5.369227228e-18 5.369227228e-18 5.369227228e-18 5.369227228e-18
5.369227228e-18 5.369227228e-18 5.369227228e-18 5.369227228e-18 5.369227228e-18 5.369227228e-18

4.647784847e-18 4.647784847e-18 4.647784847e-18 0.000000000e+00 4.647784847e-18 4.647784847e-18
4.647784847e-18 4.647784847e-18 4.647784847e-18 0.000000000e+00 1.000000000e+00 4.647784847e-18
4.647784847e-18 4.647784847e-18 0.000000000e+00 0.000000000e+00 4.647784847e-18 4.647784847e-18
4.647784847e-18 4.647784847e-18 0.000000000e+00 0.000000000e+00 4.647784847e-18 4.647784847e-18
4.647784847e-18 4.647784847e-18 4.647784847e-18 4.647784847e-18 4.647784847e-18 4.647784847e-18
4.647784847e-18 4.647784847e-18 4.647784847e-18 4.647784847e-18 4.647784847e-18 4.647784847e-18

