6.083106025e-18 1.310565464e-04 1.120517710e-03 1.310565464e-04 6.182375692e-03 6.083106025e-18
1.310565464e-04 6.083106025e-18 1.310565464e-04 3.302418032e-04 3.078414197e-02 1.120517710e-03
1.310565464e-04 6.083106025e-18 3.302418032e-04 8.803673476e-01 6.083106025e-18 6.002133426e-02
1.310565464e-04 6.083106025e-18 6.083106025e-18 1.754915081e-03 1.009461709e-02 3.302418032e-04
1.310565464e-04 6.083106025e-18 6.083106025e-18 1.310565464e-04 1.310565464e-04 1.310565464e-04
6.083106025e-18 1.310565464e-04 5.728715848e-03 1.310565464e-04 1.310565464e-04 1.310565464e-04

5.214782642e-18 1.123490863e-04 1.123490863e-04 5.214782642e-18 9.574902737e-01 5.214782642e-18
5.214782642e-18 5.214782642e-18 5.214782642e-18 5.299882217e-03 5.214782642e-18 1.504412493e-03
5.214782642e-18 5.214782642e-18 5.214782642e-18 4.861062641e-04 0.000000000e+00 3.179569572e-02
5.214782642e-18 5.214782642e-18 5.214782642e-18 0.000000000e+00 3.086582380e-03 5.214782642e-18
5.214782642e-18 5.214782642e-18 5.214782642e-18 5.214782642e-18 1.123490863e-04 5.214782642e-18
5.214782642e-18 5.214782642e-18 5.214782642e-18 5.214782642e-18 5.214782642e-18 5.214782642e-18

5.516899921e-18 5.516899921e-18 5.516899921e-18 5.516899921e-18 2.995034067e-04 5.516899921e-18
5.516899921e-18 5.516899921e-18 5.516899921e-18 1.188580057e-04 0.000000000e+00 5.516899921e-18
5.516899921e-18 5.516899921e-18 5.516899921e-18 8.301430134e-01 0.000000000e+00 1.694386252e-01
5.516899921e-18 5.516899921e-18 0.000000000e+00 0.000000000e+00 5.516899921e-18 5.516899921e-18
5.516899921e-18 5.516899921e-18 5.516899921e-18 5.516899921e-18 5.516899921e-18 5.516899921e-18
5.516899921e-18 5.516899921e-18 5.516899921e-18 5.516899921e-18 5.516899921e-18 5.516899921e-18

4.695298285e-18 4.695298285e-18 4.695298285e-18 4.695298285e-18 4.695298285e-18 4.695298285e-18
4.695298285e-18 4.695298285e-18 4.695298285e-18 1.893737882e-03 0.000000000e+00 4.695298285e-18
4.695298285e-18 4.695298285e-18 4.695298285e-18 4.695298285e-18 0.000000000e+00 9.981062621e-01
4.695298285e-18 4.695298285e-18 0.000000000e+00 0.000000000e+00 0.000000000e+00 4.695298285e-18
4.695298285e-18 4.695298285e-18 4.695298285e-18 0.000000000e+00 4.695298285e-18 4.695298285e-18
4.695298285e-18 4.695298285e-18 4.695298285e-18 4.695298285e-18 4.695298285e-18 4.695298285e-18

