7.312828517e-18 7.312828517e-18 7.312828517e-18 7.312828517e-18 7.312828517e-18 7.312828517e-18
7.312828517e-18 7.312828517e-18 3.375484299e-02 6.816797544e-04 7.312828517e-18 7.312828517e-18
7.312828517e-18 2.083714428e-02 1.222292563e-01 7.312828517e-18 3.970014111e-04 7.312828517e-18
7.312828517e-18 7.312828517e-18 5.795947429e-02 6.740513025e-01 4.806724190e-02 7.312828517e-18
7.312828517e-18 7.312828517e-18 7.312828517e-18 4.202205662e-02 7.312828517e-18 7.312828517e-18
7.312828517e-18 7.312828517e-18 7.312828517e-18 7.312828517e-18 7.312828517e-18 7.312828517e-18

6.129581488e-18 3.327648795e-04 6.129581488e-18 6.129581488e-18 6.129581488e-18 6.129581488e-18
6.129581488e-18 6.129581488e-18 6.129581488e-18 6.129581488e-18 6.129581488e-18 6.129581488e-18
6.129581488e-18 3.327648795e-04 6.695283291e-03 0.000000000e+00 6.129581488e-18 6.129581488e-18
6.129581488e-18 6.129581488e-18 0.000000000e+00 6.787071292e-01 2.926627974e-01 6.129581488e-18
6.129581488e-18 6.129581488e-18 6.129581488e-18 2.113720250e-02 6.129581488e-18 1.320578299e-04
6.129581488e-18 6.129581488e-18 6.129581488e-18 6.129581488e-18 6.129581488e-18 6.129581488e-18

4.681558899e-18 2.541541190e-04 4.681558899e-18 4.681558899e-18 4.681558899e-18 4.681558899e-18
4.681558899e-18 4.681558899e-18 0.000000000e+00 4.681558899e-18 4.681558899e-18 4.681558899e-18
4.681558899e-18 4.681558899e-18 4.681558899e-18 0.000000000e+00 4.364007597e-04 4.681558899e-18
4.681558899e-18 4.681558899e-18 0.000000000e+00 0.000000000e+00 9.992085840e-01 4.681558899e-18
4.681558899e-18 4.681558899e-18 4.681558899e-18 4.681558899e-18 4.681558899e-18 1.008611290e-04
4.681558899e-18 4.681558899e-18 4.681558899e-18 4.681558899e-18 4.681558899e-18 4.681558899e-18

6.939102203e-04 1.748544186e-03 1.603768249e-04 2.566029198e-03 1.748544186e-03 4.041242751e-04
4.902294688e-03 3.455213950e-03 0.000000000e+00 1.603768249e-04 1.018329362e-03 1.603768249e-04
1.018329362e-03 9.291817488e-03 0.000000000e+00 0.000000000e+00 8.248467832e-02 0.000000000e+00
1.603768249e-04 1.023795553e-01 0.000000000e+00 0.000000000e+00 6.913380401e-01 1.018329362e-03
4.041242751e-04 1.603768249e-04 1.603768249e-04 3.455213950e-03 2.147528805e-03 8.555372356e-02
4.041242751e-04 4.041242751e-04 4.041242751e-04 1.018329362e-03 1.603768249e-04 1.018329362e-03

