5.923922901e-18 6.726662598e-02 3.216000137e-04 3.216000137e-04 1.276270500e-04 5.923922901e-18
9.830460480e-03 5.923922901e-18 8.681307799e-01 1.276270500e-04 0.000000000e+00 3.216000137e-04
8.103812537e-04 5.071417985e-02 1.276270500e-04 3.216000137e-04 1.276270500e-04 3.216000137e-04
5.923922901e-18 5.923922901e-18 5.923922901e-18 1.276270500e-04 5.923922901e-18 5.522101741e-04
3.216000137e-04 5.923922901e-18 5.923922901e-18 5.923922901e-18 5.923922901e-18 5.923922901e-18
5.923922901e-18 5.923922901e-18 1.276270500e-04 5.923922901e-18 5.923922901e-18 5.923922901e-18

5.370681348e-18 9.301927981e-01 5.370681348e-18 5.370681348e-18 5.370681348e-18 5.370681348e-18
3.536881604e-03 0.000000000e+00 5.804576502e-02 5.370681348e-18 0.000000000e+00 5.370681348e-18
2.915654413e-04 5.370681348e-18 3.536881604e-03 1.157078221e-04 0.000000000e+00 5.370681348e-18
5.370681348e-18 4.280400418e-03 5.370681348e-18 5.370681348e-18 5.370681348e-18 5.370681348e-18
5.370681348e-18 5.370681348e-18 5.370681348e-18 5.370681348e-18 5.370681348e-18 5.370681348e-18
5.370681348e-18 5.370681348e-18 5.370681348e-18 5.370681348e-18 5.370681348e-18 5.370681348e-18

1.248833086e-03 5.932215968e-01 2.633632227e-03 3.146862187e-03 8.597185609e-03 8.509801194e-04
2.424897430e-02 0.000000000e+00 8.645419114e-02 1.212424347e-02 0.000000000e+00 4.955997388e-04
2.251723880e-02 0.000000000e+00 5.891163415e-02 7.275777676e-03 0.000000000e+00 4.113782508e-02
2.144335531e-03 6.220702409e-02 3.241665384e-02 1.752353573e-02 0.000000000e+00 1.966788867e-04
2.144335531e-03 8.509801194e-04 8.509801194e-04 1.966788867e-04 1.248833086e-03 1.681580827e-03
1.248833086e-03 2.144335531e-03 5.403386947e-03 2.144335531e-03 4.237318162e-03 4.955997388e-04

4.796867319e-18 4.796867319e-18 4.796867319e-18 4.796867319e-18 4.796867319e-18 4.796867319e-18
4.796867319e-18 0.000000000e+00 4.796867319e-18 0.000000000e+00 0.000000000e+00 4.796867319e-18
6.759711394e-03 0.000000000e+00 9.923236724e-01 0.000000000e+00 0.000000000e+00 4.796867319e-18
4.796867319e-18 4.796867319e-18 6.562022188e-04 4.796867319e-18 0.000000000e+00 4.796867319e-18
4.796867319e-18 2.604140231e-04 4.796867319e-18 4.796867319e-18 4.796867319e-18 4.796867319e-18
4.796867319e-18 4.796867319e-18 4.796867319e-18 4.796867319e-18 4.796867319e-18 4.796867319e-18

