2.420064211e-03 5.593262684e-04 2.219687767e-04 1.030287795e-01 3.552836650e-02 3.551500427e-03
5.593262684e-04 1.030287795e-17 4.782172326e-03 7.651475722e-02 2.219687767e-04 9.604031185e-04
1.057853314e-01 1.030287795e-17 1.085599599e-01 1.030287795e-17 1.644408379e-01 2.069125795e-02
1.270202718e-01 2.219687767e-04 7.779265260e-02 0.000000000e+00 1.582938361e-01 1.030287795e-17
9.604031185e-04 1.030287795e-17 2.219687767e-04 1.897806345e-03 2.219687767e-04 2.219687767e-04
2.420064211e-03 5.593262684e-04 1.897806345e-03 2.219687767e-04 2.219687767e-04 1.030287795e-17

1.266945950e-03 2.163368336e-02 1.615597164e-03 5.974360046e-03 6.411501595e-04 3.733975029e-04
1.632187213e-02 1.481828972e-04 5.481756755e-03 6.878040810e-02 9.409027477e-04 9.409027477e-04
3.733975029e-04 1.893111573e-02 0.000000000e+00 0.000000000e+00 6.477339246e-03 1.984245794e-03
6.411501595e-04 5.481756755e-03 8.343518320e-01 0.000000000e+00 1.615597164e-03 1.481828972e-04
1.266945950e-03 1.481828972e-04 3.733975029e-04 1.481828972e-04 1.481828972e-04 9.409027477e-04
3.733975029e-04 9.409027477e-04 3.733975029e-04 1.481828972e-04 3.733975029e-04 6.411501595e-04

7.150934402e-04 2.586736282e-02 5.227364759e-18 5.227364759e-18 5.227364759e-18 5.227364759e-18
5.227364759e-18 0.000000000e+00 1.438779588e-02 0.000000000e+00 5.227364759e-18 5.227364759e-18
9.554746278e-01 3.442499946e-03 0.000000000e+00 0.000000000e+00 5.227364759e-18 5.227364759e-18
1.126201598e-04 5.227364759e-18 5.227364759e-18 0.000000000e+00 5.227364759e-18 5.227364759e-18
5.227364759e-18 5.227364759e-18 5.227364759e-18 5.227364759e-18 5.227364759e-18 5.227364759e-18
5.227364759e-18 5.227364759e-18 5.227364759e-18 5.227364759e-18 5.227364759e-18 5.227364759e-18

1.401660828e-03 5.808661074e-02 1.285606134e-04 1.285606134e-04 1.285606134e-04 1.285606134e-04
0.000000000e+00 0.000000000e+00 6.940625840e-02 0.000000000e+00 1.285606134e-04 1.285606134e-04
8.636010127e-01 3.239524460e-04 0.000000000e+00 0.000000000e+00 1.285606134e-04 1.285606134e-04
8.163090118e-04 0.000000000e+00 3.239524460e-04 0.000000000e+00 1.285606134e-04 1.285606134e-04
1.285606134e-04 3.239524460e-04 1.285606134e-04 1.285606134e-04 1.285606134e-04 1.285606134e-04
3.145078691e-03 1.285606134e-04 1.285606134e-04 1.285606134e-04 1.285606134e-04 1.285606134e-04

