1.798390188e-04 1.960735106e-03 7.781182427e-04 7.905188588e-02 4.520520000e-01 1.798390188e-04
1.798390188e-04 1.798390188e-04 4.531659307e-04 7.905188588e-02 8.347387814e-18 8.795523839e-02
1.798390188e-04 1.798390188e-04 1.798390188e-04 1.798390188e-04 2.316337674e-01 6.068126678e-03
4.531659307e-04 8.347387814e-18 1.798390188e-04 1.141906590e-03 1.798390188e-04 1.960735106e-03
1.798390188e-04 1.798390188e-04 1.798390188e-04 1.798390188e-04 1.798390188e-04 5.188175331e-02
1.798390188e-04 1.798390188e-04 1.798390188e-04 1.960735106e-03 1.798390188e-04 1.798390188e-04

5.606396219e-18 5.606396219e-18 5.606396219e-18 9.090035967e-01 7.669442145e-04 5.606396219e-18
5.606396219e-18 5.606396219e-18 1.125931908e-02 5.606396219e-18 0.000000000e+00 4.163613774e-02
5.606396219e-18 5.606396219e-18 1.207861450e-04 0.000000000e+00 3.685085772e-02 1.207861450e-04
5.606396219e-18 5.606396219e-18 5.606396219e-18 1.207861450e-04 1.207861450e-04 5.606396219e-18
5.606396219e-18 5.606396219e-18 5.606396219e-18 5.606396219e-18 5.606396219e-18 5.606396219e-18
5.606396219e-18 5.606396219e-18 5.606396219e-18 5.606396219e-18 5.606396219e-18 5.606396219e-18

6.275918255e-18 6.275918255e-18 3.407092614e-04 5.509398414e-01 5.850221162e-04 6.275918255e-18
6.275918255e-18 3.606360953e-02 6.275918255e-18 0.000000000e+00 0.000000000e+00 2.913023209e-03
6.275918255e-18 6.275918255e-18 4.091577945e-01 0.000000000e+00 0.000000000e+00 6.275918255e-18
6.275918255e-18 6.275918255e-18 6.275918255e-18 6.275918255e-18 6.275918255e-18 6.275918255e-18
6.275918255e-18 6.275918255e-18 6.275918255e-18 6.275918255e-18 6.275918255e-18 6.275918255e-18
6.275918255e-18 6.275918255e-18 6.275918255e-18 6.275918255e-18 6.275918255e-18 6.275918255e-18

4.910477472e-18 3.233812678e-03 2.665817311e-04 9.893829279e-01 1.057930301e-04 4.910477472e-18
6.717438691e-04 4.910477472e-18 0.000000000e+00 0.000000000e+00 0.000000000e+00 1.153432161e-03
4.910477472e-18 2.279241740e-03 0.000000000e+00 0.000000000e+00 0.000000000e+00 4.910477472e-18
4.910477472e-18 4.910477472e-18 4.910477472e-18 2.906466920e-03 4.910477472e-18 4.910477472e-18
4.910477472e-18 4.910477472e-18 4.910477472e-18 4.910477472e-18 4.910477472e-18 4.910477472e-18
4.910477472e-18 4.910477472e-18 4.910477472e-18 4.910477472e-18 4.910477472e-18 4.910477472e-18

