6.468507115e-18 1.393597612e-04 6.468507115e-18 3.409266678e-03 1.393597612e-04 6.468507115e-18
1.393597612e-04 6.468507115e-18 1.393597612e-04 5.208299632e-02 8.848793262e-04 1.393597612e-04
1.393597612e-04 6.468507115e-18 7.750300650e-01 6.468507115e-18 1.458459893e-01 7.565611817e-03
1.393597612e-04 6.468507115e-18 1.866099430e-03 1.073417136e-02 3.511645933e-04 1.393597612e-04
1.393597612e-04 6.468507115e-18 6.468507115e-18 1.393597612e-04 6.468507115e-18 6.468507115e-18
1.393597612e-04 1.393597612e-04 1.393597612e-04 1.393597612e-04 1.393597612e-04 1.393597612e-04

5.906885814e-18 3.206750983e-04 5.506220283e-04 9.163153797e-02 5.906885814e-18 5.906885814e-18
3.206750983e-04 1.272599971e-04 5.906885814e-18 8.564006612e-01 1.272599971e-04 5.906885814e-18
1.272599971e-04 1.272599971e-04 4.460038429e-02 0.000000000e+00 1.387480568e-03 2.382403151e-03
5.906885814e-18 5.906885814e-18 0.000000000e+00 1.387480568e-03 5.906885814e-18 1.272599971e-04
1.272599971e-04 5.906885814e-18 5.906885814e-18 1.272599971e-04 5.906885814e-18 5.906885814e-18
5.906885814e-18 5.906885814e-18 5.906885814e-18 1.272599971e-04 5.906885814e-18 5.906885814e-18

5.950377051e-18 5.950377051e-18 5.950377051e-18 3.392967041e-01 5.950377051e-18 5.950377051e-18
5.950377051e-18 5.950377051e-18 0.000000000e+00 5.950377051e-18 6.487531605e-01 5.950377051e-18
5.950377051e-18 5.950377051e-18 1.195013539e-02 0.000000000e+00 5.950377051e-18 5.950377051e-18
5.950377051e-18 5.950377051e-18 0.000000000e+00 0.000000000e+00 5.950377051e-18 5.950377051e-18
5.950377051e-18 5.950377051e-18 5.950377051e-18 5.950377051e-18 5.950377051e-18 5.950377051e-18
5.950377051e-18 5.950377051e-18 5.950377051e-18 5.950377051e-18 5.950377051e-18 5.950377051e-18

4.647784847e-18 4.647784847e-18 4.647784847e-18 4.647784847e-18 4.647784847e-18 4.647784847e-18
4.647784847e-18 4.647784847e-18 0.000000000e+00 0.000000000e+00 1.000000000e+00 4.647784847e-18
4.647784847e-18 4.647784847e-18 4.647784847e-18 0.000000000e+00 4.647784847e-18 4.647784847e-18
4.647784847e-18 4.647784847e-18 0.000000000e+00 0.000000000e+00 4.647784847e-18 4.647784847e-18
4.647784847e-18 4.647784847e-18 0.000000000e+00 4.647784847e-18 4.647784847e-18 4.647784847e-18
4.647784847e-18 4.647784847e-18 4.647784847e-18 4.647784847e-18 4.647784847e-18 4.647784847e-18

