1.404935970e-04 1.404935970e-04 1.404935970e-04 1.404935970e-04 3.540216804e-04 1.404935970e-04
1.404935970e-04 6.521135109e-18 1.404935970e-04 1.201203357e-03 1.404935970e-04 1.404935970e-04
1.404935970e-04 6.521135109e-18 6.078804896e-04 1.794876868e-02 3.437004588e-03 1.404935970e-04
1.404935970e-04 3.540216804e-04 7.878131145e-01 6.521135109e-18 1.438449539e-01 4.740533783e-03
3.540216804e-04 6.521135109e-18 1.404935970e-04 2.867575611e-02 1.404935970e-04 1.404935970e-04
1.404935970e-04 6.521135109e-18 1.404935970e-04 8.139834807e-03 1.404935970e-04 6.521135109e-18

5.152896211e-18 5.152896211e-18 5.152896211e-18 5.152896211e-18 5.152896211e-18 5.152896211e-18
5.152896211e-18 5.152896211e-18 5.152896211e-18 5.152896211e-18 5.152896211e-18 5.152896211e-18
5.152896211e-18 5.152896211e-18 5.152896211e-18 0.000000000e+00 5.152896211e-18 5.152896211e-18
5.152896211e-18 5.152896211e-18 5.152896211e-18 0.000000000e+00 5.152896211e-18 5.152896211e-18
5.152896211e-18 5.152896211e-18 1.110157835e-04 9.560958213e-01 5.152896211e-18 5.152896211e-18
5.152896211e-18 5.152896211e-18 1.418282869e-02 5.152896211e-18 2.961033420e-02 5.152896211e-18

5.503091167e-18 5.503091167e-18 5.503091167e-18 5.503091167e-18 5.503091167e-18 5.503091167e-18
5.503091167e-18 5.503091167e-18 5.503091167e-18 5.503091167e-18 5.503091167e-18 5.503091167e-18
5.503091167e-18 5.503091167e-18 5.503091167e-18 0.000000000e+00 5.503091167e-18 5.503091167e-18
5.503091167e-18 0.000000000e+00 5.503091167e-18 0.000000000e+00 5.503091167e-18 5.503091167e-18
5.503091167e-18 5.503091167e-18 1.719348275e-01 5.503091167e-18 8.280651725e-01 5.503091167e-18
5.503091167e-18 5.503091167e-18 5.503091167e-18 0.000000000e+00 5.503091167e-18 5.503091167e-18

4.647784847e-18 4.647784847e-18 4.647784847e-18 4.647784847e-18 4.647784847e-18 4.647784847e-18
4.647784847e-18 4.647784847e-18 4.647784847e-18 4.647784847e-18 4.647784847e-18 4.647784847e-18
4.647784847e-18 0.000000000e+00 4.647784847e-18 0.000000000e+00 4.647784847e-18 4.647784847e-18
4.647784847e-18 0.000000000e+00 4.647784847e-18 0.000000000e+00 4.647784847e-18 4.647784847e-18
4.647784847e-18 4.647784847e-18 4.647784847e-18 0.000000000e+00 1.000000000e+00 4.647784847e-18
4.647784847e-18 4.647784847e-18 4.647784847e-18 0.000000000e+00 4.647784847e-18 4.647784847e-18

