6.746280474e-18 6.746280474e-18 6.746280474e-18 6.746280474e-18 6.746280474e-18 6.746280474e-18
6.746280474e-18 3.662444513e-04 2.189554033e-02 6.746280474e-18 2.325507309e-03 6.746280474e-18
6.746280474e-18 0.000000000e+00 1.220573277e-01 7.108459803e-02 1.453442068e-04 6.746280474e-18
6.746280474e-18 3.662444513e-04 7.273671455e-01 5.346916980e-02 6.746280474e-18 6.746280474e-18
6.746280474e-18 6.746280474e-18 6.746280474e-18 9.228781873e-04 6.746280474e-18 6.746280474e-18
6.746280474e-18 6.746280474e-18 6.746280474e-18 6.746280474e-18 6.746280474e-18 6.746280474e-18

5.905611169e-18 5.905611169e-18 5.905611169e-18 1.030583539e-02 5.905611169e-18 5.905611169e-18
5.905611169e-18 5.905611169e-18 0.000000000e+00 0.000000000e+00 3.206058999e-04 5.905611169e-18
5.905611169e-18 0.000000000e+00 3.112588889e-03 8.104338192e-01 5.905611169e-18 5.905611169e-18
1.387181164e-03 8.078762440e-04 1.710286293e-01 5.905611169e-18 3.206058999e-04 5.905611169e-18
3.206058999e-04 5.905611169e-18 1.387181164e-03 3.206058999e-04 5.905611169e-18 5.905611169e-18
5.905611169e-18 5.905611169e-18 1.272325357e-04 1.272325357e-04 5.905611169e-18 5.905611169e-18

1.045241806e-02 1.507064993e-02 1.119228167e-02 5.027104772e-01 3.859537955e-03 5.663961574e-03
8.311995137e-03 8.920180517e-04 0.000000000e+00 0.000000000e+00 1.309057205e-03 4.441659923e-03
1.194458403e-02 0.000000000e+00 0.000000000e+00 1.119228167e-02 1.119228167e-02 5.043540940e-03
7.626647062e-03 8.920180517e-04 2.508235233e-01 0.000000000e+00 1.309057205e-03 6.301874838e-03
1.045241806e-02 2.760637334e-03 1.119228167e-02 4.207947538e-02 9.725426225e-03 2.760637334e-03
1.270892679e-02 9.725426225e-03 8.311995137e-03 3.298617456e-03 6.301874838e-03 1.045241806e-02

