6.468507115e-18 1.393597612e-04 6.468507115e-18 3.409266678e-03 1.393597612e-04 6.468507115e-18
1.393597612e-04 6.468507115e-18 1.393597612e-04 5.208299632e-02 8.848793262e-04 1.393597612e-04
1.393597612e-04 6.468507115e-18 7.750300650e-01 6.468507115e-18 1.458459893e-01 7.565611817e-03
1.393597612e-04 6.468507115e-18 1.866099430e-03 1.073417136e-02 3.511645933e-04 1.393597612e-04
1.393597612e-04 6.468507115e-18 6.468507115e-18 1.393597612e-04 6.468507115e-18 6.468507115e-18
1.393597612e-04 1.393597612e-04 1.393597612e-04 1.393597612e-04 1.393597612e-04 1.393597612e-04

6.319223511e-18 1.361435435e-04 3.430602325e-04 2.114790181e-02 6.319223511e-18 6.319223511e-18
3.430602325e-04 1.361435435e-04 6.319223511e-18 3.985729424e-01 1.361435435e-04 6.319223511e-18
6.319223511e-18 1.361435435e-04 5.736750584e-01 0.000000000e+00 3.430602325e-04 3.430602325e-04
6.319223511e-18 6.319223511e-18 2.178296696e-03 8.644576165e-04 6.319223511e-18 3.430602325e-04
1.361435435e-04 6.319223511e-18 6.319223511e-18 1.361435435e-04 6.319223511e-18 6.319223511e-18
3.430602325e-04 0.000000000e+00 3.430602325e-04 3.430602325e-04 6.319223511e-18 6.319223511e-18

7.220116610e-18 3.919682344e-04 7.220116610e-18 5.754389089e-03 7.220116610e-18 7.220116610e-18
7.220116610e-18 7.220116610e-18 0.000000000e+00 6.255557916e-01 7.220116610e-18 7.220116610e-18
7.220116610e-18 7.220116610e-18 1.522631967e-01 0.000000000e+00 8.800111958e-02 3.919682344e-04
7.220116610e-18 7.220116610e-18 2.865305175e-02 7.220116610e-18 0.000000000e+00 7.220116610e-18
1.555526969e-04 7.220116610e-18 1.555526969e-04 9.722043556e-02 7.220116610e-18 7.220116610e-18
3.919682344e-04 0.000000000e+00 3.919682344e-04 6.730374308e-04 7.220116610e-18 7.220116610e-18

5.111539003e-18 5.111539003e-18 5.111539003e-18 5.111539003e-18 5.111539003e-18 5.111539003e-18
5.111539003e-18 5.111539003e-18 0.000000000e+00 3.670099309e-02 5.111539003e-18 5.111539003e-18
5.111539003e-18 6.380343668e-03 5.111539003e-18 0.000000000e+00 5.111539003e-18 5.111539003e-18
5.111539003e-18 5.111539003e-18 9.569186632e-01 0.000000000e+00 0.000000000e+00 5.111539003e-18
5.111539003e-18 5.111539003e-18 5.111539003e-18 0.000000000e+00 5.111539003e-18 5.111539003e-18
5.111539003e-18 0.000000000e+00 5.111539003e-18 5.111539003e-18 5.111539003e-18 5.111539003e-18

5.268389995e-18 5.268389995e-18 5.268389995e-18 5.268389995e-18 5.268389995e-18 5.268389995e-18
5.268389995e-18 5.268389995e-18 0.000000000e+00 2.259673760e-02 5.268389995e-18 5.268389995e-18
5.268389995e-18 3.118312084e-03 0.000000000e+00 0.000000000e+00 2.725530395e-02 5.268389995e-18
5.268389995e-18 5.268389995e-18 9.470296464e-01 0.000000000e+00 0.000000000e+00 5.268389995e-18
5.268389995e-18 5.268389995e-18 5.268389995e-18 0.000000000e+00 5.268389995e-18 5.268389995e-18
5.268389995e-18 0.000000000e+00 0.000000000e+00 5.268389995e-18 5.268389995e-18 5.268389995e-18

4.738414657e-18 4.738414657e-18 2.199377256e-03 4.738414657e-18 4.738414657e-18 4.738414657e-18
4.738414657e-18 4.738414657e-18 0.000000000e+00 4.738414657e-18 4.738414657e-18 4.738414657e-18
4.738414657e-18 1.366985107e-03 0.000000000e+00 0.000000000e+00 0.000000000e+00 0.000000000e+00
4.738414657e-18 4.738414657e-18 9.964336376e-01 0.000000000e+00 0.000000000e+00 4.738414657e-18
4.738414657e-18 4.738414657e-18 4.738414657e-18 0.000000000e+00 4.738414657e-18 4.738414657e-18
4.738414657e-18 0.000000000e+00 0.000000000e+00 4.738414657e-18 4.738414657e-18 4.738414657e-18

4.211050269e-02 4.211050269e-02 4.211050269e-02 4.077899461e-02 4.211050269e-02 4.211050269e-02
4.211050269e-02 4.211050269e-02 0.000000000e+00 0.000000000e+00 4.211050269e-02 4.211050269e-02
4.211050269e-02 4.211050269e-02 0.000000000e+00 0.000000000e+00 0.000000000e+00 0.000000000e+00
4.211050269e-02 4.211050269e-02 4.211050269e-02 0.000000000e+00 0.000000000e+00 4.211050269e-02
4.211050269e-02 4.077899461e-02 4.077899461e-02 0.000000000e+00 0.000000000e+00 4.077899461e-02
4.077899461e-02 0.000000000e+00 0.000000000e+00 4.077899461e-02 4.077899461e-02 4.077899461e-02

