8.480436792e-18 1.160107435e-03 1.827054721e-04 2.583033451e-02 7.905206659e-04 4.603889405e-04
1.160107435e-03 8.480436792e-18 1.160107435e-03 5.152676079e-01 1.827054721e-04 7.905206659e-04
4.603889405e-04 0.000000000e+00 1.021759479e-01 8.480436792e-18 3.546141108e-02 2.924387417e-02
4.603889405e-04 1.195057136e-02 1.117613666e-01 1.521226279e-01 4.603889405e-04 4.603889405e-04
7.905206659e-04 8.480436792e-18 4.603889405e-04 1.827054721e-04 8.480436792e-18 4.603889405e-04
8.480436792e-18 1.562109813e-03 7.905206659e-04 7.905206659e-04 3.420384272e-03 8.480436792e-18

1.143081124e-03 3.257249395e-02 6.463071497e-03 1.246269749e-02 4.945824778e-03 4.945824778e-03
7.332643941e-02 0.000000000e+00 1.511807617e-01 5.127667291e-02 4.227030317e-03 4.227030317e-03
2.880383939e-03 0.000000000e+00 6.763248508e-02 0.000000000e+00 3.856983378e-02 1.339430492e-02
1.931236192e-02 6.657155595e-04 1.884028618e-01 1.065545647e-01 1.530644868e-02 4.227030317e-03
3.614060084e-02 1.828929798e-02 2.246256888e-02 1.677498093e-03 5.691787970e-03 1.339430492e-02
7.258112712e-03 6.343882932e-02 4.227030317e-03 6.463071497e-03 1.154819057e-02 5.691787970e-03

2.157581316e-02 2.314579842e-04 2.157581316e-02 2.475108880e-01 8.562367127e-03 6.358878023e-03
1.001460534e-03 0.000000000e+00 2.300222540e-01 1.091864736e-02 4.986611103e-03 1.469666590e-03
1.782802757e-02 0.000000000e+00 0.000000000e+00 0.000000000e+00 3.099342367e-03 7.075057429e-03
2.523522416e-03 0.000000000e+00 1.219913619e-01 1.587127795e-01 6.358878023e-03 4.986611103e-03
3.099342367e-03 1.173483446e-02 1.602336855e-02 2.523522416e-03 4.986611103e-03 6.358878023e-03
4.986611103e-03 3.925870565e-02 7.075057429e-03 8.562367127e-03 1.426819625e-02 4.333068076e-03

1.255594771e-01 0.000000000e+00 1.365298261e-04 8.196089707e-01 1.365298261e-04 1.365298261e-04
5.967962682e-03 0.000000000e+00 0.000000000e+00 1.105891591e-02 1.365298261e-04 1.365298261e-04
5.907302490e-04 0.000000000e+00 0.000000000e+00 0.000000000e+00 1.365298261e-04 1.365298261e-04
1.365298261e-04 0.000000000e+00 6.440568601e-03 2.120790514e-02 1.365298261e-04 1.365298261e-04
1.365298261e-04 1.365298261e-04 1.365298261e-04 1.365298261e-04 1.365298261e-04 1.365298261e-04
1.365298261e-04 5.967962682e-03 1.365298261e-04 1.365298261e-04 8.669103581e-04 1.365298261e-04

