6.468507115e-18 1.393597612e-04 6.468507115e-18 3.409266678e-03 1.393597612e-04 6.468507115e-18
1.393597612e-04 6.468507115e-18 1.393597612e-04 5.208299632e-02 8.848793262e-04 1.393597612e-04
1.393597612e-04 6.468507115e-18 7.750300650e-01 6.468507115e-18 1.458459893e-01 7.565611817e-03
1.393597612e-04 6.468507115e-18 1.866099430e-03 1.073417136e-02 3.511645933e-04 1.393597612e-04
1.393597612e-04 6.468507115e-18 6.468507115e-18 1.393597612e-04 6.468507115e-18 6.468507115e-18
1.393597612e-04 1.393597612e-04 1.393597612e-04 1.393597612e-04 1.393597612e-04 1.393597612e-04

1.278592606e-04 1.278592606e-04 5.934701164e-18 7.407834111e-03 5.934701164e-18 5.934701164e-18
5.934701164e-18 5.934701164e-18 3.221851478e-04 1.712101767e-03 5.934701164e-18 1.278592606e-04
5.934701164e-18 2.754644265e-03 9.070645217e-01 0.000000000e+00 1.191865352e-02 2.045748170e-03
2.045748170e-03 1.278592606e-04 5.934701164e-18 4.853594134e-02 0.000000000e+00 5.934701164e-18
1.278592606e-04 5.934701164e-18 2.754644265e-03 1.278592606e-04 5.934701164e-18 5.934701164e-18
5.934701164e-18 1.093181301e-03 1.035660011e-02 1.093181301e-03 1.278592606e-04 5.934701164e-18

4.691046120e-18 4.691046120e-18 4.691046120e-18 4.691046120e-18 4.691046120e-18 4.691046120e-18
4.691046120e-18 4.691046120e-18 1.353319759e-03 4.691046120e-18 0.000000000e+00 4.691046120e-18
4.691046120e-18 4.691046120e-18 9.985456147e-01 0.000000000e+00 4.691046120e-18 4.691046120e-18
4.691046120e-18 4.691046120e-18 0.000000000e+00 4.691046120e-18 0.000000000e+00 4.691046120e-18
4.691046120e-18 1.010655250e-04 4.691046120e-18 4.691046120e-18 4.691046120e-18 4.691046120e-18
4.691046120e-18 4.691046120e-18 4.691046120e-18 4.691046120e-18 4.691046120e-18 4.691046120e-18

4.664809276e-18 4.664809276e-18 4.664809276e-18 4.664809276e-18 4.664809276e-18 4.664809276e-18
4.664809276e-18 4.664809276e-18 2.532448096e-04 4.664809276e-18 0.000000000e+00 4.664809276e-18
4.664809276e-18 0.000000000e+00 9.996462549e-01 0.000000000e+00 0.000000000e+00 4.664809276e-18
4.664809276e-18 4.664809276e-18 0.000000000e+00 4.664809276e-18 0.000000000e+00 4.664809276e-18
4.664809276e-18 4.664809276e-18 4.664809276e-18 4.664809276e-18 4.664809276e-18 1.005002693e-04
4.664809276e-18 4.664809276e-18 4.664809276e-18 4.664809276e-18 4.664809276e-18 4.664809276e-18

