7.585920501e-18 7.585920501e-18 7.585920501e-18 7.585920501e-18 7.585920501e-18 7.585920501e-18
7.585920501e-18 7.585920501e-18 7.709714464e-03 7.585920501e-18 3.253689556e-02 7.585920501e-18
7.585920501e-18 7.585920501e-18 6.494239427e-02 4.688742435e-01 9.245965588e-02 7.585920501e-18
7.585920501e-18 7.585920501e-18 3.180522319e-01 8.872546443e-03 7.585920501e-18 7.585920501e-18
7.585920501e-18 7.585920501e-18 7.585920501e-18 1.037739327e-03 5.514578645e-03 7.585920501e-18
7.585920501e-18 7.585920501e-18 7.585920501e-18 7.585920501e-18 7.585920501e-18 7.585920501e-18

6.535985545e-18 6.535985545e-18 6.535985545e-18 6.535985545e-18 6.535985545e-18 6.535985545e-18
6.535985545e-18 6.535985545e-18 2.170490516e-01 6.535985545e-18 6.535985545e-18 6.535985545e-18
6.535985545e-18 6.535985545e-18 9.945008819e-02 6.535985545e-18 6.535985545e-18 6.535985545e-18
6.535985545e-18 6.535985545e-18 6.535985545e-18 6.561702786e-01 0.000000000e+00 6.535985545e-18
6.535985545e-18 6.535985545e-18 0.000000000e+00 6.535985545e-18 6.535985545e-18 2.733058166e-02
6.535985545e-18 6.535985545e-18 6.535985545e-18 6.535985545e-18 6.535985545e-18 6.535985545e-18

6.481095133e-18 6.481095133e-18 6.481095133e-18 3.518479761e-04 6.481095133e-18 6.481095133e-18
6.481095133e-18 6.481095133e-18 0.000000000e+00 6.481095133e-18 3.415901271e-03 6.481095133e-18
1.396309619e-04 6.481095133e-18 1.073459187e-01 0.000000000e+00 7.749309863e-01 6.481095133e-18
1.396309619e-04 6.481095133e-18 6.654497895e-02 2.991569515e-02 0.000000000e+00 6.481095133e-18
6.481095133e-18 6.481095133e-18 0.000000000e+00 6.481095133e-18 6.481095133e-18 6.481095133e-18
6.481095133e-18 6.481095133e-18 6.481095133e-18 6.481095133e-18 1.721540966e-02 6.481095133e-18

4.664431018e-18 4.664431018e-18 4.664431018e-18 4.664431018e-18 4.664431018e-18 4.664431018e-18
4.664431018e-18 4.664431018e-18 0.000000000e+00 4.664431018e-18 4.664431018e-18 4.664431018e-18
4.664431018e-18 4.664431018e-18 4.348041504e-04 0.000000000e+00 0.000000000e+00 4.664431018e-18
4.664431018e-18 4.664431018e-18 4.664431018e-18 9.995651958e-01 0.000000000e+00 4.664431018e-18
4.664431018e-18 4.664431018e-18 0.000000000e+00 4.664431018e-18 0.000000000e+00 4.664431018e-18
4.664431018e-18 4.664431018e-18 4.664431018e-18 4.664431018e-18 4.664431018e-18 4.664431018e-18

5.770236821e-18 5.770236821e-18 5.770236821e-18 5.770236821e-18 5.770236821e-18 5.770236821e-18
5.770236821e-18 1.243159838e-04 0.000000000e+00 1.243159838e-04 5.770236821e-18 1.243159838e-04
1.243159838e-04 1.189136109e-01 8.441036307e-01 0.000000000e+00 0.000000000e+00 5.770236821e-18
5.770236821e-18 0.000000000e+00 1.243159838e-04 0.000000000e+00 0.000000000e+00 5.770236821e-18
5.770236821e-18 3.586391455e-02 0.000000000e+00 1.243159838e-04 0.000000000e+00 1.243159838e-04
5.770236821e-18 5.770236821e-18 1.243159838e-04 5.770236821e-18 1.243159838e-04 5.770236821e-18

