1.156973393e-17 1.156973393e-17 6.248523931e-02 6.281017920e-04 1.156973393e-17 1.725592961e-02
1.156973393e-17 1.582717338e-03 2.492623613e-04 2.131163211e-03 1.156973393e-17 1.156973393e-01
2.962966259e-02 5.725227127e-02 0.000000000e+00 3.073210703e-02 4.666379449e-03 1.005340976e-01
6.281017920e-04 8.879908853e-02 1.156973393e-17 1.219086412e-01 2.492623613e-04 2.532347741e-02
1.582717338e-03 2.717638619e-03 5.854974915e-02 2.962966259e-02 1.156973393e-17 1.004962867e-02
1.919940790e-02 1.156973393e-17 1.393971278e-01 1.156973393e-17 6.648371599e-02 1.263750982e-02

8.111453698e-04 1.874722625e-04 3.509622183e-03 8.111453698e-04 1.874722625e-04 1.602865297e-03
1.874722625e-04 4.724004994e-04 1.874722625e-04 4.018072410e-01 1.874722625e-04 2.510350757e-03
9.504774589e-03 3.545661366e-02 0.000000000e+00 2.687890559e-01 6.354867144e-02 1.874722625e-04
2.999556199e-03 6.325687523e-03 0.000000000e+00 0.000000000e+00 2.043958252e-03 2.043958252e-03
1.874722625e-04 1.984368268e-02 1.574356754e-01 1.874722625e-04 2.510350757e-03 1.874722625e-04
1.874722625e-04 1.874722625e-04 1.444003185e-02 1.874722625e-04 8.111453698e-04 4.724004994e-04

5.144878937e-04 5.519251109e-18 7.550229313e-04 7.550229313e-04 5.519251109e-18 5.144878937e-04
5.519251109e-18 5.519251109e-18 5.519251109e-18 5.144878937e-04 5.519251109e-18 5.144878937e-04
3.266794494e-03 5.519251109e-18 0.000000000e+00 2.226059831e-03 7.550229313e-04 5.519251109e-18
5.144878937e-04 1.296428254e-03 0.000000000e+00 0.000000000e+00 7.330108358e-03 2.561809432e-03
5.519251109e-18 1.735984624e-02 9.559248258e-01 0.000000000e+00 0.000000000e+00 5.144878937e-04
5.519251109e-18 5.519251109e-18 3.266794494e-03 1.189086605e-04 1.296428254e-03 5.519251109e-18

