6.468507115e-18 1.393597612e-04 6.468507115e-18 3.409266678e-03 1.393597612e-04 6.468507115e-18
1.393597612e-04 6.468507115e-18 1.393597612e-04 5.208299632e-02 8.848793262e-04 1.393597612e-04
1.393597612e-04 6.468507115e-18 7.750300650e-01 6.468507115e-18 1.458459893e-01 7.565611817e-03
1.393597612e-04 6.468507115e-18 1.866099430e-03 1.073417136e-02 3.511645933e-04 1.393597612e-04
1.393597612e-04 6.468507115e-18 6.468507115e-18 1.393597612e-04 6.468507115e-18 6.468507115e-18
1.393597612e-04 1.393597612e-04 1.393597612e-04 1.393597612e-04 1.393597612e-04 1.393597612e-04

5.763929331e-18 1.241800930e-04 5.763929331e-18 1.061724861e-03 1.241800930e-04 5.763929331e-18
5.763929331e-18 5.763929331e-18 1.241800930e-04 7.396476912e-01 5.763929331e-18 1.241800930e-04
5.763929331e-18 5.763929331e-18 5.763929331e-18 0.000000000e+00 2.582971432e-01 1.241800930e-04
5.763929331e-18 5.763929331e-18 0.000000000e+00 1.241800930e-04 1.241800930e-04 5.763929331e-18
5.763929331e-18 5.763929331e-18 5.763929331e-18 1.241800930e-04 5.763929331e-18 5.763929331e-18
5.763929331e-18 5.763929331e-18 5.763929331e-18 5.763929331e-18 5.763929331e-18 5.763929331e-18

4.769297231e-18 4.769297231e-18 4.769297231e-18 4.769297231e-18 6.334095840e-03 4.769297231e-18
4.769297231e-18 4.769297231e-18 4.769297231e-18 9.934069869e-01 0.000000000e+00 4.769297231e-18
4.769297231e-18 4.769297231e-18 4.769297231e-18 0.000000000e+00 2.589172884e-04 4.769297231e-18
4.769297231e-18 4.769297231e-18 0.000000000e+00 4.769297231e-18 4.769297231e-18 4.769297231e-18
4.769297231e-18 4.769297231e-18 4.769297231e-18 0.000000000e+00 4.769297231e-18 4.769297231e-18
4.769297231e-18 4.769297231e-18 4.769297231e-18 4.769297231e-18 4.769297231e-18 4.769297231e-18

5.124544228e-18 5.124544228e-18 5.124544228e-18 0.000000000e+00 4.718736399e-02 1.478379616e-03
5.124544228e-18 5.124544228e-18 2.782030626e-04 0.000000000e+00 0.000000000e+00 5.124544228e-18
5.124544228e-18 5.124544228e-18 5.124544228e-18 0.000000000e+00 9.508352434e-01 1.104049586e-04
5.124544228e-18 5.124544228e-18 0.000000000e+00 5.124544228e-18 5.124544228e-18 5.124544228e-18
5.124544228e-18 5.124544228e-18 5.124544228e-18 0.000000000e+00 5.124544228e-18 1.104049586e-04
5.124544228e-18 5.124544228e-18 5.124544228e-18 5.124544228e-18 5.124544228e-18 5.124544228e-18

6.032871920e-18 3.275146764e-04 1.299742855e-04 0.000000000e+00 2.223478601e-01 5.240234822e-03
6.032871920e-18 6.032871920e-18 5.623660720e-04 0.000000000e+00 0.000000000e+00 8.252852698e-04
3.275146764e-04 6.032871920e-18 1.299742855e-04 0.000000000e+00 0.000000000e+00 3.275146764e-04
6.032871920e-18 6.032871920e-18 0.000000000e+00 6.032871920e-18 0.000000000e+00 1.299742855e-04
6.032871920e-18 6.032871920e-18 1.299742855e-04 0.000000000e+00 7.604878190e-01 3.570801977e-03
6.032871920e-18 6.032871920e-18 3.275146764e-04 4.808162282e-03 6.032871920e-18 3.275146764e-04

4.932417401e-18 4.932417401e-18 4.932417401e-18 0.000000000e+00 6.550735471e-03 4.932417401e-18
4.932417401e-18 4.932417401e-18 4.932417401e-18 0.000000000e+00 0.000000000e+00 4.932417401e-18
4.932417401e-18 4.932417401e-18 4.932417401e-18 0.000000000e+00 0.000000000e+00 4.932417401e-18
4.932417401e-18 4.932417401e-18 0.000000000e+00 0.000000000e+00 0.000000000e+00 4.932417401e-18
4.932417401e-18 4.932417401e-18 4.932417401e-18 0.000000000e+00 4.932417401e-18 9.812831879e-01
4.932417401e-18 4.932417401e-18 4.932417401e-18 1.216607661e-02 0.000000000e+00 4.932417401e-18

5.909168349e-18 5.909168349e-18 5.909168349e-18 0.000000000e+00 7.021550035e-01 1.273091728e-04
5.909168349e-18 5.909168349e-18 5.909168349e-18 0.000000000e+00 0.000000000e+00 1.273091728e-04
5.909168349e-18 5.909168349e-18 1.273091728e-04 0.000000000e+00 0.000000000e+00 3.207990133e-04
5.909168349e-18 5.909168349e-18 0.000000000e+00 0.000000000e+00 0.000000000e+00 5.564911450e-03
5.909168349e-18 1.273091728e-04 5.909168349e-18 0.000000000e+00 0.000000000e+00 0.000000000e+00
5.909168349e-18 5.909168349e-18 8.083628593e-04 2.903208875e-01 0.000000000e+00 3.207990133e-04

1.539528109e-04 1.539528109e-04 1.539528109e-04 0.000000000e+00 4.023513209e-02 3.616229265e-02
1.539528109e-04 1.539528109e-04 1.539528109e-04 0.000000000e+00 0.000000000e+00 1.539528109e-04
1.539528109e-04 1.539528109e-04 0.000000000e+00 0.000000000e+00 0.000000000e+00 1.539528109e-04
1.539528109e-04 1.539528109e-04 0.000000000e+00 0.000000000e+00 0.000000000e+00 2.321710741e-01
1.539528109e-04 1.539528109e-04 0.000000000e+00 0.000000000e+00 0.000000000e+00 0.000000000e+00
1.539528109e-04 1.539528109e-04 9.519552562e-02 5.931066154e-01 0.000000000e+00 6.661151259e-04

