8.815545281e-18 4.785814283e-04 2.257628687e-02 1.049838066e-01 1.187032285e-01 8.815545281e-18
8.815545281e-18 1.899251657e-04 8.815545281e-18 1.899251657e-04 1.899251657e-04 3.729739802e-01
4.362330136e-02 8.815545281e-18 0.000000000e+00 8.217584657e-04 1.899251657e-04 2.340634635e-01
1.205949631e-03 8.815545281e-18 8.301968395e-03 1.314813545e-02 8.815545281e-18 1.538393842e-02
8.815545281e-18 8.815545281e-18 8.815545281e-18 8.815545281e-18 8.815545281e-18 1.899251657e-04
8.815545281e-18 1.899251657e-04 6.221619982e-02 1.899251657e-04 1.899251657e-04 8.815545281e-18

1.429889110e-04 1.429889110e-04 9.079229908e-04 1.429889110e-04 6.805215061e-01 0.000000000e+00
1.429889110e-04 1.429889110e-04 1.429889110e-04 0.000000000e+00 1.392466055e-02 2.227945688e-01
3.603094777e-04 1.429889110e-04 0.000000000e+00 1.429889110e-04 1.429889110e-04 7.719569035e-02
1.429889110e-04 1.429889110e-04 1.429889110e-04 3.603094777e-04 1.429889110e-04 1.429889110e-04
1.429889110e-04 1.429889110e-04 1.429889110e-04 1.429889110e-04 3.603094777e-04 1.429889110e-04
1.429889110e-04 1.429889110e-04 1.429889110e-04 1.429889110e-04 1.429889110e-04 1.429889110e-04

5.449117206e-18 5.449117206e-18 1.173976714e-04 0.000000000e+00 9.127810145e-01 0.000000000e+00
5.449117206e-18 5.449117206e-18 5.449117206e-18 0.000000000e+00 4.342913320e-03 7.731266058e-02
1.173976714e-04 5.449117206e-18 0.000000000e+00 5.449117206e-18 5.449117206e-18 1.003735971e-03
3.225282875e-03 0.000000000e+00 5.449117206e-18 5.449117206e-18 5.449117206e-18 5.449117206e-18
5.449117206e-18 2.958235948e-04 5.449117206e-18 5.449117206e-18 5.449117206e-18 5.449117206e-18
5.079502233e-04 2.958235948e-04 5.449117206e-18 5.449117206e-18 5.449117206e-18 5.449117206e-18

