7.312828517e-18 7.312828517e-18 7.312828517e-18 7.312828517e-18 7.312828517e-18 7.312828517e-18
7.312828517e-18 7.312828517e-18 3.375484299e-02 6.816797544e-04 7.312828517e-18 7.312828517e-18
7.312828517e-18 2.083714428e-02 1.222292563e-01 7.312828517e-18 3.970014111e-04 7.312828517e-18
7.312828517e-18 7.312828517e-18 5.795947429e-02 6.740513025e-01 4.806724190e-02 7.312828517e-18
7.312828517e-18 7.312828517e-18 7.312828517e-18 4.202205662e-02 7.312828517e-18 7.312828517e-18
7.312828517e-18 7.312828517e-18 7.312828517e-18 7.312828517e-18 7.312828517e-18 7.312828517e-18

7.474968939e-18 7.474968939e-18 7.474968939e-18 7.474968939e-18 7.474968939e-18 4.058037474e-04
7.474968939e-18 7.474968939e-18 3.867074204e-02 7.474968939e-18 1.193055146e-01 7.474968939e-18
7.474968939e-18 1.914312022e-02 6.271988952e-01 0.000000000e+00 7.474968939e-18 7.474968939e-18
7.474968939e-18 7.474968939e-18 7.474968939e-18 5.003244024e-02 0.000000000e+00 7.474968939e-18
7.474968939e-18 1.170703113e-01 7.474968939e-18 2.731533532e-02 1.610433239e-04 7.474968939e-18
6.967939940e-04 7.474968939e-18 7.474968939e-18 7.474968939e-18 7.474968939e-18 7.474968939e-18

5.634808600e-18 5.634808600e-18 5.634808600e-18 5.634808600e-18 5.634808600e-18 5.634808600e-18
1.213982712e-04 5.634808600e-18 5.634808600e-18 5.634808600e-18 0.000000000e+00 5.634808600e-18
5.634808600e-18 5.634808600e-18 1.625585770e-03 0.000000000e+00 8.023264967e-01 5.634808600e-18
5.634808600e-18 5.634808600e-18 0.000000000e+00 5.634808600e-18 0.000000000e+00 5.634808600e-18
5.634808600e-18 1.213982712e-04 5.634808600e-18 1.952798611e-01 5.634808600e-18 5.634808600e-18
5.634808600e-18 5.634808600e-18 5.634808600e-18 5.634808600e-18 5.252598134e-04 5.634808600e-18

5.598071830e-18 5.598071830e-18 5.598071830e-18 5.598071830e-18 3.313447761e-03 5.598071830e-18
1.206068015e-04 5.598071830e-18 1.206068015e-04 5.598071830e-18 0.000000000e+00 5.598071830e-18
5.598071830e-18 0.000000000e+00 8.793082292e-01 0.000000000e+00 0.000000000e+00 5.598071830e-18
5.598071830e-18 5.598071830e-18 0.000000000e+00 1.206068015e-04 0.000000000e+00 5.598071830e-18
5.598071830e-18 1.206068015e-04 5.598071830e-18 1.038886172e-01 5.598071830e-18 5.598071830e-18
1.206068015e-04 5.598071830e-18 1.206068015e-04 5.598071830e-18 1.276606505e-02 5.598071830e-18

