2.242318477e-04 2.242318477e-04 2.242318477e-04 5.650288499e-04 3.587709563e-03 2.242318477e-04
2.242318477e-04 9.701948579e-04 1.386520225e-01 1.299141198e-02 9.701948579e-04 5.485558814e-03
2.242318477e-04 4.197789351e-03 5.267028027e-02 0.000000000e+00 1.466676759e-02 5.650288499e-04
2.242318477e-04 1.645594318e-01 5.621057503e-02 1.268551046e-01 1.883056828e-01 2.242318477e-04
2.242318477e-04 9.040461598e-03 1.446473856e-01 2.965628670e-02 3.589059409e-02 2.242318477e-04
2.242318477e-04 3.587709563e-03 2.242318477e-04 5.650288499e-04 2.444737848e-03 2.242318477e-04

1.476792712e-04 1.476792712e-04 3.721284448e-04 3.721284448e-04 6.389710963e-04 1.476792712e-04
3.259322760e-01 1.476792712e-04 9.377049218e-04 1.476792712e-04 1.476792712e-04 6.389710963e-04
1.476792712e-04 4.098875785e-02 0.000000000e+00 0.000000000e+00 6.048942948e-01 6.455324853e-03
9.377049218e-04 8.017264307e-03 1.476792712e-04 3.721284448e-04 1.476792712e-04 1.476792712e-04
1.476792712e-04 1.476792712e-04 4.982992743e-03 1.476792712e-04 6.389710963e-04 1.476792712e-04
1.476792712e-04 9.377049218e-04 1.476792712e-04 0.000000000e+00 3.721284448e-04 1.476792712e-04

2.048829856e-04 2.048829856e-04 2.048829856e-04 5.162727726e-04 1.300925867e-03 1.446993733e-01
6.480187597e-02 5.162727726e-04 8.864771937e-04 2.048829856e-04 5.628779319e-03 1.199228228e-01
0.000000000e+00 1.750042826e-01 0.000000000e+00 0.000000000e+00 0.000000000e+00 5.162727726e-04
9.257079532e-02 1.300925867e-03 2.048829856e-04 8.864771937e-04 2.435431366e-02 3.209507219e-01
8.864771937e-04 2.048829856e-04 1.038749183e-02 8.864771937e-04 8.955801433e-03 2.048829856e-04
8.864771937e-04 1.742007161e-02 1.300925867e-03 0.000000000e+00 2.233782553e-03 1.751724886e-03

