1.022410880e-17 9.530604967e-04 5.550500211e-04 2.202717469e-04 1.022410880e-17 1.022410880e-17
9.530604967e-04 1.022410880e-17 0.000000000e+00 2.949552852e-03 1.022410880e-17 1.303768420e-01
1.022410880e-17 1.022410880e-17 8.752769092e-02 1.362033249e-01 6.843334293e-02 1.022410880e-17
1.883296944e-03 1.022410880e-17 1.332821235e-01 1.022410880e-17 9.414471262e-02 8.884141666e-02
1.022410880e-17 1.022410880e-17 1.398638411e-03 1.118932357e-01 5.875128592e-02 1.883296944e-03
1.022410880e-17 1.022410880e-17 1.022410880e-17 7.974979691e-02 1.022410880e-17 1.022410880e-17

2.902016075e-02 2.252619972e-03 8.053519740e-03 1.526465468e-02 1.430324525e-02 2.455969283e-02
2.872519099e-03 6.638978344e-04 0.000000000e+00 2.252619972e-03 1.139959960e-03 6.744781572e-02
8.053519740e-03 0.000000000e+00 8.053519740e-03 6.604632496e-02 1.151665843e-02 1.925962984e-02
1.335773200e-02 5.676246639e-03 2.918297497e-01 0.000000000e+00 2.240123522e-02 1.242866831e-02
2.788773080e-02 3.846451950e-02 1.526465468e-02 1.222910267e-17 2.240123522e-02 2.902016075e-02
1.335773200e-02 3.248355531e-02 2.902016075e-02 1.338360040e-01 1.151665843e-02 2.029359809e-02

8.941728104e-03 8.850841653e-04 1.261013703e-02 2.739178188e-03 2.739178188e-03 3.272976452e-03
1.472909167e-01 0.000000000e+00 0.000000000e+00 8.850841653e-04 2.739178188e-03 3.272976452e-03
2.045610283e-04 0.000000000e+00 3.829536771e-03 4.804976101e-02 3.272976452e-03 2.739178188e-03
5.154614910e-04 2.045610283e-04 2.602130277e-01 0.000000000e+00 3.469658316e-02 2.739178188e-03
2.739178188e-03 2.739178188e-03 2.892020544e-02 0.000000000e+00 2.431604280e-02 6.902296517e-03
2.230272342e-03 3.272976452e-03 2.739178188e-03 3.782872546e-01 3.272976452e-03 2.739178188e-03

1.133393305e-04 0.000000000e+00 1.133393305e-04 2.855972166e-04 1.133393305e-04 1.133393305e-04
1.133393305e-04 0.000000000e+00 0.000000000e+00 3.464483091e-03 1.133393305e-04 1.133393305e-04
1.133393305e-04 0.000000000e+00 0.000000000e+00 1.133393305e-04 2.855972166e-04 1.133393305e-04
1.133393305e-04 1.133393305e-04 9.644778811e-01 0.000000000e+00 2.313337454e-02 1.133393305e-04
1.133393305e-04 1.133393305e-04 1.133393305e-04 0.000000000e+00 1.133393305e-04 1.133393305e-04
1.133393305e-04 1.133393305e-04 1.133393305e-04 5.746262272e-03 1.133393305e-04 1.133393305e-04

