6.468507115e-18 1.393597612e-04 6.468507115e-18 3.409266678e-03 1.393597612e-04 6.468507115e-18
1.393597612e-04 6.468507115e-18 1.393597612e-04 5.208299632e-02 8.848793262e-04 1.393597612e-04
1.393597612e-04 6.468507115e-18 7.750300650e-01 6.468507115e-18 1.458459893e-01 7.565611817e-03
1.393597612e-04 6.468507115e-18 1.866099430e-03 1.073417136e-02 3.511645933e-04 1.393597612e-04
1.393597612e-04 6.468507115e-18 6.468507115e-18 1.393597612e-04 6.468507115e-18 6.468507115e-18
1.393597612e-04 1.393597612e-04 1.393597612e-04 1.393597612e-04 1.393597612e-04 1.393597612e-04

5.161405833e-18 5.161405833e-18 5.161405833e-18 5.161405833e-18 6.003327533e-02 5.161405833e-18
5.161405833e-18 5.161405833e-18 1.111991178e-04 9.391519967e-01 5.161405833e-18 5.161405833e-18
5.161405833e-18 0.000000000e+00 5.161405833e-18 0.000000000e+00 1.111991178e-04 1.111991178e-04
5.161405833e-18 5.161405833e-18 4.811306394e-04 5.161405833e-18 5.161405833e-18 5.161405833e-18
5.161405833e-18 5.161405833e-18 5.161405833e-18 5.161405833e-18 5.161405833e-18 5.161405833e-18
5.161405833e-18 5.161405833e-18 5.161405833e-18 5.161405833e-18 5.161405833e-18 5.161405833e-18

6.094659686e-18 6.094659686e-18 8.588551190e-03 0.000000000e+00 1.116418014e-02 6.094659686e-18
6.094659686e-18 1.313054625e-04 1.904173909e-01 7.759421119e-01 6.094659686e-18 6.094659686e-18
1.313054625e-04 0.000000000e+00 6.094659686e-18 0.000000000e+00 1.313054625e-04 1.122645913e-03
6.094659686e-18 1.313054625e-04 1.223989804e-02 0.000000000e+00 6.094659686e-18 6.094659686e-18
6.094659686e-18 6.094659686e-18 6.094659686e-18 6.094659686e-18 6.094659686e-18 6.094659686e-18
6.094659686e-18 6.094659686e-18 6.094659686e-18 6.094659686e-18 6.094659686e-18 6.094659686e-18

6.630079337e-18 6.630079337e-18 3.959161423e-01 0.000000000e+00 6.630079337e-18 3.656722668e-02
6.630079337e-18 6.630079337e-18 1.697938906e-02 5.368344467e-01 8.275821565e-03 1.428407292e-04
6.630079337e-18 0.000000000e+00 0.000000000e+00 0.000000000e+00 0.000000000e+00 6.630079337e-18
6.630079337e-18 6.630079337e-18 5.284132966e-03 0.000000000e+00 6.630079337e-18 6.630079337e-18
6.630079337e-18 6.630079337e-18 6.630079337e-18 6.630079337e-18 6.630079337e-18 6.630079337e-18
6.630079337e-18 6.630079337e-18 6.630079337e-18 6.630079337e-18 6.630079337e-18 6.630079337e-18

6.099236108e-18 6.099236108e-18 5.707078178e-01 0.000000000e+00 0.000000000e+00 9.605694952e-03
6.099236108e-18 6.099236108e-18 1.123488897e-03 4.159349172e-01 6.099236108e-18 1.314040586e-04
1.314040586e-04 0.000000000e+00 0.000000000e+00 0.000000000e+00 0.000000000e+00 6.099236108e-18
6.099236108e-18 6.099236108e-18 2.102464937e-03 0.000000000e+00 6.099236108e-18 6.099236108e-18
6.099236108e-18 6.099236108e-18 0.000000000e+00 6.099236108e-18 6.099236108e-18 6.099236108e-18
6.099236108e-18 1.314040586e-04 6.099236108e-18 1.314040586e-04 6.099236108e-18 6.099236108e-18

