1.563430679e-04 3.939598445e-04 4.778993423e-03 1.704565249e-03 1.563430679e-04 1.563430679e-04
1.563430679e-04 7.256802380e-18 1.563430679e-04 1.563430679e-04 2.501489086e-03 9.927166016e-04
1.563430679e-04 7.256802380e-18 1.563430679e-04 1.082331468e-02 1.588346563e-02 1.392972770e-02
3.939598445e-04 7.256802380e-18 1.563430679e-04 4.048437725e-01 7.256802380e-18 5.074227140e-01
1.563430679e-04 1.563430679e-04 1.563430679e-04 1.563430679e-04 2.803324697e-02 6.764571674e-04
1.563430679e-04 6.764571674e-04 1.563430679e-04 2.501489086e-03 1.704565249e-03 3.939598445e-04

6.774106883e-18 1.459437086e-04 6.774106883e-18 4.924431405e-03 6.774106883e-18 1.459437086e-04
6.774106883e-18 6.774106883e-18 1.459437086e-04 3.352134174e-02 1.247801157e-03 1.459437086e-04
1.459437086e-04 6.774106883e-18 4.780863508e-02 6.774106883e-18 7.798757229e-01 7.506146770e-02
6.774106883e-18 6.774106883e-18 2.732176326e-03 5.030819018e-02 0.000000000e+00 1.459437086e-04
6.774106883e-18 6.774106883e-18 0.000000000e+00 1.591183910e-03 3.677551012e-04 1.459437086e-04
6.774106883e-18 1.459437086e-04 6.774106883e-18 6.774106883e-18 1.247801157e-03 1.459437086e-04

8.335884174e-18 4.525414171e-04 8.335884174e-18 8.335884174e-18 8.335884174e-18 8.335884174e-18
8.335884174e-18 8.335884174e-18 0.000000000e+00 8.335884174e-18 4.525414171e-04 5.489626636e-03
8.335884174e-18 8.335884174e-18 7.240662673e-03 0.000000000e+00 1.393289779e-01 8.471916728e-03
8.335884174e-18 8.335884174e-18 7.240662673e-03 1.975435381e-01 0.000000000e+00 3.362082382e-03
8.335884174e-18 1.795911804e-04 0.000000000e+00 2.980227850e-01 8.335884174e-18 7.029566889e-02
8.335884174e-18 8.335884174e-18 8.335884174e-18 8.335884174e-18 2.619194050e-01 8.335884174e-18

7.522716917e-18 7.522716917e-18 1.620720229e-04 1.620720229e-04 7.522716917e-18 7.522716917e-18
7.522716917e-18 7.522716917e-18 0.000000000e+00 7.522716917e-18 7.522716917e-18 1.620720229e-04
2.170228385e-03 1.767026462e-03 4.954112401e-03 0.000000000e+00 0.000000000e+00 7.522716917e-18
1.715510205e-02 7.522716917e-18 3.472365416e-02 1.857788860e-01 0.000000000e+00 7.522716917e-18
7.522716917e-18 5.468632851e-03 0.000000000e+00 1.622811422e-01 0.000000000e+00 1.444016148e-02
7.522716917e-18 1.767026462e-03 1.620720229e-04 7.522716917e-18 5.688457394e-01 7.522716917e-18

6.429832396e-18 6.429832396e-18 6.429832396e-18 6.429832396e-18 6.429832396e-18 6.429832396e-18
6.429832396e-18 6.429832396e-18 0.000000000e+00 1.510316567e-03 6.429832396e-18 6.429832396e-18
6.429832396e-18 6.429832396e-18 5.124537370e-03 0.000000000e+00 0.000000000e+00 6.429832396e-18
6.429832396e-18 0.000000000e+00 6.055242601e-03 0.000000000e+00 0.000000000e+00 6.429832396e-18
6.429832396e-18 5.177159599e-02 0.000000000e+00 1.243535296e-01 0.000000000e+00 2.022392160e-02
1.184385254e-03 6.429832396e-18 3.388882928e-03 6.429832396e-18 7.863875881e-01 6.429832396e-18

