7.312828517e-18 7.312828517e-18 7.312828517e-18 7.312828517e-18 7.312828517e-18 7.312828517e-18
7.312828517e-18 7.312828517e-18 3.375484299e-02 6.816797544e-04 7.312828517e-18 7.312828517e-18
7.312828517e-18 2.083714428e-02 1.222292563e-01 7.312828517e-18 3.970014111e-04 7.312828517e-18
7.312828517e-18 7.312828517e-18 5.795947429e-02 6.740513025e-01 4.806724190e-02 7.312828517e-18
7.312828517e-18 7.312828517e-18 7.312828517e-18 4.202205662e-02 7.312828517e-18 7.312828517e-18
7.312828517e-18 7.312828517e-18 7.312828517e-18 7.312828517e-18 7.312828517e-18 7.312828517e-18

6.638294737e-18 6.638294737e-18 6.638294737e-18 6.638294737e-18 6.638294737e-18 6.638294737e-18
6.638294737e-18 6.638294737e-18 0.000000000e+00 6.638294737e-18 6.638294737e-18 6.638294737e-18
6.638294737e-18 8.816308368e-03 2.264408760e-01 0.000000000e+00 6.638294737e-18 5.513349633e-02
6.638294737e-18 6.638294737e-18 9.900828092e-03 2.221570499e-02 6.774927862e-01 6.638294737e-18
6.638294737e-18 6.638294737e-18 6.638294737e-18 6.638294737e-18 6.638294737e-18 6.638294737e-18
6.638294737e-18 6.638294737e-18 6.638294737e-18 6.638294737e-18 6.638294737e-18 6.638294737e-18

6.797571109e-18 3.690289354e-04 6.797571109e-18 3.690289354e-04 6.797571109e-18 6.797571109e-18
3.690289354e-04 3.690289354e-04 0.000000000e+00 1.293323331e-01 4.632002416e-02 6.797571109e-18
6.797571109e-18 3.690289354e-04 0.000000000e+00 0.000000000e+00 0.000000000e+00 3.582701891e-03
6.797571109e-18 3.690289354e-04 2.413779169e-02 1.740832932e-02 7.626074766e-01 3.690289354e-04
6.797571109e-18 3.690289354e-04 9.027843056e-03 3.155153015e-03 3.690289354e-04 6.797571109e-18
6.797571109e-18 3.690289354e-04 6.797571109e-18 3.690289354e-04 3.690289354e-04 6.797571109e-18

5.482433719e-04 2.372111303e-03 0.000000000e+00 1.083357322e-03 3.192897997e-04 8.045598794e-04
1.381486729e-03 9.269301920e-01 0.000000000e+00 0.000000000e+00 3.481128421e-03 5.482433719e-04
8.045598794e-04 3.192897997e-04 0.000000000e+00 0.000000000e+00 0.000000000e+00 1.696715798e-03
8.045598794e-04 8.045598794e-04 5.482433719e-04 4.367823020e-02 2.027363856e-03 5.482433719e-04
3.192897997e-04 3.481128421e-03 5.881368397e-18 1.083357322e-03 1.083357322e-03 3.192897997e-04
5.482433719e-04 3.192897997e-04 3.192897997e-04 2.729889388e-03 5.482433719e-04 5.482433719e-04

1.314427845e-04 8.346096574e-04 0.000000000e+00 1.314427845e-04 1.314427845e-04 1.123819999e-03
1.314427845e-04 8.734549352e-01 0.000000000e+00 0.000000000e+00 2.749288634e-02 3.312150621e-04
1.314427845e-04 1.314427845e-04 0.000000000e+00 0.000000000e+00 0.000000000e+00 1.314427845e-04
1.123819999e-03 0.000000000e+00 8.346096574e-04 6.843927724e-02 1.918974209e-02 1.314427845e-04
3.312150621e-04 2.831848946e-03 0.000000000e+00 8.346096574e-04 5.687198983e-04 1.314427845e-04
1.314427845e-04 5.687198983e-04 1.314427845e-04 1.314427845e-04 1.314427845e-04 3.312150621e-04

