6.744742465e-18 6.744742465e-18 6.744742465e-18 6.744742465e-18 6.744742465e-18 6.744742465e-18
6.744742465e-18 6.744742465e-18 3.661609554e-04 6.287244910e-04 6.744742465e-18 6.744742465e-18
6.744742465e-18 1.453110714e-04 1.976799986e-01 1.921844216e-02 1.584286442e-03 6.744742465e-18
6.744742465e-18 1.453110714e-04 1.368455250e-01 6.405628166e-01 1.945790558e-03 6.744742465e-18
6.744742465e-18 6.744742465e-18 3.661609554e-04 3.661609554e-04 1.453110714e-04 6.744742465e-18
6.744742465e-18 6.744742465e-18 6.744742465e-18 6.744742465e-18 6.744742465e-18 6.744742465e-18

6.149350473e-18 1.324837398e-04 6.149350473e-18 6.149350473e-18 6.149350473e-18 6.149350473e-18
6.149350473e-18 6.149350473e-18 6.149350473e-18 3.338381051e-04 8.412193117e-04 6.149350473e-18
6.149350473e-18 6.149350473e-18 0.000000000e+00 3.241053196e-03 7.444271001e-01 6.149350473e-18
6.149350473e-18 6.149350473e-18 6.716876764e-03 2.175983111e-01 6.149350473e-18 0.000000000e+00
6.149350473e-18 6.149350473e-18 3.338381051e-04 6.149350473e-18 2.637527958e-02 6.149350473e-18
6.149350473e-18 6.149350473e-18 6.149350473e-18 6.149350473e-18 6.149350473e-18 6.149350473e-18

6.629912203e-18 1.221240269e-03 6.629912203e-18 6.180203613e-04 6.629912203e-18 6.629912203e-18
6.629912203e-18 1.428371284e-04 6.629912203e-18 3.886937113e-02 9.069592316e-04 6.629912203e-18
6.629912203e-18 3.077332645e-03 0.000000000e+00 5.675809180e-02 7.943689624e-01 6.629912203e-18
6.629912203e-18 6.629912203e-18 0.000000000e+00 6.366050649e-02 0.000000000e+00 0.000000000e+00
6.629912203e-18 6.629912203e-18 9.069592316e-04 6.629912203e-18 3.656630487e-02 6.180203613e-04
6.629912203e-18 6.629912203e-18 2.285394055e-03 6.629912203e-18 6.629912203e-18 6.629912203e-18

1.714191260e-04 4.319491304e-04 1.714191260e-04 7.416874824e-04 7.416874824e-04 1.088443604e-03
3.672625504e-02 3.209095358e-03 0.000000000e+00 3.585443328e-02 1.388494920e-02 1.714191260e-04
1.714191260e-04 6.748404838e-01 0.000000000e+00 0.000000000e+00 8.599379134e-02 3.693113116e-03
1.088443604e-03 1.714191260e-04 0.000000000e+00 2.742706016e-03 0.000000000e+00 0.000000000e+00
1.714191260e-04 1.465612911e-03 1.714191260e-04 7.016402041e-02 5.039689052e-02 1.121234342e-02
7.416874824e-04 1.088443604e-03 4.319491304e-04 4.319491304e-04 7.416874824e-04 1.088443604e-03

5.264186029e-18 5.264186029e-18 1.134134500e-04 5.264186029e-18 5.264186029e-18 5.264186029e-18
5.264186029e-18 5.264186029e-18 0.000000000e+00 1.298440204e-02 7.851383975e-03 5.264186029e-18
5.264186029e-18 7.201305192e-04 0.000000000e+00 0.000000000e+00 5.264186029e-18 0.000000000e+00
5.264186029e-18 5.264186029e-18 0.000000000e+00 9.549553403e-01 0.000000000e+00 0.000000000e+00
5.264186029e-18 5.264186029e-18 5.264186029e-18 1.134134500e-04 2.314850286e-02 5.264186029e-18
5.264186029e-18 5.264186029e-18 0.000000000e+00 5.264186029e-18 1.134134500e-04 5.264186029e-18

4.868587168e-18 4.868587168e-18 1.048905309e-04 4.868587168e-18 4.868587168e-18 1.048905309e-04
4.868587168e-18 4.868587168e-18 0.000000000e+00 5.694334096e-03 0.000000000e+00 4.868587168e-18
4.868587168e-18 2.643075756e-04 0.000000000e+00 0.000000000e+00 0.000000000e+00 0.000000000e+00
1.048905309e-04 4.868587168e-18 0.000000000e+00 2.566018976e-03 0.000000000e+00 0.000000000e+00
4.868587168e-18 4.868587168e-18 4.868587168e-18 2.643075756e-04 9.905816886e-01 4.868587168e-18
1.048905309e-04 4.868587168e-18 0.000000000e+00 1.048905309e-04 1.048905309e-04 4.868587168e-18

