7.312828517e-18 7.312828517e-18 7.312828517e-18 7.312828517e-18 7.312828517e-18 7.312828517e-18
7.312828517e-18 7.312828517e-18 3.375484299e-02 6.816797544e-04 7.312828517e-18 7.312828517e-18
7.312828517e-18 2.083714428e-02 1.222292563e-01 7.312828517e-18 3.970014111e-04 7.312828517e-18
7.312828517e-18 7.312828517e-18 5.795947429e-02 6.740513025e-01 4.806724190e-02 7.312828517e-18
7.312828517e-18 7.312828517e-18 7.312828517e-18 4.202205662e-02 7.312828517e-18 7.312828517e-18
7.312828517e-18 7.312828517e-18 7.312828517e-18 7.312828517e-18 7.312828517e-18 7.312828517e-18

5.582056893e-18 1.202617701e-04 5.582056893e-18 5.582056893e-18 5.582056893e-18 5.582056893e-18
5.582056893e-18 5.582056893e-18 5.582056893e-18 5.582056893e-18 5.582056893e-18 5.582056893e-18
5.582056893e-18 5.582056893e-18 8.020523968e-01 0.000000000e+00 5.582056893e-18 5.582056893e-18
5.582056893e-18 5.582056893e-18 5.582056893e-18 5.582056893e-18 1.975243008e-01 5.582056893e-18
5.582056893e-18 5.582056893e-18 5.582056893e-18 5.582056893e-18 5.582056893e-18 3.030406713e-04
5.582056893e-18 0.000000000e+00 5.582056893e-18 5.582056893e-18 5.582056893e-18 5.582056893e-18

5.820467674e-18 5.820467674e-18 5.820467674e-18 5.820467674e-18 5.820467674e-18 5.820467674e-18
5.820467674e-18 5.820467674e-18 0.000000000e+00 6.093336950e-01 5.820467674e-18 5.820467674e-18
5.820467674e-18 5.820467674e-18 5.820467674e-18 0.000000000e+00 5.820467674e-18 5.820467674e-18
5.820467674e-18 5.820467674e-18 5.820467674e-18 5.820467674e-18 0.000000000e+00 5.820467674e-18
5.820467674e-18 5.820467674e-18 5.820467674e-18 3.906663050e-01 5.820467674e-18 5.820467674e-18
5.820467674e-18 0.000000000e+00 5.820467674e-18 5.820467674e-18 5.820467674e-18 5.820467674e-18

7.995117188e-18 7.995117188e-18 3.224642050e-03 7.995117188e-18 7.995117188e-18 7.995117188e-18
7.995117188e-18 7.995117188e-18 0.000000000e+00 6.036773188e-02 7.995117188e-18 7.995117188e-18
4.732237091e-03 3.306400802e-01 7.995117188e-18 0.000000000e+00 1.259152055e-02 2.540548225e-01
1.722495782e-04 7.995117188e-18 2.829118303e-01 0.000000000e+00 0.000000000e+00 7.995117188e-18
7.995117188e-18 7.995117188e-18 3.224642050e-03 0.000000000e+00 4.226819994e-02 7.995117188e-18
7.995117188e-18 0.000000000e+00 5.812043838e-03 7.995117188e-18 7.995117188e-18 7.995117188e-18

1.190936134e-03 5.070142181e-18 5.070142181e-18 5.070142181e-18 5.070142181e-18 5.070142181e-18
5.070142181e-18 5.070142181e-18 0.000000000e+00 7.144808391e-03 5.070142181e-18 5.070142181e-18
5.070142181e-18 5.538067859e-03 0.000000000e+00 0.000000000e+00 9.745640343e-01 5.070142181e-18
5.070142181e-18 5.070142181e-18 5.070142181e-18 0.000000000e+00 0.000000000e+00 5.070142181e-18
5.070142181e-18 5.070142181e-18 5.070142181e-18 0.000000000e+00 1.156215334e-02 5.070142181e-18
5.070142181e-18 0.000000000e+00 0.000000000e+00 5.070142181e-18 5.070142181e-18 5.070142181e-18

2.142224513e-02 8.064844891e-18 8.064844891e-18 4.548876363e-01 8.064844891e-18 8.064844891e-18
2.780029057e-03 1.831576195e-01 0.000000000e+00 8.064844891e-18 8.716400418e-02 1.136492220e-02
2.297993672e-02 8.064844891e-18 0.000000000e+00 0.000000000e+00 0.000000000e+00 0.000000000e+00
8.064844891e-18 1.103255262e-03 8.064844891e-18 0.000000000e+00 0.000000000e+00 8.064844891e-18
8.196454379e-03 8.064844891e-18 8.064844891e-18 0.000000000e+00 2.005162649e-01 8.064844891e-18
8.064844891e-18 0.000000000e+00 0.000000000e+00 8.064844891e-18 8.064844891e-18 6.427632400e-03

4.211050269e-02 4.211050269e-02 4.211050269e-02 4.077899461e-02 4.211050269e-02 4.211050269e-02
4.211050269e-02 4.211050269e-02 0.000000000e+00 0.000000000e+00 4.211050269e-02 4.211050269e-02
4.211050269e-02 4.211050269e-02 0.000000000e+00 0.000000000e+00 0.000000000e+00 0.000000000e+00
4.211050269e-02 4.211050269e-02 4.211050269e-02 0.000000000e+00 0.000000000e+00 4.211050269e-02
4.211050269e-02 4.077899461e-02 4.077899461e-02 0.000000000e+00 0.000000000e+00 4.077899461e-02
4.077899461e-02 0.000000000e+00 0.000000000e+00 4.077899461e-02 4.077899461e-02 4.077899461e-02

