7.772125505e-18 7.772125505e-18 7.772125505e-18 7.772125505e-18 7.772125505e-18 7.772125505e-18
7.772125505e-18 2.601018096e-02 3.347865917e-01 7.772125505e-18 1.063211813e-03 7.772125505e-18
7.772125505e-18 1.674453680e-04 2.076832732e-01 2.290620414e-02 1.674453680e-04 7.772125505e-18
7.772125505e-18 6.750974204e-03 5.485220687e-02 3.452775757e-01 1.674453680e-04 7.772125505e-18
7.772125505e-18 7.772125505e-18 7.772125505e-18 1.674453680e-04 7.772125505e-18 7.772125505e-18
7.772125505e-18 7.772125505e-18 7.772125505e-18 7.772125505e-18 7.772125505e-18 7.772125505e-18

6.290260687e-18 6.290260687e-18 6.290260687e-18 5.863590744e-04 6.290260687e-18 6.290260687e-18
1.355195584e-04 8.024297247e-01 1.306361728e-01 0.000000000e+00 2.168312933e-03 6.290260687e-18
1.355195584e-04 8.604955579e-04 3.761379858e-02 6.290260687e-18 3.414878885e-04 6.290260687e-18
6.290260687e-18 3.414878885e-04 1.915933598e-02 0.000000000e+00 4.572699812e-03 6.290260687e-18
6.290260687e-18 1.355195584e-04 3.414878885e-04 1.355195584e-04 1.355195584e-04 1.355195584e-04
6.290260687e-18 6.290260687e-18 6.290260687e-18 6.290260687e-18 1.355195584e-04 6.290260687e-18

5.607957756e-18 5.607957756e-18 5.607957756e-18 1.208197873e-04 5.607957756e-18 5.607957756e-18
5.607957756e-18 1.208197873e-04 4.871148584e-03 0.000000000e+00 1.208197873e-04 5.607957756e-18
5.607957756e-18 5.607957756e-18 4.234330557e-02 0.000000000e+00 9.032600418e-01 5.607957756e-18
5.607957756e-18 1.032994651e-03 0.000000000e+00 0.000000000e+00 4.800923020e-02 5.607957756e-18
5.607957756e-18 5.607957756e-18 5.607957756e-18 1.208197873e-04 5.607957756e-18 5.607957756e-18
5.607957756e-18 5.607957756e-18 5.607957756e-18 5.607957756e-18 5.607957756e-18 5.607957756e-18

1.062265150e-02 1.956709136e-04 2.133345879e-03 1.956709136e-04 1.956709136e-04 4.930598057e-04
1.956709136e-04 1.507153212e-02 3.982139263e-01 0.000000000e+00 8.553125304e-03 1.018814076e-01
3.663107118e-03 3.663107118e-03 0.000000000e+00 0.000000000e+00 1.043815106e-01 0.000000000e+00
3.130734617e-03 2.133345879e-03 0.000000000e+00 0.000000000e+00 2.773377019e-01 1.133666549e-02
4.215602040e-03 1.956709136e-04 8.553125304e-03 2.133345879e-03 1.430363055e-02 8.466188731e-04
1.242432856e-03 4.930598057e-04 8.553125304e-03 8.466188731e-04 1.672962778e-03 1.354590197e-02

