7.071057808e-04 4.118091978e-04 4.118091978e-04 6.045669384e-03 2.614825415e-03 7.585590279e-18
1.634265884e-04 4.118091978e-04 7.709378853e-03 2.615809222e-02 4.118091978e-04 1.037694154e-03
6.227470796e-01 4.118091978e-04 0.000000000e+00 7.585590279e-18 1.729848096e-02 1.131369249e-02
7.071057808e-04 1.634265884e-04 3.171956136e-02 2.423929119e-01 2.385915738e-02 7.585590279e-18
7.585590279e-18 7.585590279e-18 1.634265884e-04 1.634265884e-04 7.585590279e-18 7.071057808e-04
4.118091978e-04 4.118091978e-04 1.634265884e-04 1.634265884e-04 7.071057808e-04 4.118091978e-04

8.224685896e-18 2.835127778e-03 4.868116720e-03 1.092319187e-02 4.465046458e-04 1.771954861e-04
1.771954861e-04 1.107471788e-01 8.224685896e-18 0.000000000e+00 3.317233177e-03 1.771954861e-04
4.868116720e-03 1.263644087e-01 0.000000000e+00 0.000000000e+00 2.669381186e-02 7.666803411e-04
3.817561022e-03 4.465046458e-04 3.214985725e-01 3.781744511e-01 4.465046458e-04 1.771954861e-04
1.771954861e-04 8.224685896e-18 1.771954861e-04 1.771954861e-04 1.771954861e-04 7.666803411e-04
4.465046458e-04 4.465046458e-04 1.771954861e-04 1.771954861e-04 1.771954861e-04 1.771954861e-04

4.581622579e-04 2.414772514e-01 4.995216442e-03 3.917232203e-03 1.154496546e-03 4.581622579e-04
4.581622579e-04 2.414772514e-01 0.000000000e+00 0.000000000e+00 4.581622579e-04 4.581622579e-04
2.434688304e-03 4.581622579e-04 0.000000000e+00 0.000000000e+00 1.554554630e-03 4.581622579e-04
2.909149001e-03 0.000000000e+00 2.757111614e-01 2.824335066e-02 4.581622579e-04 7.866972930e-04
1.554554630e-03 4.581622579e-04 1.847889465e-01 4.581622579e-04 4.581622579e-04 7.866972930e-04
4.581622579e-04 1.818218126e-04 4.581622579e-04 4.581622579e-04 1.154496546e-03 4.581622579e-04

