6.013231718e-18 3.264484422e-04 2.072818402e-03 7.077488910e-02 5.605352718e-04 6.013231718e-18
1.295511501e-04 1.295511501e-04 5.662912285e-03 6.013231718e-18 4.765922629e-02 3.264484422e-04
1.295511501e-04 6.013231718e-18 8.225985279e-04 8.671287104e-01 3.264484422e-04 1.412460376e-03
1.107646753e-03 6.013231718e-18 6.013231718e-18 1.295511501e-04 6.013231718e-18 3.264484422e-04
3.264484422e-04 6.013231718e-18 6.013231718e-18 6.013231718e-18 1.295511501e-04 1.295511501e-04
6.013231718e-18 1.295511501e-04 1.295511501e-04 1.295511501e-04 6.013231718e-18 6.013231718e-18

1.491834199e-04 6.924480958e-18 6.924480958e-18 6.576329709e-01 6.924480958e-18 6.924480958e-18
6.924480958e-18 6.924480958e-18 8.732055897e-02 0.000000000e+00 7.958255236e-02 6.924480958e-18
6.924480958e-18 6.924480958e-18 1.640961461e-01 6.924480958e-18 3.214059349e-03 2.792826165e-03
6.924480958e-18 6.924480958e-18 1.997643311e-03 0.000000000e+00 6.924480958e-18 6.924480958e-18
3.214059349e-03 6.924480958e-18 6.924480958e-18 6.924480958e-18 6.924480958e-18 6.924480958e-18
6.924480958e-18 6.924480958e-18 6.924480958e-18 6.924480958e-18 6.924480958e-18 6.924480958e-18

6.868705290e-18 6.868705290e-18 6.868705290e-18 2.013131946e-01 6.868705290e-18 6.868705290e-18
6.868705290e-18 6.868705290e-18 2.367708312e-03 0.000000000e+00 1.328413703e-01 2.509990206e-02
6.868705290e-18 6.868705290e-18 9.122316246e-03 0.000000000e+00 6.267398184e-01 6.868705290e-18
6.868705290e-18 6.868705290e-18 0.000000000e+00 0.000000000e+00 1.479817695e-04 2.367708312e-03
6.868705290e-18 6.868705290e-18 6.868705290e-18 6.868705290e-18 6.868705290e-18 6.868705290e-18
6.868705290e-18 6.868705290e-18 6.868705290e-18 6.868705290e-18 6.868705290e-18 6.868705290e-18

1.294499179e-04 1.294499179e-04 1.106781229e-03 1.294499179e-04 3.261933529e-04 8.219557434e-04
1.294499179e-04 1.294499179e-04 5.690233525e-02 0.000000000e+00 8.773965352e-01 2.071198686e-03
1.294499179e-04 1.294499179e-04 0.000000000e+00 0.000000000e+00 1.048544335e-02 0.000000000e+00
1.294499179e-04 4.686758429e-02 0.000000000e+00 0.000000000e+00 1.294499179e-04 3.261933529e-04
1.294499179e-04 1.294499179e-04 1.106781229e-03 1.294499179e-04 1.294499179e-04 1.294499179e-04
1.294499179e-04 1.294499179e-04 1.294499179e-04 1.294499179e-04 1.294499179e-04 1.294499179e-04

