6.266431634e-18 6.266431634e-18 6.266431634e-18 6.266431634e-18 6.266431634e-18 6.266431634e-18
6.266431634e-18 6.266431634e-18 0.000000000e+00 3.302761546e-03 6.266431634e-18 6.266431634e-18
6.266431634e-18 6.266431634e-18 1.880471556e-01 7.821907917e-03 3.709043846e-03 6.266431634e-18
6.266431634e-18 4.994307956e-03 7.632797963e-01 6.266431634e-18 1.154286576e-03 6.266431634e-18
6.266431634e-18 6.266431634e-18 2.755573412e-02 1.350061770e-04 6.266431634e-18 6.266431634e-18
6.266431634e-18 6.266431634e-18 6.266431634e-18 6.266431634e-18 6.266431634e-18 6.266431634e-18

4.691046120e-18 4.691046120e-18 4.691046120e-18 4.691046120e-18 4.691046120e-18 4.691046120e-18
4.691046120e-18 4.691046120e-18 0.000000000e+00 1.010655250e-04 4.691046120e-18 4.691046120e-18
4.691046120e-18 0.000000000e+00 4.691046120e-18 9.985456147e-01 4.691046120e-18 4.691046120e-18
4.691046120e-18 4.691046120e-18 4.691046120e-18 0.000000000e+00 4.691046120e-18 4.691046120e-18
4.691046120e-18 4.691046120e-18 4.691046120e-18 4.691046120e-18 4.691046120e-18 4.691046120e-18
4.691046120e-18 4.691046120e-18 4.691046120e-18 1.353319759e-03 4.691046120e-18 4.691046120e-18

1.520736948e-04 1.520736948e-04 1.520736948e-04 1.520736948e-04 1.520736948e-04 1.520736948e-04
3.832016985e-04 0.000000000e+00 0.000000000e+00 5.625689736e-03 3.832016985e-04 1.520736948e-04
1.520736948e-04 0.000000000e+00 1.520736948e-04 7.355712661e-01 3.832016985e-04 1.520736948e-04
1.520736948e-04 1.520736948e-04 2.080338882e-02 0.000000000e+00 3.103933758e-02 1.520736948e-04
1.520736948e-04 9.656077726e-04 4.555094868e-02 0.000000000e+00 3.180809676e-02 1.520736948e-04
1.520736948e-04 1.520736948e-04 1.520736948e-04 1.244445855e-01 1.520736948e-04 1.520736948e-04

2.560553250e-03 0.000000000e+00 4.396652661e-03 4.396652661e-03 5.399885406e-03 2.560553250e-03
2.560553250e-03 0.000000000e+00 0.000000000e+00 6.384870877e-01 2.995968034e-03 2.560553250e-03
2.560553250e-03 0.000000000e+00 0.000000000e+00 2.560553250e-03 2.142945944e-03 1.368276396e-03
2.560553250e-03 2.142945944e-03 2.560553250e-03 0.000000000e+00 2.142945944e-03 1.744812765e-03
2.560553250e-03 2.560553250e-03 2.560553250e-03 0.000000000e+00 2.142945944e-03 2.142945944e-03
2.560553250e-03 2.560553250e-03 2.560553250e-03 2.903622973e-01 2.142945944e-03 2.142945944e-03

