8.190406701e-18 8.190406701e-18 8.190406701e-18 7.634849381e-04 8.190406701e-18 8.190406701e-18
8.190406701e-18 8.190406701e-18 8.190406701e-18 8.190406701e-18 8.190406701e-18 1.764569632e-04
8.190406701e-18 8.190406701e-18 4.423433814e-02 0.000000000e+00 4.446436847e-04 1.508685814e-03
4.423433814e-02 8.190406701e-18 1.833328348e-01 2.823311411e-03 8.190406701e-18 1.120431876e-03
8.190406701e-18 8.190406701e-18 1.508685814e-03 1.270550314e-01 1.764569632e-04 8.190406701e-18
8.190406701e-18 4.446436847e-04 1.246233889e-01 8.190406701e-18 4.586069645e-01 8.946302980e-03

4.847729256e-02 1.505867985e-04 1.505867985e-04 1.505867985e-04 1.505867985e-04 1.505867985e-04
3.323492700e-01 1.505867985e-04 1.505867985e-04 1.505867985e-04 1.505867985e-04 1.505867985e-04
6.989620024e-18 2.016435278e-03 0.000000000e+00 0.000000000e+00 1.505867985e-04 1.505867985e-04
5.675189079e-01 1.505867985e-04 1.505867985e-04 3.794549546e-04 1.505867985e-04 1.505867985e-04
1.505867985e-04 1.505867985e-04 1.505867985e-04 2.409388776e-03 1.505867985e-04 1.505867985e-04
1.505867985e-04 1.505867985e-04 2.819098472e-03 0.000000000e+00 3.855022042e-02 2.016435278e-03

2.255846855e-02 4.591532820e-03 9.221170084e-04 2.323589259e-03 5.370289365e-04 9.315859318e-03
1.150575326e-01 1.822151007e-03 1.822151007e-03 7.191095790e-03 3.989768577e-03 1.820401322e-01
0.000000000e+00 1.234762466e-02 0.000000000e+00 0.000000000e+00 0.000000000e+00 2.131200747e-04
8.341956532e-02 2.131200747e-04 5.370289365e-04 9.498463073e-02 4.591532820e-03 1.353228123e-03
9.221170084e-04 2.131200747e-04 2.323589259e-03 1.898839935e-02 2.131200747e-04 1.353228123e-03
9.221170084e-04 1.353228123e-03 4.675099236e-02 0.000000000e+00 3.554771608e-01 2.165164997e-02

