6.468507115e-18 1.393597612e-04 6.468507115e-18 3.409266678e-03 1.393597612e-04 6.468507115e-18
1.393597612e-04 6.468507115e-18 1.393597612e-04 5.208299632e-02 8.848793262e-04 1.393597612e-04
1.393597612e-04 6.468507115e-18 7.750300650e-01 6.468507115e-18 1.458459893e-01 7.565611817e-03
1.393597612e-04 6.468507115e-18 1.866099430e-03 1.073417136e-02 3.511645933e-04 1.393597612e-04
1.393597612e-04 6.468507115e-18 6.468507115e-18 1.393597612e-04 6.468507115e-18 6.468507115e-18
1.393597612e-04 1.393597612e-04 1.393597612e-04 1.393597612e-04 1.393597612e-04 1.393597612e-04

7.679548545e-18 7.679548545e-18 7.679548545e-18 7.679548545e-18 7.679548545e-18 7.679548545e-18
7.679548545e-18 0.000000000e+00 5.088648180e-01 1.413226609e-01 7.679548545e-18 7.679548545e-18
7.679548545e-18 5.894145149e-02 7.679548545e-18 0.000000000e+00 4.412935747e-02 7.158642861e-04
7.679548545e-18 7.679548545e-18 1.986899559e-01 4.592130700e-02 7.679548545e-18 7.679548545e-18
7.679548545e-18 7.679548545e-18 7.679548545e-18 7.679548545e-18 7.679548545e-18 7.679548545e-18
7.679548545e-18 7.679548545e-18 7.679548545e-18 7.679548545e-18 1.414584937e-03 7.679548545e-18

5.444155785e-18 5.444155785e-18 5.444155785e-18 5.444155785e-18 5.444155785e-18 5.444155785e-18
5.444155785e-18 0.000000000e+00 5.444155785e-18 1.492004096e-01 5.444155785e-18 5.444155785e-18
5.444155785e-18 5.444155785e-18 0.000000000e+00 0.000000000e+00 5.444155785e-18 5.444155785e-18
5.444155785e-18 5.444155785e-18 5.444155785e-18 8.507995904e-01 5.444155785e-18 5.444155785e-18
5.444155785e-18 5.444155785e-18 5.444155785e-18 5.444155785e-18 5.444155785e-18 5.444155785e-18
5.444155785e-18 5.444155785e-18 5.444155785e-18 0.000000000e+00 5.444155785e-18 5.444155785e-18

4.647784847e-18 4.647784847e-18 4.647784847e-18 4.647784847e-18 4.647784847e-18 4.647784847e-18
4.647784847e-18 0.000000000e+00 4.647784847e-18 1.000000000e+00 4.647784847e-18 4.647784847e-18
4.647784847e-18 4.647784847e-18 0.000000000e+00 0.000000000e+00 0.000000000e+00 4.647784847e-18
4.647784847e-18 4.647784847e-18 4.647784847e-18 4.647784847e-18 4.647784847e-18 4.647784847e-18
4.647784847e-18 4.647784847e-18 4.647784847e-18 0.000000000e+00 4.647784847e-18 4.647784847e-18
4.647784847e-18 4.647784847e-18 4.647784847e-18 0.000000000e+00 4.647784847e-18 4.647784847e-18

