1.264011510e-03 1.351470472e-01 1.990693386e-04 1.009274208e-02 1.080714639e-02 5.016233002e-04
1.264011510e-03 1.990693386e-04 1.938592963e-02 9.487197375e-02 6.085022334e-03 8.613230042e-04
8.613230042e-04 1.990693386e-04 4.212538007e-01 9.239980191e-18 0.000000000e+00 3.185109418e-03
4.288818888e-03 9.239980191e-18 6.296309356e-02 1.191383371e-01 9.611415227e-02 5.016233002e-04
1.990693386e-04 9.239980191e-18 9.239980191e-18 1.990693386e-04 9.239980191e-18 1.990693386e-04
1.990693386e-04 4.288818888e-03 2.665641617e-03 1.702018904e-03 8.613230042e-04 5.016233002e-04

1.871913221e-02 2.931724069e-02 7.035160796e-03 2.189402985e-03 9.472996542e-03 7.035160796e-03
2.177257232e-02 9.472996542e-03 5.226657555e-02 1.600463291e-01 0.000000000e+00 9.472996542e-03
1.032426184e-02 4.843127862e-02 3.428965273e-03 0.000000000e+00 0.000000000e+00 1.483627107e-02
1.871913221e-02 3.428965273e-03 3.545957366e-01 3.271476680e-02 1.298286381e-02 2.791905412e-03
2.387045550e-02 1.772749435e-02 5.516949815e-03 1.119345769e-02 1.119345769e-02 9.472996542e-03
1.119345769e-02 9.472996542e-03 1.772749435e-02 2.177257232e-02 1.972408342e-02 1.207987314e-02

3.090505737e-03 3.090505737e-03 3.090505737e-03 3.090505737e-03 3.090505737e-03 3.090505737e-03
3.090505737e-03 5.046194795e-03 1.518197143e-01 0.000000000e+00 0.000000000e+00 8.962163633e-03
3.556636995e-03 3.090505737e-03 0.000000000e+00 0.000000000e+00 0.000000000e+00 3.090505737e-03
3.090505737e-03 3.556636995e-03 7.493298786e-01 3.556636995e-03 3.090505737e-03 3.090505737e-03
3.090505737e-03 3.090505737e-03 3.090505737e-03 3.090505737e-03 3.090505737e-03 3.090505737e-03
3.090505737e-03 3.090505737e-03 3.090505737e-03 3.090505737e-03 3.090505737e-03 3.090505737e-03

