7.312828517e-18 7.312828517e-18 7.312828517e-18 7.312828517e-18 7.312828517e-18 7.312828517e-18
7.312828517e-18 7.312828517e-18 3.375484299e-02 6.816797544e-04 7.312828517e-18 7.312828517e-18
7.312828517e-18 2.083714428e-02 1.222292563e-01 7.312828517e-18 3.970014111e-04 7.312828517e-18
7.312828517e-18 7.312828517e-18 5.795947429e-02 6.740513025e-01 4.806724190e-02 7.312828517e-18
7.312828517e-18 7.312828517e-18 7.312828517e-18 4.202205662e-02 7.312828517e-18 7.312828517e-18
7.312828517e-18 7.312828517e-18 7.312828517e-18 7.312828517e-18 7.312828517e-18 7.312828517e-18

7.344024525e-18 7.344024525e-18 7.344024525e-18 3.986949910e-04 7.344024525e-18 7.344024525e-18
7.344024525e-18 7.344024525e-18 7.344024525e-18 2.229656186e-01 7.344024525e-18 7.344024525e-18
7.344024525e-18 1.106588102e-01 3.666593303e-01 0.000000000e+00 7.344024525e-18 7.344024525e-18
7.344024525e-18 7.344024525e-18 0.000000000e+00 7.344024525e-18 7.344024525e-18 7.344024525e-18
7.344024525e-18 7.344024525e-18 7.344024525e-18 2.939788133e-01 7.344024525e-18 7.344024525e-18
7.344024525e-18 7.344024525e-18 7.344024525e-18 5.338732564e-03 7.344024525e-18 7.344024525e-18

6.163149137e-18 6.163149137e-18 6.163149137e-18 6.163149137e-18 6.163149137e-18 6.163149137e-18
6.163149137e-18 6.163149137e-18 7.425627010e-02 6.974550594e-01 6.163149137e-18 6.163149137e-18
6.163149137e-18 6.163149137e-18 0.000000000e+00 0.000000000e+00 6.163149137e-18 6.163149137e-18
6.163149137e-18 6.163149137e-18 0.000000000e+00 0.000000000e+00 6.163149137e-18 6.163149137e-18
6.163149137e-18 6.163149137e-18 6.163149137e-18 6.163149137e-18 6.163149137e-18 6.163149137e-18
6.163149137e-18 6.163149137e-18 6.163149137e-18 2.282886705e-01 6.163149137e-18 6.163149137e-18

5.990104734e-18 5.990104734e-18 5.990104734e-18 5.990104734e-18 5.990104734e-18 5.990104734e-18
5.990104734e-18 5.990104734e-18 7.006068999e-03 6.705579443e-01 5.990104734e-18 5.990104734e-18
5.990104734e-18 5.990104734e-18 0.000000000e+00 0.000000000e+00 5.990104734e-18 5.990104734e-18
5.990104734e-18 0.000000000e+00 0.000000000e+00 0.000000000e+00 5.990104734e-18 5.990104734e-18
5.990104734e-18 5.990104734e-18 5.990104734e-18 0.000000000e+00 5.990104734e-18 5.990104734e-18
5.990104734e-18 5.990104734e-18 6.542934166e-03 3.158930525e-01 5.990104734e-18 5.990104734e-18

