1.563430679e-04 3.939598445e-04 4.778993423e-03 1.704565249e-03 1.563430679e-04 1.563430679e-04
1.563430679e-04 7.256802380e-18 1.563430679e-04 1.563430679e-04 2.501489086e-03 9.927166016e-04
1.563430679e-04 7.256802380e-18 1.563430679e-04 1.082331468e-02 1.588346563e-02 1.392972770e-02
3.939598445e-04 7.256802380e-18 1.563430679e-04 4.048437725e-01 7.256802380e-18 5.074227140e-01
1.563430679e-04 1.563430679e-04 1.563430679e-04 1.563430679e-04 2.803324697e-02 6.764571674e-04
1.563430679e-04 6.764571674e-04 1.563430679e-04 2.501489086e-03 1.704565249e-03 3.939598445e-04

5.633922532e-18 1.213791815e-04 1.625330148e-03 1.213791815e-04 3.058563714e-04 5.633922532e-18
5.633922532e-18 5.633922532e-18 5.633922532e-18 5.633922532e-18 1.660443845e-02 3.058563714e-04
5.633922532e-18 5.633922532e-18 5.633922532e-18 1.233135618e-02 5.633922532e-18 1.081454374e-02
5.633922532e-18 5.633922532e-18 0.000000000e+00 9.285713415e-01 0.000000000e+00 2.787919438e-02
5.633922532e-18 5.633922532e-18 5.633922532e-18 5.633922532e-18 7.707097612e-04 1.213791815e-04
5.633922532e-18 5.633922532e-18 3.058563714e-04 5.633922532e-18 1.213791815e-04 5.633922532e-18

5.616756962e-18 5.616756962e-18 5.616756962e-18 5.616756962e-18 5.616756962e-18 5.616756962e-18
5.616756962e-18 5.616756962e-18 5.616756962e-18 5.616756962e-18 5.616756962e-18 5.616756962e-18
5.616756962e-18 5.616756962e-18 0.000000000e+00 4.808455942e-02 0.000000000e+00 5.616756962e-18
5.616756962e-18 5.616756962e-18 0.000000000e+00 5.616756962e-18 0.000000000e+00 8.762845903e-01
5.616756962e-18 5.616756962e-18 5.616756962e-18 5.616756962e-18 7.563085027e-02 5.616756962e-18
5.616756962e-18 5.616756962e-18 5.616756962e-18 5.616756962e-18 5.616756962e-18 5.616756962e-18

4.647784847e-18 4.647784847e-18 4.647784847e-18 4.647784847e-18 4.647784847e-18 4.647784847e-18
4.647784847e-18 4.647784847e-18 4.647784847e-18 4.647784847e-18 4.647784847e-18 4.647784847e-18
4.647784847e-18 4.647784847e-18 0.000000000e+00 0.000000000e+00 0.000000000e+00 4.647784847e-18
4.647784847e-18 4.647784847e-18 0.000000000e+00 0.000000000e+00 0.000000000e+00 1.000000000e+00
4.647784847e-18 4.647784847e-18 4.647784847e-18 4.647784847e-18 4.647784847e-18 4.647784847e-18
4.647784847e-18 4.647784847e-18 4.647784847e-18 4.647784847e-18 4.647784847e-18 4.647784847e-18

