6.468507115e-18 1.393597612e-04 6.468507115e-18 3.409266678e-03 1.393597612e-04 6.468507115e-18
1.393597612e-04 6.468507115e-18 1.393597612e-04 5.208299632e-02 8.848793262e-04 1.393597612e-04
1.393597612e-04 6.468507115e-18 7.750300650e-01 6.468507115e-18 1.458459893e-01 7.565611817e-03
1.393597612e-04 6.468507115e-18 1.866099430e-03 1.073417136e-02 3.511645933e-04 1.393597612e-04
1.393597612e-04 6.468507115e-18 6.468507115e-18 1.393597612e-04 6.468507115e-18 6.468507115e-18
1.393597612e-04 1.393597612e-04 1.393597612e-04 1.393597612e-04 1.393597612e-04 1.393597612e-04

7.562932646e-18 7.562932646e-18 7.562932646e-18 4.105791522e-04 0.000000000e+00 7.562932646e-18
7.562932646e-18 7.562932646e-18 7.562932646e-18 2.403216195e-01 7.562932646e-18 7.562932646e-18
7.562932646e-18 7.562932646e-18 3.998334755e-02 0.000000000e+00 4.898445466e-01 7.562932646e-18
7.562932646e-18 7.562932646e-18 2.531009652e-02 7.562932646e-18 6.377744675e-02 7.562932646e-18
7.562932646e-18 7.562932646e-18 7.562932646e-18 1.403523639e-01 7.562932646e-18 7.562932646e-18
7.562932646e-18 7.562932646e-18 7.562932646e-18 7.562932646e-18 7.562932646e-18 7.562932646e-18

5.005834612e-18 5.005834612e-18 5.005834612e-18 5.005834612e-18 0.000000000e+00 5.005834612e-18
5.005834612e-18 5.005834612e-18 5.005834612e-18 0.000000000e+00 5.005834612e-18 5.005834612e-18
5.005834612e-18 5.005834612e-18 5.005834612e-18 0.000000000e+00 5.005834612e-18 5.005834612e-18
5.005834612e-18 5.005834612e-18 9.622030704e-01 0.000000000e+00 3.779692962e-02 5.005834612e-18
5.005834612e-18 5.005834612e-18 5.005834612e-18 5.005834612e-18 5.005834612e-18 5.005834612e-18
5.005834612e-18 5.005834612e-18 5.005834612e-18 5.005834612e-18 5.005834612e-18 5.005834612e-18

4.647784847e-18 4.647784847e-18 4.647784847e-18 4.647784847e-18 0.000000000e+00 4.647784847e-18
4.647784847e-18 4.647784847e-18 4.647784847e-18 0.000000000e+00 4.647784847e-18 4.647784847e-18
4.647784847e-18 4.647784847e-18 4.647784847e-18 0.000000000e+00 4.647784847e-18 4.647784847e-18
4.647784847e-18 4.647784847e-18 4.647784847e-18 0.000000000e+00 1.000000000e+00 4.647784847e-18
4.647784847e-18 4.647784847e-18 4.647784847e-18 0.000000000e+00 4.647784847e-18 4.647784847e-18
4.647784847e-18 4.647784847e-18 4.647784847e-18 0.000000000e+00 4.647784847e-18 4.647784847e-18

3.609445831e-02 3.609445831e-02 3.609445831e-02 3.609445831e-02 0.000000000e+00 3.609445831e-02
3.609445831e-02 3.609445831e-02 3.609445831e-02 0.000000000e+00 3.609445831e-02 3.609445831e-02
3.609445831e-02 3.609445831e-02 3.476385421e-02 0.000000000e+00 3.609445831e-02 3.609445831e-02
3.609445831e-02 0.000000000e+00 0.000000000e+00 0.000000000e+00 3.609445831e-02 3.609445831e-02
3.609445831e-02 3.609445831e-02 3.609445831e-02 0.000000000e+00 3.476385421e-02 3.476385421e-02
3.476385421e-02 3.476385421e-02 3.476385421e-02 0.000000000e+00 3.476385421e-02 3.476385421e-02

3.784597560e-02 3.917969513e-02 3.917969513e-02 3.917969513e-02 0.000000000e+00 3.917969513e-02
3.917969513e-02 0.000000000e+00 3.917969513e-02 0.000000000e+00 3.917969513e-02 3.917969513e-02
3.917969513e-02 3.917969513e-02 0.000000000e+00 0.000000000e+00 3.917969513e-02 3.917969513e-02
3.784597560e-02 0.000000000e+00 0.000000000e+00 0.000000000e+00 3.784597560e-02 3.784597560e-02
3.784597560e-02 3.784597560e-02 3.784597560e-02 0.000000000e+00 3.784597560e-02 3.784597560e-02
3.784597560e-02 3.784597560e-02 3.784597560e-02 0.000000000e+00 3.784597560e-02 3.784597560e-02

0.000000000e+00 4.211050269e-02 4.211050269e-02 4.211050269e-02 0.000000000e+00 4.211050269e-02
4.211050269e-02 0.000000000e+00 4.211050269e-02 0.000000000e+00 4.211050269e-02 4.211050269e-02
4.211050269e-02 0.000000000e+00 0.000000000e+00 0.000000000e+00 4.211050269e-02 4.211050269e-02
4.211050269e-02 0.000000000e+00 0.000000000e+00 0.000000000e+00 4.211050269e-02 4.211050269e-02
4.211050269e-02 4.211050269e-02 4.077899461e-02 0.000000000e+00 4.077899461e-02 4.077899461e-02
4.077899461e-02 4.077899461e-02 4.077899461e-02 0.000000000e+00 4.077899461e-02 4.077899461e-02

