6.468507115e-18 1.393597612e-04 6.468507115e-18 3.409266678e-03 1.393597612e-04 6.468507115e-18
1.393597612e-04 6.468507115e-18 1.393597612e-04 5.208299632e-02 8.848793262e-04 1.393597612e-04
1.393597612e-04 6.468507115e-18 7.750300650e-01 6.468507115e-18 1.458459893e-01 7.565611817e-03
1.393597612e-04 6.468507115e-18 1.866099430e-03 1.073417136e-02 3.511645933e-04 1.393597612e-04
1.393597612e-04 6.468507115e-18 6.468507115e-18 1.393597612e-04 6.468507115e-18 6.468507115e-18
1.393597612e-04 1.393597612e-04 1.393597612e-04 1.393597612e-04 1.393597612e-04 1.393597612e-04

1.504685691e-04 3.791570350e-04 6.984132299e-18 1.286488169e-03 6.984132299e-18 6.984132299e-18
6.984132299e-18 6.984132299e-18 6.984132299e-18 3.711389345e-01 6.984132299e-18 6.984132299e-18
6.984132299e-18 6.984132299e-18 1.609044047e-01 0.000000000e+00 4.316786272e-01 1.504685691e-04
6.984132299e-18 6.984132299e-18 0.000000000e+00 6.984132299e-18 3.791570350e-04 6.984132299e-18
6.984132299e-18 6.984132299e-18 1.504685691e-04 3.378182561e-02 6.984132299e-18 6.984132299e-18
6.984132299e-18 6.984132299e-18 6.984132299e-18 6.984132299e-18 6.984132299e-18 6.984132299e-18

5.740671859e-18 5.740671859e-18 5.740671859e-18 5.740671859e-18 5.740671859e-18 5.740671859e-18
5.740671859e-18 5.740671859e-18 5.740671859e-18 0.000000000e+00 5.740671859e-18 5.740671859e-18
5.740671859e-18 5.740671859e-18 1.051574626e-02 0.000000000e+00 3.397851421e-03 5.740671859e-18
5.740671859e-18 5.740671859e-18 0.000000000e+00 0.000000000e+00 8.986605962e-01 5.740671859e-18
5.740671859e-18 5.740671859e-18 4.192427021e-02 5.740671859e-18 4.986425864e-03 5.740671859e-18
5.740671859e-18 5.740671859e-18 5.740671859e-18 4.051511008e-02 5.740671859e-18 5.740671859e-18

6.541243343e-18 6.541243343e-18 6.541243343e-18 6.541243343e-18 6.541243343e-18 6.541243343e-18
6.541243343e-18 6.541243343e-18 0.000000000e+00 0.000000000e+00 2.638256307e-03 6.541243343e-18
6.541243343e-18 6.541243343e-18 2.735256743e-02 0.000000000e+00 6.551461084e-01 6.541243343e-18
6.541243343e-18 6.541243343e-18 0.000000000e+00 0.000000000e+00 6.541243343e-18 6.541243343e-18
6.541243343e-18 6.541243343e-18 1.613433357e-02 0.000000000e+00 2.755011481e-01 6.541243343e-18
6.541243343e-18 6.541243343e-18 6.541243343e-18 2.322758625e-02 6.541243343e-18 6.541243343e-18

