1.156973393e-17 1.156973393e-17 6.248523931e-02 6.281017920e-04 1.156973393e-17 1.725592961e-02
1.156973393e-17 1.582717338e-03 2.492623613e-04 2.131163211e-03 1.156973393e-17 1.156973393e-01
2.962966259e-02 5.725227127e-02 0.000000000e+00 3.073210703e-02 4.666379449e-03 1.005340976e-01
6.281017920e-04 8.879908853e-02 1.156973393e-17 1.219086412e-01 2.492623613e-04 2.532347741e-02
1.582717338e-03 2.717638619e-03 5.854974915e-02 2.962966259e-02 1.156973393e-17 1.004962867e-02
1.919940790e-02 1.156973393e-17 1.393971278e-01 1.156973393e-17 6.648371599e-02 1.263750982e-02

1.445043724e-03 1.325397013e-04 8.415746451e-04 3.182627181e-02 3.242422226e-03 1.445043724e-03
1.325397013e-04 5.734659818e-04 2.481243197e-03 6.151947976e-18 4.472153501e-03 2.120635221e-03
3.242422226e-03 9.160199417e-01 0.000000000e+00 1.634111249e-02 1.325397013e-04 8.415746451e-04
3.339791192e-04 0.000000000e+00 0.000000000e+00 3.242422226e-03 1.445043724e-03 1.445043724e-03
8.415746451e-04 5.734659818e-04 1.325397013e-04 1.325397013e-04 1.133198506e-03 5.734659818e-04
1.325397013e-04 1.325397013e-04 1.774775293e-03 8.415746451e-04 1.133198506e-03 8.415746451e-04

1.174578405e-04 2.530552461e-03 7.682792903e-03 3.226935909e-03 1.174578405e-04 1.174578405e-04
1.174578405e-04 2.959752114e-04 2.048976583e-02 0.000000000e+00 1.174578405e-04 2.959752114e-04
3.590375031e-03 9.576314393e-01 0.000000000e+00 7.458107982e-04 2.959752114e-04 1.174578405e-04
1.174578405e-04 0.000000000e+00 0.000000000e+00 0.000000000e+00 1.174578405e-04 5.082105599e-04
1.174578405e-04 1.174578405e-04 1.174578405e-04 1.174578405e-04 2.959752114e-04 1.174578405e-04
1.174578405e-04 1.174578405e-04 2.959752114e-04 1.174578405e-04 1.174578405e-04 1.174578405e-04

1.088469349e-04 4.709533351e-04 6.911349556e-04 1.186728041e-03 1.088469349e-04 5.052227174e-18
1.088469349e-04 0.000000000e+00 9.838355604e-01 0.000000000e+00 1.088469349e-04 1.088469349e-04
4.709533351e-04 9.254655256e-03 0.000000000e+00 6.911349556e-04 1.088469349e-04 5.052227174e-18
5.052227174e-18 0.000000000e+00 0.000000000e+00 0.000000000e+00 1.088469349e-04 6.911349556e-04
5.052227174e-18 1.088469349e-04 1.088469349e-04 1.088469349e-04 0.000000000e+00 1.088469349e-04
5.052227174e-18 5.052227174e-18 1.088469349e-04 9.306282024e-04 4.709533351e-04 5.052227174e-18

6.079286372e-04 6.521651620e-18 3.540497210e-04 1.396331763e-01 6.521651620e-18 6.521651620e-18
0.000000000e+00 0.000000000e+00 6.408379754e-01 0.000000000e+00 2.142285577e-01 6.521651620e-18
2.248075598e-03 6.079286372e-04 0.000000000e+00 6.521651620e-18 1.201298500e-03 6.521651620e-18
6.521651620e-18 0.000000000e+00 0.000000000e+00 0.000000000e+00 6.521651620e-18 1.405047249e-04
6.521651620e-18 6.521651620e-18 6.521651620e-18 6.521651620e-18 0.000000000e+00 6.521651620e-18
6.521651620e-18 6.521651620e-18 6.521651620e-18 1.405047249e-04 6.521651620e-18 0.000000000e+00

5.968516075e-18 5.968516075e-18 5.968516075e-18 4.940369864e-01 5.968516075e-18 5.968516075e-18
0.000000000e+00 0.000000000e+00 4.994436605e-01 0.000000000e+00 5.968516075e-18 5.968516075e-18
5.968516075e-18 5.968516075e-18 0.000000000e+00 0.000000000e+00 6.519353080e-03 5.968516075e-18
5.968516075e-18 0.000000000e+00 0.000000000e+00 0.000000000e+00 5.968516075e-18 5.968516075e-18
5.968516075e-18 5.968516075e-18 5.968516075e-18 5.968516075e-18 0.000000000e+00 5.968516075e-18
5.968516075e-18 0.000000000e+00 5.968516075e-18 5.968516075e-18 5.968516075e-18 0.000000000e+00

1.206666343e-04 5.600849025e-18 5.600849025e-18 1.612291500e-01 5.600849025e-18 5.600849025e-18
0.000000000e+00 0.000000000e+00 0.000000000e+00 0.000000000e+00 0.000000000e+00 1.206666343e-04
2.951962116e-03 1.615788773e-03 0.000000000e+00 0.000000000e+00 8.339617659e-01 5.600849025e-18
5.600849025e-18 0.000000000e+00 0.000000000e+00 0.000000000e+00 5.600849025e-18 5.600849025e-18
5.600849025e-18 5.600849025e-18 5.600849025e-18 5.600849025e-18 0.000000000e+00 5.600849025e-18
5.600849025e-18 0.000000000e+00 5.600849025e-18 5.600849025e-18 5.600849025e-18 0.000000000e+00

