8.200758039e-18 8.200758039e-18 8.200758039e-18 8.200758039e-18 8.200758039e-18 8.200758039e-18
8.200758039e-18 1.766799761e-04 1.766799761e-04 7.337888385e-02 8.200758039e-18 8.200758039e-18
8.200758039e-18 8.200758039e-18 5.588162366e-02 3.344746393e-01 1.946073421e-02 8.200758039e-18
8.200758039e-18 7.766326462e-02 3.754739243e-01 8.200758039e-18 2.826879617e-03 8.200758039e-18
8.200758039e-18 8.200758039e-18 4.807881281e-02 1.223119774e-02 1.766799761e-04 8.200758039e-18
8.200758039e-18 8.200758039e-18 8.200758039e-18 8.200758039e-18 8.200758039e-18 8.200758039e-18

7.151092687e-18 7.151092687e-18 7.151092687e-18 7.151092687e-18 7.151092687e-18 7.151092687e-18
7.151092687e-18 7.151092687e-18 7.151092687e-18 2.808738742e-01 7.151092687e-18 7.151092687e-18
7.151092687e-18 7.151092687e-18 0.000000000e+00 4.586124094e-01 7.151092687e-18 7.151092687e-18
2.884224664e-03 1.694663842e-01 7.151092687e-18 0.000000000e+00 8.816310749e-02 7.151092687e-18
7.151092687e-18 7.151092687e-18 7.151092687e-18 7.151092687e-18 7.151092687e-18 7.151092687e-18
7.151092687e-18 7.151092687e-18 7.151092687e-18 7.151092687e-18 7.151092687e-18 7.151092687e-18

5.938129134e-18 5.938129134e-18 5.938129134e-18 5.157939946e-03 5.938129134e-18 5.938129134e-18
5.938129134e-18 5.938129134e-18 5.938129134e-18 1.520733007e-02 8.123246390e-04 5.938129134e-18
5.938129134e-18 0.000000000e+00 0.000000000e+00 5.938129134e-18 5.938129134e-18 5.938129134e-18
2.395004408e-03 4.190867575e-02 0.000000000e+00 0.000000000e+00 8.997694937e-01 1.987253207e-02
5.938129134e-18 2.395004408e-03 5.938129134e-18 9.351967366e-03 5.938129134e-18 5.938129134e-18
3.129727683e-03 5.938129134e-18 5.938129134e-18 5.938129134e-18 5.938129134e-18 5.938129134e-18

7.052544702e-18 7.052544702e-18 7.052544702e-18 3.808903006e-02 7.052544702e-18 7.052544702e-18
7.052544702e-18 7.052544702e-18 0.000000000e+00 2.178480828e-01 2.844477657e-03 7.052544702e-18
7.052544702e-18 0.000000000e+00 0.000000000e+00 0.000000000e+00 7.052544702e-18 7.052544702e-18
1.659653077e-01 7.052544702e-18 0.000000000e+00 0.000000000e+00 7.052544702e-18 7.052544702e-18
7.052544702e-18 7.703427190e-03 7.052544702e-18 7.052544702e-18 7.052544702e-18 7.052544702e-18
2.844477657e-03 7.052544702e-18 7.052544702e-18 5.647051969e-01 7.052544702e-18 7.052544702e-18

