2.420064211e-03 5.593262684e-04 2.219687767e-04 1.030287795e-01 3.552836650e-02 3.551500427e-03
5.593262684e-04 1.030287795e-17 4.782172326e-03 7.651475722e-02 2.219687767e-04 9.604031185e-04
1.057853314e-01 1.030287795e-17 1.085599599e-01 1.030287795e-17 1.644408379e-01 2.069125795e-02
1.270202718e-01 2.219687767e-04 7.779265260e-02 0.000000000e+00 1.582938361e-01 1.030287795e-17
9.604031185e-04 1.030287795e-17 2.219687767e-04 1.897806345e-03 2.219687767e-04 2.219687767e-04
2.420064211e-03 5.593262684e-04 1.897806345e-03 2.219687767e-04 2.219687767e-04 1.030287795e-17

6.196602969e-18 6.196602969e-18 6.196602969e-18 3.364033652e-04 6.196602969e-18 6.196602969e-18
6.196602969e-18 6.196602969e-18 6.196602969e-18 7.734746128e-03 7.286494439e-01 6.196602969e-18
6.196602969e-18 6.196602969e-18 0.000000000e+00 0.000000000e+00 6.196602969e-18 5.625108911e-02
6.196602969e-18 6.196602969e-18 1.335017640e-04 0.000000000e+00 2.068948157e-01 6.196602969e-18
6.196602969e-18 6.196602969e-18 6.196602969e-18 6.196602969e-18 6.196602969e-18 6.196602969e-18
6.196602969e-18 6.196602969e-18 6.196602969e-18 6.196602969e-18 6.196602969e-18 6.196602969e-18

5.670034120e-18 5.670034120e-18 5.670034120e-18 5.670034120e-18 5.670034120e-18 5.670034120e-18
5.670034120e-18 5.670034120e-18 5.670034120e-18 7.756497569e-04 8.929744176e-03 5.670034120e-18
5.670034120e-18 5.670034120e-18 0.000000000e+00 0.000000000e+00 0.000000000e+00 8.338838989e-01
5.670034120e-18 5.670034120e-18 7.756497569e-04 0.000000000e+00 1.553907431e-01 5.670034120e-18
5.670034120e-18 5.670034120e-18 5.670034120e-18 1.221571820e-04 0.000000000e+00 5.670034120e-18
5.670034120e-18 1.221571820e-04 5.670034120e-18 5.670034120e-18 5.670034120e-18 5.670034120e-18

