7.312828517e-18 7.312828517e-18 7.312828517e-18 7.312828517e-18 7.312828517e-18 7.312828517e-18
7.312828517e-18 7.312828517e-18 3.375484299e-02 6.816797544e-04 7.312828517e-18 7.312828517e-18
7.312828517e-18 2.083714428e-02 1.222292563e-01 7.312828517e-18 3.970014111e-04 7.312828517e-18
7.312828517e-18 7.312828517e-18 5.795947429e-02 6.740513025e-01 4.806724190e-02 7.312828517e-18
7.312828517e-18 7.312828517e-18 7.312828517e-18 4.202205662e-02 7.312828517e-18 7.312828517e-18
7.312828517e-18 7.312828517e-18 7.312828517e-18 7.312828517e-18 7.312828517e-18 7.312828517e-18

7.344024525e-18 7.344024525e-18 7.344024525e-18 3.986949910e-04 7.344024525e-18 7.344024525e-18
7.344024525e-18 7.344024525e-18 7.344024525e-18 2.229656186e-01 7.344024525e-18 7.344024525e-18
7.344024525e-18 1.106588102e-01 3.666593303e-01 0.000000000e+00 7.344024525e-18 7.344024525e-18
7.344024525e-18 7.344024525e-18 0.000000000e+00 7.344024525e-18 7.344024525e-18 7.344024525e-18
7.344024525e-18 7.344024525e-18 7.344024525e-18 2.939788133e-01 7.344024525e-18 7.344024525e-18
7.344024525e-18 7.344024525e-18 7.344024525e-18 5.338732564e-03 7.344024525e-18 7.344024525e-18

6.259573881e-18 6.259573881e-18 6.259573881e-18 6.259573881e-18 6.259573881e-18 6.259573881e-18
6.259573881e-18 6.259573881e-18 6.259573881e-18 3.646865894e-01 6.259573881e-18 6.259573881e-18
6.259573881e-18 2.484113541e-02 6.259573881e-18 0.000000000e+00 8.313329819e-03 6.259573881e-18
6.259573881e-18 6.259573881e-18 0.000000000e+00 0.000000000e+00 6.259573881e-18 6.259573881e-18
6.259573881e-18 6.259573881e-18 6.259573881e-18 6.003531211e-01 0.000000000e+00 6.259573881e-18
6.259573881e-18 6.259573881e-18 6.259573881e-18 1.805824287e-03 6.259573881e-18 6.259573881e-18

6.481560019e-18 6.481560019e-18 6.481560019e-18 1.122833798e-01 6.481560019e-18 6.481560019e-18
6.481560019e-18 6.481560019e-18 6.481560019e-18 6.481560019e-18 6.481560019e-18 6.481560019e-18
6.481560019e-18 3.496905502e-01 0.000000000e+00 0.000000000e+00 6.481560019e-18 6.481560019e-18
6.481560019e-18 6.481560019e-18 0.000000000e+00 0.000000000e+00 6.481560019e-18 6.481560019e-18
6.481560019e-18 6.481560019e-18 6.481560019e-18 5.365036031e-01 0.000000000e+00 6.481560019e-18
6.481560019e-18 0.000000000e+00 6.481560019e-18 1.522466975e-03 6.481560019e-18 6.481560019e-18

