9.532520739e-18 2.998288916e-02 1.304030494e-03 7.597361137e-03 6.277675969e-03 9.532520739e-18
8.280077512e-03 0.000000000e+00 3.986075775e-02 5.175048445e-04 9.532520739e-18 9.532520739e-18
1.581875219e-02 9.532520739e-18 3.851834087e-01 1.304030494e-03 9.532520739e-18 5.175048445e-04
5.175048445e-04 1.366373676e-01 9.027539614e-02 2.053719337e-04 9.532520739e-18 1.755905333e-03
5.175048445e-04 1.304030494e-03 9.532520739e-18 9.532520739e-18 9.532520739e-18 5.175048445e-04
8.406133481e-02 1.755905333e-03 1.304030494e-03 8.406133481e-02 1.004428155e-01 9.532520739e-18

1.888777957e-04 3.479158744e-02 1.668018738e-01 2.245178665e-02 2.059282393e-03 8.766930674e-18
4.759422213e-04 0.000000000e+00 8.766930674e-18 4.289849962e-01 4.759422213e-04 1.888777957e-04
1.167911189e-01 0.000000000e+00 0.000000000e+00 1.605923848e-02 1.888777957e-04 1.888777957e-04
1.888777957e-04 1.105546093e-01 8.650233520e-02 7.615075541e-03 8.766930674e-18 1.888777957e-04
1.888777957e-04 1.888777957e-04 8.172267591e-04 8.766930674e-18 8.766930674e-18 4.759422213e-04
1.888777957e-04 1.888777957e-04 1.888777957e-04 2.059282393e-03 8.172267591e-04 1.888777957e-04

1.553124214e-04 3.346104684e-03 6.261804448e-03 1.327902524e-03 3.346104684e-03 1.553124214e-04
1.553124214e-04 0.000000000e+00 0.000000000e+00 0.000000000e+00 6.719978190e-04 1.553124214e-04
9.861724043e-04 0.000000000e+00 0.000000000e+00 7.208964007e-18 1.693328395e-03 1.553124214e-04
1.553124214e-04 3.642330845e-01 4.531690065e-01 1.590172689e-01 1.553124214e-04 1.553124214e-04
1.553124214e-04 1.553124214e-04 1.553124214e-04 1.553124214e-04 3.913627780e-04 9.861724043e-04
1.553124214e-04 1.553124214e-04 3.913627780e-04 1.693328395e-03 1.553124214e-04 1.553124214e-04

1.255299160e-04 7.272877920e-03 1.255299160e-04 1.219400127e-01 1.680910634e-03 1.255299160e-04
1.255299160e-04 0.000000000e+00 0.000000000e+00 0.000000000e+00 1.368617972e-03 3.163155670e-04
5.431364021e-04 0.000000000e+00 0.000000000e+00 0.000000000e+00 0.000000000e+00 1.255299160e-04
1.255299160e-04 1.255299160e-04 2.350014727e-03 8.614743794e-01 1.255299160e-04 1.255299160e-04
1.255299160e-04 1.255299160e-04 1.255299160e-04 1.255299160e-04 1.255299160e-04 1.255299160e-04
1.255299160e-04 1.255299160e-04 1.255299160e-04 5.431364021e-04 1.255299160e-04 1.255299160e-04

1.457996999e-04 2.333672894e-02 1.952333547e-03 7.036035928e-01 3.141159313e-03 1.457996999e-04
1.457996999e-04 0.000000000e+00 0.000000000e+00 0.000000000e+00 0.000000000e+00 3.673922220e-04
1.589613823e-03 0.000000000e+00 0.000000000e+00 0.000000000e+00 0.000000000e+00 1.457996999e-04
1.457996999e-04 0.000000000e+00 1.246569899e-03 1.705283635e-01 9.112481244e-02 1.457996999e-04
1.457996999e-04 1.457996999e-04 1.457996999e-04 1.457996999e-04 1.457996999e-04 1.457996999e-04
1.457996999e-04 1.457996999e-04 1.457996999e-04 6.308386636e-04 1.457996999e-04 1.457996999e-04

8.231721906e-18 6.011647102e-02 1.438628989e-01 3.979063076e-01 2.528180070e-01 1.084836208e-01
8.231721906e-18 0.000000000e+00 0.000000000e+00 0.000000000e+00 0.000000000e+00 7.673362166e-04
1.933566103e-03 0.000000000e+00 0.000000000e+00 0.000000000e+00 0.000000000e+00 8.991431184e-03
8.231721906e-18 0.000000000e+00 0.000000000e+00 0.000000000e+00 8.231721906e-18 7.673362166e-04
8.231721906e-18 8.231721906e-18 8.231721906e-18 3.320070986e-03 8.231721906e-18 8.231721906e-18
8.231721906e-18 8.231721906e-18 8.231721906e-18 5.421030198e-03 9.627880348e-03 5.984043443e-03

6.668548698e-18 6.216219385e-04 1.566389131e-03 2.166631976e-01 2.932398622e-02 6.869447149e-01
6.668548698e-18 0.000000000e+00 0.000000000e+00 0.000000000e+00 0.000000000e+00 6.668548698e-18
6.216219385e-04 0.000000000e+00 0.000000000e+00 0.000000000e+00 0.000000000e+00 5.880575770e-02
6.668548698e-18 0.000000000e+00 0.000000000e+00 0.000000000e+00 0.000000000e+00 1.923809420e-03
3.620245213e-04 1.436695265e-04 6.668548698e-18 6.216219385e-04 6.216219385e-04 0.000000000e+00
6.668548698e-18 6.668548698e-18 3.620245213e-04 9.122446299e-04 3.620245213e-04 1.436695265e-04

4.735325685e-18 4.735325685e-18 2.570730292e-04 1.632311988e-03 8.722544490e-04 9.971363410e-01
4.735325685e-18 0.000000000e+00 0.000000000e+00 0.000000000e+00 0.000000000e+00 0.000000000e+00
4.735325685e-18 0.000000000e+00 0.000000000e+00 0.000000000e+00 0.000000000e+00 4.735325685e-18
4.735325685e-18 0.000000000e+00 0.000000000e+00 0.000000000e+00 0.000000000e+00 0.000000000e+00
4.735325685e-18 4.735325685e-18 4.735325685e-18 4.735325685e-18 4.735325685e-18 0.000000000e+00
4.735325685e-18 4.735325685e-18 4.735325685e-18 1.020194993e-04 4.735325685e-18 4.735325685e-18

6.137951996e-18 3.632997918e-03 3.632997918e-03 3.598514230e-02 2.765925045e-02 0.000000000e+00
6.137951996e-18 0.000000000e+00 0.000000000e+00 0.000000000e+00 0.000000000e+00 0.000000000e+00
1.441756179e-03 0.000000000e+00 0.000000000e+00 0.000000000e+00 0.000000000e+00 0.000000000e+00
6.137951996e-18 0.000000000e+00 0.000000000e+00 0.000000000e+00 0.000000000e+00 0.000000000e+00
1.770737593e-03 1.322381671e-04 3.332193006e-04 1.399722920e-02 6.137951996e-18 0.000000000e+00
5.721613188e-04 1.130620424e-03 1.441756179e-03 2.475598249e-03 1.748945583e-02 8.883048390e-01

5.149448295e-18 5.149448295e-18 5.149448295e-18 7.044346179e-04 1.775064007e-03 0.000000000e+00
5.149448295e-18 0.000000000e+00 0.000000000e+00 0.000000000e+00 0.000000000e+00 0.000000000e+00
5.149448295e-18 0.000000000e+00 0.000000000e+00 0.000000000e+00 0.000000000e+00 0.000000000e+00
0.000000000e+00 0.000000000e+00 0.000000000e+00 0.000000000e+00 0.000000000e+00 0.000000000e+00
5.149448295e-18 1.209564510e-03 5.149448295e-18 9.654440043e-01 0.000000000e+00 0.000000000e+00
5.149448295e-18 5.149448295e-18 5.149448295e-18 2.098235690e-02 5.149448295e-18 9.884575713e-03

