6.428240417e-18 6.428240417e-18 6.428240417e-18 6.428240417e-18 6.428240417e-18 6.428240417e-18
6.428240417e-18 6.428240417e-18 1.384922415e-04 5.992211274e-04 6.428240417e-18 6.428240417e-18
6.428240417e-18 6.428240417e-18 1.153101955e-01 7.133405026e-01 1.619815083e-01 6.428240417e-18
6.428240417e-18 3.489785806e-04 3.388043866e-03 6.428240417e-18 0.000000000e+00 6.428240417e-18
6.428240417e-18 6.428240417e-18 1.854482891e-03 1.184092009e-03 1.854482891e-03 6.428240417e-18
6.428240417e-18 6.428240417e-18 6.428240417e-18 6.428240417e-18 6.428240417e-18 6.428240417e-18

5.848898258e-18 5.848898258e-18 5.848898258e-18 5.848898258e-18 5.848898258e-18 5.848898258e-18
5.848898258e-18 5.848898258e-18 5.848898258e-18 5.848898258e-18 5.848898258e-18 5.848898258e-18
5.848898258e-18 5.848898258e-18 5.848898258e-18 5.486479824e-01 4.513520176e-01 5.848898258e-18
5.848898258e-18 5.848898258e-18 5.848898258e-18 0.000000000e+00 0.000000000e+00 5.848898258e-18
5.848898258e-18 5.848898258e-18 5.848898258e-18 5.848898258e-18 0.000000000e+00 5.848898258e-18
5.848898258e-18 5.848898258e-18 5.848898258e-18 5.848898258e-18 5.848898258e-18 5.848898258e-18

1.338282928e-04 1.338282928e-04 1.338282928e-04 1.338282928e-04 1.338282928e-04 1.338282928e-04
1.338282928e-04 1.338282928e-04 1.338282928e-04 2.399621315e-02 5.790413931e-04 1.338282928e-04
1.338282928e-04 1.338282928e-04 1.338282928e-04 6.908296906e-01 0.000000000e+00 1.338282928e-04
1.338282928e-04 1.338282928e-04 1.338282928e-04 0.000000000e+00 0.000000000e+00 1.338282928e-04
1.338282928e-04 1.338282928e-04 1.338282928e-04 0.000000000e+00 0.000000000e+00 1.338282928e-04
1.338282928e-04 1.338282928e-04 1.338282928e-04 2.807782930e-01 3.372261662e-04 1.338282928e-04

4.076626607e-03 9.421916731e-04 6.420284593e-04 8.055625490e-03 3.196877094e-03 6.420284593e-04
3.630079922e-03 3.739090133e-04 3.196877094e-03 8.047890233e-01 1.193150432e-01 1.483858903e-04
3.630079922e-03 1.483858903e-04 5.006835477e-03 3.196877094e-03 0.000000000e+00 0.000000000e+00
1.483858903e-04 3.630079922e-03 5.006835477e-03 0.000000000e+00 0.000000000e+00 0.000000000e+00
3.196877094e-03 1.483858903e-04 6.420284593e-04 0.000000000e+00 0.000000000e+00 1.483858903e-04
2.777895809e-03 1.483858903e-04 6.420284593e-04 1.829482412e-02 1.483858903e-04 4.076626607e-03

