8.745058802e-18 7.374619717e-02 8.745058802e-18 4.747548334e-04 8.745058802e-18 4.747548334e-04
8.151879293e-04 8.745058802e-18 8.745058802e-18 8.745058802e-18 8.745058802e-18 4.747548334e-04
1.884065805e-04 1.884065805e-04 1.884065805e-04 3.527113322e-03 8.745058802e-18 4.541235151e-01
1.161429827e-02 1.395770001e-01 0.000000000e+00 3.527113322e-03 8.745058802e-18 6.357213275e-03
1.022828282e-02 8.745058802e-18 5.229272627e-02 8.151879293e-04 8.745058802e-18 9.690088452e-02
4.747548334e-04 1.369620081e-01 4.747548334e-04 8.151879293e-04 5.759090065e-03 8.745058802e-18

2.013130384e-04 1.793642561e-02 1.278258115e-03 2.695685920e-03 4.337157934e-03 2.013130384e-04
3.768731950e-03 1.353018740e-01 5.072770693e-04 2.013130384e-04 5.072770693e-04 8.710309292e-04
3.318045566e-02 2.013130384e-04 5.153613782e-02 2.482032910e-02 2.013130384e-04 5.072770693e-04
1.960442740e-02 4.795984184e-01 0.000000000e+00 3.221008614e-03 8.710309292e-04 1.278258115e-03
3.609663158e-02 0.000000000e+00 6.029971120e-02 0.000000000e+00 2.194860406e-03 5.072770693e-04
3.768731950e-03 1.125820167e-01 5.072770693e-04 5.072770693e-04 5.072770693e-04 2.013130384e-04

1.622505940e-03 4.642478166e-03 2.541111235e-03 8.952059564e-03 3.552627192e-03 2.541111235e-03
2.541111235e-03 1.204960873e-03 6.981230935e-02 1.030227055e-02 2.069003809e-03 2.069003809e-03
1.030227055e-02 0.000000000e+00 6.120938017e-01 1.897694460e-04 1.099474976e-02 3.552627192e-03
3.036311136e-03 0.000000000e+00 0.000000000e+00 1.160824160e-01 3.552627192e-03 1.897694460e-04
3.036311136e-03 0.000000000e+00 5.895698273e-02 0.000000000e+00 2.541111235e-03 1.204960873e-03
4.088458775e-03 4.457533580e-02 8.952059564e-03 1.897694460e-04 2.541111235e-03 2.069003809e-03

8.567120429e-04 3.168058420e-03 1.257244817e-03 5.712206761e-02 1.257244817e-03 3.168058420e-03
4.989379364e-04 1.980036513e-04 8.567120429e-04 6.052447096e-03 1.692907405e-03 1.257244817e-03
9.340494571e-03 0.000000000e+00 2.377826095e-01 0.000000000e+00 9.190515367e-02 3.169250377e-02
2.158779073e-03 0.000000000e+00 0.000000000e+00 0.000000000e+00 1.980036513e-04 7.983006982e-03
3.706777727e-03 0.000000000e+00 4.478903002e-01 0.000000000e+00 1.003871212e-02 8.567120429e-04
2.651371512e-03 3.169250377e-02 3.169250377e-02 7.983006982e-03 4.843917961e-03 1.980036513e-04

