1.159234015e-04 1.159234015e-04 1.159234015e-04 1.159234015e-04 1.159234015e-04 1.159234015e-04
1.159234015e-04 1.159234015e-04 3.543471294e-03 1.159234015e-04 2.921086673e-04 2.921086673e-04
1.159234015e-04 1.159234015e-04 9.510006277e-01 0.000000000e+00 3.863348795e-02 1.159234015e-04
1.159234015e-04 1.159234015e-04 1.263880800e-03 2.921086673e-04 1.552274426e-03 1.159234015e-04
1.159234015e-04 1.159234015e-04 1.159234015e-04 1.159234015e-04 1.159234015e-04 1.159234015e-04
1.159234015e-04 1.159234015e-04 1.159234015e-04 1.159234015e-04 1.159234015e-04 1.159234015e-04

1.320928940e-04 1.320928940e-04 1.320928940e-04 1.320928940e-04 1.320928940e-04 1.320928940e-04
1.320928940e-04 1.320928940e-04 0.000000000e+00 0.000000000e+00 1.320928940e-04 1.320928940e-04
1.320928940e-04 1.320928940e-04 8.210006639e-01 0.000000000e+00 3.171898160e-02 1.320928940e-04
1.320928940e-04 2.472878626e-03 7.653119851e-03 1.320928940e-04 1.332549947e-01 1.320928940e-04
1.320928940e-04 1.320928940e-04 3.328532352e-04 1.320928940e-04 1.320928940e-04 1.320928940e-04
1.320928940e-04 1.320928940e-04 1.320928940e-04 1.320928940e-04 1.320928940e-04 1.320928940e-04

4.665052999e-18 4.665052999e-18 4.665052999e-18 4.665052999e-18 4.665052999e-18 4.665052999e-18
4.665052999e-18 1.005055201e-04 0.000000000e+00 0.000000000e+00 4.665052999e-18 4.665052999e-18
4.665052999e-18 4.665052999e-18 9.996984834e-01 0.000000000e+00 4.665052999e-18 4.665052999e-18
4.665052999e-18 4.665052999e-18 4.665052999e-18 0.000000000e+00 0.000000000e+00 4.665052999e-18
4.665052999e-18 4.665052999e-18 4.665052999e-18 4.665052999e-18 4.665052999e-18 1.005055201e-04
4.665052999e-18 4.665052999e-18 4.665052999e-18 4.665052999e-18 4.665052999e-18 1.005055201e-04

