6.468507115e-18 1.393597612e-04 6.468507115e-18 3.409266678e-03 1.393597612e-04 6.468507115e-18
1.393597612e-04 6.468507115e-18 1.393597612e-04 5.208299632e-02 8.848793262e-04 1.393597612e-04
1.393597612e-04 6.468507115e-18 7.750300650e-01 6.468507115e-18 1.458459893e-01 7.565611817e-03
1.393597612e-04 6.468507115e-18 1.866099430e-03 1.073417136e-02 3.511645933e-04 1.393597612e-04
1.393597612e-04 6.468507115e-18 6.468507115e-18 1.393597612e-04 6.468507115e-18 6.468507115e-18
1.393597612e-04 1.393597612e-04 1.393597612e-04 1.393597612e-04 1.393597612e-04 1.393597612e-04

4.130510798e-04 7.608465943e-18 7.608465943e-18 1.040823500e-03 7.608465943e-18 7.608465943e-18
7.608465943e-18 7.608465943e-18 7.608465943e-18 1.283254280e-01 7.608465943e-18 7.608465943e-18
7.608465943e-18 0.000000000e+00 4.654752238e-01 0.000000000e+00 2.309940973e-01 7.608465943e-18
7.608465943e-18 7.608465943e-18 1.214362162e-01 7.608465943e-18 1.401491410e-03 7.608465943e-18
4.130510798e-04 7.608465943e-18 1.401491410e-03 4.909912616e-02 7.608465943e-18 7.608465943e-18
7.608465943e-18 7.608465943e-18 7.608465943e-18 7.608465943e-18 7.608465943e-18 7.608465943e-18

5.923418044e-18 5.923418044e-18 5.923418044e-18 5.923418044e-18 5.923418044e-18 5.923418044e-18
5.923418044e-18 5.923418044e-18 5.923418044e-18 5.923418044e-18 5.923418044e-18 5.923418044e-18
5.923418044e-18 0.000000000e+00 0.000000000e+00 0.000000000e+00 5.923418044e-18 5.923418044e-18
5.923418044e-18 4.306023856e-03 5.923418044e-18 0.000000000e+00 4.206214278e-01 5.923418044e-18
5.923418044e-18 5.923418044e-18 5.923418044e-18 5.750725484e-01 5.923418044e-18 5.923418044e-18
5.923418044e-18 5.923418044e-18 5.923418044e-18 5.923418044e-18 5.923418044e-18 5.923418044e-18

4.647784847e-18 4.647784847e-18 4.647784847e-18 4.647784847e-18 4.647784847e-18 4.647784847e-18
4.647784847e-18 0.000000000e+00 4.647784847e-18 4.647784847e-18 4.647784847e-18 4.647784847e-18
4.647784847e-18 0.000000000e+00 0.000000000e+00 0.000000000e+00 4.647784847e-18 4.647784847e-18
4.647784847e-18 4.647784847e-18 0.000000000e+00 0.000000000e+00 1.000000000e+00 4.647784847e-18
4.647784847e-18 4.647784847e-18 4.647784847e-18 4.647784847e-18 4.647784847e-18 4.647784847e-18
4.647784847e-18 4.647784847e-18 4.647784847e-18 4.647784847e-18 4.647784847e-18 4.647784847e-18

