7.312828517e-18 7.312828517e-18 7.312828517e-18 7.312828517e-18 7.312828517e-18 7.312828517e-18
7.312828517e-18 7.312828517e-18 3.375484299e-02 6.816797544e-04 7.312828517e-18 7.312828517e-18
7.312828517e-18 2.083714428e-02 1.222292563e-01 7.312828517e-18 3.970014111e-04 7.312828517e-18
7.312828517e-18 7.312828517e-18 5.795947429e-02 6.740513025e-01 4.806724190e-02 7.312828517e-18
7.312828517e-18 7.312828517e-18 7.312828517e-18 4.202205662e-02 7.312828517e-18 7.312828517e-18
7.312828517e-18 7.312828517e-18 7.312828517e-18 7.312828517e-18 7.312828517e-18 7.312828517e-18

7.344024525e-18 7.344024525e-18 7.344024525e-18 3.986949910e-04 7.344024525e-18 7.344024525e-18
7.344024525e-18 7.344024525e-18 7.344024525e-18 2.229656186e-01 7.344024525e-18 7.344024525e-18
7.344024525e-18 1.106588102e-01 3.666593303e-01 0.000000000e+00 7.344024525e-18 7.344024525e-18
7.344024525e-18 7.344024525e-18 0.000000000e+00 7.344024525e-18 7.344024525e-18 7.344024525e-18
7.344024525e-18 7.344024525e-18 7.344024525e-18 2.939788133e-01 7.344024525e-18 7.344024525e-18
7.344024525e-18 7.344024525e-18 7.344024525e-18 5.338732564e-03 7.344024525e-18 7.344024525e-18

4.647784847e-18 4.647784847e-18 4.647784847e-18 4.647784847e-18 4.647784847e-18 4.647784847e-18
4.647784847e-18 4.647784847e-18 4.647784847e-18 0.000000000e+00 4.647784847e-18 4.647784847e-18
4.647784847e-18 4.647784847e-18 4.647784847e-18 0.000000000e+00 4.647784847e-18 4.647784847e-18
4.647784847e-18 4.647784847e-18 0.000000000e+00 0.000000000e+00 4.647784847e-18 4.647784847e-18
4.647784847e-18 4.647784847e-18 4.647784847e-18 4.647784847e-18 4.647784847e-18 4.647784847e-18
4.647784847e-18 4.647784847e-18 4.647784847e-18 1.000000000e+00 4.647784847e-18 4.647784847e-18

4.748675596e-18 4.748675596e-18 4.748675596e-18 4.748675596e-18 4.748675596e-18 4.748675596e-18
4.748675596e-18 4.748675596e-18 0.000000000e+00 0.000000000e+00 4.748675596e-18 4.748675596e-18
4.748675596e-18 4.748675596e-18 4.748675596e-18 0.000000000e+00 4.748675596e-18 2.204139962e-03
4.748675596e-18 4.748675596e-18 0.000000000e+00 0.000000000e+00 4.748675596e-18 4.748675596e-18
4.748675596e-18 4.748675596e-18 4.748675596e-18 0.000000000e+00 4.748675596e-18 4.748675596e-18
4.748675596e-18 4.748675596e-18 1.915266362e-03 9.958805937e-01 4.748675596e-18 4.748675596e-18

