1.494458114e-04 1.494458114e-04 1.494458114e-04 1.494458114e-04 1.494458114e-04 1.494458114e-04
1.494458114e-04 1.494458114e-04 1.485188014e-01 1.494458114e-04 3.765798472e-04 1.494458114e-04
1.494458114e-04 9.489217528e-04 3.219712403e-03 3.765798472e-04 6.466144718e-04 1.494458114e-04
1.494458114e-04 1.494458114e-04 4.041340448e-01 0.000000000e+00 4.375165744e-01 1.494458114e-04
1.494458114e-04 1.494458114e-04 3.765798472e-04 1.494458114e-04 1.494458114e-04 1.494458114e-04
1.494458114e-04 1.494458114e-04 1.494458114e-04 1.494458114e-04 1.494458114e-04 1.494458114e-04

1.519508970e-04 1.519508970e-04 1.519508970e-04 1.519508970e-04 1.519508970e-04 1.519508970e-04
1.519508970e-04 1.519508970e-04 3.381400520e-01 2.431214352e-03 3.828922674e-04 1.519508970e-04
1.519508970e-04 3.273682837e-03 0.000000000e+00 0.000000000e+00 1.519508970e-04 1.519508970e-04
1.519508970e-04 1.941249680e-02 5.193338520e-01 0.000000000e+00 1.125695839e-01 1.519508970e-04
1.519508970e-04 1.519508970e-04 1.519508970e-04 1.519508970e-04 6.574533478e-04 1.519508970e-04
1.519508970e-04 1.519508970e-04 1.519508970e-04 1.519508970e-04 1.519508970e-04 1.519508970e-04

7.119526460e-04 1.645467980e-04 1.645467980e-04 1.645467980e-04 1.645467980e-04 1.645467980e-04
4.146319489e-04 0.000000000e+00 5.274349456e-01 4.520617517e-03 1.083628882e-01 1.645467980e-04
7.119526460e-04 4.146319489e-04 0.000000000e+00 0.000000000e+00 1.645467980e-04 7.119526460e-04
1.645467980e-04 1.950254378e-01 1.441198949e-01 0.000000000e+00 7.762222885e-03 1.645467980e-04
1.645467980e-04 1.645467980e-04 1.645467980e-04 1.645467980e-04 0.000000000e+00 5.552136691e-03
1.645467980e-04 1.645467980e-04 4.146319489e-04 1.645467980e-04 1.645467980e-04 1.044807041e-03

9.239939631e-04 1.455199305e-04 1.455199305e-04 1.007405075e-02 1.455199305e-04 1.455199305e-04
2.609259372e-02 0.000000000e+00 3.480358275e-01 1.455199305e-04 6.864661900e-03 3.666872473e-04
2.328318888e-03 1.455199305e-04 0.000000000e+00 0.000000000e+00 1.455199305e-04 6.296281718e-04
9.239939631e-04 0.000000000e+00 5.976023530e-01 0.000000000e+00 6.296281718e-04 3.666872473e-04
1.455199305e-04 1.455199305e-04 3.666872473e-04 1.455199305e-04 0.000000000e+00 3.666872473e-04
3.666872473e-04 1.455199305e-04 1.948587290e-03 3.666872473e-04 1.455199305e-04 0.000000000e+00

3.832629941e-02 3.698745002e-02 3.698745002e-02 3.698745002e-02 3.698745002e-02 3.698745002e-02
3.698745002e-02 0.000000000e+00 3.698745002e-02 0.000000000e+00 3.698745002e-02 3.698745002e-02
3.698745002e-02 3.698745002e-02 0.000000000e+00 0.000000000e+00 3.698745002e-02 3.698745002e-02
3.698745002e-02 0.000000000e+00 0.000000000e+00 0.000000000e+00 3.698745002e-02 3.698745002e-02
3.698745002e-02 3.698745002e-02 3.698745002e-02 3.698745002e-02 0.000000000e+00 3.698745002e-02
3.698745002e-02 3.698745002e-02 3.698745002e-02 3.698745002e-02 3.698745002e-02 0.000000000e+00

