6.468507115e-18 1.393597612e-04 6.468507115e-18 3.409266678e-03 1.393597612e-04 6.468507115e-18
1.393597612e-04 6.468507115e-18 1.393597612e-04 5.208299632e-02 8.848793262e-04 1.393597612e-04
1.393597612e-04 6.468507115e-18 7.750300650e-01 6.468507115e-18 1.458459893e-01 7.565611817e-03
1.393597612e-04 6.468507115e-18 1.866099430e-03 1.073417136e-02 3.511645933e-04 1.393597612e-04
1.393597612e-04 6.468507115e-18 6.468507115e-18 1.393597612e-04 6.468507115e-18 6.468507115e-18
1.393597612e-04 1.393597612e-04 1.393597612e-04 1.393597612e-04 1.393597612e-04 1.393597612e-04

1.504685691e-04 3.791570350e-04 6.984132299e-18 1.286488169e-03 6.984132299e-18 6.984132299e-18
6.984132299e-18 6.984132299e-18 6.984132299e-18 3.711389345e-01 6.984132299e-18 6.984132299e-18
6.984132299e-18 6.984132299e-18 1.609044047e-01 0.000000000e+00 4.316786272e-01 1.504685691e-04
6.984132299e-18 6.984132299e-18 0.000000000e+00 6.984132299e-18 3.791570350e-04 6.984132299e-18
6.984132299e-18 6.984132299e-18 1.504685691e-04 3.378182561e-02 6.984132299e-18 6.984132299e-18
6.984132299e-18 6.984132299e-18 6.984132299e-18 6.984132299e-18 6.984132299e-18 6.984132299e-18

5.533928968e-18 5.533928968e-18 5.533928968e-18 6.907580794e-03 5.533928968e-18 5.533928968e-18
5.533928968e-18 5.533928968e-18 5.533928968e-18 5.533928968e-18 5.533928968e-18 5.533928968e-18
5.533928968e-18 5.533928968e-18 1.385174057e-01 0.000000000e+00 8.545750136e-01 5.533928968e-18
5.533928968e-18 5.533928968e-18 0.000000000e+00 0.000000000e+00 5.533928968e-18 5.533928968e-18
5.533928968e-18 5.533928968e-18 5.533928968e-18 0.000000000e+00 5.533928968e-18 5.533928968e-18
5.533928968e-18 5.533928968e-18 5.533928968e-18 5.533928968e-18 5.533928968e-18 5.533928968e-18

5.047973794e-18 5.047973794e-18 5.047973794e-18 0.000000000e+00 5.047973794e-18 5.047973794e-18
5.047973794e-18 5.047973794e-18 5.047973794e-18 0.000000000e+00 5.047973794e-18 5.047973794e-18
5.047973794e-18 5.047973794e-18 4.516834674e-02 0.000000000e+00 9.548316533e-01 5.047973794e-18
5.047973794e-18 5.047973794e-18 0.000000000e+00 0.000000000e+00 5.047973794e-18 5.047973794e-18
5.047973794e-18 5.047973794e-18 5.047973794e-18 0.000000000e+00 5.047973794e-18 5.047973794e-18
5.047973794e-18 5.047973794e-18 5.047973794e-18 5.047973794e-18 5.047973794e-18 5.047973794e-18

5.104259121e-18 5.104259121e-18 5.104259121e-18 0.000000000e+00 5.104259121e-18 5.104259121e-18
5.104259121e-18 5.104259121e-18 8.470268504e-03 0.000000000e+00 0.000000000e+00 5.104259121e-18
5.104259121e-18 0.000000000e+00 3.172464470e-02 0.000000000e+00 9.598050868e-01 5.104259121e-18
5.104259121e-18 5.104259121e-18 0.000000000e+00 0.000000000e+00 5.104259121e-18 5.104259121e-18
5.104259121e-18 5.104259121e-18 5.104259121e-18 0.000000000e+00 5.104259121e-18 5.104259121e-18
5.104259121e-18 5.104259121e-18 5.104259121e-18 5.104259121e-18 5.104259121e-18 5.104259121e-18

