6.453885173e-18 1.390447410e-04 6.453885173e-18 6.453885173e-18 1.390447410e-04 1.390447410e-04
1.390447410e-04 6.453885173e-18 4.691646497e-03 3.401560093e-03 6.453885173e-18 1.390447410e-04
6.453885173e-18 1.390447410e-04 0.000000000e+00 4.667374905e-01 2.159856028e-02 6.453885173e-18
6.453885173e-18 1.390447410e-04 2.603022448e-03 1.188815813e-03 4.980380862e-01 6.453885173e-18
6.453885173e-18 1.390447410e-04 1.390447410e-04 6.453885173e-18 3.503707922e-04 6.453885173e-18
6.453885173e-18 1.390447410e-04 6.453885173e-18 6.453885173e-18 6.453885173e-18 6.453885173e-18

1.182509895e-04 1.182509895e-04 1.182509895e-04 1.182509895e-04 1.182509895e-04 1.182509895e-04
1.182509895e-04 1.182509895e-04 1.182509895e-04 1.182509895e-04 0.000000000e+00 1.182509895e-04
1.182509895e-04 9.061149981e-01 0.000000000e+00 0.000000000e+00 8.925271572e-02 5.116423161e-04
1.182509895e-04 1.182509895e-04 1.182509895e-04 1.182509895e-04 5.116423161e-04 1.182509895e-04
1.182509895e-04 1.182509895e-04 1.182509895e-04 2.979738215e-04 1.182509895e-04 1.182509895e-04
1.182509895e-04 1.182509895e-04 1.182509895e-04 1.182509895e-04 1.182509895e-04 1.182509895e-04

1.345592736e-04 1.345592736e-04 1.345592736e-04 1.345592736e-04 1.345592736e-04 5.822041634e-04
1.345592736e-04 1.345592736e-04 1.345592736e-04 1.345592736e-04 0.000000000e+00 1.345592736e-04
1.345592736e-04 0.000000000e+00 0.000000000e+00 0.000000000e+00 4.959011949e-01 2.519051113e-03
4.931073886e-01 5.822041634e-04 0.000000000e+00 1.345592736e-04 2.519051113e-03 1.345592736e-04
1.345592736e-04 3.390681224e-04 1.345592736e-04 3.390681224e-04 1.345592736e-04 1.345592736e-04
1.345592736e-04 1.345592736e-04 1.150465606e-03 1.345592736e-04 1.345592736e-04 1.345592736e-04

