7.177702691e-18 2.070695241e-03 3.896656527e-04 9.818959164e-04 3.896656527e-04 7.177702691e-18
3.896656527e-04 7.177702691e-18 7.177702691e-18 6.690837336e-04 7.177702691e-18 3.896656527e-04
3.896656527e-04 7.177702691e-18 5.065703489e-02 7.257096152e-01 1.377789263e-02 6.690837336e-04
3.896656527e-04 7.177702691e-18 1.177993249e-01 7.177702691e-18 0.000000000e+00 1.546389167e-04
6.690837336e-04 7.177702691e-18 1.322144140e-03 6.422477161e-02 1.252575225e-02 9.818959164e-04
7.177702691e-18 6.690837336e-04 3.896656527e-04 3.331594466e-03 6.690837336e-04 3.896656527e-04

7.584751401e-18 2.188124712e-03 7.584751401e-18 1.634085154e-04 7.584751401e-18 7.584751401e-18
3.997590132e-03 7.584751401e-18 7.584751401e-18 7.584751401e-18 7.584751401e-18 3.059130684e-03
6.588218502e-03 7.584751401e-18 1.068837786e-02 1.660751644e-01 4.994965435e-03 1.634085154e-04
7.584751401e-18 7.584751401e-18 5.802544233e-01 0.000000000e+00 0.000000000e+00 1.634085154e-04
7.584751401e-18 7.584751401e-18 2.461685825e-02 7.584751401e-18 0.000000000e+00 1.194523494e-02
7.584751401e-18 2.614536245e-03 7.584751401e-18 1.784895599e-01 3.997590132e-03 7.584751401e-18

1.508506599e-04 1.508506599e-04 1.508506599e-04 1.508506599e-04 1.508506599e-04 1.508506599e-04
1.508506599e-04 1.508506599e-04 1.508506599e-04 1.508506599e-04 1.508506599e-04 1.508506599e-04
1.508506599e-04 1.508506599e-04 1.508506599e-04 5.325591510e-01 0.000000000e+00 6.526928981e-04
1.508506599e-04 1.508506599e-04 7.001867384e-02 0.000000000e+00 0.000000000e+00 1.508506599e-04
1.508506599e-04 1.508506599e-04 4.611105060e-03 0.000000000e+00 0.000000000e+00 3.464840361e-02
3.801198435e-04 1.508506599e-04 1.508506599e-04 3.523705336e-01 1.289755000e-03 1.508506599e-04

1.337195111e-04 1.337195111e-04 1.337195111e-04 1.337195111e-04 1.337195111e-04 1.337195111e-04
1.337195111e-04 1.337195111e-04 1.337195111e-04 1.337195111e-04 4.803436870e-01 1.337195111e-04
1.337195111e-04 1.337195111e-04 1.083128039e-02 1.337195111e-04 0.000000000e+00 0.000000000e+00
1.337195111e-04 1.337195111e-04 5.053483253e-01 0.000000000e+00 0.000000000e+00 0.000000000e+00
1.337195111e-04 1.337195111e-04 1.337195111e-04 0.000000000e+00 0.000000000e+00 1.337195111e-04
1.337195111e-04 1.337195111e-04 1.337195111e-04 1.337195111e-04 1.337195111e-04 1.337195111e-04

