1.404935970e-04 1.404935970e-04 1.404935970e-04 1.404935970e-04 3.540216804e-04 1.404935970e-04
1.404935970e-04 6.521135109e-18 1.404935970e-04 1.201203357e-03 1.404935970e-04 1.404935970e-04
1.404935970e-04 6.521135109e-18 6.078804896e-04 1.794876868e-02 3.437004588e-03 1.404935970e-04
1.404935970e-04 3.540216804e-04 7.878131145e-01 6.521135109e-18 1.438449539e-01 4.740533783e-03
3.540216804e-04 6.521135109e-18 1.404935970e-04 2.867575611e-02 1.404935970e-04 1.404935970e-04
1.404935970e-04 6.521135109e-18 1.404935970e-04 8.139834807e-03 1.404935970e-04 6.521135109e-18

1.307038356e-04 1.307038356e-04 3.293530276e-04 1.307038356e-04 1.307038356e-04 1.307038356e-04
1.307038356e-04 1.307038356e-04 8.549199413e-03 2.091261370e-03 6.066734640e-18 1.307038356e-04
1.750192100e-03 1.307038356e-04 6.066734640e-18 8.922260833e-01 5.586315640e-02 6.066734640e-18
1.307038356e-04 1.006744958e-02 1.788003321e-02 0.000000000e+00 3.293530276e-04 3.293530276e-04
0.000000000e+00 6.066734640e-18 3.995270013e-03 3.293530276e-04 6.066734640e-18 5.655226524e-04
1.307038356e-04 1.307038356e-04 6.066734640e-18 3.995270013e-03 1.307038356e-04 6.066734640e-18

6.073729166e-18 6.073729166e-18 6.073729166e-18 6.073729166e-18 6.073729166e-18 6.073729166e-18
6.073729166e-18 6.073729166e-18 6.073729166e-18 6.011290106e-01 6.073729166e-18 6.073729166e-18
6.073729166e-18 6.073729166e-18 0.000000000e+00 6.073729166e-18 3.754079900e-01 6.073729166e-18
6.073729166e-18 6.073729166e-18 2.346299938e-02 0.000000000e+00 6.073729166e-18 6.073729166e-18
0.000000000e+00 6.073729166e-18 6.073729166e-18 6.073729166e-18 0.000000000e+00 6.073729166e-18
6.073729166e-18 6.073729166e-18 6.073729166e-18 6.073729166e-18 6.073729166e-18 6.073729166e-18

4.647784847e-18 4.647784847e-18 4.647784847e-18 4.647784847e-18 4.647784847e-18 0.000000000e+00
4.647784847e-18 4.647784847e-18 4.647784847e-18 1.000000000e+00 4.647784847e-18 4.647784847e-18
4.647784847e-18 4.647784847e-18 0.000000000e+00 0.000000000e+00 4.647784847e-18 4.647784847e-18
4.647784847e-18 4.647784847e-18 4.647784847e-18 0.000000000e+00 4.647784847e-18 4.647784847e-18
0.000000000e+00 4.647784847e-18 4.647784847e-18 4.647784847e-18 0.000000000e+00 4.647784847e-18
4.647784847e-18 4.647784847e-18 4.647784847e-18 4.647784847e-18 4.647784847e-18 4.647784847e-18

3.609445831e-02 3.609445831e-02 3.609445831e-02 0.000000000e+00 3.609445831e-02 0.000000000e+00
3.609445831e-02 3.609445831e-02 3.609445831e-02 3.609445831e-02 3.609445831e-02 3.609445831e-02
3.609445831e-02 3.476385421e-02 0.000000000e+00 0.000000000e+00 0.000000000e+00 3.609445831e-02
3.609445831e-02 3.609445831e-02 3.609445831e-02 0.000000000e+00 3.609445831e-02 3.609445831e-02
0.000000000e+00 3.609445831e-02 3.609445831e-02 3.609445831e-02 0.000000000e+00 3.476385421e-02
3.476385421e-02 3.476385421e-02 3.476385421e-02 3.476385421e-02 3.476385421e-02 3.476385421e-02

