2.435427111e-02 1.067963844e-17 2.300858353e-04 6.321180784e-03 1.067963844e-17 9.955235913e-04
4.125576613e-02 1.067963844e-17 7.033114474e-03 1.067963844e-17 2.300858353e-04 6.321180784e-03
2.619577862e-01 1.967206220e-03 7.148235349e-02 0.000000000e+00 1.418361032e-02 4.957049053e-03
5.797799744e-04 2.300858353e-04 1.227403022e-01 1.067963844e-17 1.025460325e-01 9.955235913e-04
1.168785783e-01 1.067963844e-17 4.957049053e-03 6.136891766e-02 5.524966679e-02 1.460953988e-03
5.628769485e-03 3.681373365e-03 3.080968583e-03 7.931278484e-02 1.067963844e-17 1.067963844e-17

1.228048190e-04 3.094487530e-04 1.228048190e-04 2.201963839e-02 1.644420174e-03 1.228048190e-04
1.049966433e-03 1.228048190e-04 1.679946293e-02 1.228048190e-04 6.666871282e-03 3.094487530e-04
3.094487530e-04 7.797619955e-04 9.410093638e-01 0.000000000e+00 3.004270197e-03 1.228048190e-04
7.797619955e-04 3.094487530e-04 0.000000000e+00 0.000000000e+00 7.797619955e-04 3.094487530e-04
5.313455923e-04 1.228048190e-04 1.228048190e-04 1.049966433e-03 3.094487530e-04 1.228048190e-04
1.228048190e-04 1.228048190e-04 1.228048190e-04 3.094487530e-04 1.228048190e-04 1.228048190e-04

2.563170350e-03 5.924010202e-04 2.191479823e-02 8.103931962e-02 1.492757031e-03 2.010029707e-03
1.718551225e-02 5.924010202e-04 2.231365004e-01 0.000000000e+00 0.000000000e+00 1.627511724e-02
2.563170350e-03 1.718551225e-02 2.179322549e-01 0.000000000e+00 3.651848108e-02 5.064957477e-03
8.696893442e-03 1.532364506e-01 0.000000000e+00 0.000000000e+00 2.191479823e-02 1.017194828e-03
2.488443149e-02 2.350945007e-04 4.215384978e-02 4.798448263e-02 1.017194828e-03 1.017194828e-03
2.010029707e-03 3.651848108e-02 2.010029707e-03 1.017194828e-03 6.458784558e-03 3.761512011e-03

