5.501539978e-18 5.501539978e-18 5.501539978e-18 5.501539978e-18 5.501539978e-18 5.501539978e-18
5.501539978e-18 0.000000000e+00 5.501539978e-18 5.501539978e-18 5.501539978e-18 5.501539978e-18
5.501539978e-18 5.501539978e-18 8.510277927e-01 2.899620668e-03 5.501539978e-18 5.501539978e-18
5.501539978e-18 5.501539978e-18 5.501539978e-18 1.460725866e-01 5.501539978e-18 5.501539978e-18
5.501539978e-18 5.501539978e-18 5.501539978e-18 5.501539978e-18 5.501539978e-18 5.501539978e-18
5.501539978e-18 5.501539978e-18 5.501539978e-18 5.501539978e-18 5.501539978e-18 5.501539978e-18

6.641993843e-18 6.641993843e-18 6.641993843e-18 6.641993843e-18 1.430974195e-04 6.641993843e-18
6.641993843e-18 0.000000000e+00 6.641993843e-18 0.000000000e+00 6.641993843e-18 6.641993843e-18
6.641993843e-18 0.000000000e+00 5.861270301e-01 1.993172706e-01 6.641993843e-18 6.641993843e-18
6.641993843e-18 6.641993843e-18 1.159089098e-02 2.028217109e-01 6.641993843e-18 6.641993843e-18
6.641993843e-18 6.641993843e-18 6.641993843e-18 6.641993843e-18 6.641993843e-18 6.641993843e-18
6.641993843e-18 6.641993843e-18 6.641993843e-18 6.641993843e-18 6.641993843e-18 6.641993843e-18

2.606047299e-03 1.946188523e-04 1.946188523e-04 1.946188523e-04 7.199570452e-03 1.946188523e-04
1.946188523e-04 0.000000000e+00 8.420668684e-04 0.000000000e+00 7.046211858e-02 2.790355058e-01
4.904087775e-04 0.000000000e+00 0.000000000e+00 4.169675679e-02 1.814178072e-02 1.946188523e-04
1.946188523e-04 0.000000000e+00 1.946188523e-04 3.667242406e-01 8.420668684e-04 2.313422250e-02
1.663967781e-03 1.946188523e-04 9.275097198e-02 1.235752684e-03 5.937660844e-02 1.946188523e-04
1.946188523e-04 8.420668684e-04 1.946188523e-04 3.023118302e-02 1.946188523e-04 1.946188523e-04

3.077333766e-03 2.096957459e-03 3.077333766e-03 3.077622260e-01 4.705201207e-03 2.575443378e-03
3.077333766e-03 0.000000000e+00 0.000000000e+00 0.000000000e+00 2.575443378e-03 2.575443378e-03
0.000000000e+00 0.000000000e+00 0.000000000e+00 1.782927411e-01 3.600625604e-03 2.575443378e-03
9.073007984e-03 0.000000000e+00 3.759970118e-01 2.575443378e-03 3.077333766e-03 3.077333766e-03
3.600625604e-03 2.575443378e-03 2.457156105e-02 3.077333766e-03 2.575443378e-03 2.575443378e-03
2.575443378e-03 3.600625604e-03 2.575443378e-03 3.733009350e-02 2.575443378e-03 2.575443378e-03

