1.579805242e-04 1.579805242e-04 1.579805242e-04 1.579805242e-04 1.579805242e-04 1.579805242e-04
1.579805242e-04 1.579805242e-04 3.980859757e-04 1.579805242e-04 1.579805242e-04 1.579805242e-04
1.579805242e-04 3.980859757e-04 4.409390035e-01 0.000000000e+00 3.530054131e-01 1.579805242e-04
1.579805242e-04 2.115441097e-03 5.355166836e-02 1.579805242e-04 2.115441097e-03 1.579805242e-04
1.579805242e-04 1.579805242e-04 1.429712813e-01 1.579805242e-04 3.980859757e-04 1.579805242e-04
1.579805242e-04 1.579805242e-04 1.579805242e-04 1.579805242e-04 1.579805242e-04 1.579805242e-04

1.146055318e-04 1.146055318e-04 1.146055318e-04 1.146055318e-04 1.146055318e-04 1.146055318e-04
1.146055318e-04 1.249512431e-03 4.620605502e-03 1.146055318e-04 1.362308862e-02 1.146055318e-04
1.146055318e-04 1.146055318e-04 9.649928174e-01 0.000000000e+00 1.213083886e-02 1.146055318e-04
1.146055318e-04 1.146055318e-04 0.000000000e+00 0.000000000e+00 1.146055318e-04 1.146055318e-04
1.146055318e-04 1.146055318e-04 2.887878439e-04 1.146055318e-04 1.146055318e-04 1.146055318e-04
1.146055318e-04 1.146055318e-04 1.146055318e-04 1.146055318e-04 1.146055318e-04 1.146055318e-04

1.808698204e-04 1.808698204e-04 1.808698204e-04 1.808698204e-04 1.808698204e-04 1.537836445e-02
1.808698204e-04 3.896722153e-03 1.837522836e-02 0.000000000e+00 0.000000000e+00 1.808698204e-04
1.808698204e-04 4.438351495e-02 2.809547264e-02 0.000000000e+00 3.203191991e-01 1.808698204e-04
1.808698204e-04 4.630267401e-02 0.000000000e+00 0.000000000e+00 1.808698204e-04 1.808698204e-04
4.557633879e-04 1.808698204e-04 1.610458655e-01 3.567974336e-01 4.557633879e-04 1.808698204e-04
1.808698204e-04 1.808698204e-04 4.557633879e-04 7.825782620e-04 1.808698204e-04 1.808698204e-04

