6.468507115e-18 1.393597612e-04 6.468507115e-18 3.409266678e-03 1.393597612e-04 6.468507115e-18
1.393597612e-04 6.468507115e-18 1.393597612e-04 5.208299632e-02 8.848793262e-04 1.393597612e-04
1.393597612e-04 6.468507115e-18 7.750300650e-01 6.468507115e-18 1.458459893e-01 7.565611817e-03
1.393597612e-04 6.468507115e-18 1.866099430e-03 1.073417136e-02 3.511645933e-04 1.393597612e-04
1.393597612e-04 6.468507115e-18 6.468507115e-18 1.393597612e-04 6.468507115e-18 6.468507115e-18
1.393597612e-04 1.393597612e-04 1.393597612e-04 1.393597612e-04 1.393597612e-04 1.393597612e-04

7.757193357e-18 7.757193357e-18 1.671236647e-04 1.671236647e-04 7.757193357e-18 7.757193357e-18
7.757193357e-18 7.757193357e-18 5.665097716e-02 3.597112829e-01 7.757193357e-18 7.757193357e-18
7.883782307e-03 4.913403323e-02 7.757193357e-18 0.000000000e+00 1.524691811e-01 5.108527708e-03
7.757193357e-18 3.600570207e-03 0.000000000e+00 3.642717798e-01 7.757193357e-18 7.757193357e-18
7.757193357e-18 7.757193357e-18 1.671236647e-04 1.671236647e-04 7.757193357e-18 7.757193357e-18
7.757193357e-18 7.757193357e-18 7.757193357e-18 1.671236647e-04 1.671236647e-04 1.671236647e-04

6.266648395e-03 7.848328671e-04 5.737163062e-18 1.236034313e-04 5.737163062e-18 5.737163062e-18
5.737163062e-18 5.737163062e-18 1.804525046e-02 1.804525046e-02 5.737163062e-18 5.737163062e-18
1.255732587e-02 0.000000000e+00 0.000000000e+00 0.000000000e+00 9.240708246e-01 7.848328671e-04
1.977654900e-03 3.114611297e-04 0.000000000e+00 1.690871155e-02 5.737163062e-18 5.737163062e-18
5.737163062e-18 5.737163062e-18 5.737163062e-18 5.737163062e-18 5.737163062e-18 5.737163062e-18
1.236034313e-04 5.737163062e-18 5.737163062e-18 5.737163062e-18 5.737163062e-18 5.737163062e-18

2.925236086e-03 1.195741609e-04 5.550140901e-18 1.195741609e-04 5.550140901e-18 5.550140901e-18
0.000000000e+00 5.550140901e-18 1.114634159e-02 1.114634159e-02 5.550140901e-18 5.550140901e-18
3.655065340e-03 0.000000000e+00 0.000000000e+00 0.000000000e+00 9.492166258e-01 1.195741609e-04
1.303684021e-03 3.013080047e-04 0.000000000e+00 1.265676146e-02 1.195741609e-04 5.550140901e-18
5.550140901e-18 5.550140901e-18 1.303684021e-03 0.000000000e+00 5.550140901e-18 1.195741609e-04
5.550140901e-18 5.550140901e-18 3.013080047e-04 4.423428592e-03 5.550140901e-18 1.022344695e-03

2.592977932e-04 4.776306188e-18 4.776306188e-18 0.000000000e+00 4.776306188e-18 4.776306188e-18
0.000000000e+00 4.776306188e-18 1.121916392e-03 4.452328154e-04 4.776306188e-18 1.029023974e-04
2.592977932e-04 0.000000000e+00 0.000000000e+00 0.000000000e+00 9.962276316e-01 4.776306188e-18
4.776306188e-18 4.776306188e-18 0.000000000e+00 1.377916434e-03 1.029023974e-04 4.776306188e-18
4.776306188e-18 4.776306188e-18 1.029023974e-04 0.000000000e+00 4.776306188e-18 4.776306188e-18
4.776306188e-18 4.776306188e-18 4.776306188e-18 4.776306188e-18 0.000000000e+00 4.776306188e-18

2.490068556e-03 6.173829405e-18 1.330111224e-04 0.000000000e+00 3.351670260e-04 3.654233429e-03
0.000000000e+00 6.173829405e-18 3.476208099e-02 3.837237484e-02 6.173829405e-18 5.206327949e-02
8.615309588e-01 0.000000000e+00 0.000000000e+00 0.000000000e+00 0.000000000e+00 0.000000000e+00
1.450183498e-03 6.173829405e-18 0.000000000e+00 6.173829405e-18 1.330111224e-04 1.330111224e-04
6.173829405e-18 6.173829405e-18 8.445679825e-04 0.000000000e+00 6.173829405e-18 1.137229100e-03
6.173829405e-18 6.173829405e-18 8.445679825e-04 1.781087866e-03 0.000000000e+00 3.351670260e-04

4.811680499e-18 4.811680499e-18 4.811680499e-18 0.000000000e+00 4.811680499e-18 4.811680499e-18
0.000000000e+00 4.811680499e-18 9.912854860e-01 4.811680499e-18 0.000000000e+00 7.984748583e-03
2.612182063e-04 0.000000000e+00 0.000000000e+00 0.000000000e+00 0.000000000e+00 0.000000000e+00
1.036645139e-04 4.811680499e-18 0.000000000e+00 4.811680499e-18 4.811680499e-18 4.811680499e-18
4.811680499e-18 0.000000000e+00 4.811680499e-18 0.000000000e+00 4.811680499e-18 2.612182063e-04
4.811680499e-18 4.811680499e-18 4.811680499e-18 1.036645139e-04 0.000000000e+00 4.811680499e-18

4.618203788e-02 4.618203788e-02 4.618203788e-02 0.000000000e+00 4.618203788e-02 4.618203788e-02
0.000000000e+00 4.618203788e-02 4.618203788e-02 0.000000000e+00 0.000000000e+00 4.618203788e-02
4.618203788e-02 0.000000000e+00 0.000000000e+00 0.000000000e+00 0.000000000e+00 0.000000000e+00
4.618203788e-02 4.484830177e-02 0.000000000e+00 4.484830177e-02 4.484830177e-02 4.484830177e-02
4.484830177e-02 0.000000000e+00 0.000000000e+00 0.000000000e+00 4.484830177e-02 4.484830177e-02
4.484830177e-02 4.484830177e-02 4.484830177e-02 4.484830177e-02 0.000000000e+00 4.484830177e-02

