1.617290705e-04 1.617290705e-04 1.617290705e-04 1.617290705e-04 1.617290705e-04 1.617290705e-04
1.617290705e-04 1.617290705e-04 1.617290705e-04 4.075317207e-04 1.617290705e-04 1.617290705e-04
1.617290705e-04 2.990796761e-01 0.000000000e+00 4.080575533e-01 1.617290705e-04 1.617290705e-04
1.617290705e-04 1.382764102e-03 1.617290705e-04 8.011376755e-02 3.027690210e-03 1.617290705e-04
1.617290705e-04 4.075317207e-04 1.617290705e-04 2.031568004e-01 1.617290705e-04 1.617290705e-04
1.617290705e-04 1.617290705e-04 1.617290705e-04 1.617290705e-04 1.617290705e-04 1.617290705e-04

1.316983830e-04 1.316983830e-04 3.318591300e-04 5.698258090e-04 1.316983830e-04 1.316983830e-04
3.318591300e-04 2.107174128e-03 1.682513554e-02 3.318591300e-04 7.279813352e-02 3.318591300e-04
3.318591300e-04 3.221840400e-03 0.000000000e+00 1.861911003e-02 1.316983830e-04 3.318591300e-04
1.316983830e-04 0.000000000e+00 0.000000000e+00 8.767392036e-01 3.318591300e-04 1.316983830e-04
1.316983830e-04 3.318591300e-04 3.318591300e-04 4.025670692e-03 1.316983830e-04 1.316983830e-04
1.316983830e-04 1.316983830e-04 1.316983830e-04 1.316983830e-04 1.316983830e-04 1.316983830e-04

1.423078831e-04 1.423078831e-04 1.423078831e-04 1.423078831e-04 1.423078831e-04 1.423078831e-04
1.423078831e-04 1.423078831e-04 3.780053301e-01 0.000000000e+00 5.333467375e-01 1.423078831e-04
1.423078831e-04 8.423074068e-02 0.000000000e+00 1.423078831e-04 1.423078831e-04 1.423078831e-04
1.423078831e-04 0.000000000e+00 0.000000000e+00 0.000000000e+00 1.423078831e-04 1.423078831e-04
1.423078831e-04 3.585933949e-04 3.585933949e-04 1.423078831e-04 1.423078831e-04 1.423078831e-04
1.423078831e-04 1.423078831e-04 1.423078831e-04 1.423078831e-04 1.423078831e-04 1.423078831e-04

1.034143058e-04 4.800066869e-18 4.800066869e-18 4.800066869e-18 4.800066869e-18 4.800066869e-18
1.034143058e-04 0.000000000e+00 9.916208664e-01 0.000000000e+00 7.965476332e-03 4.800066869e-18
4.800066869e-18 4.800066869e-18 0.000000000e+00 4.800066869e-18 4.800066869e-18 4.800066869e-18
4.800066869e-18 0.000000000e+00 0.000000000e+00 0.000000000e+00 4.800066869e-18 4.800066869e-18
1.034143058e-04 4.800066869e-18 4.800066869e-18 4.800066869e-18 0.000000000e+00 4.800066869e-18
4.800066869e-18 4.800066869e-18 4.800066869e-18 4.800066869e-18 1.034143058e-04 4.800066869e-18

6.043649723e-18 6.043649723e-18 6.043649723e-18 6.043649723e-18 6.043649723e-18 6.043649723e-18
8.026561298e-03 0.000000000e+00 5.500569650e-01 0.000000000e+00 4.397146351e-01 6.043649723e-18
6.043649723e-18 6.043649723e-18 0.000000000e+00 6.043649723e-18 6.043649723e-18 6.043649723e-18
6.043649723e-18 0.000000000e+00 0.000000000e+00 0.000000000e+00 6.043649723e-18 6.043649723e-18
0.000000000e+00 1.743532333e-03 6.043649723e-18 6.043649723e-18 0.000000000e+00 6.043649723e-18
6.043649723e-18 6.043649723e-18 6.043649723e-18 3.280997855e-04 1.302064862e-04 0.000000000e+00

4.941118501e-18 4.941118501e-18 4.941118501e-18 4.941118501e-18 4.941118501e-18 6.167620773e-03
4.941118501e-18 0.000000000e+00 9.802324474e-01 0.000000000e+00 4.941118501e-18 4.941118501e-18
4.941118501e-18 4.941118501e-18 0.000000000e+00 0.000000000e+00 4.941118501e-18 4.941118501e-18
4.941118501e-18 0.000000000e+00 0.000000000e+00 0.000000000e+00 4.941118501e-18 4.941118501e-18
0.000000000e+00 1.359993184e-02 4.941118501e-18 4.941118501e-18 0.000000000e+00 4.941118501e-18
4.941118501e-18 4.941118501e-18 0.000000000e+00 4.941118501e-18 4.941118501e-18 0.000000000e+00

6.268817781e-18 6.268817781e-18 6.268817781e-18 8.012743504e-01 6.268817781e-18 1.000545336e-01
6.268817781e-18 0.000000000e+00 0.000000000e+00 0.000000000e+00 0.000000000e+00 6.268817781e-18
9.349763704e-03 6.268817781e-18 0.000000000e+00 0.000000000e+00 6.268817781e-18 6.268817781e-18
6.268817781e-18 0.000000000e+00 0.000000000e+00 0.000000000e+00 6.268817781e-18 6.268817781e-18
0.000000000e+00 6.268817781e-18 6.268817781e-18 6.268817781e-18 0.000000000e+00 2.528379879e-03
7.465497963e-02 6.268817781e-18 0.000000000e+00 3.304019180e-03 8.833973542e-03 0.000000000e+00

