5.465439121e-18 5.465439121e-18 5.465439121e-18 5.465439121e-18 5.465439121e-18 5.465439121e-18
5.465439121e-18 5.465439121e-18 2.204356034e-03 5.465439121e-18 0.000000000e+00 5.465439121e-18
5.465439121e-18 5.465439121e-18 2.522758998e-02 9.391788921e-01 7.476615549e-04 5.465439121e-18
5.465439121e-18 2.536832120e-03 1.399678835e-02 1.610787990e-02 5.465439121e-18 5.465439121e-18
5.465439121e-18 5.465439121e-18 5.465439121e-18 5.465439121e-18 5.465439121e-18 5.465439121e-18
5.465439121e-18 5.465439121e-18 5.465439121e-18 5.465439121e-18 5.465439121e-18 5.465439121e-18

4.379242152e-04 8.066633013e-18 8.066633013e-18 1.620020980e-02 1.737903400e-04 4.379242152e-04
1.737903400e-04 7.519471294e-04 4.716386917e-01 0.000000000e+00 0.000000000e+00 8.066633013e-18
8.066633013e-18 5.594703677e-02 1.074619078e-01 1.737903400e-04 5.864032208e-03 1.737903400e-04
1.737903400e-04 2.947741823e-02 4.173163620e-02 0.000000000e+00 2.664283357e-01 8.066633013e-18
1.737903400e-04 1.737903400e-04 7.519471294e-04 1.737903400e-04 1.737903400e-04 1.737903400e-04
1.737903400e-04 8.066633013e-18 1.737903400e-04 4.379242152e-04 1.737903400e-04 1.737903400e-04

1.215380000e-04 1.215380000e-04 1.215380000e-04 1.215380000e-04 1.215380000e-04 1.215380000e-04
1.215380000e-04 3.062565692e-04 1.944608000e-03 0.000000000e+00 0.000000000e+00 1.215380000e-04
1.215380000e-04 1.215380000e-04 1.215380000e-04 0.000000000e+00 3.241683916e-02 1.215380000e-04
1.215380000e-04 0.000000000e+00 9.131528210e-01 0.000000000e+00 4.901948731e-02 1.215380000e-04
1.215380000e-04 1.215380000e-04 1.215380000e-04 1.215380000e-04 1.215380000e-04 1.215380000e-04
1.215380000e-04 1.215380000e-04 1.215380000e-04 1.215380000e-04 1.215380000e-04 1.215380000e-04

1.238613667e-04 1.238613667e-04 0.000000000e+00 7.864706549e-04 7.864706549e-04 3.121110862e-04
3.121110862e-04 9.076173230e-01 1.350426240e-03 0.000000000e+00 0.000000000e+00 1.238613667e-04
3.121110862e-04 5.359170085e-04 0.000000000e+00 0.000000000e+00 1.658567894e-03 3.121110862e-04
3.121110862e-04 0.000000000e+00 1.238613667e-04 0.000000000e+00 3.030117347e-03 1.238613667e-04
3.121110862e-04 7.494608911e-02 5.359170085e-04 3.030117347e-03 5.359170085e-04 3.121110862e-04
7.864706549e-04 1.238613667e-04 3.121110862e-04 3.121110862e-04 5.359170085e-04 3.121110862e-04

6.475107480e-04 3.771018268e-04 0.000000000e+00 1.279514802e-03 6.475107480e-04 6.946275040e-18
3.771018268e-04 6.434942493e-01 4.574494521e-03 0.000000000e+00 0.000000000e+00 6.946275040e-18
6.475107480e-04 3.771018268e-04 0.000000000e+00 0.000000000e+00 2.003930685e-03 6.475107480e-04
3.771018268e-04 0.000000000e+00 0.000000000e+00 0.000000000e+00 3.224175266e-03 9.502370590e-04
6.541598279e-03 2.182568984e-01 6.946275040e-18 0.000000000e+00 6.475107480e-04 3.771018268e-04
9.502370590e-04 6.946275040e-18 1.129540910e-01 6.946275040e-18 6.475107480e-04 6.946275040e-18

3.675996100e-04 6.311947637e-04 0.000000000e+00 1.953435613e-03 1.458820019e-04 1.458820019e-04
3.675996100e-04 6.272794728e-01 3.142932455e-03 0.000000000e+00 0.000000000e+00 1.458820019e-04
3.675996100e-04 0.000000000e+00 0.000000000e+00 0.000000000e+00 5.396639318e-03 3.675996100e-04
1.590511139e-03 0.000000000e+00 0.000000000e+00 0.000000000e+00 2.334112030e-03 1.458820019e-04
6.311947637e-04 3.047518521e-01 0.000000000e+00 0.000000000e+00 1.590511139e-03 1.458820019e-04
9.262929731e-04 1.590511139e-03 4.532216776e-02 3.675996100e-04 1.458820019e-04 1.458820019e-04

9.702774804e-01 5.167580313e-18 0.000000000e+00 2.805394208e-04 1.113321429e-04 5.167580313e-18
5.167580313e-18 7.282117515e-03 2.805394208e-04 0.000000000e+00 0.000000000e+00 5.167580313e-18
0.000000000e+00 0.000000000e+00 0.000000000e+00 0.000000000e+00 0.000000000e+00 5.167580313e-18
2.805394208e-04 0.000000000e+00 0.000000000e+00 0.000000000e+00 1.213823577e-03 5.167580313e-18
1.113321429e-04 1.372638578e-02 0.000000000e+00 0.000000000e+00 2.805394208e-04 5.167580313e-18
1.113321429e-04 5.167580313e-18 6.044038600e-03 5.167580313e-18 5.167580313e-18 5.167580313e-18

