6.468507115e-18 1.393597612e-04 6.468507115e-18 3.409266678e-03 1.393597612e-04 6.468507115e-18
1.393597612e-04 6.468507115e-18 1.393597612e-04 5.208299632e-02 8.848793262e-04 1.393597612e-04
1.393597612e-04 6.468507115e-18 7.750300650e-01 6.468507115e-18 1.458459893e-01 7.565611817e-03
1.393597612e-04 6.468507115e-18 1.866099430e-03 1.073417136e-02 3.511645933e-04 1.393597612e-04
1.393597612e-04 6.468507115e-18 6.468507115e-18 1.393597612e-04 6.468507115e-18 6.468507115e-18
1.393597612e-04 1.393597612e-04 1.393597612e-04 1.393597612e-04 1.393597612e-04 1.393597612e-04

1.504685691e-04 3.791570350e-04 6.984132299e-18 1.286488169e-03 6.984132299e-18 6.984132299e-18
6.984132299e-18 6.984132299e-18 6.984132299e-18 3.711389345e-01 6.984132299e-18 6.984132299e-18
6.984132299e-18 6.984132299e-18 1.609044047e-01 0.000000000e+00 4.316786272e-01 1.504685691e-04
6.984132299e-18 6.984132299e-18 0.000000000e+00 6.984132299e-18 3.791570350e-04 6.984132299e-18
6.984132299e-18 6.984132299e-18 1.504685691e-04 3.378182561e-02 6.984132299e-18 6.984132299e-18
6.984132299e-18 6.984132299e-18 6.984132299e-18 6.984132299e-18 6.984132299e-18 6.984132299e-18

5.401537626e-18 5.401537626e-18 5.401537626e-18 5.401537626e-18 5.401537626e-18 5.401537626e-18
5.401537626e-18 5.401537626e-18 5.401537626e-18 2.932405778e-04 5.401537626e-18 5.401537626e-18
5.401537626e-18 5.401537626e-18 0.000000000e+00 0.000000000e+00 1.163726004e-04 5.401537626e-18
5.401537626e-18 5.401537626e-18 0.000000000e+00 0.000000000e+00 9.281980844e-01 5.401537626e-18
5.401537626e-18 5.401537626e-18 3.550432163e-02 5.401537626e-18 1.558289433e-03 5.401537626e-18
1.163726004e-04 5.401537626e-18 5.401537626e-18 3.421331878e-02 5.401537626e-18 5.401537626e-18

5.353652631e-18 5.353652631e-18 5.353652631e-18 5.353652631e-18 5.353652631e-18 5.353652631e-18
5.353652631e-18 5.353652631e-18 1.544475092e-03 3.525667280e-03 5.353652631e-18 5.353652631e-18
5.353652631e-18 5.353652631e-18 0.000000000e+00 0.000000000e+00 9.476862579e-01 5.353652631e-18
5.353652631e-18 0.000000000e+00 0.000000000e+00 0.000000000e+00 5.353652631e-18 5.353652631e-18
5.353652631e-18 5.353652631e-18 5.041759020e-03 0.000000000e+00 2.589529405e-02 5.353652631e-18
5.353652631e-18 5.353652631e-18 5.353652631e-18 1.630654667e-02 5.353652631e-18 5.353652631e-18

