1.156973393e-17 1.156973393e-17 6.248523931e-02 6.281017920e-04 1.156973393e-17 1.725592961e-02
1.156973393e-17 1.582717338e-03 2.492623613e-04 2.131163211e-03 1.156973393e-17 1.156973393e-01
2.962966259e-02 5.725227127e-02 0.000000000e+00 3.073210703e-02 4.666379449e-03 1.005340976e-01
6.281017920e-04 8.879908853e-02 1.156973393e-17 1.219086412e-01 2.492623613e-04 2.532347741e-02
1.582717338e-03 2.717638619e-03 5.854974915e-02 2.962966259e-02 1.156973393e-17 1.004962867e-02
1.919940790e-02 1.156973393e-17 1.393971278e-01 1.156973393e-17 6.648371599e-02 1.263750982e-02

5.252005365e-18 5.252005365e-18 5.252005365e-18 5.252005365e-18 5.252005365e-18 5.252005365e-18
5.252005365e-18 5.252005365e-18 5.252005365e-18 5.252005365e-18 5.252005365e-18 5.252005365e-18
5.252005365e-18 9.527456938e-01 0.000000000e+00 5.252005365e-18 5.252005365e-18 5.252005365e-18
5.252005365e-18 0.000000000e+00 0.000000000e+00 3.458727106e-03 5.252005365e-18 5.252005365e-18
5.252005365e-18 8.271390142e-03 5.252005365e-18 2.768101908e-03 5.252005365e-18 5.252005365e-18
5.252005365e-18 5.252005365e-18 3.264293607e-02 1.131510255e-04 5.252005365e-18 5.252005365e-18

6.520903048e-18 6.520903048e-18 6.520903048e-18 6.520903048e-18 6.520903048e-18 6.520903048e-18
6.520903048e-18 6.520903048e-18 6.520903048e-18 0.000000000e+00 6.520903048e-18 6.520903048e-18
1.608416312e-02 3.859663160e-03 0.000000000e+00 6.520903048e-18 6.520903048e-18 8.920469890e-04
1.547436961e-02 0.000000000e+00 0.000000000e+00 1.531708340e-03 6.520903048e-18 6.520903048e-18
6.520903048e-18 6.779731502e-01 0.000000000e+00 2.315535901e-02 6.520903048e-18 6.520903048e-18
6.520903048e-18 6.520903048e-18 2.610295395e-01 6.520903048e-18 6.520903048e-18 6.520903048e-18

