2.435427111e-02 1.067963844e-17 2.300858353e-04 6.321180784e-03 1.067963844e-17 9.955235913e-04
4.125576613e-02 1.067963844e-17 7.033114474e-03 1.067963844e-17 2.300858353e-04 6.321180784e-03
2.619577862e-01 1.967206220e-03 7.148235349e-02 0.000000000e+00 1.418361032e-02 4.957049053e-03
5.797799744e-04 2.300858353e-04 1.227403022e-01 1.067963844e-17 1.025460325e-01 9.955235913e-04
1.168785783e-01 1.067963844e-17 4.957049053e-03 6.136891766e-02 5.524966679e-02 1.460953988e-03
5.628769485e-03 3.681373365e-03 3.080968583e-03 7.931278484e-02 1.067963844e-17 1.067963844e-17

5.567760300e-02 6.814545715e-02 7.313163315e-03 3.164221995e-02 2.592263844e-02 3.886237438e-02
1.235559347e-17 6.707648119e-04 7.679406623e-02 4.643569256e-02 6.707648119e-04 1.690221412e-03
2.156164855e-02 7.243748237e-02 1.235559347e-17 0.000000000e+00 6.814545715e-02 9.847332963e-03
1.235559347e-17 3.886237438e-02 0.000000000e+00 0.000000000e+00 2.704354259e-02 2.275919777e-03
3.400752867e-02 1.235559347e-17 1.163578012e-02 1.628310010e-01 1.235559347e-17 4.515031188e-02
5.299457783e-02 7.679406623e-02 1.235559347e-17 1.445118979e-02 1.235559347e-17 8.136820717e-03

2.005491912e-03 4.635101425e-04 4.728196495e-01 1.273407988e-02 1.572700120e-03 2.005491912e-03
8.537929824e-18 1.611092276e-01 1.299112227e-01 8.537929824e-18 0.000000000e+00 2.005491912e-03
1.572700120e-03 1.133921062e-02 0.000000000e+00 0.000000000e+00 1.651243211e-01 5.622684529e-03
1.167972371e-03 1.167972371e-03 0.000000000e+00 0.000000000e+00 7.416162280e-03 1.572700120e-03
2.005491912e-03 2.005491912e-03 1.167972371e-03 2.943105951e-03 8.537929824e-18 1.167972371e-03
3.962955973e-03 3.962955973e-03 8.537929824e-18 2.005491912e-03 8.537929824e-18 1.167972371e-03

