4.797614235e-04 1.318551270e-01 1.208923033e-03 7.004186663e-02 1.854104702e-02 8.837280979e-18
8.837280979e-18 0.000000000e+00 8.837280979e-18 2.316371915e-01 8.837280979e-18 4.797614235e-04
1.618810597e-02 2.347402858e-02 3.587622241e-01 1.228189244e-01 8.837280979e-18 4.797614235e-04
4.797614235e-04 8.837280979e-18 4.101902471e-03 4.797614235e-04 8.837280979e-18 1.033614654e-02
7.676182775e-03 8.837280979e-18 8.837280979e-18 8.837280979e-18 8.837280979e-18 4.797614235e-04
8.837280979e-18 8.837280979e-18 8.837280979e-18 4.797614235e-04 8.837280979e-18 8.837280979e-18

1.928230345e-04 8.475927318e-02 3.650352256e-01 1.485217452e-02 2.102296241e-03 8.950052439e-18
4.858836002e-04 0.000000000e+00 0.000000000e+00 1.844435655e-01 4.858836002e-04 1.928230345e-04
3.457432313e-02 8.950052439e-18 0.000000000e+00 1.958959922e-02 1.928230345e-04 1.928230345e-04
3.085168552e-03 1.959696965e-01 7.547488780e-02 7.774137603e-03 8.950052439e-18 1.928230345e-04
1.928230345e-04 1.928230345e-04 8.342968160e-04 8.950052439e-18 8.950052439e-18 4.858836002e-04
1.928230345e-04 4.858836002e-04 4.858836002e-04 6.506233230e-03 8.342968160e-04 1.928230345e-04

5.528472435e-04 1.284185522e-01 1.764145566e-01 1.086803145e-01 5.383781267e-02 2.193975740e-04
5.528472435e-04 0.000000000e+00 0.000000000e+00 1.519416526e-01 1.018353329e-17 2.392031098e-03
6.939265522e-02 0.000000000e+00 0.000000000e+00 1.255489168e-01 1.018353329e-17 1.018353329e-17
1.018353329e-17 0.000000000e+00 1.018353329e-17 4.107288100e-03 1.018353329e-17 5.367294201e-03
5.528472435e-04 2.136555012e-02 3.203053614e-02 1.018353329e-17 1.018353329e-17 5.528472435e-04
1.018353329e-17 1.018353329e-17 6.706402639e-03 3.510361184e-03 1.073024422e-01 5.528472435e-04

1.012565782e-17 4.234099295e-02 7.645453870e-02 7.519862444e-02 1.385170506e-03 2.378436609e-03
1.012565782e-17 0.000000000e+00 0.000000000e+00 5.238372290e-02 1.012565782e-17 1.012565782e-17
3.286355348e-02 0.000000000e+00 0.000000000e+00 0.000000000e+00 2.022253626e-01 1.012565782e-17
5.497052794e-04 0.000000000e+00 0.000000000e+00 1.012565782e-17 1.066926166e-01 5.497052794e-04
2.921150731e-03 4.083945392e-03 2.184321616e-01 1.348917826e-01 1.767020546e-02 5.497052794e-04
1.012565782e-17 5.497052794e-04 5.497052794e-04 2.124412455e-02 4.699914028e-03 1.385170506e-03

9.557696741e-18 5.188716082e-04 1.969659594e-01 1.085284233e-01 2.245027062e-03 9.557696741e-18
9.557696741e-18 0.000000000e+00 0.000000000e+00 0.000000000e+00 6.167794686e-02 5.188716082e-04
9.713667946e-03 0.000000000e+00 0.000000000e+00 0.000000000e+00 9.557696741e-18 5.603417518e-02
5.188716082e-04 0.000000000e+00 0.000000000e+00 0.000000000e+00 1.164923033e-01 1.383943908e-01
5.188716082e-04 9.557696741e-18 2.245027062e-03 1.098459085e-01 1.307474523e-03 9.557696741e-18
9.557696741e-18 5.188716082e-04 5.188716082e-04 1.923987234e-01 5.188716082e-04 5.188716082e-04

8.571045732e-18 8.571045732e-18 2.784759112e-01 0.000000000e+00 1.497931417e-01 4.653079506e-04
8.571045732e-18 0.000000000e+00 0.000000000e+00 0.000000000e+00 8.571045732e-18 2.116681174e-01
1.172502563e-03 0.000000000e+00 0.000000000e+00 0.000000000e+00 0.000000000e+00 1.578800123e-03
8.571045732e-18 0.000000000e+00 0.000000000e+00 0.000000000e+00 1.216069181e-01 1.316858953e-01
4.653079506e-04 4.653079506e-04 1.172502563e-03 9.850640069e-02 4.653079506e-04 8.571045732e-18
8.571045732e-18 8.571045732e-18 8.571045732e-18 2.013270575e-03 4.653079506e-04 8.571045732e-18

1.018651445e-02 1.613276098e-02 1.081667325e-17 0.000000000e+00 0.000000000e+00 5.020654975e-03
1.081667325e-17 0.000000000e+00 0.000000000e+00 0.000000000e+00 0.000000000e+00 1.288151210e-01
1.125148927e-01 0.000000000e+00 0.000000000e+00 0.000000000e+00 0.000000000e+00 6.341521183e-02
1.228242038e-01 0.000000000e+00 0.000000000e+00 0.000000000e+00 1.840809026e-01 8.033047961e-02
7.863171684e-03 3.728610571e-03 3.619905884e-02 6.215636733e-02 4.992802801e-02 8.620822886e-03
1.081667325e-17 5.872193683e-04 5.872193683e-04 3.402196795e-02 7.239957279e-02 5.872193683e-04

1.109129997e-04 2.713351335e-03 0.000000000e+00 0.000000000e+00 0.000000000e+00 5.148125410e-18
5.148125410e-18 0.000000000e+00 0.000000000e+00 0.000000000e+00 0.000000000e+00 2.794832461e-04
1.485182550e-03 0.000000000e+00 0.000000000e+00 0.000000000e+00 0.000000000e+00 9.737754785e-01
5.148125410e-18 0.000000000e+00 0.000000000e+00 0.000000000e+00 0.000000000e+00 5.148125410e-18
2.794832461e-04 5.148125410e-18 2.794832461e-04 2.794832461e-04 1.109129997e-04 1.173998939e-02
5.148125410e-18 5.148125410e-18 2.794832461e-04 2.794832461e-04 8.107789465e-03 2.794832461e-04

5.115185003e-18 1.763253123e-03 0.000000000e+00 0.000000000e+00 0.000000000e+00 2.776949657e-04
5.115185003e-18 0.000000000e+00 0.000000000e+00 0.000000000e+00 0.000000000e+00 5.115185003e-18
1.102033202e-04 0.000000000e+00 0.000000000e+00 0.000000000e+00 0.000000000e+00 9.732382779e-01
5.115185003e-18 0.000000000e+00 0.000000000e+00 0.000000000e+00 0.000000000e+00 0.000000000e+00
1.102033202e-04 5.115185003e-18 4.768220735e-04 0.000000000e+00 7.208282416e-03 1.457518766e-02
5.115185003e-18 5.115185003e-18 1.763253123e-03 5.115185003e-18 4.768220735e-04 5.115185003e-18

5.540601556e-18 9.194357444e-03 0.000000000e+00 0.000000000e+00 0.000000000e+00 5.540601556e-18
5.540601556e-18 0.000000000e+00 0.000000000e+00 0.000000000e+00 0.000000000e+00 0.000000000e+00
3.007901294e-04 0.000000000e+00 0.000000000e+00 0.000000000e+00 0.000000000e+00 0.000000000e+00
5.540601556e-18 0.000000000e+00 0.000000000e+00 0.000000000e+00 0.000000000e+00 0.000000000e+00
1.193686420e-04 5.540601556e-18 8.725900661e-03 0.000000000e+00 3.842746267e-02 5.540601556e-18
5.540601556e-18 5.540601556e-18 7.807776403e-03 4.027735726e-03 3.007901294e-04 9.310958182e-01

4.982345831e-18 1.170313468e-03 0.000000000e+00 0.000000000e+00 0.000000000e+00 4.982345831e-18
4.982345831e-18 0.000000000e+00 0.000000000e+00 0.000000000e+00 0.000000000e+00 0.000000000e+00
4.982345831e-18 0.000000000e+00 0.000000000e+00 0.000000000e+00 0.000000000e+00 0.000000000e+00
4.982345831e-18 0.000000000e+00 0.000000000e+00 0.000000000e+00 0.000000000e+00 0.000000000e+00
1.073413870e-04 4.982345831e-18 1.717462191e-03 0.000000000e+00 0.000000000e+00 0.000000000e+00
4.982345831e-18 4.982345831e-18 1.468409518e-02 2.312600077e-03 4.982345831e-18 9.800081877e-01

4.794020269e-18 1.032840357e-04 0.000000000e+00 0.000000000e+00 0.000000000e+00 4.794020269e-18
4.794020269e-18 0.000000000e+00 0.000000000e+00 0.000000000e+00 0.000000000e+00 0.000000000e+00
1.032840357e-04 0.000000000e+00 0.000000000e+00 0.000000000e+00 0.000000000e+00 0.000000000e+00
4.794020269e-18 0.000000000e+00 0.000000000e+00 0.000000000e+00 0.000000000e+00 0.000000000e+00
4.794020269e-18 1.032840357e-04 0.000000000e+00 0.000000000e+00 0.000000000e+00 0.000000000e+00
4.794020269e-18 4.794020269e-18 7.955442294e-03 4.794020269e-18 0.000000000e+00 9.917347056e-01

4.999136186e-18 1.077031242e-04 0.000000000e+00 0.000000000e+00 0.000000000e+00 4.999136186e-18
4.999136186e-18 0.000000000e+00 0.000000000e+00 0.000000000e+00 0.000000000e+00 0.000000000e+00
3.107127117e-02 0.000000000e+00 0.000000000e+00 0.000000000e+00 0.000000000e+00 0.000000000e+00
4.999136186e-18 0.000000000e+00 0.000000000e+00 0.000000000e+00 0.000000000e+00 0.000000000e+00
0.000000000e+00 4.999136186e-18 0.000000000e+00 0.000000000e+00 0.000000000e+00 0.000000000e+00
4.999136186e-18 4.999136186e-18 9.208487587e-04 0.000000000e+00 0.000000000e+00 9.679001769e-01

1.019099224e-04 6.470876723e-04 0.000000000e+00 0.000000000e+00 0.000000000e+00 4.730239580e-18
4.730239580e-18 0.000000000e+00 0.000000000e+00 0.000000000e+00 0.000000000e+00 0.000000000e+00
4.730239580e-18 0.000000000e+00 0.000000000e+00 0.000000000e+00 0.000000000e+00 0.000000000e+00
0.000000000e+00 0.000000000e+00 0.000000000e+00 0.000000000e+00 0.000000000e+00 0.000000000e+00
0.000000000e+00 0.000000000e+00 0.000000000e+00 0.000000000e+00 0.000000000e+00 0.000000000e+00
1.630558759e-03 1.019099224e-04 1.019099224e-04 0.000000000e+00 0.000000000e+00 9.974166238e-01

4.807418313e-18 1.035726878e-04 0.000000000e+00 0.000000000e+00 0.000000000e+00 4.807418313e-18
4.807418313e-18 0.000000000e+00 0.000000000e+00 0.000000000e+00 0.000000000e+00 0.000000000e+00
0.000000000e+00 0.000000000e+00 0.000000000e+00 0.000000000e+00 0.000000000e+00 0.000000000e+00
0.000000000e+00 0.000000000e+00 0.000000000e+00 0.000000000e+00 0.000000000e+00 0.000000000e+00
0.000000000e+00 0.000000000e+00 0.000000000e+00 0.000000000e+00 0.000000000e+00 0.000000000e+00
9.228035233e-03 0.000000000e+00 2.609868192e-04 0.000000000e+00 0.000000000e+00 9.904074053e-01

4.811028288e-04 6.002980525e-02 0.000000000e+00 0.000000000e+00 0.000000000e+00 0.000000000e+00
1.111926902e-04 0.000000000e+00 0.000000000e+00 0.000000000e+00 0.000000000e+00 0.000000000e+00
0.000000000e+00 0.000000000e+00 0.000000000e+00 0.000000000e+00 0.000000000e+00 0.000000000e+00
0.000000000e+00 0.000000000e+00 0.000000000e+00 0.000000000e+00 0.000000000e+00 0.000000000e+00
0.000000000e+00 0.000000000e+00 0.000000000e+00 0.000000000e+00 0.000000000e+00 0.000000000e+00
2.801880219e-04 0.000000000e+00 9.390977112e-01 0.000000000e+00 0.000000000e+00 0.000000000e+00

7.479137357e-01 2.519640721e-01 0.000000000e+00 0.000000000e+00 0.000000000e+00 0.000000000e+00
1.221921717e-04 0.000000000e+00 0.000000000e+00 0.000000000e+00 0.000000000e+00 0.000000000e+00
0.000000000e+00 0.000000000e+00 0.000000000e+00 0.000000000e+00 0.000000000e+00 0.000000000e+00
0.000000000e+00 0.000000000e+00 0.000000000e+00 0.000000000e+00 0.000000000e+00 0.000000000e+00
0.000000000e+00 0.000000000e+00 0.000000000e+00 0.000000000e+00 0.000000000e+00 0.000000000e+00
0.000000000e+00 0.000000000e+00 0.000000000e+00 0.000000000e+00 0.000000000e+00 0.000000000e+00

0.000000000e+00 0.000000000e+00 0.000000000e+00 0.000000000e+00 0.000000000e+00 0.000000000e+00
1.000000000e+00 0.000000000e+00 0.000000000e+00 0.000000000e+00 0.000000000e+00 0.000000000e+00
0.000000000e+00 0.000000000e+00 0.000000000e+00 0.000000000e+00 0.000000000e+00 0.000000000e+00
0.000000000e+00 0.000000000e+00 0.000000000e+00 0.000000000e+00 0.000000000e+00 0.000000000e+00
0.000000000e+00 0.000000000e+00 0.000000000e+00 0.000000000e+00 0.000000000e+00 0.000000000e+00
0.000000000e+00 0.000000000e+00 0.000000000e+00 0.000000000e+00 0.000000000e+00 0.000000000e+00

