6.468507115e-18 1.393597612e-04 6.468507115e-18 3.409266678e-03 1.393597612e-04 6.468507115e-18
1.393597612e-04 6.468507115e-18 1.393597612e-04 5.208299632e-02 8.848793262e-04 1.393597612e-04
1.393597612e-04 6.468507115e-18 7.750300650e-01 6.468507115e-18 1.458459893e-01 7.565611817e-03
1.393597612e-04 6.468507115e-18 1.866099430e-03 1.073417136e-02 3.511645933e-04 1.393597612e-04
1.393597612e-04 6.468507115e-18 6.468507115e-18 1.393597612e-04 6.468507115e-18 6.468507115e-18
1.393597612e-04 1.393597612e-04 1.393597612e-04 1.393597612e-04 1.393597612e-04 1.393597612e-04

1.504685691e-04 3.791570350e-04 6.984132299e-18 1.286488169e-03 6.984132299e-18 6.984132299e-18
6.984132299e-18 6.984132299e-18 6.984132299e-18 3.711389345e-01 6.984132299e-18 6.984132299e-18
6.984132299e-18 6.984132299e-18 1.609044047e-01 0.000000000e+00 4.316786272e-01 1.504685691e-04
6.984132299e-18 6.984132299e-18 0.000000000e+00 6.984132299e-18 3.791570350e-04 6.984132299e-18
6.984132299e-18 6.984132299e-18 1.504685691e-04 3.378182561e-02 6.984132299e-18 6.984132299e-18
6.984132299e-18 6.984132299e-18 6.984132299e-18 6.984132299e-18 6.984132299e-18 6.984132299e-18

5.633960916e-18 5.633960916e-18 5.633960916e-18 5.633960916e-18 5.633960916e-18 5.633960916e-18
5.633960916e-18 5.633960916e-18 5.633960916e-18 2.340657207e-01 5.633960916e-18 5.633960916e-18
5.633960916e-18 5.633960916e-18 5.633960916e-18 0.000000000e+00 7.659342793e-01 5.633960916e-18
5.633960916e-18 5.633960916e-18 0.000000000e+00 0.000000000e+00 5.633960916e-18 5.633960916e-18
5.633960916e-18 5.633960916e-18 5.633960916e-18 5.633960916e-18 0.000000000e+00 5.633960916e-18
5.633960916e-18 5.633960916e-18 5.633960916e-18 5.633960916e-18 5.633960916e-18 5.633960916e-18

4.647784847e-18 4.647784847e-18 4.647784847e-18 4.647784847e-18 4.647784847e-18 4.647784847e-18
4.647784847e-18 4.647784847e-18 4.647784847e-18 4.647784847e-18 4.647784847e-18 4.647784847e-18
4.647784847e-18 4.647784847e-18 0.000000000e+00 0.000000000e+00 1.000000000e+00 4.647784847e-18
4.647784847e-18 4.647784847e-18 0.000000000e+00 0.000000000e+00 4.647784847e-18 4.647784847e-18
4.647784847e-18 4.647784847e-18 4.647784847e-18 4.647784847e-18 0.000000000e+00 4.647784847e-18
4.647784847e-18 0.000000000e+00 4.647784847e-18 4.647784847e-18 4.647784847e-18 4.647784847e-18

