7.312828517e-18 7.312828517e-18 7.312828517e-18 7.312828517e-18 7.312828517e-18 7.312828517e-18
7.312828517e-18 7.312828517e-18 3.375484299e-02 6.816797544e-04 7.312828517e-18 7.312828517e-18
7.312828517e-18 2.083714428e-02 1.222292563e-01 7.312828517e-18 3.970014111e-04 7.312828517e-18
7.312828517e-18 7.312828517e-18 5.795947429e-02 6.740513025e-01 4.806724190e-02 7.312828517e-18
7.312828517e-18 7.312828517e-18 7.312828517e-18 4.202205662e-02 7.312828517e-18 7.312828517e-18
7.312828517e-18 7.312828517e-18 7.312828517e-18 7.312828517e-18 7.312828517e-18 7.312828517e-18

4.773935152e-18 4.773935152e-18 4.773935152e-18 2.591690735e-04 4.773935152e-18 4.773935152e-18
4.773935152e-18 4.773935152e-18 4.773935152e-18 6.727395546e-03 4.773935152e-18 4.773935152e-18
4.773935152e-18 0.000000000e+00 4.773935152e-18 0.000000000e+00 4.773935152e-18 4.773935152e-18
4.773935152e-18 4.773935152e-18 4.773935152e-18 4.773935152e-18 4.773935152e-18 4.773935152e-18
4.773935152e-18 4.773935152e-18 4.773935152e-18 9.930134354e-01 4.773935152e-18 4.773935152e-18
4.773935152e-18 4.773935152e-18 4.773935152e-18 4.773935152e-18 4.773935152e-18 4.773935152e-18

6.088943609e-18 6.088943609e-18 6.088943609e-18 5.288939456e-03 6.088943609e-18 6.088943609e-18
6.088943609e-18 6.088943609e-18 6.088943609e-18 1.196793999e-01 8.329557690e-04 6.088943609e-18
6.088943609e-18 0.000000000e+00 0.000000000e+00 0.000000000e+00 6.088943609e-18 6.088943609e-18
2.098917014e-03 2.743840558e-02 6.088943609e-18 0.000000000e+00 3.209215385e-03 3.209215385e-03
6.088943609e-18 2.455831871e-03 6.088943609e-18 8.340305205e-01 6.088943609e-18 6.088943609e-18
1.756599165e-03 6.088943609e-18 6.088943609e-18 6.088943609e-18 6.088943609e-18 6.088943609e-18

5.829442535e-18 5.829442535e-18 5.829442535e-18 5.829442535e-18 5.829442535e-18 5.829442535e-18
5.829442535e-18 0.000000000e+00 5.829442535e-18 6.696889686e-01 5.829442535e-18 5.829442535e-18
5.829442535e-18 0.000000000e+00 0.000000000e+00 0.000000000e+00 5.829442535e-18 5.829442535e-18
5.829442535e-18 5.829442535e-18 0.000000000e+00 0.000000000e+00 5.829442535e-18 5.829442535e-18
5.829442535e-18 2.705787538e-03 5.829442535e-18 5.829442535e-18 5.829442535e-18 5.829442535e-18
5.829442535e-18 5.829442535e-18 5.829442535e-18 3.276052439e-01 5.829442535e-18 5.829442535e-18

