1.617290705e-04 1.617290705e-04 1.617290705e-04 1.617290705e-04 1.617290705e-04 1.617290705e-04
1.617290705e-04 1.617290705e-04 1.617290705e-04 4.075317207e-04 1.617290705e-04 1.617290705e-04
1.617290705e-04 2.990796761e-01 0.000000000e+00 4.080575533e-01 1.617290705e-04 1.617290705e-04
1.617290705e-04 1.382764102e-03 1.617290705e-04 8.011376755e-02 3.027690210e-03 1.617290705e-04
1.617290705e-04 4.075317207e-04 1.617290705e-04 2.031568004e-01 1.617290705e-04 1.617290705e-04
1.617290705e-04 1.617290705e-04 1.617290705e-04 1.617290705e-04 1.617290705e-04 1.617290705e-04

1.316983830e-04 1.316983830e-04 3.318591300e-04 5.698258090e-04 1.316983830e-04 1.316983830e-04
3.318591300e-04 2.107174128e-03 1.682513554e-02 3.318591300e-04 7.279813352e-02 3.318591300e-04
3.318591300e-04 3.221840400e-03 0.000000000e+00 1.861911003e-02 1.316983830e-04 3.318591300e-04
1.316983830e-04 0.000000000e+00 0.000000000e+00 8.767392036e-01 3.318591300e-04 1.316983830e-04
1.316983830e-04 3.318591300e-04 3.318591300e-04 4.025670692e-03 1.316983830e-04 1.316983830e-04
1.316983830e-04 1.316983830e-04 1.316983830e-04 1.316983830e-04 1.316983830e-04 1.316983830e-04

1.423078831e-04 1.423078831e-04 1.423078831e-04 1.423078831e-04 1.423078831e-04 1.423078831e-04
1.423078831e-04 1.423078831e-04 3.780053301e-01 0.000000000e+00 5.333467375e-01 1.423078831e-04
1.423078831e-04 8.423074068e-02 0.000000000e+00 1.423078831e-04 1.423078831e-04 1.423078831e-04
1.423078831e-04 0.000000000e+00 0.000000000e+00 0.000000000e+00 1.423078831e-04 1.423078831e-04
1.423078831e-04 3.585933949e-04 3.585933949e-04 1.423078831e-04 1.423078831e-04 1.423078831e-04
1.423078831e-04 1.423078831e-04 1.423078831e-04 1.423078831e-04 1.423078831e-04 1.423078831e-04

1.034143058e-04 4.800066869e-18 4.800066869e-18 4.800066869e-18 4.800066869e-18 4.800066869e-18
1.034143058e-04 0.000000000e+00 9.916208664e-01 0.000000000e+00 7.965476332e-03 4.800066869e-18
4.800066869e-18 4.800066869e-18 0.000000000e+00 4.800066869e-18 4.800066869e-18 4.800066869e-18
4.800066869e-18 0.000000000e+00 0.000000000e+00 0.000000000e+00 4.800066869e-18 4.800066869e-18
1.034143058e-04 4.800066869e-18 4.800066869e-18 4.800066869e-18 0.000000000e+00 4.800066869e-18
4.800066869e-18 4.800066869e-18 4.800066869e-18 4.800066869e-18 1.034143058e-04 4.800066869e-18

1.114604425e-04 5.173535450e-18 5.173535450e-18 3.062168543e-03 5.173535450e-18 5.173535450e-18
0.000000000e+00 0.000000000e+00 9.499168448e-01 0.000000000e+00 4.562217146e-02 5.173535450e-18
1.114604425e-04 5.173535450e-18 0.000000000e+00 5.173535450e-18 5.173535450e-18 5.173535450e-18
5.173535450e-18 0.000000000e+00 0.000000000e+00 0.000000000e+00 5.173535450e-18 5.173535450e-18
5.173535450e-18 9.529733779e-04 5.173535450e-18 5.173535450e-18 0.000000000e+00 1.114604425e-04
5.173535450e-18 5.173535450e-18 5.173535450e-18 5.173535450e-18 1.114604425e-04 0.000000000e+00

5.486402591e-18 5.486402591e-18 5.486402591e-18 5.486402591e-18 5.486402591e-18 4.372629546e-03
0.000000000e+00 0.000000000e+00 8.851472275e-01 0.000000000e+00 5.486402591e-18 4.372629546e-03
5.486402591e-18 5.486402591e-18 0.000000000e+00 0.000000000e+00 5.486402591e-18 5.486402591e-18
5.486402591e-18 0.000000000e+00 0.000000000e+00 0.000000000e+00 5.486402591e-18 5.486402591e-18
5.486402591e-18 1.061075134e-01 5.486402591e-18 5.486402591e-18 0.000000000e+00 5.486402591e-18
5.486402591e-18 0.000000000e+00 5.486402591e-18 5.486402591e-18 5.486402591e-18 0.000000000e+00

6.912464459e-18 6.912464459e-18 6.912464459e-18 5.242291641e-01 6.912464459e-18 1.031362340e-01
0.000000000e+00 0.000000000e+00 0.000000000e+00 0.000000000e+00 0.000000000e+00 6.912464459e-18
5.509192194e-03 6.912464459e-18 0.000000000e+00 0.000000000e+00 6.912464459e-18 6.912464459e-18
1.266223258e-02 0.000000000e+00 0.000000000e+00 0.000000000e+00 6.912464459e-18 6.912464459e-18
6.912464459e-18 6.912464459e-18 6.912464459e-18 6.912464459e-18 0.000000000e+00 7.550418880e-03
3.423605297e-01 0.000000000e+00 6.912464459e-18 6.912464459e-18 4.552228441e-03 0.000000000e+00

