7.173310368e-18 7.173310368e-18 7.173310368e-18 7.173310368e-18 7.173310368e-18 7.173310368e-18
7.173310368e-18 7.173310368e-18 1.545442870e-04 1.545442870e-04 5.717084799e-03 7.173310368e-18
7.173310368e-18 1.545442870e-04 2.525207786e-01 6.755406962e-03 7.173310368e-18 7.173310368e-18
7.173310368e-18 7.173310368e-18 1.190375791e-02 3.972487669e-01 3.214552901e-01 7.173310368e-18
7.173310368e-18 7.173310368e-18 1.545442870e-04 7.173310368e-18 3.780737591e-03 7.173310368e-18
7.173310368e-18 7.173310368e-18 7.173310368e-18 7.173310368e-18 7.173310368e-18 7.173310368e-18

6.681034880e-18 6.681034880e-18 6.681034880e-18 6.681034880e-18 6.681034880e-18 6.681034880e-18
6.681034880e-18 6.681034880e-18 6.681034880e-18 3.627023755e-04 6.681034880e-18 6.681034880e-18
6.681034880e-18 3.627023755e-04 6.681034880e-18 7.058415617e-01 0.000000000e+00 6.681034880e-18
6.681034880e-18 8.143061686e-02 7.863483812e-02 0.000000000e+00 7.297630562e-03 6.681034880e-18
6.681034880e-18 6.681034880e-18 1.260699480e-01 6.681034880e-18 6.681034880e-18 6.681034880e-18
6.681034880e-18 6.681034880e-18 6.681034880e-18 6.681034880e-18 6.681034880e-18 6.681034880e-18

8.902557549e-18 8.902557549e-18 3.532982305e-02 8.902557549e-18 9.500953412e-02 8.902557549e-18
8.902557549e-18 6.392061233e-02 3.630981076e-01 8.902557549e-18 1.182347210e-02 8.902557549e-18
7.732882894e-03 8.902557549e-18 0.000000000e+00 0.000000000e+00 0.000000000e+00 8.902557549e-18
8.902557549e-18 1.528632663e-01 8.902557549e-18 0.000000000e+00 2.168840452e-01 1.041249448e-02
2.091140068e-03 8.902557549e-18 2.195864388e-02 1.630767940e-02 8.902557549e-18 8.902557549e-18
8.902557549e-18 8.902557549e-18 8.902557549e-18 2.568298569e-03 8.902557549e-18 8.902557549e-18

5.946765947e-18 5.946765947e-18 4.739536345e-03 5.946765947e-18 7.897890115e-03 5.946765947e-18
5.946765947e-18 1.281191885e-04 8.513691942e-01 0.000000000e+00 5.946765947e-18 5.946765947e-18
8.135061385e-04 5.946765947e-18 0.000000000e+00 0.000000000e+00 0.000000000e+00 5.946765947e-18
5.946765947e-18 8.785245666e-02 5.946765947e-18 0.000000000e+00 5.946765947e-18 8.135061385e-04
5.946765947e-18 5.946765947e-18 5.946765947e-18 4.638579123e-02 5.946765947e-18 5.946765947e-18
5.946765947e-18 5.946765947e-18 5.946765947e-18 0.000000000e+00 5.946765947e-18 5.946765947e-18

