7.585920501e-18 7.585920501e-18 7.585920501e-18 7.585920501e-18 7.585920501e-18 7.585920501e-18
7.585920501e-18 7.585920501e-18 7.709714464e-03 7.585920501e-18 3.253689556e-02 7.585920501e-18
7.585920501e-18 7.585920501e-18 6.494239427e-02 4.688742435e-01 9.245965588e-02 7.585920501e-18
7.585920501e-18 7.585920501e-18 3.180522319e-01 8.872546443e-03 7.585920501e-18 7.585920501e-18
7.585920501e-18 7.585920501e-18 7.585920501e-18 1.037739327e-03 5.514578645e-03 7.585920501e-18
7.585920501e-18 7.585920501e-18 7.585920501e-18 7.585920501e-18 7.585920501e-18 7.585920501e-18

6.665363796e-18 6.665363796e-18 6.665363796e-18 6.665363796e-18 6.665363796e-18 6.665363796e-18
6.665363796e-18 6.665363796e-18 1.436009099e-04 6.665363796e-18 4.077775636e-01 6.665363796e-18
6.665363796e-18 6.665363796e-18 6.665363796e-18 3.855691701e-01 6.665363796e-18 6.665363796e-18
6.665363796e-18 6.665363796e-18 0.000000000e+00 6.665363796e-18 0.000000000e+00 6.665363796e-18
6.665363796e-18 6.665363796e-18 6.665363796e-18 6.665363796e-18 2.058883404e-01 6.665363796e-18
6.665363796e-18 6.665363796e-18 6.665363796e-18 6.665363796e-18 6.213250516e-04 6.665363796e-18

6.742689971e-18 6.742689971e-18 6.742689971e-18 6.742689971e-18 6.285331637e-04 6.742689971e-18
6.742689971e-18 6.742689971e-18 1.452668518e-04 6.742689971e-18 2.917392514e-01 6.742689971e-18
6.742689971e-18 6.742689971e-18 0.000000000e+00 6.742689971e-18 0.000000000e+00 6.742689971e-18
6.742689971e-18 6.742689971e-18 0.000000000e+00 6.742689971e-18 0.000000000e+00 6.742689971e-18
6.742689971e-18 6.742689971e-18 3.665218376e-01 6.742689971e-18 3.406745773e-01 6.742689971e-18
6.742689971e-18 1.452668518e-04 6.742689971e-18 6.742689971e-18 1.452668518e-04 6.742689971e-18

5.279046418e-18 5.279046418e-18 5.279046418e-18 5.279046418e-18 5.279046418e-18 5.279046418e-18
5.279046418e-18 5.279046418e-18 5.279046418e-18 5.279046418e-18 9.028525072e-01 5.279046418e-18
5.279046418e-18 5.279046418e-18 0.000000000e+00 0.000000000e+00 0.000000000e+00 5.279046418e-18
5.279046418e-18 5.279046418e-18 0.000000000e+00 0.000000000e+00 0.000000000e+00 5.279046418e-18
5.279046418e-18 5.279046418e-18 5.279046418e-18 5.279046418e-18 5.279046418e-18 5.279046418e-18
5.279046418e-18 5.279046418e-18 5.279046418e-18 5.279046418e-18 9.714749278e-02 5.279046418e-18

