8.509216681e-18 1.833255161e-04 1.833255161e-04 1.833255161e-04 1.833255161e-04 8.509216681e-18
8.509216681e-18 8.509216681e-18 1.833255161e-04 1.833255161e-04 8.509216681e-18 1.164044468e-03
1.164044468e-03 8.509216681e-18 2.259300661e-01 4.350389468e-01 7.932034402e-04 8.509216681e-18
4.619513533e-04 0.000000000e+00 6.424947865e-02 8.509216681e-18 6.109641390e-02 2.933208257e-03
1.833255161e-04 8.509216681e-18 2.676426389e-02 1.269603002e-01 3.197995876e-02 1.164044468e-03
8.509216681e-18 8.509216681e-18 8.509216681e-18 1.785275210e-02 1.164044468e-03 8.509216681e-18

3.915003115e-02 3.684738745e-02 9.861479368e-03 1.507806697e-02 2.280046827e-02 9.861479368e-03
2.666758947e-03 1.058303989e-03 6.719811463e-03 1.463847788e-01 1.058303989e-03 1.327869578e-02
1.069171373e-02 0.000000000e+00 3.587400698e-01 1.058303989e-03 1.105138888e-01 1.069171373e-02
1.553085680e-03 0.000000000e+00 3.015674004e-02 0.000000000e+00 2.694143038e-02 7.476641608e-03
1.553085680e-03 2.445956676e-04 1.507806697e-02 3.458017891e-02 9.861479368e-03 8.253144984e-03
1.153839583e-02 2.079662219e-02 5.983734844e-03 5.269653912e-03 1.599874347e-02 8.253144984e-03

9.599030838e-04 2.418804202e-03 6.540973727e-04 6.540973727e-04 1.292530314e-03 1.511752627e-04
9.319178698e-03 0.000000000e+00 1.292530314e-03 2.637155355e-02 3.809377913e-04 1.511752627e-04
1.292530314e-03 0.000000000e+00 8.233789166e-01 0.000000000e+00 3.009644673e-02 6.540973727e-04
1.292530314e-03 0.000000000e+00 5.298188719e-02 0.000000000e+00 1.797010989e-02 1.511752627e-04
7.131442834e-03 6.540973727e-04 1.292530314e-03 1.409210070e-02 1.511752627e-04 1.292530314e-03
1.292530314e-03 6.540973727e-04 1.511752627e-04 1.511752627e-04 1.292530314e-03 3.809377913e-04

