8.228047915e-18 8.228047915e-18 8.228047915e-18 8.228047915e-18 8.228047915e-18 8.228047915e-18
8.228047915e-18 8.228047915e-18 9.684296332e-02 2.373709304e-03 4.466871642e-04 8.228047915e-18
8.228047915e-18 6.938629661e-02 2.325798772e-01 3.797934887e-02 8.228047915e-18 8.228047915e-18
8.228047915e-18 4.466871642e-04 8.228047915e-18 4.405755209e-01 5.907761428e-02 8.228047915e-18
8.228047915e-18 4.466871642e-04 7.669937383e-04 5.907761428e-02 8.228047915e-18 8.228047915e-18
8.228047915e-18 8.228047915e-18 8.228047915e-18 8.228047915e-18 8.228047915e-18 8.228047915e-18

8.937334932e-18 8.937334932e-18 8.937334932e-18 8.937334932e-18 8.937334932e-18 0.000000000e+00
8.937334932e-18 8.937334932e-18 2.557240702e-01 8.937334932e-18 8.581641070e-02 8.937334932e-18
8.937334932e-18 4.027401737e-02 6.417031492e-02 8.937334932e-18 8.937334932e-18 8.937334932e-18
8.937334932e-18 8.937334932e-18 0.000000000e+00 2.252067282e-01 9.781070832e-02 8.937334932e-18
8.937334932e-18 1.493818430e-01 8.937334932e-18 8.113071407e-02 8.937334932e-18 8.937334932e-18
4.851931878e-04 8.937334932e-18 8.937334932e-18 8.937334932e-18 8.937334932e-18 8.937334932e-18

7.003819308e-18 6.528748506e-04 7.003819308e-18 7.003819308e-18 7.003819308e-18 0.000000000e+00
7.003819308e-18 7.003819308e-18 3.764447173e-01 7.003819308e-18 2.779467534e-02 7.003819308e-18
7.003819308e-18 1.995665468e-02 7.003819308e-18 0.000000000e+00 7.003819308e-18 7.003819308e-18
7.003819308e-18 9.301760951e-03 0.000000000e+00 5.095731872e-01 7.003819308e-18 7.003819308e-18
7.003819308e-18 0.000000000e+00 7.003819308e-18 5.463098819e-02 7.003819308e-18 1.645141534e-03
7.003819308e-18 7.003819308e-18 7.003819308e-18 7.003819308e-18 7.003819308e-18 7.003819308e-18

5.353577137e-18 5.353577137e-18 5.353577137e-18 5.353577137e-18 5.353577137e-18 0.000000000e+00
5.353577137e-18 5.353577137e-18 2.124568495e-02 5.353577137e-18 5.353577137e-18 5.353577137e-18
5.353577137e-18 3.518907721e-02 5.353577137e-18 0.000000000e+00 5.353577137e-18 1.845429168e-03
5.353577137e-18 5.353577137e-18 0.000000000e+00 9.388981727e-01 0.000000000e+00 5.353577137e-18
5.353577137e-18 0.000000000e+00 0.000000000e+00 5.353577137e-18 5.353577137e-18 2.821635938e-03
5.353577137e-18 5.353577137e-18 5.353577137e-18 5.353577137e-18 5.353577137e-18 5.353577137e-18

7.336844828e-18 2.834245336e-02 0.000000000e+00 3.866929440e-03 7.336844828e-18 0.000000000e+00
7.336844828e-18 7.336844828e-18 7.336844828e-18 7.336844828e-18 7.336844828e-18 7.336844828e-18
7.336844828e-18 1.811886415e-01 7.336844828e-18 0.000000000e+00 7.336844828e-18 2.019392766e-02
7.336844828e-18 7.336844828e-18 0.000000000e+00 5.209887473e-01 0.000000000e+00 7.336844828e-18
7.336844828e-18 0.000000000e+00 0.000000000e+00 0.000000000e+00 7.336844828e-18 2.266299112e-01
7.336844828e-18 7.336844828e-18 1.878938946e-02 7.336844828e-18 7.336844828e-18 7.336844828e-18

6.106713213e-18 4.021598047e-03 0.000000000e+00 6.106713213e-18 6.106713213e-18 0.000000000e+00
6.106713213e-18 6.106713213e-18 0.000000000e+00 0.000000000e+00 6.106713213e-18 6.106713213e-18
6.106713213e-18 9.107989344e-03 6.106713213e-18 0.000000000e+00 2.462998822e-03 6.106713213e-18
6.106713213e-18 6.106713213e-18 0.000000000e+00 6.746901302e-01 0.000000000e+00 6.106713213e-18
6.106713213e-18 0.000000000e+00 0.000000000e+00 0.000000000e+00 6.106713213e-18 3.061027756e-01
6.106713213e-18 6.106713213e-18 3.614507966e-03 6.106713213e-18 6.106713213e-18 6.106713213e-18

