1.439980377e-04 3.628523176e-04 1.439980377e-04 6.230433239e-04 3.628523176e-04 1.439980377e-04
1.439980377e-04 6.683796837e-18 6.230433239e-04 1.439980377e-04 6.683796837e-18 3.628523176e-04
1.439980377e-04 1.231165904e-03 1.166384105e-02 5.805637082e-03 1.439980377e-04 3.628523176e-04
2.303968603e-03 3.382399548e-02 6.683796837e-18 7.859378555e-01 1.439980377e-04 1.439980377e-04
1.439980377e-04 1.439980377e-04 1.250786593e-01 1.439980377e-04 1.439980377e-04 1.439980377e-04
6.683796837e-18 3.628523176e-04 2.794866267e-02 1.439980377e-04 3.628523176e-04 6.230433239e-04

1.391002063e-04 1.391002063e-04 6.456459641e-18 1.862623854e-03 1.391002063e-04 0.000000000e+00
6.456459641e-18 6.456459641e-18 1.391002063e-04 6.561822032e-03 1.391002063e-04 8.832312549e-04
6.456459641e-18 1.862623854e-03 8.187540690e-01 6.456459641e-18 7.065986622e-02 2.604060799e-03
1.516571095e-03 1.391002063e-04 0.000000000e+00 8.050764391e-02 7.052329174e-03 6.456459641e-18
1.391002063e-04 6.456459641e-18 2.996823097e-03 1.391002063e-04 6.456459641e-18 6.456459641e-18
6.456459641e-18 6.456459641e-18 2.996823097e-03 1.391002063e-04 1.391002063e-04 3.505105558e-04

5.153280702e-18 5.153280702e-18 5.153280702e-18 1.110240671e-04 5.153280702e-18 0.000000000e+00
5.153280702e-18 5.153280702e-18 5.153280702e-18 5.153280702e-18 1.110240671e-04 5.153280702e-18
5.153280702e-18 5.153280702e-18 6.432446641e-03 0.000000000e+00 3.827105626e-02 1.110240671e-04
5.153280702e-18 5.153280702e-18 0.000000000e+00 9.547413768e-01 5.153280702e-18 5.153280702e-18
5.153280702e-18 0.000000000e+00 5.153280702e-18 1.110240671e-04 5.153280702e-18 5.153280702e-18
5.153280702e-18 1.110240671e-04 5.153280702e-18 5.153280702e-18 5.153280702e-18 5.153280702e-18

4.647784847e-18 4.647784847e-18 4.647784847e-18 4.647784847e-18 4.647784847e-18 0.000000000e+00
4.647784847e-18 4.647784847e-18 4.647784847e-18 4.647784847e-18 4.647784847e-18 4.647784847e-18
4.647784847e-18 4.647784847e-18 4.647784847e-18 0.000000000e+00 4.647784847e-18 4.647784847e-18
4.647784847e-18 4.647784847e-18 0.000000000e+00 1.000000000e+00 0.000000000e+00 4.647784847e-18
4.647784847e-18 0.000000000e+00 0.000000000e+00 4.647784847e-18 4.647784847e-18 4.647784847e-18
4.647784847e-18 4.647784847e-18 4.647784847e-18 4.647784847e-18 4.647784847e-18 4.647784847e-18

4.724633349e-18 4.724633349e-18 0.000000000e+00 4.724633349e-18 4.724633349e-18 0.000000000e+00
4.724633349e-18 4.724633349e-18 4.724633349e-18 4.724633349e-18 4.724633349e-18 4.724633349e-18
4.724633349e-18 4.724633349e-18 3.765504086e-03 0.000000000e+00 4.724633349e-18 4.724633349e-18
4.724633349e-18 4.724633349e-18 0.000000000e+00 9.962344959e-01 0.000000000e+00 4.724633349e-18
4.724633349e-18 0.000000000e+00 0.000000000e+00 0.000000000e+00 4.724633349e-18 4.724633349e-18
4.724633349e-18 4.724633349e-18 4.724633349e-18 4.724633349e-18 4.724633349e-18 4.724633349e-18

4.719822886e-18 4.719822886e-18 0.000000000e+00 4.719822886e-18 4.719822886e-18 0.000000000e+00
4.719822886e-18 4.719822886e-18 0.000000000e+00 0.000000000e+00 4.719822886e-18 4.719822886e-18
4.719822886e-18 4.719822886e-18 3.431071350e-03 0.000000000e+00 4.719822886e-18 4.719822886e-18
4.719822886e-18 4.719822886e-18 0.000000000e+00 9.965689287e-01 0.000000000e+00 4.719822886e-18
4.719822886e-18 0.000000000e+00 0.000000000e+00 0.000000000e+00 4.719822886e-18 4.719822886e-18
4.719822886e-18 4.719822886e-18 4.719822886e-18 4.719822886e-18 4.719822886e-18 4.719822886e-18

