8.228047915e-18 8.228047915e-18 8.228047915e-18 8.228047915e-18 8.228047915e-18 8.228047915e-18
8.228047915e-18 8.228047915e-18 9.684296332e-02 2.373709304e-03 4.466871642e-04 8.228047915e-18
8.228047915e-18 6.938629661e-02 2.325798772e-01 3.797934887e-02 8.228047915e-18 8.228047915e-18
8.228047915e-18 4.466871642e-04 8.228047915e-18 4.405755209e-01 5.907761428e-02 8.228047915e-18
8.228047915e-18 4.466871642e-04 7.669937383e-04 5.907761428e-02 8.228047915e-18 8.228047915e-18
8.228047915e-18 8.228047915e-18 8.228047915e-18 8.228047915e-18 8.228047915e-18 8.228047915e-18

6.509020229e-18 6.509020229e-18 6.509020229e-18 6.509020229e-18 6.509020229e-18 6.509020229e-18
6.509020229e-18 6.509020229e-18 3.533639836e-04 6.509020229e-18 6.509020229e-18 6.509020229e-18
6.509020229e-18 6.509020229e-18 5.373050258e-01 0.000000000e+00 6.509020229e-18 6.509020229e-18
6.509020229e-18 6.509020229e-18 0.000000000e+00 1.068250138e-01 6.509020229e-18 6.509020229e-18
6.509020229e-18 6.509020229e-18 6.509020229e-18 3.524953768e-01 6.509020229e-18 6.509020229e-18
6.509020229e-18 6.509020229e-18 3.021219561e-03 6.509020229e-18 6.509020229e-18 6.509020229e-18

6.128333311e-18 6.128333311e-18 6.128333311e-18 6.128333311e-18 1.320309388e-04 6.128333311e-18
6.128333311e-18 6.128333311e-18 6.128333311e-18 6.128333311e-18 6.128333311e-18 1.320309388e-04
1.320309388e-04 5.407987253e-01 0.000000000e+00 0.000000000e+00 1.230752474e-02 1.320309388e-04
6.128333311e-18 1.320309388e-04 0.000000000e+00 3.326971180e-04 8.383442045e-04 1.320309388e-04
6.128333311e-18 1.320309388e-04 0.000000000e+00 4.445344302e-01 1.320309388e-04 6.128333311e-18
6.128333311e-18 6.128333311e-18 6.128333311e-18 6.128333311e-18 1.320309388e-04 6.128333311e-18

6.489783081e-18 6.489783081e-18 6.489783081e-18 6.489783081e-18 6.489783081e-18 6.489783081e-18
6.489783081e-18 6.489783081e-18 6.489783081e-18 6.489783081e-18 6.489783081e-18 6.489783081e-18
6.489783081e-18 4.739504820e-02 0.000000000e+00 0.000000000e+00 0.000000000e+00 7.743611420e-01
4.273870092e-03 6.489783081e-18 0.000000000e+00 6.489783081e-18 6.489783081e-18 6.489783081e-18
1.600740403e-02 6.489783081e-18 0.000000000e+00 1.368613793e-01 6.595689275e-03 2.617501023e-03
1.188796605e-02 6.489783081e-18 0.000000000e+00 6.489783081e-18 6.489783081e-18 6.489783081e-18

