7.483201555e-18 4.062506826e-04 1.757744617e-03 5.439907191e-03 3.290630529e-02 1.612206903e-04
1.612206903e-04 1.612206903e-04 1.612206903e-04 3.572926969e-01 7.483201555e-18 3.706279958e-01
4.062506826e-04 1.612206903e-04 0.000000000e+00 1.023687573e-03 2.206297809e-01 1.612206903e-04
1.612206903e-04 7.483201555e-18 2.579531044e-03 3.944067658e-03 1.612206903e-04 1.612206903e-04
1.612206903e-04 7.483201555e-18 7.483201555e-18 7.483201555e-18 1.612206903e-04 4.062506826e-04
1.612206903e-04 1.612206903e-04 1.612206903e-04 1.612206903e-04 1.612206903e-04 7.483201555e-18

1.723238907e-04 1.094188502e-03 7.456021720e-04 1.606351184e-02 2.279108325e-02 4.342289946e-04
1.723238907e-04 7.456021720e-04 2.307506208e-03 3.961529884e-01 0.000000000e+00 8.129094364e-03
1.094188502e-03 7.532585213e-03 0.000000000e+00 0.000000000e+00 4.315354792e-01 1.473348541e-03
7.456021720e-04 6.374808899e-03 1.723238907e-04 7.469822783e-02 3.712605681e-03 1.723238907e-04
1.723238907e-04 1.723238907e-04 1.898092534e-02 4.342289946e-04 1.723238907e-04 7.456021720e-04
4.342289946e-04 1.723238907e-04 1.878799743e-03 1.723238907e-04 1.723238907e-04 1.723238907e-04

1.331692464e-03 1.783205228e-02 5.284825047e-04 7.758521461e-03 7.471522183e-02 9.074421750e-04
1.852154906e-01 9.893591178e-03 1.338840727e-01 3.768796863e-01 0.000000000e+00 2.493028757e-02
2.097284210e-04 0.000000000e+00 0.000000000e+00 0.000000000e+00 6.515777515e-02 2.286610996e-03
7.076654639e-03 4.175339363e-02 0.000000000e+00 2.310091470e-02 9.074421750e-04 9.074421750e-04
2.097284210e-04 1.793152776e-03 7.076654639e-03 2.097284210e-04 2.097284210e-04 1.793152776e-03
9.074421750e-04 2.097284210e-04 9.167604073e-03 1.331692464e-03 9.074421750e-04 9.074421750e-04

