4.797614235e-04 1.318551270e-01 1.208923033e-03 7.004186663e-02 1.854104702e-02 8.837280979e-18
8.837280979e-18 0.000000000e+00 8.837280979e-18 2.316371915e-01 8.837280979e-18 4.797614235e-04
1.618810597e-02 2.347402858e-02 3.587622241e-01 1.228189244e-01 8.837280979e-18 4.797614235e-04
4.797614235e-04 8.837280979e-18 4.101902471e-03 4.797614235e-04 8.837280979e-18 1.033614654e-02
7.676182775e-03 8.837280979e-18 8.837280979e-18 8.837280979e-18 8.837280979e-18 4.797614235e-04
8.837280979e-18 8.837280979e-18 8.837280979e-18 4.797614235e-04 8.837280979e-18 8.837280979e-18

7.808804308e-18 7.808804308e-18 1.584345037e-01 7.808804308e-18 4.239271196e-04 7.808804308e-18
7.808804308e-18 0.000000000e+00 0.000000000e+00 4.669421618e-02 7.808804308e-18 4.239271196e-04
4.228850610e-01 2.692021770e-01 7.808804308e-18 7.808804308e-02 7.808804308e-18 7.808804308e-18
7.808804308e-18 0.000000000e+00 2.074213730e-02 1.834226118e-03 7.808804308e-18 7.808804308e-18
4.239271196e-04 7.808804308e-18 7.808804308e-18 7.808804308e-18 7.808804308e-18 7.808804308e-18
7.808804308e-18 7.808804308e-18 7.808804308e-18 4.239271196e-04 4.239271196e-04 7.808804308e-18

3.988384777e-04 3.988384777e-04 4.325929680e-01 1.005009987e-03 6.848341289e-04 3.988384777e-04
1.353267738e-03 0.000000000e+00 0.000000000e+00 2.166043030e-01 1.582791548e-04 1.582791548e-04
6.848341289e-04 0.000000000e+00 0.000000000e+00 1.812095638e-02 3.988384777e-04 3.988384777e-04
3.988384777e-04 0.000000000e+00 3.192853926e-01 2.532466476e-03 3.988384777e-04 3.988384777e-04
1.582791548e-04 3.988384777e-04 1.582791548e-04 1.582791548e-04 3.988384777e-04 3.988384777e-04
1.582791548e-04 1.582791548e-04 1.582791548e-04 3.988384777e-04 6.848341289e-04 3.988384777e-04

5.032788821e-18 6.884758263e-04 2.978861894e-03 2.732218127e-04 4.691413506e-04 1.084281482e-04
5.032788821e-18 0.000000000e+00 0.000000000e+00 2.029856734e-03 5.032788821e-18 5.032788821e-18
0.000000000e+00 0.000000000e+00 0.000000000e+00 8.782680007e-03 5.032788821e-18 5.032788821e-18
5.032788821e-18 0.000000000e+00 0.000000000e+00 2.732218127e-04 5.032788821e-18 5.032788821e-18
9.828705585e-01 9.270476271e-04 5.032788821e-18 5.032788821e-18 5.032788821e-18 5.032788821e-18
5.032788821e-18 1.084281482e-04 5.032788821e-18 1.084281482e-04 2.732218127e-04 1.084281482e-04

