1.404935970e-04 1.404935970e-04 1.404935970e-04 1.404935970e-04 3.540216804e-04 1.404935970e-04
1.404935970e-04 6.521135109e-18 1.404935970e-04 1.201203357e-03 1.404935970e-04 1.404935970e-04
1.404935970e-04 6.521135109e-18 6.078804896e-04 1.794876868e-02 3.437004588e-03 1.404935970e-04
1.404935970e-04 3.540216804e-04 7.878131145e-01 6.521135109e-18 1.438449539e-01 4.740533783e-03
3.540216804e-04 6.521135109e-18 1.404935970e-04 2.867575611e-02 1.404935970e-04 1.404935970e-04
1.404935970e-04 6.521135109e-18 1.404935970e-04 8.139834807e-03 1.404935970e-04 6.521135109e-18

7.554292714e-18 7.554292714e-18 7.554292714e-18 7.554292714e-18 7.554292714e-18 4.101101045e-04
7.554292714e-18 7.554292714e-18 4.101101045e-04 4.101101045e-04 7.554292714e-18 7.554292714e-18
7.554292714e-18 4.101101045e-04 0.000000000e+00 4.605775617e-01 4.101101045e-04 7.554292714e-18
7.554292714e-18 2.896417921e-01 7.554292714e-18 0.000000000e+00 1.366763189e-01 2.179337686e-03
7.554292714e-18 7.554292714e-18 5.331483986e-02 5.239364324e-02 7.554292714e-18 7.554292714e-18
7.554292714e-18 7.554292714e-18 1.391512615e-03 1.774443366e-03 7.554292714e-18 7.554292714e-18

4.006273741e-04 7.379619326e-18 0.000000000e+00 7.379619326e-18 7.379619326e-18 7.379619326e-18
7.379619326e-18 7.379619326e-18 1.751213846e-02 7.379619326e-18 7.379619326e-18 7.379619326e-18
7.379619326e-18 2.035099546e-01 0.000000000e+00 1.589890788e-04 7.379619326e-18 7.379619326e-18
2.570913907e-01 7.379619326e-18 0.000000000e+00 0.000000000e+00 1.416547983e-02 7.379619326e-18
7.379619326e-18 4.326469998e-02 4.638967201e-01 7.379619326e-18 7.379619326e-18 7.379619326e-18
7.379619326e-18 7.379619326e-18 7.379619326e-18 7.379619326e-18 7.379619326e-18 7.379619326e-18

7.452186863e-18 7.452186863e-18 0.000000000e+00 7.452186863e-18 7.452186863e-18 7.452186863e-18
7.452186863e-18 5.350691022e-02 0.000000000e+00 7.452186863e-18 7.452186863e-18 9.897237167e-03
7.452186863e-18 1.365089454e-02 0.000000000e+00 1.476518970e-01 7.452186863e-18 7.452186863e-18
1.908477616e-02 0.000000000e+00 0.000000000e+00 0.000000000e+00 7.452186863e-18 7.452186863e-18
7.452186863e-18 2.447955421e-01 7.452186863e-18 7.452186863e-18 7.452186863e-18 7.452186863e-18
7.452186863e-18 7.452186863e-18 5.114127428e-01 7.452186863e-18 7.452186863e-18 7.452186863e-18

