6.083106025e-18 1.310565464e-04 1.120517710e-03 1.310565464e-04 6.182375692e-03 6.083106025e-18
1.310565464e-04 6.083106025e-18 1.310565464e-04 3.302418032e-04 3.078414197e-02 1.120517710e-03
1.310565464e-04 6.083106025e-18 3.302418032e-04 8.803673476e-01 6.083106025e-18 6.002133426e-02
1.310565464e-04 6.083106025e-18 6.083106025e-18 1.754915081e-03 1.009461709e-02 3.302418032e-04
1.310565464e-04 6.083106025e-18 6.083106025e-18 1.310565464e-04 1.310565464e-04 1.310565464e-04
6.083106025e-18 1.310565464e-04 5.728715848e-03 1.310565464e-04 1.310565464e-04 1.310565464e-04

5.370443089e-18 5.370443089e-18 1.549318971e-03 1.157026889e-04 2.915525066e-04 5.370443089e-18
5.370443089e-18 1.157026889e-04 1.689179644e-02 5.866083672e-03 1.157026889e-04 1.157026889e-04
1.157026889e-04 9.892440751e-04 5.370443089e-18 9.609536828e-01 0.000000000e+00 8.911987787e-03
5.370443089e-18 5.370443089e-18 1.549318971e-03 0.000000000e+00 1.261474432e-03 1.157026889e-04
5.370443089e-18 5.370443089e-18 1.157026889e-04 1.157026889e-04 1.157026889e-04 1.157026889e-04
5.370443089e-18 1.157026889e-04 1.157026889e-04 1.157026889e-04 1.157026889e-04 1.157026889e-04

6.419936264e-18 6.419936264e-18 1.405704570e-01 5.984470394e-04 4.227872219e-03 6.419936264e-18
6.419936264e-18 6.419936264e-18 7.171098098e-01 6.419936264e-18 1.333292760e-01 1.383133340e-04
6.419936264e-18 6.419936264e-18 0.000000000e+00 0.000000000e+00 0.000000000e+00 8.782349273e-04
6.419936264e-18 6.419936264e-18 5.984470394e-04 0.000000000e+00 1.852087227e-03 3.485277619e-04
6.419936264e-18 6.419936264e-18 6.419936264e-18 3.485277619e-04 6.419936264e-18 6.419936264e-18
6.419936264e-18 6.419936264e-18 6.419936264e-18 6.419936264e-18 6.419936264e-18 6.419936264e-18

7.483970033e-18 7.483970033e-18 9.437594683e-02 7.483970033e-18 1.378559067e-03 7.483970033e-18
7.483970033e-18 3.944472689e-03 5.510724978e-01 0.000000000e+00 2.580037796e-01 1.612372466e-04
2.428976505e-02 1.612372466e-04 0.000000000e+00 0.000000000e+00 0.000000000e+00 1.023792699e-03
5.190591241e-02 7.483970033e-18 6.976330488e-04 0.000000000e+00 1.023792699e-03 7.483970033e-18
7.483970033e-18 7.483970033e-18 1.612372466e-04 4.429693742e-03 7.483970033e-18 7.483970033e-18
7.047968186e-03 1.612372466e-04 1.612372466e-04 0.000000000e+00 7.483970033e-18 7.483970033e-18

