1.404935970e-04 1.404935970e-04 1.404935970e-04 1.404935970e-04 3.540216804e-04 1.404935970e-04
1.404935970e-04 6.521135109e-18 1.404935970e-04 1.201203357e-03 1.404935970e-04 1.404935970e-04
1.404935970e-04 6.521135109e-18 6.078804896e-04 1.794876868e-02 3.437004588e-03 1.404935970e-04
1.404935970e-04 3.540216804e-04 7.878131145e-01 6.521135109e-18 1.438449539e-01 4.740533783e-03
3.540216804e-04 6.521135109e-18 1.404935970e-04 2.867575611e-02 1.404935970e-04 1.404935970e-04
1.404935970e-04 6.521135109e-18 1.404935970e-04 8.139834807e-03 1.404935970e-04 6.521135109e-18

6.636836718e-18 3.603029302e-04 3.603029302e-04 6.636836718e-18 3.603029302e-04 1.429863126e-04
6.636836718e-18 6.636836718e-18 6.636836718e-18 1.429863126e-04 6.636836718e-18 6.636836718e-18
6.636836718e-18 6.636836718e-18 3.603029302e-04 1.452650387e-02 2.999922658e-01 1.429863126e-04
6.636836718e-18 6.636836718e-18 0.000000000e+00 0.000000000e+00 6.636836718e-18 6.117425595e-01
6.636836718e-18 1.429863126e-04 1.429863126e-04 2.676811641e-03 6.814406371e-02 6.636836718e-18
6.636836718e-18 6.636836718e-18 6.636836718e-18 6.186658437e-04 1.429863126e-04 6.636836718e-18

5.705299661e-18 5.705299661e-18 5.705299661e-18 5.705299661e-18 5.705299661e-18 5.705299661e-18
5.705299661e-18 5.705299661e-18 5.705299661e-18 5.705299661e-18 5.705299661e-18 5.705299661e-18
5.705299661e-18 5.705299661e-18 0.000000000e+00 5.705299661e-18 7.350050847e-01 3.097313182e-04
5.705299661e-18 5.705299661e-18 0.000000000e+00 0.000000000e+00 0.000000000e+00 5.705299661e-18
5.705299661e-18 5.705299661e-18 5.705299661e-18 5.705299661e-18 2.645622670e-01 1.229169551e-04
5.705299661e-18 5.705299661e-18 5.705299661e-18 5.705299661e-18 5.705299661e-18 5.705299661e-18

4.695298285e-18 4.695298285e-18 4.695298285e-18 4.695298285e-18 4.695298285e-18 4.695298285e-18
4.695298285e-18 4.695298285e-18 4.695298285e-18 4.695298285e-18 4.695298285e-18 4.695298285e-18
4.695298285e-18 4.695298285e-18 0.000000000e+00 4.695298285e-18 9.981062621e-01 4.695298285e-18
4.695298285e-18 4.695298285e-18 0.000000000e+00 0.000000000e+00 0.000000000e+00 0.000000000e+00
4.695298285e-18 4.695298285e-18 0.000000000e+00 1.893737882e-03 4.695298285e-18 4.695298285e-18
4.695298285e-18 4.695298285e-18 4.695298285e-18 4.695298285e-18 4.695298285e-18 4.695298285e-18

