1.156973393e-17 1.156973393e-17 6.248523931e-02 6.281017920e-04 1.156973393e-17 1.725592961e-02
1.156973393e-17 1.582717338e-03 2.492623613e-04 2.131163211e-03 1.156973393e-17 1.156973393e-01
2.962966259e-02 5.725227127e-02 0.000000000e+00 3.073210703e-02 4.666379449e-03 1.005340976e-01
6.281017920e-04 8.879908853e-02 1.156973393e-17 1.219086412e-01 2.492623613e-04 2.532347741e-02
1.582717338e-03 2.717638619e-03 5.854974915e-02 2.962966259e-02 1.156973393e-17 1.004962867e-02
1.919940790e-02 1.156973393e-17 1.393971278e-01 1.156973393e-17 6.648371599e-02 1.263750982e-02

1.445043724e-03 1.325397013e-04 8.415746451e-04 3.182627181e-02 3.242422226e-03 1.445043724e-03
1.325397013e-04 5.734659818e-04 2.481243197e-03 6.151947976e-18 4.472153501e-03 2.120635221e-03
3.242422226e-03 9.160199417e-01 0.000000000e+00 1.634111249e-02 1.325397013e-04 8.415746451e-04
3.339791192e-04 0.000000000e+00 0.000000000e+00 3.242422226e-03 1.445043724e-03 1.445043724e-03
8.415746451e-04 5.734659818e-04 1.325397013e-04 1.325397013e-04 1.133198506e-03 5.734659818e-04
1.325397013e-04 1.325397013e-04 1.774775293e-03 8.415746451e-04 1.133198506e-03 8.415746451e-04

1.174578405e-04 2.530552461e-03 7.682792903e-03 3.226935909e-03 1.174578405e-04 1.174578405e-04
1.174578405e-04 2.959752114e-04 2.048976583e-02 0.000000000e+00 1.174578405e-04 2.959752114e-04
3.590375031e-03 9.576314393e-01 0.000000000e+00 7.458107982e-04 2.959752114e-04 1.174578405e-04
1.174578405e-04 0.000000000e+00 0.000000000e+00 0.000000000e+00 1.174578405e-04 5.082105599e-04
1.174578405e-04 1.174578405e-04 1.174578405e-04 1.174578405e-04 2.959752114e-04 1.174578405e-04
1.174578405e-04 1.174578405e-04 2.959752114e-04 1.174578405e-04 1.174578405e-04 1.174578405e-04

1.088469349e-04 4.709533351e-04 6.911349556e-04 1.186728041e-03 1.088469349e-04 5.052227174e-18
1.088469349e-04 0.000000000e+00 9.838355604e-01 0.000000000e+00 1.088469349e-04 1.088469349e-04
4.709533351e-04 9.254655256e-03 0.000000000e+00 6.911349556e-04 1.088469349e-04 5.052227174e-18
5.052227174e-18 0.000000000e+00 0.000000000e+00 0.000000000e+00 1.088469349e-04 6.911349556e-04
5.052227174e-18 1.088469349e-04 1.088469349e-04 1.088469349e-04 0.000000000e+00 1.088469349e-04
5.052227174e-18 5.052227174e-18 1.088469349e-04 9.306282024e-04 4.709533351e-04 5.052227174e-18

1.184578547e-04 5.498326554e-18 2.217620405e-03 8.042036706e-02 5.498326554e-18 5.498326554e-18
1.184578547e-04 0.000000000e+00 9.077001323e-01 0.000000000e+00 5.588053257e-03 5.498326554e-18
1.895325675e-03 1.586212068e-03 0.000000000e+00 5.498326554e-18 1.184578547e-04 5.498326554e-18
5.498326554e-18 0.000000000e+00 0.000000000e+00 0.000000000e+00 5.498326554e-18 1.184578547e-04
0.000000000e+00 5.498326554e-18 5.498326554e-18 5.498326554e-18 0.000000000e+00 5.498326554e-18
5.498326554e-18 5.498326554e-18 5.498326554e-18 1.184578547e-04 5.498326554e-18 0.000000000e+00

5.898586328e-18 5.898586328e-18 5.898586328e-18 5.519329423e-01 5.898586328e-18 5.898586328e-18
5.898586328e-18 0.000000000e+00 4.460337586e-01 0.000000000e+00 5.898586328e-18 5.898586328e-18
5.898586328e-18 5.898586328e-18 0.000000000e+00 0.000000000e+00 2.033299041e-03 5.898586328e-18
5.898586328e-18 0.000000000e+00 0.000000000e+00 0.000000000e+00 5.898586328e-18 5.898586328e-18
0.000000000e+00 5.898586328e-18 5.898586328e-18 5.898586328e-18 0.000000000e+00 5.898586328e-18
5.898586328e-18 5.898586328e-18 0.000000000e+00 5.898586328e-18 5.898586328e-18 0.000000000e+00

1.352937842e-04 6.279781178e-18 1.352937842e-04 6.498985904e-01 6.279781178e-18 6.279781178e-18
6.279781178e-18 0.000000000e+00 0.000000000e+00 0.000000000e+00 0.000000000e+00 1.352937842e-04
2.898646224e-02 1.150328516e-02 0.000000000e+00 0.000000000e+00 3.085293119e-01 6.279781178e-18
1.352937842e-04 0.000000000e+00 0.000000000e+00 0.000000000e+00 6.279781178e-18 6.279781178e-18
0.000000000e+00 6.279781178e-18 6.279781178e-18 6.279781178e-18 0.000000000e+00 1.352937842e-04
1.352937842e-04 1.352937842e-04 0.000000000e+00 1.352937842e-04 6.279781178e-18 0.000000000e+00

