1.798390188e-04 1.960735106e-03 7.781182427e-04 7.905188588e-02 4.520520000e-01 1.798390188e-04
1.798390188e-04 1.798390188e-04 4.531659307e-04 7.905188588e-02 8.347387814e-18 8.795523839e-02
1.798390188e-04 1.798390188e-04 1.798390188e-04 1.798390188e-04 2.316337674e-01 6.068126678e-03
4.531659307e-04 8.347387814e-18 1.798390188e-04 1.141906590e-03 1.798390188e-04 1.960735106e-03
1.798390188e-04 1.798390188e-04 1.798390188e-04 1.798390188e-04 1.798390188e-04 5.188175331e-02
1.798390188e-04 1.798390188e-04 1.798390188e-04 1.960735106e-03 1.798390188e-04 1.798390188e-04

5.046708151e-18 5.046708151e-18 5.046708151e-18 2.739774702e-04 5.046708151e-18 5.046708151e-18
5.046708151e-18 5.046708151e-18 2.739774702e-04 9.700596314e-01 0.000000000e+00 5.046708151e-18
5.046708151e-18 5.046708151e-18 0.000000000e+00 5.046708151e-18 2.668069325e-02 1.455924688e-03
5.046708151e-18 1.087280311e-04 1.087280311e-04 9.296115897e-04 1.087280311e-04 5.046708151e-18
5.046708151e-18 5.046708151e-18 5.046708151e-18 5.046708151e-18 5.046708151e-18 5.046708151e-18
5.046708151e-18 5.046708151e-18 5.046708151e-18 5.046708151e-18 5.046708151e-18 5.046708151e-18

5.497204684e-18 5.497204684e-18 5.497204684e-18 1.184336847e-04 2.984341847e-04 2.984341847e-04
5.497204684e-18 1.012593760e-03 0.000000000e+00 9.342057123e-01 0.000000000e+00 5.497204684e-18
2.984341847e-04 7.520070227e-04 0.000000000e+00 0.000000000e+00 1.729050303e-02 5.124327926e-04
1.184336847e-04 2.984341847e-04 5.497204684e-18 4.014622333e-02 3.996188406e-03 5.497204684e-18
5.497204684e-18 5.497204684e-18 5.497204684e-18 2.984341847e-04 5.497204684e-18 1.184336847e-04
5.497204684e-18 5.497204684e-18 1.184336847e-04 5.497204684e-18 5.497204684e-18 1.184336847e-04

1.899719574e-04 4.786993361e-04 1.624237389e-03 4.092821752e-03 4.647432362e-03 5.806939491e-03
3.039551319e-03 0.000000000e+00 0.000000000e+00 4.123433462e-01 0.000000000e+00 8.219609219e-04
1.899719574e-04 2.426987986e-02 0.000000000e+00 0.000000000e+00 4.265076472e-02 2.071211735e-03
3.556418359e-03 3.463339786e-01 0.000000000e+00 3.222206046e-02 4.647432362e-03 1.899719574e-04
7.027667028e-03 1.899719574e-04 7.099831884e-02 4.647432362e-03 1.899719574e-04 4.092821752e-03
2.071211735e-03 1.031326456e-02 5.806939491e-03 8.219609219e-04 1.624237389e-03 3.039551319e-03

5.402513577e-18 5.402513577e-18 5.402513577e-18 5.402513577e-18 5.402513577e-18 1.163936267e-04
5.402513577e-18 0.000000000e+00 0.000000000e+00 1.558570985e-03 0.000000000e+00 5.402513577e-18
5.402513577e-18 0.000000000e+00 0.000000000e+00 0.000000000e+00 8.904310010e-01 5.036059740e-04
5.402513577e-18 1.163936267e-04 0.000000000e+00 1.070412475e-01 5.402513577e-18 5.402513577e-18
5.402513577e-18 0.000000000e+00 5.402513577e-18 1.163936267e-04 5.402513577e-18 1.163936267e-04
5.402513577e-18 5.402513577e-18 5.402513577e-18 5.402513577e-18 5.402513577e-18 5.402513577e-18

