1.017574848e-17 7.431374573e-02 1.017574848e-17 3.143216231e-01 8.193288827e-02 1.017574848e-17
1.017574848e-17 1.017574848e-17 3.930922399e-02 9.369940546e-02 1.017574848e-17 6.022932905e-03
6.022932905e-03 1.017574848e-17 7.431374573e-02 1.017574848e-17 7.431374573e-02 5.035420140e-02
1.874388896e-03 1.017574848e-17 0.000000000e+00 1.058480017e-01 5.847339067e-02 1.017574848e-17
1.017574848e-17 1.017574848e-17 4.723164052e-03 9.485524936e-04 1.017574848e-17 1.017574848e-17
2.935601384e-03 6.701275922e-03 2.390202507e-03 5.524246188e-04 9.485524936e-04 1.017574848e-17

1.399699377e-03 1.277165486e-02 9.537834607e-04 4.278510207e-02 2.951790298e-03 5.554710659e-04
1.884725559e-03 2.333314970e-02 1.196726134e-02 4.722864476e-02 1.399699377e-03 9.537834607e-04
8.109495347e-02 2.204388386e-04 2.043464778e-01 0.000000000e+00 1.697927901e-02 1.964048063e-02
9.537834607e-04 8.497942426e-02 0.000000000e+00 6.738231340e-03 8.887537054e-03 5.554710659e-04
3.527021417e-03 2.403383718e-03 3.733303952e-01 0.000000000e+00 2.204388386e-04 1.399699377e-03
3.015560894e-02 4.749210809e-03 4.749210809e-03 3.527021417e-03 9.537834607e-04 2.403383718e-03

6.232375554e-18 5.809631973e-04 3.383454000e-04 7.451921065e-01 6.232375554e-18 6.232375554e-18
1.342724610e-04 6.399123783e-02 6.232375554e-18 1.859322644e-01 1.342724610e-04 6.232375554e-18
5.809631973e-04 0.000000000e+00 0.000000000e+00 0.000000000e+00 1.342724610e-04 1.342724610e-04
6.232375554e-18 1.148013393e-03 0.000000000e+00 5.809631973e-04 1.342724610e-04 1.342724610e-04
6.232375554e-18 6.232375554e-18 5.809631973e-04 0.000000000e+00 6.232375554e-18 6.232375554e-18
1.342724610e-04 6.232375554e-18 1.342724610e-04 6.232375554e-18 6.232375554e-18 6.232375554e-18

1.677246633e-04 1.828655637e-03 7.257024705e-04 3.101671073e-01 1.677246633e-04 1.677246633e-04
2.683594612e-03 4.607923460e-03 0.000000000e+00 1.847433515e-02 7.257024705e-04 1.677246633e-04
1.097069252e-02 0.000000000e+00 0.000000000e+00 0.000000000e+00 7.257024705e-04 3.139932229e-03
7.257024705e-04 9.162940220e-02 0.000000000e+00 5.175242644e-01 1.677246633e-04 1.434025699e-03
1.677246633e-04 2.245920169e-03 0.000000000e+00 0.000000000e+00 1.677246633e-04 1.677246633e-04
1.494379584e-02 2.683594612e-03 1.677246633e-04 1.291897504e-02 1.677246633e-04 1.677246633e-04

1.675064404e-04 1.845029860e-02 3.608816860e-03 1.024640832e-01 1.675064404e-04 4.220897806e-04
1.432159920e-03 5.652000922e-03 0.000000000e+00 2.242998052e-03 1.063599599e-03 1.675064404e-04
2.242998052e-03 0.000000000e+00 0.000000000e+00 0.000000000e+00 2.215394054e-02 4.097840874e-03
1.675064404e-04 3.503604664e-02 0.000000000e+00 6.629776745e-01 1.675064404e-04 1.826276414e-03
1.675064404e-04 1.826276414e-03 0.000000000e+00 0.000000000e+00 0.000000000e+00 1.675064404e-04
9.704888932e-03 2.680103047e-03 0.000000000e+00 1.206103497e-01 1.675064404e-04 1.675064404e-04

