6.660968598e-18 1.435062182e-04 3.091747747e-03 6.155148649e-01 1.564608625e-03 6.660968598e-18
6.660968598e-18 6.660968598e-18 3.510704693e-03 6.660968598e-18 1.337721558e-02 2.296099491e-03
3.616130101e-04 6.660968598e-18 2.161865447e-02 3.325569349e-01 2.296099491e-03 1.435062182e-04
3.616130101e-04 6.660968598e-18 3.616130101e-04 0.000000000e+00 6.660968598e-18 2.296099491e-03
6.660968598e-18 6.660968598e-18 6.660968598e-18 6.660968598e-18 1.435062182e-04 3.616130101e-04
6.660968598e-18 6.660968598e-18 6.660968598e-18 6.660968598e-18 6.660968598e-18 6.660968598e-18

1.732612007e-03 1.515383999e-01 5.187776759e-02 4.034370752e-02 1.732612007e-03 2.026475297e-04
6.753581069e-02 2.026475297e-04 3.588873714e-01 0.000000000e+00 1.889018974e-02 4.365908677e-03
8.768049377e-04 1.863645373e-01 0.000000000e+00 1.973438389e-02 8.768049377e-04 2.026475297e-04
1.286731607e-03 2.026475297e-04 8.294620173e-02 0.000000000e+00 5.106397766e-04 1.286731607e-03
5.106397766e-04 2.026475297e-04 5.106397766e-04 1.286731607e-03 1.732612007e-03 1.286731607e-03
2.026475297e-04 2.026475297e-04 5.106397766e-04 8.768049377e-04 8.768049377e-04 2.026475297e-04

1.062533686e-04 1.422787675e-03 1.700053898e-03 6.746668365e-04 4.931844493e-18 4.931844493e-18
4.597316257e-04 0.000000000e+00 9.909026523e-01 0.000000000e+00 2.677417115e-04 1.062533686e-04
1.062533686e-04 2.919113865e-03 0.000000000e+00 1.062533686e-04 1.062533686e-04 4.931844493e-18
4.931844493e-18 4.931844493e-18 1.062533686e-04 0.000000000e+00 1.062533686e-04 2.677417115e-04
4.931844493e-18 4.931844493e-18 4.931844493e-18 2.677417115e-04 0.000000000e+00 2.677417115e-04
4.931844493e-18 4.931844493e-18 4.931844493e-18 1.062533686e-04 4.931844493e-18 4.931844493e-18

4.199118438e-03 3.782938223e-02 2.666274011e-02 1.666421257e-03 1.666421257e-03 8.433084732e-04
2.125004194e-03 0.000000000e+00 0.000000000e+00 0.000000000e+00 1.237574768e-03 8.433084732e-04
7.210186024e-03 2.173874841e-01 0.000000000e+00 1.980119628e-02 1.270411466e-01 1.949058126e-04
8.433084732e-04 4.911318720e-04 1.949058126e-04 0.000000000e+00 2.125004194e-03 4.054080920e-01
1.949058126e-04 1.949058126e-04 1.949058126e-04 1.349293557e-02 0.000000000e+00 1.077369292e-01
1.949058126e-04 1.949058126e-04 8.433084732e-04 1.657176755e-02 2.609889846e-03 0.000000000e+00

8.460076649e-03 3.865220967e-02 9.898688576e-03 8.460076649e-03 1.525404542e-01 4.819666668e-02
1.139167663e-02 0.000000000e+00 0.000000000e+00 0.000000000e+00 2.974155200e-01 2.098364777e-04
2.809819190e-03 1.792353921e-01 0.000000000e+00 1.627936400e-01 0.000000000e+00 9.079097094e-04
2.809819190e-03 1.794076648e-03 0.000000000e+00 0.000000000e+00 1.784123975e-02 3.458529066e-02
2.098364777e-04 2.098364777e-04 2.098364777e-04 7.080300689e-03 0.000000000e+00 2.809819190e-03
2.098364777e-04 2.098364777e-04 2.098364777e-04 1.063863206e-02 2.098364777e-04 0.000000000e+00

1.428257463e-03 1.732570747e-02 2.096000993e-03 2.822310781e-03 1.120034776e-03 4.420203007e-03
1.428257463e-03 0.000000000e+00 0.000000000e+00 0.000000000e+00 0.000000000e+00 0.000000000e+00
5.668043497e-04 2.413041775e-02 0.000000000e+00 9.133506707e-01 0.000000000e+00 3.300994715e-04
3.300994715e-04 1.310000621e-04 0.000000000e+00 0.000000000e+00 1.310000621e-04 6.179711135e-03
1.310000621e-04 1.310000621e-04 1.310000621e-04 7.111777525e-03 0.000000000e+00 7.111777525e-03
1.310000621e-04 1.310000621e-04 1.310000621e-04 9.068869595e-03 1.310000621e-04 0.000000000e+00

4.417400516e-02 4.417400516e-02 4.417400516e-02 4.417400516e-02 4.417400516e-02 4.417400516e-02
4.417400516e-02 0.000000000e+00 0.000000000e+00 0.000000000e+00 0.000000000e+00 0.000000000e+00
4.417400516e-02 4.284049527e-02 0.000000000e+00 0.000000000e+00 0.000000000e+00 4.417400516e-02
4.417400516e-02 4.417400516e-02 0.000000000e+00 0.000000000e+00 0.000000000e+00 4.284049527e-02
4.284049527e-02 4.284049527e-02 4.284049527e-02 4.284049527e-02 0.000000000e+00 4.284049527e-02
4.284049527e-02 4.284049527e-02 4.284049527e-02 4.284049527e-02 4.284049527e-02 0.000000000e+00

