7.400415018e-18 7.400415018e-18 7.400415018e-18 7.400415018e-18 7.400415018e-18 7.400415018e-18
7.400415018e-18 1.012362534e-03 1.594371084e-04 1.594371084e-04 7.400415018e-18 7.400415018e-18
7.400415018e-18 7.400415018e-18 1.756148749e-02 4.265598703e-01 7.400415018e-18 7.400415018e-18
7.400415018e-18 1.159026743e-01 3.230467179e-01 1.137002774e-01 7.400415018e-18 7.400415018e-18
7.400415018e-18 1.738298717e-03 7.400415018e-18 1.594371084e-04 7.400415018e-18 7.400415018e-18
7.400415018e-18 7.400415018e-18 7.400415018e-18 7.400415018e-18 7.400415018e-18 7.400415018e-18

5.276612600e-18 5.276612600e-18 5.276612600e-18 3.123178969e-03 5.276612600e-18 5.276612600e-18
5.276612600e-18 4.918698658e-04 5.276612600e-18 3.835829172e-03 9.719603512e-04 5.276612600e-18
5.276612600e-18 0.000000000e+00 2.864586039e-04 9.543067623e-01 5.276612600e-18 5.276612600e-18
3.531811393e-02 4.918698658e-04 0.000000000e+00 4.918698658e-04 1.136811723e-04 5.276612600e-18
1.136811723e-04 1.136811723e-04 5.276612600e-18 1.136811723e-04 5.276612600e-18 1.136811723e-04
5.276612600e-18 5.276612600e-18 5.276612600e-18 5.276612600e-18 1.136811723e-04 5.276612600e-18

5.237173273e-03 7.971249566e-01 1.415713144e-04 1.415713144e-04 6.125435020e-04 6.125435020e-04
1.415713144e-04 3.567373581e-04 0.000000000e+00 1.415713144e-04 3.567373581e-04 1.415713144e-04
1.415713144e-04 0.000000000e+00 1.415713144e-04 0.000000000e+00 9.800696032e-03 1.415713144e-04
1.229707743e-01 3.567373581e-04 0.000000000e+00 1.415713144e-04 1.415713144e-04 1.415713144e-04
1.415713144e-04 4.477720163e-02 1.415713144e-04 1.415713144e-04 1.415713144e-04 6.188335145e-03
1.415713144e-04 3.567373581e-04 3.463369630e-03 1.415713144e-04 1.415713144e-04 5.237173273e-03

5.288805668e-18 1.109617254e-02 5.288805668e-18 0.000000000e+00 5.288805668e-18 5.288805668e-18
5.288805668e-18 9.333154995e-01 0.000000000e+00 5.288805668e-18 2.871205455e-04 5.288805668e-18
5.288805668e-18 0.000000000e+00 5.288805668e-18 0.000000000e+00 5.288805668e-18 5.288805668e-18
0.000000000e+00 5.288805668e-18 0.000000000e+00 5.288805668e-18 5.288805668e-18 5.288805668e-18
5.288805668e-18 5.501408691e-02 5.288805668e-18 5.288805668e-18 5.288805668e-18 5.288805668e-18
5.288805668e-18 2.871205455e-04 5.288805668e-18 5.288805668e-18 5.288805668e-18 5.288805668e-18

5.912397297e-18 1.273787384e-04 5.912397297e-18 0.000000000e+00 1.273787384e-04 5.912397297e-18
5.912397297e-18 6.217952584e-01 0.000000000e+00 3.754138276e-01 5.912397297e-18 1.273787384e-04
5.912397297e-18 0.000000000e+00 5.912397297e-18 0.000000000e+00 1.273787384e-04 1.705667325e-03
0.000000000e+00 0.000000000e+00 0.000000000e+00 5.912397297e-18 1.273787384e-04 5.912397297e-18
5.912397297e-18 0.000000000e+00 5.912397297e-18 5.912397297e-18 5.912397297e-18 5.912397297e-18
3.209743076e-04 5.912397297e-18 1.273787384e-04 5.912397297e-18 5.912397297e-18 5.912397297e-18

