7.312828517e-18 7.312828517e-18 7.312828517e-18 7.312828517e-18 7.312828517e-18 7.312828517e-18
7.312828517e-18 7.312828517e-18 3.375484299e-02 6.816797544e-04 7.312828517e-18 7.312828517e-18
7.312828517e-18 2.083714428e-02 1.222292563e-01 7.312828517e-18 3.970014111e-04 7.312828517e-18
7.312828517e-18 7.312828517e-18 5.795947429e-02 6.740513025e-01 4.806724190e-02 7.312828517e-18
7.312828517e-18 7.312828517e-18 7.312828517e-18 4.202205662e-02 7.312828517e-18 7.312828517e-18
7.312828517e-18 7.312828517e-18 7.312828517e-18 7.312828517e-18 7.312828517e-18 7.312828517e-18

5.534507961e-18 3.004593182e-04 5.534507961e-18 5.534507961e-18 5.534507961e-18 5.534507961e-18
5.534507961e-18 5.534507961e-18 1.573999184e-01 5.534507961e-18 5.534507961e-18 5.534507961e-18
5.534507961e-18 5.534507961e-18 5.534507961e-18 0.000000000e+00 5.534507961e-18 5.534507961e-18
5.534507961e-18 5.534507961e-18 0.000000000e+00 5.534507961e-18 5.534507961e-18 5.534507961e-18
5.534507961e-18 5.534507961e-18 5.534507961e-18 8.400674089e-01 5.534507961e-18 2.232213322e-03
5.534507961e-18 5.534507961e-18 5.534507961e-18 5.534507961e-18 5.534507961e-18 5.534507961e-18

6.191069225e-18 6.191069225e-18 6.191069225e-18 6.191069225e-18 6.191069225e-18 6.191069225e-18
6.191069225e-18 6.191069225e-18 3.748711913e-01 6.191069225e-18 5.821899547e-01 6.191069225e-18
6.191069225e-18 6.191069225e-18 0.000000000e+00 0.000000000e+00 6.191069225e-18 6.191069225e-18
6.191069225e-18 6.191069225e-18 0.000000000e+00 6.191069225e-18 0.000000000e+00 6.191069225e-18
6.191069225e-18 6.191069225e-18 6.191069225e-18 6.191069225e-18 4.293885405e-02 6.191069225e-18
6.191069225e-18 6.191069225e-18 6.191069225e-18 6.191069225e-18 6.191069225e-18 6.191069225e-18

1.189587650e-04 1.189587650e-04 1.189587650e-04 5.521576751e-18 1.904056356e-02 1.189587650e-04
1.189587650e-04 5.521576751e-18 1.189587650e-04 1.189587650e-04 5.521576751e-18 5.521576751e-18
1.189587650e-04 5.521576751e-18 0.000000000e+00 0.000000000e+00 0.000000000e+00 9.204531989e-01
1.189587650e-04 0.000000000e+00 0.000000000e+00 3.268171021e-03 0.000000000e+00 5.521576751e-18
1.189587650e-04 1.189587650e-04 5.521576751e-18 1.189587650e-04 5.521576751e-02 1.189587650e-04
1.189587650e-04 1.189587650e-04 1.189587650e-04 5.521576751e-18 1.189587650e-04 5.521576751e-18

