6.890453127e-18 6.890453127e-18 6.890453127e-18 6.890453127e-18 6.890453127e-18 6.890453127e-18
6.890453127e-18 6.890453127e-18 1.484503125e-04 1.484503125e-04 6.890453127e-18 6.890453127e-18
6.890453127e-18 1.484503125e-04 3.800327999e-02 2.236346308e-02 0.000000000e+00 6.890453127e-18
6.890453127e-18 6.890453127e-18 1.900200730e-01 3.959494069e-02 1.987826623e-03 6.890453127e-18
1.484503125e-04 5.985141554e-03 8.059122867e-03 6.890453127e-18 6.933923510e-01 6.890453127e-18
6.890453127e-18 6.890453127e-18 6.890453127e-18 6.890453127e-18 6.890453127e-18 6.890453127e-18

5.862926936e-03 3.590707467e-03 3.068857068e-03 4.833147023e-04 4.833147023e-04 8.298858351e-04
3.068857068e-03 2.091181265e-03 8.298858351e-04 1.217876734e-03 2.979386971e-02 1.217876734e-03
2.091181265e-03 7.733035237e-03 4.207490588e-02 3.068857068e-03 0.000000000e+00 1.918035667e-04
8.298858351e-04 2.568349166e-03 1.867836842e-02 0.000000000e+00 5.862926936e-03 4.692240451e-03
7.733035237e-03 5.279200313e-01 4.833147023e-04 0.000000000e+00 2.424587305e-01 2.568349166e-03
1.639897428e-03 4.833147023e-04 4.692240451e-03 8.384076662e-03 5.219430061e-02 1.111260144e-02

1.522910150e-04 1.522910150e-04 1.522910150e-04 1.522910150e-04 1.522910150e-04 1.522910150e-04
1.522910150e-04 1.522910150e-04 1.522910150e-04 3.108369419e-02 1.522910150e-04 1.522910150e-04
1.522910150e-04 1.522910150e-04 1.522910150e-04 1.522910150e-04 0.000000000e+00 1.522910150e-04
1.522910150e-04 1.522910150e-04 1.522910150e-04 0.000000000e+00 0.000000000e+00 1.033895081e-01
1.522910150e-04 6.140564586e-01 0.000000000e+00 0.000000000e+00 2.014159027e-02 2.271377242e-01
1.522910150e-04 1.522910150e-04 3.837493110e-04 1.522910150e-04 1.522910150e-04 1.522910150e-04

