7.312828517e-18 7.312828517e-18 7.312828517e-18 7.312828517e-18 7.312828517e-18 7.312828517e-18
7.312828517e-18 7.312828517e-18 3.375484299e-02 6.816797544e-04 7.312828517e-18 7.312828517e-18
7.312828517e-18 2.083714428e-02 1.222292563e-01 7.312828517e-18 3.970014111e-04 7.312828517e-18
7.312828517e-18 7.312828517e-18 5.795947429e-02 6.740513025e-01 4.806724190e-02 7.312828517e-18
7.312828517e-18 7.312828517e-18 7.312828517e-18 4.202205662e-02 7.312828517e-18 7.312828517e-18
7.312828517e-18 7.312828517e-18 7.312828517e-18 7.312828517e-18 7.312828517e-18 7.312828517e-18

5.534507961e-18 3.004593182e-04 5.534507961e-18 5.534507961e-18 5.534507961e-18 5.534507961e-18
5.534507961e-18 5.534507961e-18 1.573999184e-01 5.534507961e-18 5.534507961e-18 5.534507961e-18
5.534507961e-18 5.534507961e-18 5.534507961e-18 0.000000000e+00 5.534507961e-18 5.534507961e-18
5.534507961e-18 5.534507961e-18 0.000000000e+00 5.534507961e-18 5.534507961e-18 5.534507961e-18
5.534507961e-18 5.534507961e-18 5.534507961e-18 8.400674089e-01 5.534507961e-18 2.232213322e-03
5.534507961e-18 5.534507961e-18 5.534507961e-18 5.534507961e-18 5.534507961e-18 5.534507961e-18

5.363202982e-18 5.363202982e-18 5.363202982e-18 5.363202982e-18 5.363202982e-18 5.363202982e-18
5.363202982e-18 5.363202982e-18 0.000000000e+00 5.363202982e-18 5.363202982e-18 5.363202982e-18
6.694476587e-03 5.651130717e-02 5.363202982e-18 0.000000000e+00 9.303566545e-01 5.363202982e-18
5.363202982e-18 5.363202982e-18 0.000000000e+00 5.363202982e-18 0.000000000e+00 5.363202982e-18
5.363202982e-18 5.363202982e-18 5.363202982e-18 4.274440205e-03 2.163121497e-03 5.363202982e-18
5.363202982e-18 5.363202982e-18 5.363202982e-18 5.363202982e-18 5.363202982e-18 5.363202982e-18

5.281907286e-18 5.281907286e-18 5.281907286e-18 5.281907286e-18 5.281907286e-18 5.281907286e-18
5.281907286e-18 5.281907286e-18 0.000000000e+00 5.281907286e-18 5.281907286e-18 5.281907286e-18
5.281907286e-18 0.000000000e+00 0.000000000e+00 0.000000000e+00 5.281907286e-18 9.480096401e-01
1.013883614e-02 5.281907286e-18 0.000000000e+00 5.281907286e-18 0.000000000e+00 5.281907286e-18
5.281907286e-18 5.281907286e-18 5.281907286e-18 4.974193422e-03 3.535355301e-02 5.281907286e-18
5.281907286e-18 5.281907286e-18 5.281907286e-18 5.281907286e-18 1.523777280e-03 5.281907286e-18

3.609445831e-02 3.609445831e-02 3.609445831e-02 0.000000000e+00 3.609445831e-02 3.609445831e-02
3.609445831e-02 3.609445831e-02 0.000000000e+00 3.609445831e-02 3.609445831e-02 3.609445831e-02
3.609445831e-02 0.000000000e+00 0.000000000e+00 0.000000000e+00 0.000000000e+00 3.476385421e-02
3.609445831e-02 3.609445831e-02 0.000000000e+00 3.609445831e-02 0.000000000e+00 3.609445831e-02
3.609445831e-02 3.609445831e-02 3.609445831e-02 3.609445831e-02 3.609445831e-02 3.476385421e-02
3.476385421e-02 3.476385421e-02 3.476385421e-02 3.476385421e-02 3.476385421e-02 3.476385421e-02

