5.917983964e-18 5.917983964e-18 5.917983964e-18 5.917983964e-18 5.917983964e-18 5.917983964e-18
5.917983964e-18 5.917983964e-18 6.464157338e-03 5.516565643e-04 1.628865580e-02 5.917983964e-18
5.917983964e-18 1.274990995e-04 3.897309718e-03 3.212775986e-04 5.917983964e-18 5.917983964e-18
5.917983964e-18 5.917983964e-18 0.000000000e+00 1.181914769e-01 8.503197502e-01 5.917983964e-18
3.212775986e-04 5.917983964e-18 3.212775986e-04 1.274990995e-04 2.746884829e-03 5.917983964e-18
5.917983964e-18 3.212775986e-04 5.917983964e-18 5.917983964e-18 5.917983964e-18 5.917983964e-18

2.791559849e-04 2.791559849e-04 1.107831260e-04 2.791559849e-04 6.014233378e-03 1.107831260e-04
2.791559849e-04 1.107831260e-04 1.207837798e-03 1.483443474e-03 1.107831260e-04 2.791559849e-04
2.791559849e-04 1.107831260e-04 1.107831260e-04 0.000000000e+00 0.000000000e+00 1.107831260e-04
2.791559849e-04 2.791559849e-04 0.000000000e+00 1.207837798e-03 9.840905795e-01 1.107831260e-04
2.791559849e-04 2.791559849e-04 1.107831260e-04 1.107831260e-04 4.793307477e-04 2.791559849e-04
1.107831260e-04 2.791559849e-04 2.791559849e-04 2.791559849e-04 1.107831260e-04 2.791559849e-04

3.787343039e-04 1.503008081e-04 3.787343039e-04 1.503008081e-04 3.763850211e-01 3.787343039e-04
1.503008081e-04 1.503008081e-04 4.607771529e-01 1.503008081e-04 0.000000000e+00 4.594297547e-03
1.503008081e-04 1.503008081e-04 1.503008081e-04 0.000000000e+00 0.000000000e+00 1.503008081e-04
1.503008081e-04 3.787343039e-04 0.000000000e+00 1.503008081e-04 0.000000000e+00 1.503008081e-04
1.503008081e-04 3.787343039e-04 1.504947392e-01 1.503008081e-04 6.503138276e-04 3.787343039e-04
1.503008081e-04 1.285053833e-03 3.787343039e-04 3.787343039e-04 1.503008081e-04 3.787343039e-04

1.297278545e-04 1.297278545e-04 1.297278545e-04 1.297278545e-04 1.297278545e-04 1.297278545e-04
1.297278545e-04 1.297278545e-04 0.000000000e+00 1.297278545e-04 0.000000000e+00 6.274857878e-01
1.297278545e-04 1.297278545e-04 1.297278545e-04 0.000000000e+00 0.000000000e+00 1.297278545e-04
1.297278545e-04 1.297278545e-04 0.000000000e+00 0.000000000e+00 0.000000000e+00 1.297278545e-04
1.297278545e-04 1.297278545e-04 3.268937094e-04 1.297278545e-04 1.297278545e-04 5.612998274e-04
1.297278545e-04 3.683828223e-01 1.297278545e-04 1.297278545e-04 1.297278545e-04 1.297278545e-04

