9.225184381e-18 1.987505726e-04 1.987505726e-04 1.987505726e-04 1.987505726e-04 9.225184381e-18
1.987505726e-04 0.000000000e+00 9.225184381e-18 5.008200601e-04 9.225184381e-18 9.225184381e-18
1.987505726e-04 9.225184381e-18 7.661857290e-02 1.417361082e-01 1.987505726e-04 9.225184381e-18
9.225184381e-18 9.225184381e-18 1.726374577e-01 9.225184381e-18 1.626410975e-01 1.034849162e-01
1.987505726e-04 9.225184381e-18 1.987505726e-04 6.063716224e-02 5.301111868e-02 1.699293492e-03
9.225184381e-18 9.225184381e-18 9.225184381e-18 2.247438779e-01 5.008200601e-04 9.225184381e-18

3.786398126e-02 3.098874354e-02 6.148821929e-03 1.098669068e-02 6.333469207e-04 1.087501861e-03
6.905206391e-03 0.000000000e+00 6.333469207e-04 2.803354893e-01 1.087501861e-03 6.333469207e-04
8.480843518e-03 0.000000000e+00 4.629794076e-02 5.415040001e-03 1.844564386e-01 1.087501861e-03
1.087501861e-03 2.553494775e-02 5.903868418e-02 0.000000000e+00 3.324205103e-02 2.447657202e-02
2.740332972e-03 2.987709285e-02 1.595934234e-03 3.211045538e-02 6.905206391e-03 3.669447876e-02
3.553422201e-02 1.549406036e-02 2.877568881e-02 2.513438920e-04 3.669447876e-02 6.905206391e-03

1.036689559e-03 7.064212298e-04 4.114105242e-04 9.771229862e-02 2.612293995e-03 1.780069955e-03
1.632683747e-04 0.000000000e+00 3.665552079e-02 2.612293995e-03 1.798348922e-02 2.186248156e-03
8.277646405e-03 0.000000000e+00 0.000000000e+00 0.000000000e+00 7.590084239e-01 1.780069955e-03
4.114105242e-04 4.485495213e-03 3.087893436e-02 0.000000000e+00 8.277646405e-03 2.612293995e-03
1.395924968e-03 7.064212298e-04 4.114105242e-04 4.485495213e-03 1.780069955e-03 1.395924968e-03
2.612293995e-03 1.780069955e-03 1.780069955e-03 4.114105242e-04 2.612293995e-03 1.036689559e-03

