6.243298529e-18 6.243298529e-18 6.243298529e-18 6.243298529e-18 6.243298529e-18 6.243298529e-18
1.345077893e-04 6.819495329e-03 6.243298529e-18 8.439814947e-01 3.300676955e-02 6.243298529e-18
6.243298529e-18 3.389383903e-04 6.345182363e-03 8.138803113e-02 5.819814041e-04 6.243298529e-18
6.243298529e-18 3.389383903e-04 1.963721170e-02 0.000000000e+00 6.819495329e-03 6.243298529e-18
6.243298529e-18 6.243298529e-18 1.345077893e-04 1.345077893e-04 6.243298529e-18 3.389383903e-04
6.243298529e-18 6.243298529e-18 6.243298529e-18 6.243298529e-18 6.243298529e-18 6.243298529e-18

2.017524735e-04 5.083843763e-04 2.017524735e-04 1.724959384e-03 2.309810016e-02 9.364520278e-18
6.167038659e-03 7.422062079e-02 0.000000000e+00 5.931483583e-02 2.486394183e-01 2.017524735e-04
5.083843763e-04 5.083843763e-04 2.550351352e-01 7.540105724e-02 9.364520278e-18 1.281048354e-03
2.017524735e-04 2.017524735e-04 5.083843763e-04 0.000000000e+00 2.065651095e-01 5.542774315e-03
5.083843763e-04 2.017524735e-04 0.000000000e+00 2.017524735e-04 1.797557804e-02 2.701570183e-03
5.083843763e-04 1.724959384e-03 2.017524735e-04 1.553996364e-02 2.017524735e-04 2.017524735e-04

1.072700316e-03 7.309596875e-04 7.309596875e-04 3.639695792e-03 5.700362410e-03 3.162678886e-03
2.388417414e-02 8.565181189e-03 0.000000000e+00 6.713027539e-02 2.234350129e-02 4.257014024e-04
7.309596875e-04 4.257014024e-04 0.000000000e+00 4.132904152e-03 0.000000000e+00 1.841902994e-03
1.689397135e-04 1.841902994e-03 1.689397135e-04 0.000000000e+00 7.465589999e-01 3.792879785e-02
1.841902994e-03 4.257014024e-04 0.000000000e+00 4.257014024e-04 4.257014024e-04 9.787929057e-03
2.703035416e-03 1.841902994e-03 3.880322024e-02 1.041426588e-02 1.072700316e-03 1.072700316e-03

1.322366669e-04 3.332155204e-04 1.322366669e-04 3.332155204e-04 1.770717506e-03 3.332155204e-04
3.332155204e-04 0.000000000e+00 0.000000000e+00 1.322366669e-04 2.115786671e-03 1.322366669e-04
1.322366669e-04 1.322366669e-04 0.000000000e+00 6.550447339e-02 0.000000000e+00 2.179527416e-02
1.322366669e-04 1.399707041e-02 1.322366669e-04 0.000000000e+00 8.739579292e-01 3.332155204e-04
1.322366669e-04 1.322366669e-04 0.000000000e+00 3.332155204e-04 0.000000000e+00 1.630375071e-02
1.322366669e-04 1.322366669e-04 1.322366669e-04 1.322366669e-04 5.721548281e-04 1.322366669e-04

0.000000000e+00 3.832629941e-02 3.698745002e-02 3.698745002e-02 3.698745002e-02 3.698745002e-02
3.698745002e-02 0.000000000e+00 0.000000000e+00 3.698745002e-02 3.698745002e-02 3.698745002e-02
3.698745002e-02 3.698745002e-02 0.000000000e+00 3.698745002e-02 0.000000000e+00 3.698745002e-02
3.698745002e-02 3.698745002e-02 0.000000000e+00 0.000000000e+00 3.698745002e-02 3.698745002e-02
3.698745002e-02 3.698745002e-02 0.000000000e+00 3.698745002e-02 0.000000000e+00 3.698745002e-02
3.698745002e-02 3.698745002e-02 3.698745002e-02 3.698745002e-02 3.698745002e-02 3.698745002e-02

0.000000000e+00 4.000000000e-02 4.000000000e-02 4.000000000e-02 4.000000000e-02 4.000000000e-02
4.000000000e-02 0.000000000e+00 0.000000000e+00 4.000000000e-02 4.000000000e-02 4.000000000e-02
4.000000000e-02 4.000000000e-02 0.000000000e+00 4.000000000e-02 0.000000000e+00 4.000000000e-02
4.000000000e-02 4.000000000e-02 0.000000000e+00 0.000000000e+00 0.000000000e+00 4.000000000e-02
4.000000000e-02 4.000000000e-02 0.000000000e+00 4.000000000e-02 0.000000000e+00 4.000000000e-02
4.000000000e-02 4.000000000e-02 0.000000000e+00 4.000000000e-02 4.000000000e-02 4.000000000e-02

