8.201760919e-18 8.201760919e-18 8.201760919e-18 8.201760919e-18 8.201760919e-18 8.201760919e-18
8.201760919e-18 8.201760919e-18 2.290052508e-01 3.307986928e-03 8.201760919e-18 8.201760919e-18
8.201760919e-18 1.767015824e-04 2.417243646e-02 3.532932635e-01 9.539621324e-02 8.201760919e-18
8.201760919e-18 8.201760919e-18 1.370871934e-01 7.723941941e-03 1.496603105e-01 8.201760919e-18
8.201760919e-18 1.767015824e-04 8.201760919e-18 8.201760919e-18 8.201760919e-18 8.201760919e-18
8.201760919e-18 8.201760919e-18 8.201760919e-18 8.201760919e-18 8.201760919e-18 8.201760919e-18

6.366391129e-18 6.366391129e-18 6.366391129e-18 6.366391129e-18 6.366391129e-18 6.366391129e-18
6.366391129e-18 6.366391129e-18 6.105979188e-01 6.366391129e-18 0.000000000e+00 1.495414717e-03
6.366391129e-18 0.000000000e+00 6.366391129e-18 1.371597390e-04 6.366391129e-18 6.366391129e-18
6.366391129e-18 6.366391129e-18 3.002110138e-01 8.755849295e-02 6.366391129e-18 6.366391129e-18
6.366391129e-18 6.366391129e-18 6.366391129e-18 6.366391129e-18 6.366391129e-18 6.366391129e-18
6.366391129e-18 6.366391129e-18 6.366391129e-18 6.366391129e-18 6.366391129e-18 6.366391129e-18

8.486346142e-18 8.486346142e-18 8.486346142e-18 1.681419333e-01 8.486346142e-18 2.124180953e-01
1.160915822e-03 8.486346142e-18 0.000000000e+00 0.000000000e+00 0.000000000e+00 7.910715178e-04
8.486346142e-18 0.000000000e+00 8.486346142e-18 8.486346142e-18 8.486346142e-18 8.486346142e-18
8.624834072e-03 8.486346142e-18 1.496152915e-01 2.711760163e-01 8.486346142e-18 8.486346142e-18
8.486346142e-18 1.130532336e-01 8.486346142e-18 7.483577576e-02 8.486346142e-18 8.486346142e-18
8.486346142e-18 8.486346142e-18 8.486346142e-18 1.828327852e-04 8.486346142e-18 8.486346142e-18

5.649550438e-18 5.649550438e-18 5.649550438e-18 0.000000000e+00 5.649550438e-18 1.217158745e-04
5.649550438e-18 5.649550438e-18 0.000000000e+00 0.000000000e+00 0.000000000e+00 1.217158745e-04
5.649550438e-18 0.000000000e+00 5.649550438e-18 0.000000000e+00 5.649550438e-18 5.649550438e-18
5.649550438e-18 1.217158745e-04 8.724298180e-01 8.512669415e-02 5.649550438e-18 5.649550438e-18
5.649550438e-18 1.217158745e-04 5.649550438e-18 4.195662436e-02 5.649550438e-18 5.649550438e-18
5.649550438e-18 5.649550438e-18 5.649550438e-18 5.649550438e-18 5.649550438e-18 5.649550438e-18

1.163209261e-04 5.399139116e-18 5.399139116e-18 0.000000000e+00 5.399139116e-18 5.032914170e-04
2.931103667e-04 1.163209261e-04 0.000000000e+00 0.000000000e+00 0.000000000e+00 1.434146387e-02
2.931103667e-04 0.000000000e+00 5.399139116e-18 0.000000000e+00 2.931103667e-04 5.399139116e-18
0.000000000e+00 5.032914170e-04 0.000000000e+00 9.336533378e-01 1.163209261e-04 5.399139116e-18
2.931103667e-04 1.163209261e-04 5.399139116e-18 4.901192752e-02 1.163209261e-04 5.399139116e-18
1.163209261e-04 5.399139116e-18 5.399139116e-18 1.163209261e-04 5.399139116e-18 5.399139116e-18

3.917969513e-02 3.917969513e-02 3.917969513e-02 0.000000000e+00 3.917969513e-02 3.917969513e-02
3.917969513e-02 3.917969513e-02 0.000000000e+00 0.000000000e+00 0.000000000e+00 3.917969513e-02
3.917969513e-02 0.000000000e+00 0.000000000e+00 0.000000000e+00 3.784597560e-02 3.917969513e-02
0.000000000e+00 0.000000000e+00 0.000000000e+00 3.917969513e-02 3.917969513e-02 3.784597560e-02
3.784597560e-02 3.784597560e-02 3.784597560e-02 3.784597560e-02 3.784597560e-02 3.784597560e-02
3.784597560e-02 3.784597560e-02 3.784597560e-02 3.784597560e-02 3.784597560e-02 3.784597560e-02

4.211050269e-02 4.211050269e-02 4.211050269e-02 0.000000000e+00 4.211050269e-02 4.211050269e-02
4.211050269e-02 4.211050269e-02 0.000000000e+00 0.000000000e+00 0.000000000e+00 4.211050269e-02
4.211050269e-02 0.000000000e+00 0.000000000e+00 0.000000000e+00 0.000000000e+00 4.077899461e-02
0.000000000e+00 0.000000000e+00 0.000000000e+00 4.211050269e-02 0.000000000e+00 4.211050269e-02
4.211050269e-02 4.211050269e-02 4.211050269e-02 4.211050269e-02 4.211050269e-02 4.077899461e-02
4.077899461e-02 4.077899461e-02 4.077899461e-02 4.077899461e-02 4.077899461e-02 4.077899461e-02

