8.200758039e-18 8.200758039e-18 8.200758039e-18 8.200758039e-18 8.200758039e-18 8.200758039e-18
8.200758039e-18 1.766799761e-04 1.766799761e-04 7.337888385e-02 8.200758039e-18 8.200758039e-18
8.200758039e-18 8.200758039e-18 5.588162366e-02 3.344746393e-01 1.946073421e-02 8.200758039e-18
8.200758039e-18 7.766326462e-02 3.754739243e-01 8.200758039e-18 2.826879617e-03 8.200758039e-18
8.200758039e-18 8.200758039e-18 4.807881281e-02 1.223119774e-02 1.766799761e-04 8.200758039e-18
8.200758039e-18 8.200758039e-18 8.200758039e-18 8.200758039e-18 8.200758039e-18 8.200758039e-18

7.134046849e-18 7.134046849e-18 7.134046849e-18 7.134046849e-18 7.134046849e-18 7.134046849e-18
7.134046849e-18 7.134046849e-18 1.170828521e-01 7.134046849e-18 7.134046849e-18 7.134046849e-18
7.134046849e-18 7.134046849e-18 5.019351609e-01 0.000000000e+00 7.134046849e-18 7.134046849e-18
7.134046849e-18 1.424781714e-01 7.134046849e-18 0.000000000e+00 2.356264659e-01 7.134046849e-18
7.134046849e-18 7.134046849e-18 2.877349627e-03 7.134046849e-18 7.134046849e-18 7.134046849e-18
7.134046849e-18 7.134046849e-18 7.134046849e-18 7.134046849e-18 7.134046849e-18 7.134046849e-18

6.102215372e-18 6.102215372e-18 6.102215372e-18 6.102215372e-18 6.102215372e-18 6.102215372e-18
6.102215372e-18 6.102215372e-18 6.102215372e-18 6.102215372e-18 6.102215372e-18 6.102215372e-18
6.102215372e-18 1.679573423e-02 4.436000426e-03 0.000000000e+00 6.102215372e-18 6.102215372e-18
3.611845735e-03 2.558454466e-01 0.000000000e+00 0.000000000e+00 7.175505451e-01 1.760427936e-03
6.102215372e-18 6.102215372e-18 6.102215372e-18 6.102215372e-18 0.000000000e+00 6.102215372e-18
6.102215372e-18 6.102215372e-18 6.102215372e-18 6.102215372e-18 6.102215372e-18 6.102215372e-18

5.604407820e-18 5.604407820e-18 5.604407820e-18 5.604407820e-18 5.604407820e-18 5.604407820e-18
5.604407820e-18 5.604407820e-18 1.316430889e-03 5.604407820e-18 5.604407820e-18 5.604407820e-18
5.604407820e-18 1.851048691e-01 5.604407820e-18 0.000000000e+00 5.604407820e-18 5.604407820e-18
8.125463592e-01 5.604407820e-18 0.000000000e+00 0.000000000e+00 0.000000000e+00 5.604407820e-18
5.604407820e-18 5.604407820e-18 5.604407820e-18 0.000000000e+00 0.000000000e+00 5.604407820e-18
5.604407820e-18 5.604407820e-18 5.604407820e-18 5.604407820e-18 1.032340747e-03 5.604407820e-18

3.609445831e-02 3.609445831e-02 3.609445831e-02 3.609445831e-02 3.609445831e-02 3.609445831e-02
3.609445831e-02 3.609445831e-02 3.609445831e-02 3.609445831e-02 3.609445831e-02 3.609445831e-02
3.609445831e-02 3.609445831e-02 3.476385421e-02 0.000000000e+00 3.609445831e-02 3.609445831e-02
3.609445831e-02 0.000000000e+00 0.000000000e+00 0.000000000e+00 0.000000000e+00 0.000000000e+00
3.609445831e-02 3.609445831e-02 3.609445831e-02 0.000000000e+00 0.000000000e+00 3.476385421e-02
3.476385421e-02 3.476385421e-02 3.476385421e-02 3.476385421e-02 3.476385421e-02 3.476385421e-02

