1.404935970e-04 1.404935970e-04 1.404935970e-04 1.404935970e-04 3.540216804e-04 1.404935970e-04
1.404935970e-04 6.521135109e-18 1.404935970e-04 1.201203357e-03 1.404935970e-04 1.404935970e-04
1.404935970e-04 6.521135109e-18 6.078804896e-04 1.794876868e-02 3.437004588e-03 1.404935970e-04
1.404935970e-04 3.540216804e-04 7.878131145e-01 6.521135109e-18 1.438449539e-01 4.740533783e-03
3.540216804e-04 6.521135109e-18 1.404935970e-04 2.867575611e-02 1.404935970e-04 1.404935970e-04
1.404935970e-04 6.521135109e-18 1.404935970e-04 8.139834807e-03 1.404935970e-04 6.521135109e-18

6.997377965e-18 1.507539383e-04 3.798761204e-04 1.507539383e-04 1.507539383e-04 6.997377965e-18
6.997377965e-18 6.997377965e-18 6.522744081e-04 3.688011330e-03 6.997377965e-18 1.507539383e-04
6.997377965e-18 1.507539383e-04 6.997377965e-18 6.062575646e-01 3.779108831e-02 6.997377965e-18
6.997377965e-18 6.522744081e-04 2.801026690e-01 0.000000000e+00 2.018673366e-03 1.507539383e-04
1.507539383e-04 6.997377965e-18 8.734292384e-03 3.798761204e-04 6.997377965e-18 1.507539383e-04
1.507539383e-04 0.000000000e+00 3.798761204e-04 5.722686232e-02 3.798761204e-04 6.997377965e-18

5.222464178e-18 5.222464178e-18 5.222464178e-18 5.222464178e-18 5.222464178e-18 5.222464178e-18
5.222464178e-18 5.222464178e-18 5.222464178e-18 5.222464178e-18 5.222464178e-18 5.222464178e-18
5.222464178e-18 5.222464178e-18 0.000000000e+00 1.288149281e-02 5.222464178e-18 5.222464178e-18
5.222464178e-18 4.404051267e-02 5.222464178e-18 0.000000000e+00 0.000000000e+00 5.222464178e-18
5.222464178e-18 5.222464178e-18 9.430779945e-01 5.222464178e-18 5.222464178e-18 5.222464178e-18
5.222464178e-18 0.000000000e+00 5.222464178e-18 5.222464178e-18 5.222464178e-18 5.222464178e-18

4.647784847e-18 4.647784847e-18 4.647784847e-18 4.647784847e-18 4.647784847e-18 4.647784847e-18
4.647784847e-18 4.647784847e-18 4.647784847e-18 4.647784847e-18 4.647784847e-18 4.647784847e-18
4.647784847e-18 4.647784847e-18 0.000000000e+00 4.647784847e-18 4.647784847e-18 4.647784847e-18
4.647784847e-18 1.000000000e+00 0.000000000e+00 0.000000000e+00 0.000000000e+00 4.647784847e-18
4.647784847e-18 0.000000000e+00 4.647784847e-18 4.647784847e-18 4.647784847e-18 4.647784847e-18
4.647784847e-18 0.000000000e+00 4.647784847e-18 4.647784847e-18 4.647784847e-18 4.647784847e-18

