5.606873397e-18 5.606873397e-18 5.606873397e-18 5.606873397e-18 5.606873397e-18 5.606873397e-18
5.606873397e-18 1.207964255e-04 1.317010034e-03 3.318657329e-03 5.606873397e-18 5.606873397e-18
5.606873397e-18 5.606873397e-18 5.606873397e-18 9.304332326e-03 1.932742808e-03 5.606873397e-18
5.606873397e-18 2.344544831e-02 9.226071697e-01 3.752865871e-02 0.000000000e+00 5.606873397e-18
5.606873397e-18 5.606873397e-18 3.043879185e-04 5.606873397e-18 1.207964255e-04 5.606873397e-18
5.606873397e-18 5.606873397e-18 5.606873397e-18 5.606873397e-18 5.606873397e-18 5.606873397e-18

6.432117346e-18 6.432117346e-18 6.432117346e-18 6.432117346e-18 1.385757674e-04 6.432117346e-18
6.432117346e-18 6.432117346e-18 6.432117346e-18 6.432117346e-18 6.432117346e-18 6.432117346e-18
6.432117346e-18 6.432117346e-18 0.000000000e+00 2.466160719e-01 3.491890528e-04 6.432117346e-18
6.432117346e-18 1.356452813e-01 6.169016929e-01 6.432117346e-18 0.000000000e+00 6.432117346e-18
3.491890528e-04 6.432117346e-18 6.432117346e-18 0.000000000e+00 6.432117346e-18 6.432117346e-18
6.432117346e-18 6.432117346e-18 6.432117346e-18 6.432117346e-18 6.432117346e-18 6.432117346e-18

1.535930476e-04 7.129157745e-18 7.129157745e-18 1.535930476e-04 1.535930476e-04 7.129157745e-18
7.129157745e-18 4.242334009e-01 7.129157745e-18 0.000000000e+00 1.535930476e-04 7.129157745e-18
7.129157745e-18 1.535930476e-04 0.000000000e+00 8.789267991e-02 1.535930476e-04 7.129157745e-18
7.129157745e-18 3.573534399e-01 0.000000000e+00 7.129157745e-18 0.000000000e+00 7.129157745e-18
1.535930476e-04 7.129157745e-18 7.129157745e-18 0.000000000e+00 1.289845488e-01 7.129157745e-18
7.129157745e-18 1.535930476e-04 1.535930476e-04 7.129157745e-18 7.129157745e-18 1.535930476e-04

5.029749342e-18 5.029749342e-18 5.029749342e-18 5.029749342e-18 5.029749342e-18 5.029749342e-18
5.029749342e-18 9.639924682e-01 5.029749342e-18 0.000000000e+00 3.427372915e-02 5.029749342e-18
5.029749342e-18 5.029749342e-18 0.000000000e+00 0.000000000e+00 5.029749342e-18 5.029749342e-18
5.029749342e-18 5.029749342e-18 0.000000000e+00 0.000000000e+00 0.000000000e+00 5.029749342e-18
5.029749342e-18 5.029749342e-18 5.029749342e-18 0.000000000e+00 1.733802634e-03 5.029749342e-18
5.029749342e-18 5.029749342e-18 5.029749342e-18 5.029749342e-18 5.029749342e-18 5.029749342e-18

1.169519445e-04 5.428428397e-18 5.428428397e-18 5.428428397e-18 5.428428397e-18 5.428428397e-18
1.237920344e-02 5.428428397e-18 0.000000000e+00 0.000000000e+00 7.076533298e-02 1.169519445e-04
5.428428397e-18 5.428428397e-18 0.000000000e+00 0.000000000e+00 5.428428397e-18 1.169519445e-04
5.428428397e-18 7.425985589e-04 0.000000000e+00 0.000000000e+00 0.000000000e+00 5.428428397e-18
1.169519445e-04 5.428428397e-18 5.428428397e-18 0.000000000e+00 9.151772495e-01 0.000000000e+00
1.169519445e-04 1.169519445e-04 1.169519445e-04 5.428428397e-18 5.428428397e-18 1.169519445e-04

