1.769758951e-04 4.459513110e-04 2.537398500e-01 1.649715762e-02 1.769758951e-04 1.769758951e-04
1.769758951e-04 2.772340569e-01 8.214493383e-18 1.177450102e-01 1.769758951e-04 1.769758951e-04
5.971519182e-03 1.723440823e-02 0.000000000e+00 2.982097112e-01 1.769758951e-04 1.769758951e-04
1.769758951e-04 1.769758951e-04 4.862083864e-03 3.812830076e-03 1.769758951e-04 1.769758951e-04
1.769758951e-04 1.769758951e-04 1.769758951e-04 1.769758951e-04 1.769758951e-04 1.769758951e-04
1.769758951e-04 1.769758951e-04 1.769758951e-04 1.769758951e-04 1.769758951e-04 1.769758951e-04

6.694663953e-18 2.307714601e-03 3.962510658e-03 2.700134893e-03 3.634422754e-04 1.442321626e-04
1.442321626e-04 4.480960080e-02 0.000000000e+00 0.000000000e+00 4.408795131e-03 1.442321626e-04
1.931343410e-03 9.158171465e-04 0.000000000e+00 6.694663953e-18 8.891172231e-03 1.442321626e-04
3.107387745e-03 3.634422754e-04 1.754762760e-01 7.477970179e-01 3.634422754e-04 1.442321626e-04
1.442321626e-04 6.694663953e-18 6.694663953e-18 1.442321626e-04 1.442321626e-04 3.634422754e-04
3.634422754e-04 1.442321626e-04 1.442321626e-04 1.442321626e-04 1.442321626e-04 1.442321626e-04

5.785687085e-18 7.914708601e-04 1.246488496e-04 3.140954190e-04 5.785687085e-18 5.785687085e-18
5.785687085e-18 1.246488496e-04 0.000000000e+00 0.000000000e+00 3.140954190e-04 5.785687085e-18
5.785687085e-18 1.246488496e-04 0.000000000e+00 0.000000000e+00 2.419316754e-02 5.785687085e-18
5.785687085e-18 0.000000000e+00 1.409508686e-01 8.328130579e-01 5.785687085e-18 5.785687085e-18
5.785687085e-18 5.785687085e-18 5.785687085e-18 5.785687085e-18 1.246488496e-04 1.246488496e-04
5.785687085e-18 5.785687085e-18 5.785687085e-18 5.785687085e-18 5.785687085e-18 5.785687085e-18

