6.414537687e-18 1.381970252e-04 6.414537687e-18 6.414537687e-18 6.414537687e-18 6.414537687e-18
6.414537687e-18 6.414537687e-18 1.506723962e-03 5.979438004e-04 5.739611066e-02 6.414537687e-18
6.414537687e-18 6.414537687e-18 0.000000000e+00 1.616362212e-01 7.542760675e-01 6.414537687e-18
6.414537687e-18 1.381970252e-04 6.519215958e-03 8.774964124e-04 6.414537687e-18 6.414537687e-18
6.414537687e-18 6.414537687e-18 3.482346820e-04 1.381970252e-04 1.642739483e-02 6.414537687e-18
6.414537687e-18 6.414537687e-18 6.414537687e-18 6.414537687e-18 6.414537687e-18 6.414537687e-18

1.067909174e-04 1.067909174e-04 2.690962496e-04 2.690962496e-04 1.067909174e-04 2.690962496e-04
1.067909174e-04 1.067909174e-04 9.931182350e-01 1.067909174e-04 2.690962496e-04 2.690962496e-04
2.690962496e-04 2.690962496e-04 0.000000000e+00 2.690962496e-04 1.067909174e-04 1.067909174e-04
4.620574644e-04 1.067909174e-04 0.000000000e+00 2.690962496e-04 0.000000000e+00 1.067909174e-04
1.067909174e-04 2.690962496e-04 9.130495007e-04 1.067909174e-04 1.067909174e-04 1.067909174e-04
1.067909174e-04 1.067909174e-04 4.620574644e-04 2.690962496e-04 1.067909174e-04 2.690962496e-04

2.335804431e-03 4.372802109e-02 1.744371937e-04 1.107607139e-03 1.744371937e-04 9.469907831e-03
2.150674686e-02 4.267393304e-03 5.128419657e-02 1.901840501e-03 7.547459030e-04 1.491417027e-03
1.744371937e-04 1.626050755e-02 0.000000000e+00 0.000000000e+00 1.107607139e-03 1.744371937e-04
2.875077351e-02 1.744371937e-04 0.000000000e+00 1.744371937e-04 0.000000000e+00 7.547459030e-04
2.627828582e-02 7.547459030e-04 0.000000000e+00 7.547459030e-04 1.491417027e-03 7.200821796e-01
1.483143364e-02 7.547459030e-04 3.560388894e-02 7.547459030e-04 1.744371937e-04 1.275143621e-02

