6.982442023e-18 6.982442023e-18 6.982442023e-18 6.982442023e-18 1.504321532e-04 6.982442023e-18
6.982442023e-18 6.982442023e-18 1.921846957e-02 1.504321532e-04 6.982442023e-18 6.982442023e-18
6.982442023e-18 2.496348047e-01 5.710471127e-02 0.000000000e+00 1.504321532e-04 6.982442023e-18
1.504321532e-04 9.551846327e-04 6.982442023e-18 4.012354089e-02 7.096387874e-03 6.982442023e-18
6.982442023e-18 1.504321532e-04 3.790652727e-04 6.242061776e-01 1.504321532e-04 6.982442023e-18
6.982442023e-18 6.982442023e-18 3.790652727e-04 6.982442023e-18 6.982442023e-18 6.982442023e-18

1.060058738e-04 1.060058738e-04 1.060058738e-04 2.671180635e-04 1.060058738e-04 2.671180635e-04
1.060058738e-04 1.060058738e-04 9.941543051e-01 2.671180635e-04 6.730953420e-04 1.060058738e-04
1.060058738e-04 1.060058738e-04 1.060058738e-04 0.000000000e+00 1.060058738e-04 1.060058738e-04
1.060058738e-04 6.730953420e-04 0.000000000e+00 2.671180635e-04 0.000000000e+00 1.060058738e-04
1.060058738e-04 1.060058738e-04 4.586607776e-04 1.060058738e-04 1.060058738e-04 2.671180635e-04
1.060058738e-04 1.060058738e-04 2.671180635e-04 1.060058738e-04 1.060058738e-04 1.060058738e-04

4.647784847e-18 4.647784847e-18 4.647784847e-18 4.647784847e-18 4.647784847e-18 4.647784847e-18
4.647784847e-18 4.647784847e-18 0.000000000e+00 4.647784847e-18 4.647784847e-18 4.647784847e-18
4.647784847e-18 4.647784847e-18 0.000000000e+00 0.000000000e+00 4.647784847e-18 4.647784847e-18
4.647784847e-18 4.647784847e-18 0.000000000e+00 4.647784847e-18 0.000000000e+00 4.647784847e-18
4.647784847e-18 4.647784847e-18 4.647784847e-18 4.647784847e-18 4.647784847e-18 4.647784847e-18
4.647784847e-18 4.647784847e-18 1.000000000e+00 4.647784847e-18 4.647784847e-18 4.647784847e-18

