8.200758039e-18 8.200758039e-18 8.200758039e-18 8.200758039e-18 8.200758039e-18 8.200758039e-18
8.200758039e-18 1.766799761e-04 1.766799761e-04 7.337888385e-02 8.200758039e-18 8.200758039e-18
8.200758039e-18 8.200758039e-18 5.588162366e-02 3.344746393e-01 1.946073421e-02 8.200758039e-18
8.200758039e-18 7.766326462e-02 3.754739243e-01 8.200758039e-18 2.826879617e-03 8.200758039e-18
8.200758039e-18 8.200758039e-18 4.807881281e-02 1.223119774e-02 1.766799761e-04 8.200758039e-18
8.200758039e-18 8.200758039e-18 8.200758039e-18 8.200758039e-18 8.200758039e-18 8.200758039e-18

2.885429460e-02 8.621977653e-18 8.621977653e-18 8.621977653e-18 8.621977653e-18 8.621977653e-18
8.621977653e-18 1.415025379e-01 8.621977653e-18 6.617470736e-02 8.621977653e-18 8.621977653e-18
8.621977653e-18 8.621977653e-18 8.621977653e-18 4.167705531e-01 1.145083440e-02 8.621977653e-18
8.621977653e-18 5.257012551e-02 0.000000000e+00 0.000000000e+00 8.621977653e-18 8.621977653e-18
8.621977653e-18 8.621977653e-18 8.165232151e-02 8.621977653e-18 1.640439604e-01 8.621977653e-18
8.621977653e-18 8.621977653e-18 8.621977653e-18 8.621977653e-18 8.621977653e-18 3.698066521e-02

2.681046297e-03 5.776139148e-18 5.776139148e-18 5.776139148e-18 5.776139148e-18 5.776139148e-18
5.776139148e-18 2.729841643e-02 5.776139148e-18 5.776139148e-18 9.134158920e-01 5.017233235e-03
5.776139148e-18 5.776139148e-18 0.000000000e+00 0.000000000e+00 5.776139148e-18 5.776139148e-18
5.776139148e-18 5.776139148e-18 0.000000000e+00 0.000000000e+00 5.776139148e-18 5.776139148e-18
5.776139148e-18 3.135770772e-04 2.051074440e-02 5.776139148e-18 2.353592194e-02 5.776139148e-18
5.776139148e-18 5.870399450e-03 5.776139148e-18 5.776139148e-18 5.776139148e-18 1.356769215e-03

4.729416234e-18 4.729416234e-18 4.729416234e-18 4.729416234e-18 4.729416234e-18 4.729416234e-18
4.729416234e-18 4.729416234e-18 4.729416234e-18 4.729416234e-18 4.108035438e-03 4.729416234e-18
4.729416234e-18 4.729416234e-18 0.000000000e+00 0.000000000e+00 0.000000000e+00 4.729416234e-18
4.729416234e-18 4.729416234e-18 0.000000000e+00 0.000000000e+00 4.729416234e-18 4.729416234e-18
4.729416234e-18 4.729416234e-18 0.000000000e+00 4.729416234e-18 9.958919646e-01 4.729416234e-18
4.729416234e-18 4.729416234e-18 4.729416234e-18 4.729416234e-18 4.729416234e-18 4.729416234e-18

3.609445831e-02 3.609445831e-02 3.609445831e-02 3.609445831e-02 3.609445831e-02 3.609445831e-02
3.609445831e-02 3.609445831e-02 3.609445831e-02 3.609445831e-02 3.609445831e-02 3.609445831e-02
3.609445831e-02 3.609445831e-02 0.000000000e+00 0.000000000e+00 0.000000000e+00 3.609445831e-02
3.609445831e-02 0.000000000e+00 0.000000000e+00 0.000000000e+00 0.000000000e+00 3.609445831e-02
3.609445831e-02 3.609445831e-02 0.000000000e+00 3.609445831e-02 3.476385421e-02 3.476385421e-02
3.476385421e-02 3.476385421e-02 3.476385421e-02 3.476385421e-02 3.476385421e-02 3.476385421e-02

