5.068119597e-18 1.091893267e-04 1.543684927e-02 1.190461045e-03 5.068119597e-18 5.068119597e-18
1.091893267e-04 1.462101676e-03 5.068119597e-18 6.933090085e-04 5.068119597e-18 5.068119597e-18
1.091893267e-04 5.068119597e-18 9.770061359e-01 3.337628469e-03 5.068119597e-18 5.068119597e-18
1.091893267e-04 5.068119597e-18 1.091893267e-04 0.000000000e+00 5.068119597e-18 1.091893267e-04
1.091893267e-04 5.068119597e-18 5.068119597e-18 5.068119597e-18 5.068119597e-18 1.091893267e-04
5.068119597e-18 5.068119597e-18 5.068119597e-18 5.068119597e-18 5.068119597e-18 5.068119597e-18

1.917529518e-04 8.296668371e-04 1.314866890e-01 5.268056040e-03 2.888683754e-02 4.831871608e-04
4.831871608e-04 3.069201557e-02 0.000000000e+00 4.604493223e-02 2.112097427e-02 8.296668371e-04
1.917529518e-04 1.917529518e-04 4.819994347e-01 1.314866890e-01 1.917529518e-04 8.900383599e-02
4.831871608e-04 1.917529518e-04 4.831871608e-04 0.000000000e+00 2.195328172e-02 8.296668371e-04
4.831871608e-04 1.917529518e-04 0.000000000e+00 2.567671406e-03 4.831871608e-04 4.831871608e-04
1.917529518e-04 1.917529518e-04 1.917529518e-04 1.217555350e-03 1.917529518e-04 4.831871608e-04

1.927513195e-04 8.339865231e-04 1.409020693e-02 4.152701292e-03 2.581040067e-03 1.927513195e-04
3.608450113e-03 5.560682256e-02 0.000000000e+00 3.608450113e-03 3.176931142e-02 2.581040067e-03
5.295484336e-03 1.927513195e-04 0.000000000e+00 5.435989965e-01 0.000000000e+00 3.176931142e-02
8.339865231e-04 1.927513195e-04 4.831901720e-02 0.000000000e+00 1.829470904e-01 2.814036634e-02
1.223894589e-03 1.927513195e-04 0.000000000e+00 1.188212912e-02 1.927513195e-04 1.334378437e-02
1.927513195e-04 1.927513195e-04 1.648000600e-03 1.648000600e-03 3.084021111e-03 5.891897226e-03

2.036494345e-04 1.741178172e-03 1.354913602e-01 6.225023732e-03 2.220333486e-03 2.036494345e-04
4.982035164e-03 0.000000000e+00 0.000000000e+00 5.594889795e-03 1.731518955e-02 8.811399280e-04
2.623017300e-01 3.812471048e-03 0.000000000e+00 4.467346950e-02 0.000000000e+00 8.335629407e-02
8.811399280e-04 2.036494345e-04 6.225023732e-03 0.000000000e+00 3.483844192e-01 2.601724683e-02
2.220333486e-03 2.036494345e-04 0.000000000e+00 2.243133378e-02 0.000000000e+00 2.726971475e-03
2.036494345e-04 5.131644186e-04 1.293093306e-03 3.258390951e-03 7.533640413e-03 8.901880710e-03

0.000000000e+00 3.832629941e-02 3.698745002e-02 3.698745002e-02 3.698745002e-02 3.698745002e-02
3.698745002e-02 0.000000000e+00 0.000000000e+00 3.698745002e-02 3.698745002e-02 3.698745002e-02
3.698745002e-02 3.698745002e-02 0.000000000e+00 3.698745002e-02 0.000000000e+00 3.698745002e-02
3.698745002e-02 3.698745002e-02 0.000000000e+00 0.000000000e+00 3.698745002e-02 3.698745002e-02
3.698745002e-02 3.698745002e-02 0.000000000e+00 3.698745002e-02 0.000000000e+00 3.698745002e-02
3.698745002e-02 3.698745002e-02 3.698745002e-02 3.698745002e-02 3.698745002e-02 3.698745002e-02

0.000000000e+00 4.000000000e-02 4.000000000e-02 4.000000000e-02 4.000000000e-02 4.000000000e-02
4.000000000e-02 0.000000000e+00 0.000000000e+00 4.000000000e-02 4.000000000e-02 4.000000000e-02
4.000000000e-02 4.000000000e-02 0.000000000e+00 4.000000000e-02 0.000000000e+00 4.000000000e-02
4.000000000e-02 4.000000000e-02 0.000000000e+00 0.000000000e+00 0.000000000e+00 4.000000000e-02
4.000000000e-02 4.000000000e-02 0.000000000e+00 4.000000000e-02 0.000000000e+00 4.000000000e-02
4.000000000e-02 4.000000000e-02 0.000000000e+00 4.000000000e-02 4.000000000e-02 4.000000000e-02

