9.551573295e-04 1.024660291e-17 1.024660291e-17 2.956042177e-03 1.024660291e-17 1.024660291e-17
1.613738838e-02 1.024660291e-17 1.024660291e-17 1.024660291e-17 1.024660291e-17 3.222891068e-02
2.406845651e-03 1.024660291e-17 1.038345148e-01 8.380009442e-02 1.024660291e-17 1.401715561e-03
1.933515870e-01 7.609682826e-02 1.024660291e-17 1.011020975e-01 9.551573295e-04 2.207563677e-04
1.365029865e-01 2.207563677e-04 1.024660291e-01 0.000000000e+00 1.613738838e-02 1.206010709e-01
1.024660291e-17 1.024660291e-17 9.551573295e-04 7.448759527e-03 2.207563677e-04 1.024660291e-17

6.104539591e-18 6.104539591e-18 6.104539591e-18 6.104539591e-18 6.104539591e-18 6.104539591e-18
6.104539591e-18 6.104539591e-18 6.104539591e-18 6.104539591e-18 6.104539591e-18 6.104539591e-18
6.104539591e-18 6.104539591e-18 2.104490371e-01 5.302486338e-03 6.104539591e-18 6.104539591e-18
6.104539591e-18 5.748900736e-03 0.000000000e+00 6.104539591e-18 2.885045869e-02 6.104539591e-18
6.104539591e-18 6.104539591e-18 7.496491172e-01 0.000000000e+00 0.000000000e+00 6.104539591e-18
6.104539591e-18 6.104539591e-18 6.104539591e-18 6.104539591e-18 6.104539591e-18 6.104539591e-18

1.574617873e-04 1.574617873e-04 1.574617873e-04 1.574617873e-04 1.574617873e-04 1.574617873e-04
1.574617873e-04 1.574617873e-04 1.574617873e-04 1.574617873e-04 1.574617873e-04 9.122927765e-03
1.574617873e-04 1.574617873e-04 1.576649580e-01 9.706710660e-03 1.574617873e-04 1.574617873e-04
3.967788406e-04 9.122927765e-03 0.000000000e+00 0.000000000e+00 0.000000000e+00 3.967788406e-04
1.574617873e-04 1.574617873e-04 4.796086259e-01 0.000000000e+00 0.000000000e+00 1.574617873e-04
1.574617873e-04 1.574617873e-04 5.825012414e-03 1.574617873e-04 3.246911204e-01 1.574617873e-04

1.790496745e-04 1.790496745e-04 1.790496745e-04 1.790496745e-04 1.790496745e-04 1.790496745e-04
1.790496745e-04 1.790496745e-04 1.790496745e-04 1.790496745e-04 1.790496745e-04 1.790496745e-04
1.790496745e-04 1.790496745e-04 1.490787697e-01 2.291880134e-01 1.790496745e-04 1.790496745e-04
1.790496745e-04 0.000000000e+00 0.000000000e+00 0.000000000e+00 0.000000000e+00 1.363947137e-01
1.790496745e-04 1.790496745e-04 3.342447971e-01 0.000000000e+00 0.000000000e+00 0.000000000e+00
1.790496745e-04 1.790496745e-04 3.745045700e-02 1.790496745e-04 1.790496745e-04 1.095251065e-01

5.384179112e-04 1.244393764e-04 1.244393764e-04 1.244393764e-04 1.244393764e-04 1.244393764e-04
1.244393764e-04 1.244393764e-04 1.244393764e-04 1.244393764e-04 1.244393764e-04 3.135675794e-04
1.244393764e-04 1.244393764e-04 2.477378240e-02 2.922982127e-02 1.244393764e-04 3.135675794e-04
5.384179112e-04 0.000000000e+00 0.000000000e+00 0.000000000e+00 0.000000000e+00 9.584930243e-03
1.244393764e-04 1.244393764e-04 0.000000000e+00 0.000000000e+00 0.000000000e+00 0.000000000e+00
1.244393764e-04 1.666307744e-03 3.418740635e-03 9.226143354e-01 0.000000000e+00 5.017081270e-03

1.156316103e-04 1.156316103e-04 1.156316103e-04 7.342149590e-04 1.156316103e-04 1.156316103e-04
1.156316103e-04 1.156316103e-04 1.156316103e-04 1.156316103e-04 9.886363610e-04 1.156316103e-04
1.156316103e-04 1.156316103e-04 1.425647660e-02 0.000000000e+00 1.156316103e-04 5.862480009e-03
2.913733996e-04 0.000000000e+00 0.000000000e+00 0.000000000e+00 0.000000000e+00 1.260699481e-03
1.156316103e-04 0.000000000e+00 0.000000000e+00 0.000000000e+00 0.000000000e+00 0.000000000e+00
1.156316103e-04 1.260699481e-03 8.452721987e-03 9.633081178e-01 0.000000000e+00 1.850105764e-03

