6.789011641e-18 6.789011641e-18 6.789011641e-18 6.789011641e-18 1.462648219e-04 6.789011641e-18
6.789011641e-18 2.097077343e-01 6.495387816e-01 6.789011641e-18 6.393496747e-03 1.462648219e-04
6.789011641e-18 6.789011641e-18 1.176095215e-01 1.462648219e-04 2.340237151e-03 6.789011641e-18
6.789011641e-18 9.016475241e-03 1.250546637e-03 0.000000000e+00 2.340237151e-03 6.789011641e-18
6.328511297e-04 6.789011641e-18 1.462648219e-04 1.462648219e-04 6.789011641e-18 1.462648219e-04
6.789011641e-18 6.789011641e-18 6.789011641e-18 1.462648219e-04 1.462648219e-04 6.789011641e-18

5.103001906e-18 5.103001906e-18 5.103001906e-18 5.103001906e-18 5.103001906e-18 5.103001906e-18
4.756864021e-04 5.103001906e-18 9.766085512e-01 0.000000000e+00 8.905208307e-03 9.399809880e-04
1.099408433e-04 6.980808413e-04 0.000000000e+00 5.103001906e-18 1.099408433e-04 5.103001906e-18
5.103001906e-18 8.468182217e-03 5.103001906e-18 0.000000000e+00 5.103001906e-18 5.103001906e-18
1.099408433e-04 5.103001906e-18 5.103001906e-18 5.103001906e-18 2.770335655e-04 5.103001906e-18
5.103001906e-18 5.103001906e-18 5.103001906e-18 3.020420380e-03 5.103001906e-18 2.770335655e-04

4.708175054e-18 4.708175054e-18 4.708175054e-18 4.708175054e-18 4.708175054e-18 4.708175054e-18
1.014345566e-04 0.000000000e+00 9.981485832e-01 0.000000000e+00 6.440692876e-04 4.708175054e-18
4.708175054e-18 4.708175054e-18 0.000000000e+00 4.708175054e-18 4.708175054e-18 4.708175054e-18
4.708175054e-18 1.105912930e-03 4.708175054e-18 0.000000000e+00 4.708175054e-18 4.708175054e-18
4.708175054e-18 4.708175054e-18 4.708175054e-18 4.708175054e-18 0.000000000e+00 4.708175054e-18
4.708175054e-18 4.708175054e-18 4.708175054e-18 4.708175054e-18 4.708175054e-18 4.708175054e-18

3.184036397e-03 6.082972371e-03 8.747548349e-02 2.169666789e-03 1.701445516e-03 1.263585681e-03
3.184036397e-03 0.000000000e+00 0.000000000e+00 0.000000000e+00 2.106411873e-02 8.610328359e-04
3.184036397e-03 3.091208338e-02 0.000000000e+00 1.378170868e-01 6.974365971e-02 2.664743598e-03
1.701445516e-03 3.725472713e-03 1.990022748e-04 0.000000000e+00 2.664743598e-03 5.324129708e-01
1.532812987e-02 1.263585681e-03 5.014543100e-04 2.169666789e-03 0.000000000e+00 2.021737090e-02
1.263585681e-03 1.263585681e-03 5.467217718e-03 1.773054308e-02 2.278323728e-02 0.000000000e+00

1.723055849e-03 2.772268568e-03 6.985679048e-03 4.341828667e-03 1.286773083e-04 3.242464987e-04
1.286773083e-04 0.000000000e+00 0.000000000e+00 0.000000000e+00 9.349784707e-01 1.286773083e-04
1.402933120e-03 1.473192028e-02 0.000000000e+00 6.985679048e-03 0.000000000e+00 4.341828667e-03
5.567543777e-04 2.772268568e-03 0.000000000e+00 0.000000000e+00 2.772268568e-03 3.147933489e-03
2.772268568e-03 3.242464987e-04 1.286773083e-04 1.286773083e-04 0.000000000e+00 8.170499781e-04
3.242464987e-04 3.242464987e-04 5.567543777e-04 4.341828667e-03 2.058836932e-03 0.000000000e+00

1.167961670e-03 2.463084562e-03 8.040452623e-03 1.273396322e-02 1.947005546e-02 7.958727011e-04
4.635058961e-04 0.000000000e+00 0.000000000e+00 0.000000000e+00 0.000000000e+00 0.000000000e+00
1.167961670e-03 1.324448276e-01 0.000000000e+00 4.127040545e-01 0.000000000e+00 2.943354895e-01
1.572685712e-03 6.130201345e-02 0.000000000e+00 0.000000000e+00 1.839424368e-04 1.791282957e-02
1.489933738e-02 1.839424368e-04 4.635058961e-04 7.958727011e-04 0.000000000e+00 1.203147991e-02
1.839424368e-04 1.839424368e-04 2.463084562e-03 4.635058961e-04 1.572685712e-03 0.000000000e+00

4.417400516e-02 4.417400516e-02 4.417400516e-02 4.417400516e-02 4.417400516e-02 4.417400516e-02
4.417400516e-02 0.000000000e+00 0.000000000e+00 0.000000000e+00 0.000000000e+00 0.000000000e+00
4.417400516e-02 4.284049527e-02 0.000000000e+00 0.000000000e+00 0.000000000e+00 4.417400516e-02
4.417400516e-02 4.417400516e-02 0.000000000e+00 0.000000000e+00 0.000000000e+00 4.284049527e-02
4.284049527e-02 4.284049527e-02 4.284049527e-02 4.284049527e-02 0.000000000e+00 4.284049527e-02
4.284049527e-02 4.284049527e-02 4.284049527e-02 4.284049527e-02 4.284049527e-02 0.000000000e+00

