8.911659747e-18 4.837993242e-04 9.057088331e-03 1.919958891e-04 1.919958891e-04 1.919958891e-04
1.919958891e-04 1.919958891e-04 1.919958891e-04 1.919958891e-04 1.919958891e-04 4.681638719e-01
8.307179654e-04 1.919958891e-04 0.000000000e+00 2.982374416e-02 3.256534927e-02 1.183556071e-02
4.837993242e-04 1.919958891e-04 7.515112611e-02 1.557459326e-01 8.911659747e-18 1.212791069e-01
1.919958891e-04 1.919958891e-04 1.919958891e-04 1.919958891e-04 5.857636396e-02 1.919958891e-04
1.919958891e-04 1.919958891e-04 4.837993242e-04 1.255824769e-02 1.950556648e-02 1.919958891e-04

1.712384807e-03 1.015421048e-02 2.183616466e-03 4.899648674e-03 2.002817420e-04 1.271709792e-03
1.310021655e-02 5.046783653e-04 2.681876327e-03 4.393471711e-02 1.400747657e-01 1.271709792e-03
1.386510030e-02 2.681876327e-03 0.000000000e+00 2.002817420e-04 4.512027075e-01 4.899648674e-03
1.271709792e-03 2.183616466e-03 0.000000000e+00 2.126466861e-01 0.000000000e+00 4.496542316e-02
4.314939327e-03 1.712384807e-03 2.002817420e-04 5.046783653e-04 2.002817420e-04 3.749425304e-03
6.757904876e-03 5.502368702e-03 3.204507872e-03 6.122082294e-03 3.749425304e-03 8.074853845e-03

1.556978230e-04 2.914780706e-03 5.253554650e-03 2.322188816e-01 1.556978230e-04 1.556978230e-04
3.923339292e-04 6.736653549e-04 1.556978230e-04 3.495584982e-02 2.491165168e-03 1.556978230e-04
6.736653549e-04 1.556978230e-04 0.000000000e+00 0.000000000e+00 3.738714653e-02 4.759269996e-03
3.923339292e-04 6.805830081e-03 0.000000000e+00 6.594192352e-01 0.000000000e+00 2.491165168e-03
1.556978230e-04 1.556978230e-04 0.000000000e+00 4.277508372e-03 1.556978230e-04 1.556978230e-04
3.923339292e-04 2.084874545e-03 1.556978230e-04 3.923339292e-04 1.556978230e-04 1.556978230e-04

