1.404935970e-04 1.404935970e-04 1.404935970e-04 1.404935970e-04 3.540216804e-04 1.404935970e-04
1.404935970e-04 6.521135109e-18 1.404935970e-04 1.201203357e-03 1.404935970e-04 1.404935970e-04
1.404935970e-04 6.521135109e-18 6.078804896e-04 1.794876868e-02 3.437004588e-03 1.404935970e-04
1.404935970e-04 3.540216804e-04 7.878131145e-01 6.521135109e-18 1.438449539e-01 4.740533783e-03
3.540216804e-04 6.521135109e-18 1.404935970e-04 2.867575611e-02 1.404935970e-04 1.404935970e-04
1.404935970e-04 6.521135109e-18 1.404935970e-04 8.139834807e-03 1.404935970e-04 6.521135109e-18

6.900774914e-04 4.018921438e-04 4.513723760e-02 7.402916583e-18 6.900774914e-04 4.018921438e-04
7.402916583e-18 1.012704743e-03 1.594910030e-04 2.937849393e-02 7.402916583e-18 6.900774914e-04
1.012704743e-03 1.248586044e-01 7.402916583e-18 6.978775428e-01 5.867348760e-02 7.402916583e-18
7.402916583e-18 4.381718943e-03 0.000000000e+00 0.000000000e+00 6.900774914e-04 2.181806230e-02
7.402916583e-18 7.402916583e-18 1.012704743e-03 8.658503761e-03 7.402916583e-18 1.594910030e-04
7.402916583e-18 7.402916583e-18 7.402916583e-18 2.135667190e-03 1.594910030e-04 7.402916583e-18

7.849325987e-18 7.849325987e-18 4.239224650e-02 4.137035804e-03 3.643334385e-03 7.849325987e-18
7.849325987e-18 4.261269748e-04 1.264582253e-01 2.748858088e-01 1.843744339e-03 4.261269748e-04
1.042467699e-02 3.032218357e-02 0.000000000e+00 0.000000000e+00 7.849325987e-18 1.843744339e-03
7.849325987e-18 7.849325987e-18 0.000000000e+00 0.000000000e+00 4.901118015e-01 2.705737632e-03
7.849325987e-18 7.849325987e-18 1.073772691e-03 7.316904257e-04 7.849325987e-18 7.849325987e-18
7.849325987e-18 7.849325987e-18 7.849325987e-18 8.573743775e-03 7.849325987e-18 7.849325987e-18

5.944230377e-18 5.944230377e-18 5.944230377e-18 5.944230377e-18 5.944230377e-18 5.944230377e-18
5.944230377e-18 5.944230377e-18 5.944230377e-18 5.944230377e-18 5.944230377e-18 5.944230377e-18
5.944230377e-18 5.944230377e-18 0.000000000e+00 0.000000000e+00 0.000000000e+00 1.396252509e-03
5.944230377e-18 5.944230377e-18 0.000000000e+00 0.000000000e+00 5.944230377e-18 4.706358050e-01
5.944230377e-18 5.944230377e-18 0.000000000e+00 2.049032981e-03 5.259189095e-01 5.944230377e-18
5.944230377e-18 5.944230377e-18 5.944230377e-18 5.944230377e-18 5.944230377e-18 5.944230377e-18

3.609445831e-02 3.609445831e-02 3.609445831e-02 3.609445831e-02 3.609445831e-02 3.609445831e-02
3.609445831e-02 3.609445831e-02 3.609445831e-02 3.609445831e-02 3.609445831e-02 3.609445831e-02
3.609445831e-02 3.609445831e-02 0.000000000e+00 0.000000000e+00 0.000000000e+00 3.609445831e-02
3.609445831e-02 0.000000000e+00 0.000000000e+00 0.000000000e+00 0.000000000e+00 3.609445831e-02
3.609445831e-02 3.609445831e-02 0.000000000e+00 3.609445831e-02 3.476385421e-02 3.476385421e-02
3.476385421e-02 3.476385421e-02 3.476385421e-02 3.476385421e-02 3.476385421e-02 3.476385421e-02

