7.312828517e-18 7.312828517e-18 7.312828517e-18 7.312828517e-18 7.312828517e-18 7.312828517e-18
7.312828517e-18 7.312828517e-18 3.375484299e-02 6.816797544e-04 7.312828517e-18 7.312828517e-18
7.312828517e-18 2.083714428e-02 1.222292563e-01 7.312828517e-18 3.970014111e-04 7.312828517e-18
7.312828517e-18 7.312828517e-18 5.795947429e-02 6.740513025e-01 4.806724190e-02 7.312828517e-18
7.312828517e-18 7.312828517e-18 7.312828517e-18 4.202205662e-02 7.312828517e-18 7.312828517e-18
7.312828517e-18 7.312828517e-18 7.312828517e-18 7.312828517e-18 7.312828517e-18 7.312828517e-18

8.876860018e-18 8.876860018e-18 8.876860018e-18 8.876860018e-18 8.876860018e-18 1.250920816e-02
8.876860018e-18 8.876860018e-18 4.000150126e-02 8.876860018e-18 2.221928809e-01 8.876860018e-18
8.876860018e-18 1.032484170e-01 2.741998836e-01 0.000000000e+00 8.876860018e-18 8.876860018e-18
8.876860018e-18 8.876860018e-18 8.876860018e-18 0.000000000e+00 1.972519122e-01 8.876860018e-18
8.876860018e-18 7.942852076e-02 5.254132646e-03 5.412420027e-02 8.876860018e-18 8.876860018e-18
1.178934325e-02 8.876860018e-18 8.876860018e-18 8.876860018e-18 8.876860018e-18 8.876860018e-18

6.553671118e-18 6.553671118e-18 6.553671118e-18 6.553671118e-18 6.553671118e-18 6.553671118e-18
6.553671118e-18 6.553671118e-18 1.185725358e-01 6.553671118e-18 6.553671118e-18 6.553671118e-18
4.229230011e-02 6.939616087e-01 6.553671118e-18 0.000000000e+00 1.445626420e-01 6.553671118e-18
6.553671118e-18 6.553671118e-18 0.000000000e+00 0.000000000e+00 6.553671118e-18 6.553671118e-18
6.553671118e-18 6.109133980e-04 0.000000000e+00 6.553671118e-18 6.553671118e-18 6.553671118e-18
6.553671118e-18 6.553671118e-18 6.553671118e-18 6.553671118e-18 6.553671118e-18 6.553671118e-18

5.322334403e-18 5.322334403e-18 5.322334403e-18 5.322334403e-18 5.322334403e-18 5.322334403e-18
5.322334403e-18 5.322334403e-18 9.494274663e-01 5.322334403e-18 5.322334403e-18 5.322334403e-18
2.225563291e-02 5.322334403e-18 0.000000000e+00 0.000000000e+00 1.944909070e-02 5.322334403e-18
5.322334403e-18 5.322334403e-18 0.000000000e+00 0.000000000e+00 5.322334403e-18 5.322334403e-18
5.322334403e-18 6.225040081e-03 0.000000000e+00 2.146638119e-03 0.000000000e+00 5.322334403e-18
4.961319139e-04 5.322334403e-18 5.322334403e-18 5.322334403e-18 5.322334403e-18 5.322334403e-18

