1.515333814e-04 1.515333814e-04 1.515333814e-04 1.515333814e-04 1.515333814e-04 1.515333814e-04
6.556468624e-04 3.818401938e-04 3.818401938e-04 7.793633666e-02 3.707079455e-03 1.515333814e-04
1.515333814e-04 3.581854266e-01 0.000000000e+00 5.287488690e-01 1.515333814e-04 1.515333814e-04
1.515333814e-04 9.621769958e-04 2.424534101e-03 2.282791543e-02 1.515333814e-04 1.515333814e-04
1.515333814e-04 1.515333814e-04 1.515333814e-04 1.515333814e-04 1.515333814e-04 1.515333814e-04
1.515333814e-04 1.515333814e-04 1.515333814e-04 1.515333814e-04 1.515333814e-04 1.515333814e-04

1.105179841e-04 2.784878691e-04 1.105179841e-04 2.784878691e-04 2.784878691e-04 1.105179841e-04
1.105179841e-04 1.105179841e-04 0.000000000e+00 0.000000000e+00 2.381037788e-03 1.105179841e-04
1.105179841e-04 2.068980038e-03 0.000000000e+00 4.781835452e-04 1.105179841e-04 1.105179841e-04
1.105179841e-04 5.213503003e-03 3.036276251e-03 2.784878691e-04 9.831661543e-01 1.105179841e-04
1.105179841e-04 1.105179841e-04 1.105179841e-04 1.105179841e-04 1.105179841e-04 1.105179841e-04
1.105179841e-04 1.105179841e-04 1.105179841e-04 1.105179841e-04 1.105179841e-04 1.105179841e-04

1.400441571e-04 2.042432274e-01 1.400441571e-04 5.180678865e-03 1.400441571e-04 1.400441571e-04
1.400441571e-04 1.400441571e-04 0.000000000e+00 0.000000000e+00 6.945683160e-01 1.400441571e-04
1.400441571e-04 1.400441571e-04 0.000000000e+00 0.000000000e+00 1.400441571e-04 1.400441571e-04
1.400441571e-04 0.000000000e+00 1.400441571e-04 1.400441571e-04 1.400441571e-04 1.400441571e-04
1.400441571e-04 1.400441571e-04 1.400441571e-04 1.400441571e-04 1.400441571e-04 9.222658552e-02
1.400441571e-04 1.400441571e-04 1.400441571e-04 1.400441571e-04 1.400441571e-04 1.400441571e-04

