1.439980377e-04 3.628523176e-04 1.439980377e-04 6.230433239e-04 3.628523176e-04 1.439980377e-04
1.439980377e-04 6.683796837e-18 6.230433239e-04 1.439980377e-04 6.683796837e-18 3.628523176e-04
1.439980377e-04 1.231165904e-03 1.166384105e-02 5.805637082e-03 1.439980377e-04 3.628523176e-04
2.303968603e-03 3.382399548e-02 6.683796837e-18 7.859378555e-01 1.439980377e-04 1.439980377e-04
1.439980377e-04 1.439980377e-04 1.250786593e-01 1.439980377e-04 1.439980377e-04 1.439980377e-04
6.683796837e-18 3.628523176e-04 2.794866267e-02 1.439980377e-04 3.628523176e-04 6.230433239e-04

5.447517927e-18 7.452099700e-04 1.173632160e-04 1.173632160e-04 1.173632160e-04 5.447517927e-18
1.003441382e-03 4.341638704e-03 4.341638704e-03 1.173632160e-04 5.447517927e-18 1.173632160e-04
1.173632160e-04 5.447517927e-18 9.538871998e-01 0.000000000e+00 1.173632160e-04 2.957367726e-04
2.197127943e-03 2.574533076e-02 0.000000000e+00 1.279578699e-03 5.447517927e-18 5.447517927e-18
1.173632160e-04 1.173632160e-04 2.957367726e-04 5.447517927e-18 5.447517927e-18 5.447517927e-18
1.173632160e-04 1.173632160e-04 4.341638704e-03 1.173632160e-04 1.173632160e-04 5.447517927e-18

5.777424012e-18 5.777424012e-18 5.777424012e-18 2.330187785e-03 5.777424012e-18 5.777424012e-18
5.777424012e-18 5.777424012e-18 1.317506688e-02 5.777424012e-18 5.777424012e-18 1.244708271e-04
5.777424012e-18 0.000000000e+00 2.603461510e-02 0.000000000e+00 5.777424012e-18 5.777424012e-18
5.777424012e-18 9.074796880e-01 0.000000000e+00 5.777424012e-18 1.317506688e-02 5.777424012e-18
5.777424012e-18 5.777424012e-18 3.522624595e-02 0.000000000e+00 5.777424012e-18 5.777424012e-18
2.330187785e-03 5.777424012e-18 1.244708271e-04 5.777424012e-18 5.777424012e-18 5.777424012e-18

6.078731538e-18 6.078731538e-18 6.078731538e-18 6.078731538e-18 6.078731538e-18 6.078731538e-18
6.078731538e-18 6.078731538e-18 6.078731538e-18 6.078731538e-18 6.078731538e-18 6.078731538e-18
6.078731538e-18 0.000000000e+00 1.851504502e-02 0.000000000e+00 6.078731538e-18 6.078731538e-18
6.983274008e-01 6.078731538e-18 0.000000000e+00 0.000000000e+00 0.000000000e+00 6.078731538e-18
6.078731538e-18 2.735841519e-01 9.573402276e-03 0.000000000e+00 6.078731538e-18 6.078731538e-18
6.078731538e-18 6.078731538e-18 6.078731538e-18 6.078731538e-18 6.078731538e-18 6.078731538e-18

4.982376722e-18 4.982376722e-18 4.982376722e-18 4.982376722e-18 4.982376722e-18 4.982376722e-18
4.982376722e-18 4.982376722e-18 4.982376722e-18 4.982376722e-18 4.982376722e-18 4.982376722e-18
4.982376722e-18 0.000000000e+00 9.660490775e-01 0.000000000e+00 4.982376722e-18 4.982376722e-18
0.000000000e+00 0.000000000e+00 0.000000000e+00 0.000000000e+00 0.000000000e+00 4.982376722e-18
4.982376722e-18 4.982376722e-18 3.395092253e-02 0.000000000e+00 4.982376722e-18 4.982376722e-18
4.982376722e-18 4.982376722e-18 4.982376722e-18 4.982376722e-18 4.982376722e-18 4.982376722e-18

4.842525065e-18 4.842525065e-18 4.842525065e-18 4.842525065e-18 4.842525065e-18 4.842525065e-18
4.842525065e-18 0.000000000e+00 0.000000000e+00 4.842525065e-18 4.842525065e-18 4.842525065e-18
4.560408774e-03 0.000000000e+00 9.893950371e-01 0.000000000e+00 4.842525065e-18 4.842525065e-18
0.000000000e+00 0.000000000e+00 0.000000000e+00 0.000000000e+00 0.000000000e+00 4.842525065e-18
4.842525065e-18 4.842525065e-18 6.044554119e-03 0.000000000e+00 4.842525065e-18 4.842525065e-18
4.842525065e-18 4.842525065e-18 4.842525065e-18 4.842525065e-18 4.842525065e-18 4.842525065e-18

