7.312828517e-18 7.312828517e-18 7.312828517e-18 7.312828517e-18 7.312828517e-18 7.312828517e-18
7.312828517e-18 7.312828517e-18 3.375484299e-02 6.816797544e-04 7.312828517e-18 7.312828517e-18
7.312828517e-18 2.083714428e-02 1.222292563e-01 7.312828517e-18 3.970014111e-04 7.312828517e-18
7.312828517e-18 7.312828517e-18 5.795947429e-02 6.740513025e-01 4.806724190e-02 7.312828517e-18
7.312828517e-18 7.312828517e-18 7.312828517e-18 4.202205662e-02 7.312828517e-18 7.312828517e-18
7.312828517e-18 7.312828517e-18 7.312828517e-18 7.312828517e-18 7.312828517e-18 7.312828517e-18

7.127488171e-18 7.243801018e-03 7.127488171e-18 7.127488171e-18 7.127488171e-18 7.127488171e-18
7.127488171e-18 7.127488171e-18 7.127488171e-18 1.202131911e-01 7.127488171e-18 7.127488171e-18
7.127488171e-18 7.127488171e-18 0.000000000e+00 0.000000000e+00 7.127488171e-18 7.127488171e-18
7.127488171e-18 7.127488171e-18 1.180520808e-01 5.595432085e-01 1.928915097e-01 7.127488171e-18
7.127488171e-18 7.127488171e-18 7.127488171e-18 7.127488171e-18 7.127488171e-18 2.056208856e-03
7.127488171e-18 7.127488171e-18 7.127488171e-18 7.127488171e-18 7.127488171e-18 7.127488171e-18

7.962755851e-18 7.962755851e-18 7.962755851e-18 2.817667058e-01 7.962755851e-18 7.962755851e-18
2.039232454e-02 2.060172677e-01 0.000000000e+00 7.962755851e-18 3.475943089e-01 3.076036657e-02
7.962755851e-18 7.962755851e-18 0.000000000e+00 0.000000000e+00 7.962755851e-18 7.962755851e-18
7.962755851e-18 7.962755851e-18 0.000000000e+00 9.929012931e-02 1.187622423e-02 7.962755851e-18
7.962755851e-18 7.962755851e-18 7.962755851e-18 1.870388113e-03 7.962755851e-18 7.962755851e-18
7.962755851e-18 7.962755851e-18 4.322848952e-04 7.962755851e-18 7.962755851e-18 7.962755851e-18

5.243501095e-18 5.243501095e-18 5.243501095e-18 5.243501095e-18 5.243501095e-18 5.243501095e-18
5.243501095e-18 9.210242820e-01 0.000000000e+00 0.000000000e+00 5.243501095e-18 7.746302053e-02
5.243501095e-18 5.243501095e-18 0.000000000e+00 0.000000000e+00 5.243501095e-18 5.243501095e-18
5.243501095e-18 5.243501095e-18 0.000000000e+00 0.000000000e+00 1.512697479e-03 5.243501095e-18
5.243501095e-18 5.243501095e-18 5.243501095e-18 5.243501095e-18 5.243501095e-18 5.243501095e-18
5.243501095e-18 5.243501095e-18 5.243501095e-18 5.243501095e-18 5.243501095e-18 5.243501095e-18

