6.243298529e-18 6.243298529e-18 6.243298529e-18 6.243298529e-18 6.243298529e-18 6.243298529e-18
1.345077893e-04 6.819495329e-03 6.243298529e-18 8.439814947e-01 3.300676955e-02 6.243298529e-18
6.243298529e-18 3.389383903e-04 6.345182363e-03 8.138803113e-02 5.819814041e-04 6.243298529e-18
6.243298529e-18 3.389383903e-04 1.963721170e-02 0.000000000e+00 6.819495329e-03 6.243298529e-18
6.243298529e-18 6.243298529e-18 1.345077893e-04 1.345077893e-04 6.243298529e-18 3.389383903e-04
6.243298529e-18 6.243298529e-18 6.243298529e-18 6.243298529e-18 6.243298529e-18 6.243298529e-18

2.017524735e-04 5.083843763e-04 2.017524735e-04 1.724959384e-03 2.309810016e-02 9.364520278e-18
6.167038659e-03 7.422062079e-02 0.000000000e+00 5.931483583e-02 2.486394183e-01 2.017524735e-04
5.083843763e-04 5.083843763e-04 2.550351352e-01 7.540105724e-02 9.364520278e-18 1.281048354e-03
2.017524735e-04 2.017524735e-04 5.083843763e-04 0.000000000e+00 2.065651095e-01 5.542774315e-03
5.083843763e-04 2.017524735e-04 0.000000000e+00 2.017524735e-04 1.797557804e-02 2.701570183e-03
5.083843763e-04 1.724959384e-03 2.017524735e-04 1.553996364e-02 2.017524735e-04 2.017524735e-04

1.491182106e-04 1.491182106e-04 1.491182106e-04 1.491182106e-04 9.468416173e-04 1.491182106e-04
1.625794627e-03 1.625794627e-03 0.000000000e+00 4.466568636e-02 5.226095905e-02 1.491182106e-04
1.491182106e-04 3.212654458e-03 0.000000000e+00 6.451970254e-04 0.000000000e+00 1.032315241e-02
1.491182106e-04 1.491182106e-04 4.558148674e-03 0.000000000e+00 7.917435421e-01 1.491182106e-04
1.491182106e-04 3.757543448e-04 0.000000000e+00 1.491182106e-04 2.673778685e-02 5.836792393e-02
1.491182106e-04 1.491182106e-04 1.491182106e-04 3.757543448e-04 1.491182106e-04 1.491182106e-04

5.334125456e-18 5.334125456e-18 5.334125456e-18 1.149202493e-04 5.334125456e-18 5.334125456e-18
5.334125456e-18 2.475881716e-03 0.000000000e+00 5.334125456e-18 3.252335555e-02 5.334125456e-18
5.334125456e-18 5.334125456e-18 0.000000000e+00 0.000000000e+00 0.000000000e+00 5.334125456e-18
5.334125456e-18 5.334125456e-18 5.334125456e-18 0.000000000e+00 9.486086531e-01 5.334125456e-18
5.334125456e-18 1.149202493e-04 0.000000000e+00 1.149202493e-04 0.000000000e+00 9.771035722e-03
5.334125456e-18 5.334125456e-18 5.023369462e-03 5.334125456e-18 5.334125456e-18 1.252943709e-03

