6.468507115e-18 1.393597612e-04 6.468507115e-18 3.409266678e-03 1.393597612e-04 6.468507115e-18
1.393597612e-04 6.468507115e-18 1.393597612e-04 5.208299632e-02 8.848793262e-04 1.393597612e-04
1.393597612e-04 6.468507115e-18 7.750300650e-01 6.468507115e-18 1.458459893e-01 7.565611817e-03
1.393597612e-04 6.468507115e-18 1.866099430e-03 1.073417136e-02 3.511645933e-04 1.393597612e-04
1.393597612e-04 6.468507115e-18 6.468507115e-18 1.393597612e-04 6.468507115e-18 6.468507115e-18
1.393597612e-04 1.393597612e-04 1.393597612e-04 1.393597612e-04 1.393597612e-04 1.393597612e-04

5.906885814e-18 3.206750983e-04 5.506220283e-04 9.163153797e-02 5.906885814e-18 5.906885814e-18
3.206750983e-04 1.272599971e-04 5.906885814e-18 8.564006612e-01 1.272599971e-04 5.906885814e-18
1.272599971e-04 1.272599971e-04 4.460038429e-02 0.000000000e+00 1.387480568e-03 2.382403151e-03
5.906885814e-18 5.906885814e-18 0.000000000e+00 1.387480568e-03 5.906885814e-18 1.272599971e-04
1.272599971e-04 5.906885814e-18 5.906885814e-18 1.272599971e-04 5.906885814e-18 5.906885814e-18
5.906885814e-18 5.906885814e-18 5.906885814e-18 1.272599971e-04 5.906885814e-18 5.906885814e-18

6.860113978e-18 5.467469178e-03 3.724242847e-04 1.084651318e-01 6.860113978e-18 6.860113978e-18
6.860113978e-18 1.477966753e-04 0.000000000e+00 4.946160825e-01 9.384503915e-04 3.724242847e-04
3.724242847e-04 6.860113978e-18 3.785018435e-01 0.000000000e+00 0.000000000e+00 1.263643799e-03
6.860113978e-18 6.860113978e-18 0.000000000e+00 8.023637983e-03 6.860113978e-18 6.860113978e-18
6.860113978e-18 6.860113978e-18 6.860113978e-18 1.477966753e-04 6.860113978e-18 6.860113978e-18
6.860113978e-18 3.724242847e-04 6.860113978e-18 6.860113978e-18 9.384503915e-04 6.860113978e-18

5.826808569e-18 5.826808569e-18 5.921895741e-03 1.275833761e-01 5.826808569e-18 5.826808569e-18
3.163278366e-04 1.073307315e-03 0.000000000e+00 1.547746090e-02 3.163278366e-04 5.826808569e-18
5.826808569e-18 1.255347852e-04 8.478241450e-01 0.000000000e+00 0.000000000e+00 1.255347852e-04
5.826808569e-18 5.826808569e-18 0.000000000e+00 0.000000000e+00 0.000000000e+00 5.826808569e-18
1.255347852e-04 5.826808569e-18 5.826808569e-18 3.163278366e-04 5.826808569e-18 1.255347852e-04
5.826808569e-18 5.826808569e-18 1.255347852e-04 5.826808569e-18 5.431574698e-04 5.826808569e-18

4.930049598e-18 0.000000000e+00 6.153804308e-03 2.676442696e-04 4.930049598e-18 4.930049598e-18
2.676442696e-04 4.595643111e-04 0.000000000e+00 3.583895485e-03 4.930049598e-18 4.930049598e-18
4.930049598e-18 9.877596028e-01 4.930049598e-18 0.000000000e+00 0.000000000e+00 4.930049598e-18
4.930049598e-18 0.000000000e+00 0.000000000e+00 0.000000000e+00 0.000000000e+00 4.930049598e-18
4.930049598e-18 4.930049598e-18 6.744212984e-04 4.930049598e-18 4.930049598e-18 4.930049598e-18
4.930049598e-18 1.062146988e-04 4.930049598e-18 4.930049598e-18 4.595643111e-04 2.676442696e-04

