8.200758039e-18 8.200758039e-18 8.200758039e-18 8.200758039e-18 8.200758039e-18 8.200758039e-18
8.200758039e-18 1.766799761e-04 1.766799761e-04 7.337888385e-02 8.200758039e-18 8.200758039e-18
8.200758039e-18 8.200758039e-18 5.588162366e-02 3.344746393e-01 1.946073421e-02 8.200758039e-18
8.200758039e-18 7.766326462e-02 3.754739243e-01 8.200758039e-18 2.826879617e-03 8.200758039e-18
8.200758039e-18 8.200758039e-18 4.807881281e-02 1.223119774e-02 1.766799761e-04 8.200758039e-18
8.200758039e-18 8.200758039e-18 8.200758039e-18 8.200758039e-18 8.200758039e-18 8.200758039e-18

2.345627367e-03 6.804648622e-18 6.804648622e-18 6.804648622e-18 6.804648622e-18 6.804648622e-18
6.804648622e-18 3.936263349e-01 6.804648622e-18 4.481225932e-03 6.804648622e-18 6.804648622e-18
6.804648622e-18 6.804648622e-18 6.804648622e-18 1.807484865e-02 4.481225932e-03 6.804648622e-18
6.804648622e-18 9.037242689e-03 3.140916614e-02 0.000000000e+00 6.804648622e-18 6.804648622e-18
6.804648622e-18 6.804648622e-18 2.345627367e-03 6.804648622e-18 5.341987010e-01 6.804648622e-18
6.804648622e-18 0.000000000e+00 6.804648622e-18 6.804648622e-18 6.804648622e-18 6.804648622e-18

1.161056787e-03 6.303185993e-18 6.303185993e-18 6.303185993e-18 6.303185993e-18 6.303185993e-18
6.303185993e-18 1.818405944e-03 1.082302017e-01 6.303185993e-18 6.303185993e-18 6.303185993e-18
6.303185993e-18 6.303185993e-18 0.000000000e+00 6.884909833e-03 6.303185993e-18 6.303185993e-18
6.303185993e-18 1.495771814e-02 6.303185993e-18 0.000000000e+00 0.000000000e+00 6.303185993e-18
6.303185993e-18 6.303185993e-18 7.961468711e-01 6.303185993e-18 6.898243059e-02 6.303185993e-18
6.303185993e-18 0.000000000e+00 1.818405944e-03 6.303185993e-18 6.303185993e-18 6.303185993e-18

5.762570854e-18 5.762570854e-18 5.762570854e-18 5.762570854e-18 5.762570854e-18 5.762570854e-18
5.762570854e-18 5.762570854e-18 7.789957727e-01 5.762570854e-18 5.762570854e-18 5.762570854e-18
5.762570854e-18 5.762570854e-18 0.000000000e+00 5.762570854e-18 2.324197114e-03 5.762570854e-18
5.762570854e-18 6.294401082e-03 0.000000000e+00 0.000000000e+00 0.000000000e+00 5.762570854e-18
5.762570854e-18 0.000000000e+00 5.762570854e-18 5.762570854e-18 5.762570854e-18 5.762570854e-18
5.762570854e-18 0.000000000e+00 2.123856291e-01 5.762570854e-18 5.762570854e-18 5.762570854e-18

