7.710567434e-18 7.710567434e-18 7.710567434e-18 7.710567434e-18 7.710567434e-18 7.710567434e-18
7.710567434e-18 7.710567434e-18 1.661191396e-04 7.187557731e-04 7.710567434e-18 7.710567434e-18
7.710567434e-18 4.185940015e-04 4.520495868e-02 4.879592262e-01 1.420298665e-03 7.710567434e-18
7.710567434e-18 7.710567434e-18 2.884625110e-01 2.897841690e-02 7.187557731e-04 7.710567434e-18
7.710567434e-18 6.305956076e-02 7.505640758e-02 7.710567434e-18 7.836395499e-03 7.710567434e-18
7.710567434e-18 7.710567434e-18 7.710567434e-18 7.710567434e-18 7.710567434e-18 7.710567434e-18

7.316606077e-18 7.316606077e-18 7.316606077e-18 7.316606077e-18 7.316606077e-18 7.316606077e-18
6.076712322e-02 7.316606077e-18 7.316606077e-18 3.972064886e-04 7.316606077e-18 7.316606077e-18
7.316606077e-18 2.093501362e-01 0.000000000e+00 2.535642149e-01 7.316606077e-18 7.316606077e-18
7.316606077e-18 7.316606077e-18 7.316606077e-18 4.506907900e-01 7.316606077e-18 7.316606077e-18
7.316606077e-18 7.316606077e-18 7.316606077e-18 0.000000000e+00 7.316606077e-18 7.316606077e-18
7.316606077e-18 7.316606077e-18 7.316606077e-18 7.316606077e-18 2.523052912e-02 7.316606077e-18

9.941013472e-18 9.941013472e-18 9.941013472e-18 9.024183693e-02 9.941013472e-18 2.266988144e-02
8.130088329e-02 9.941013472e-18 5.482819655e-02 6.534230882e-02 3.632685549e-02 9.941013472e-18
9.941013472e-18 0.000000000e+00 0.000000000e+00 9.941013472e-18 9.941013472e-18 9.941013472e-18
2.335065118e-03 9.941013472e-18 0.000000000e+00 1.556926258e-01 9.941013472e-18 9.941013472e-18
9.941013472e-18 1.798581520e-01 9.941013472e-18 0.000000000e+00 4.479686084e-02 2.257665693e-01
2.175858422e-02 9.941013472e-18 9.941013472e-18 9.941013472e-18 1.908218021e-02 9.941013472e-18

6.287576116e-18 6.287576116e-18 6.287576116e-18 6.287576116e-18 6.287576116e-18 6.287576116e-18
6.287576116e-18 6.287576116e-18 6.287576116e-18 6.287576116e-18 3.252792567e-02 6.287576116e-18
6.287576116e-18 0.000000000e+00 0.000000000e+00 0.000000000e+00 6.287576116e-18 6.287576116e-18
6.287576116e-18 6.287576116e-18 0.000000000e+00 0.000000000e+00 6.287576116e-18 6.287576116e-18
6.287576116e-18 6.537143330e-01 3.014462849e-01 0.000000000e+00 6.287576116e-18 6.390182512e-03
6.287576116e-18 6.287576116e-18 6.287576116e-18 6.287576116e-18 5.921273901e-03 6.287576116e-18

4.685224046e-18 4.685224046e-18 4.685224046e-18 4.685224046e-18 4.685224046e-18 4.685224046e-18
4.685224046e-18 4.685224046e-18 4.685224046e-18 4.685224046e-18 4.685224046e-18 4.685224046e-18
4.685224046e-18 0.000000000e+00 0.000000000e+00 0.000000000e+00 0.000000000e+00 4.685224046e-18
4.685224046e-18 4.685224046e-18 0.000000000e+00 0.000000000e+00 4.685224046e-18 4.685224046e-18
4.685224046e-18 9.986483599e-01 4.685224046e-18 0.000000000e+00 0.000000000e+00 1.351640149e-03
4.685224046e-18 4.685224046e-18 4.685224046e-18 4.685224046e-18 4.685224046e-18 4.685224046e-18

5.524331118e-18 5.524331118e-18 5.524331118e-18 1.011945391e-02 5.524331118e-18 7.557178667e-04
5.524331118e-18 5.524331118e-18 1.297621508e-03 5.524331118e-18 1.209148587e-02 5.524331118e-18
1.904289696e-03 0.000000000e+00 0.000000000e+00 0.000000000e+00 0.000000000e+00 5.524331118e-18
2.564167363e-03 1.017590492e-03 0.000000000e+00 0.000000000e+00 5.524331118e-18 5.524331118e-18
5.524331118e-18 0.000000000e+00 0.000000000e+00 0.000000000e+00 0.000000000e+00 5.149614367e-04
7.784848218e-03 5.524331118e-18 9.507988478e-01 5.524331118e-18 8.239382988e-03 2.911632880e-03

