6.468507115e-18 1.393597612e-04 6.468507115e-18 3.409266678e-03 1.393597612e-04 6.468507115e-18
1.393597612e-04 6.468507115e-18 1.393597612e-04 5.208299632e-02 8.848793262e-04 1.393597612e-04
1.393597612e-04 6.468507115e-18 7.750300650e-01 6.468507115e-18 1.458459893e-01 7.565611817e-03
1.393597612e-04 6.468507115e-18 1.866099430e-03 1.073417136e-02 3.511645933e-04 1.393597612e-04
1.393597612e-04 6.468507115e-18 6.468507115e-18 1.393597612e-04 6.468507115e-18 6.468507115e-18
1.393597612e-04 1.393597612e-04 1.393597612e-04 1.393597612e-04 1.393597612e-04 1.393597612e-04

4.952257886e-18 1.066931618e-04 1.066931618e-04 1.163246049e-03 4.952257886e-18 1.066931618e-04
4.952257886e-18 4.952257886e-18 4.952257886e-18 6.774593493e-04 9.122137020e-04 4.952257886e-18
1.066931618e-04 4.952257886e-18 1.066931618e-04 0.000000000e+00 9.880203990e-01 6.978686678e-03
4.952257886e-18 4.952257886e-18 0.000000000e+00 9.122137020e-04 4.952257886e-18 1.066931618e-04
4.952257886e-18 4.952257886e-18 4.952257886e-18 1.066931618e-04 1.066931618e-04 1.066931618e-04
4.952257886e-18 4.952257886e-18 4.952257886e-18 1.066931618e-04 2.688499209e-04 4.952257886e-18

4.968959695e-18 4.968959695e-18 4.968959695e-18 4.968959695e-18 4.968959695e-18 4.968959695e-18
4.968959695e-18 4.968959695e-18 4.968959695e-18 4.968959695e-18 9.704051501e-01 4.968959695e-18
4.968959695e-18 4.968959695e-18 0.000000000e+00 0.000000000e+00 4.968959695e-18 2.913165855e-02
4.968959695e-18 4.968959695e-18 0.000000000e+00 4.631913926e-04 0.000000000e+00 4.968959695e-18
4.968959695e-18 4.968959695e-18 4.968959695e-18 4.968959695e-18 4.968959695e-18 4.968959695e-18
4.968959695e-18 4.968959695e-18 4.968959695e-18 4.968959695e-18 4.968959695e-18 4.968959695e-18

4.670209888e-18 4.670209888e-18 4.670209888e-18 4.670209888e-18 4.670209888e-18 4.670209888e-18
4.670209888e-18 4.670209888e-18 4.670209888e-18 4.353428393e-04 4.670209888e-18 4.670209888e-18
4.670209888e-18 4.670209888e-18 0.000000000e+00 0.000000000e+00 0.000000000e+00 9.994640405e-01
4.670209888e-18 0.000000000e+00 0.000000000e+00 1.006166219e-04 0.000000000e+00 4.670209888e-18
4.670209888e-18 4.670209888e-18 4.670209888e-18 4.670209888e-18 4.670209888e-18 4.670209888e-18
4.670209888e-18 4.670209888e-18 4.670209888e-18 4.670209888e-18 4.670209888e-18 4.670209888e-18

