8.200758039e-18 8.200758039e-18 8.200758039e-18 8.200758039e-18 8.200758039e-18 8.200758039e-18
8.200758039e-18 1.766799761e-04 1.766799761e-04 7.337888385e-02 8.200758039e-18 8.200758039e-18
8.200758039e-18 8.200758039e-18 5.588162366e-02 3.344746393e-01 1.946073421e-02 8.200758039e-18
8.200758039e-18 7.766326462e-02 3.754739243e-01 8.200758039e-18 2.826879617e-03 8.200758039e-18
8.200758039e-18 8.200758039e-18 4.807881281e-02 1.223119774e-02 1.766799761e-04 8.200758039e-18
8.200758039e-18 8.200758039e-18 8.200758039e-18 8.200758039e-18 8.200758039e-18 8.200758039e-18

7.151092687e-18 7.151092687e-18 7.151092687e-18 7.151092687e-18 7.151092687e-18 7.151092687e-18
7.151092687e-18 7.151092687e-18 7.151092687e-18 2.808738742e-01 7.151092687e-18 7.151092687e-18
7.151092687e-18 7.151092687e-18 0.000000000e+00 4.586124094e-01 7.151092687e-18 7.151092687e-18
2.884224664e-03 1.694663842e-01 7.151092687e-18 0.000000000e+00 8.816310749e-02 7.151092687e-18
7.151092687e-18 7.151092687e-18 7.151092687e-18 7.151092687e-18 7.151092687e-18 7.151092687e-18
7.151092687e-18 7.151092687e-18 7.151092687e-18 7.151092687e-18 7.151092687e-18 7.151092687e-18

6.172221705e-18 6.172221705e-18 6.172221705e-18 6.172221705e-18 6.172221705e-18 6.172221705e-18
6.172221705e-18 6.172221705e-18 6.172221705e-18 6.172221705e-18 6.172221705e-18 6.172221705e-18
6.172221705e-18 3.350797466e-04 0.000000000e+00 0.000000000e+00 1.155051888e-01 6.172221705e-18
6.172221705e-18 7.364697076e-01 0.000000000e+00 0.000000000e+00 1.472910944e-01 1.329764856e-04
6.172221705e-18 6.172221705e-18 6.172221705e-18 1.329764856e-04 6.172221705e-18 6.172221705e-18
6.172221705e-18 6.172221705e-18 1.329764856e-04 6.172221705e-18 6.172221705e-18 6.172221705e-18

7.213960014e-18 7.213960014e-18 7.213960014e-18 7.213960014e-18 7.213960014e-18 7.213960014e-18
7.213960014e-18 7.213960014e-18 7.213960014e-18 7.213960014e-18 7.213960014e-18 7.213960014e-18
7.213960014e-18 4.750779428e-03 0.000000000e+00 0.000000000e+00 3.644855079e-01 7.213960014e-18
6.548638175e-02 7.213960014e-18 0.000000000e+00 0.000000000e+00 3.760675472e-01 1.878648567e-01
0.000000000e+00 6.724635316e-04 0.000000000e+00 7.213960014e-18 7.213960014e-18 7.213960014e-18
7.213960014e-18 7.213960014e-18 7.213960014e-18 6.724635316e-04 7.213960014e-18 7.213960014e-18

