6.243298529e-18 6.243298529e-18 6.243298529e-18 6.243298529e-18 6.243298529e-18 6.243298529e-18
1.345077893e-04 6.819495329e-03 6.243298529e-18 8.439814947e-01 3.300676955e-02 6.243298529e-18
6.243298529e-18 3.389383903e-04 6.345182363e-03 8.138803113e-02 5.819814041e-04 6.243298529e-18
6.243298529e-18 3.389383903e-04 1.963721170e-02 0.000000000e+00 6.819495329e-03 6.243298529e-18
6.243298529e-18 6.243298529e-18 1.345077893e-04 1.345077893e-04 6.243298529e-18 3.389383903e-04
6.243298529e-18 6.243298529e-18 6.243298529e-18 6.243298529e-18 6.243298529e-18 6.243298529e-18

2.017524735e-04 5.083843763e-04 2.017524735e-04 1.724959384e-03 2.309810016e-02 9.364520278e-18
6.167038659e-03 7.422062079e-02 0.000000000e+00 5.931483583e-02 2.486394183e-01 2.017524735e-04
5.083843763e-04 5.083843763e-04 2.550351352e-01 7.540105724e-02 9.364520278e-18 1.281048354e-03
2.017524735e-04 2.017524735e-04 5.083843763e-04 0.000000000e+00 2.065651095e-01 5.542774315e-03
5.083843763e-04 2.017524735e-04 0.000000000e+00 2.017524735e-04 1.797557804e-02 2.701570183e-03
5.083843763e-04 1.724959384e-03 2.017524735e-04 1.553996364e-02 2.017524735e-04 2.017524735e-04

1.596737843e-04 1.596737843e-04 1.596737843e-04 1.596737843e-04 1.596737843e-04 1.596737843e-04
1.596737843e-04 2.138114728e-03 0.000000000e+00 5.473573703e-01 1.040766326e-01 4.023527240e-04
1.596737843e-04 4.023527240e-04 0.000000000e+00 1.365191653e-03 0.000000000e+00 1.596737843e-04
1.596737843e-04 1.596737843e-04 1.596737843e-04 0.000000000e+00 2.289328842e-01 4.023527240e-04
1.596737843e-04 1.365191653e-03 0.000000000e+00 1.596737843e-04 1.051537475e-01 1.596737843e-04
1.596737843e-04 2.989213702e-03 4.023527240e-04 2.138114728e-03 1.596737843e-04 1.596737843e-04

6.275340690e-04 1.450359406e-04 1.450359406e-04 1.450359406e-04 3.654676691e-04 1.450359406e-04
1.450359406e-04 0.000000000e+00 0.000000000e+00 1.942106413e-03 6.275340690e-04 9.209208186e-04
1.450359406e-04 1.240039849e-03 0.000000000e+00 1.450359406e-04 0.000000000e+00 1.441362850e-01
1.450359406e-04 1.450359406e-04 1.450359406e-04 0.000000000e+00 6.870533266e-01 1.450359406e-04
3.654676691e-04 1.450359406e-04 0.000000000e+00 1.450359406e-04 1.506874518e-01 1.450359406e-04
1.450359406e-04 8.940721017e-03 0.000000000e+00 1.450359406e-04 1.450359406e-04 6.275340690e-04

