8.201760919e-18 8.201760919e-18 8.201760919e-18 8.201760919e-18 8.201760919e-18 8.201760919e-18
8.201760919e-18 8.201760919e-18 2.290052508e-01 3.307986928e-03 8.201760919e-18 8.201760919e-18
8.201760919e-18 1.767015824e-04 2.417243646e-02 3.532932635e-01 9.539621324e-02 8.201760919e-18
8.201760919e-18 8.201760919e-18 1.370871934e-01 7.723941941e-03 1.496603105e-01 8.201760919e-18
8.201760919e-18 1.767015824e-04 8.201760919e-18 8.201760919e-18 8.201760919e-18 8.201760919e-18
8.201760919e-18 8.201760919e-18 8.201760919e-18 8.201760919e-18 8.201760919e-18 8.201760919e-18

6.593959680e-18 6.593959680e-18 6.593959680e-18 6.593959680e-18 6.593959680e-18 1.214617758e-03
6.593959680e-18 6.593959680e-18 2.454667538e-01 6.593959680e-18 0.000000000e+00 6.593959680e-18
6.593959680e-18 6.593959680e-18 0.000000000e+00 6.593959680e-18 6.593959680e-18 6.593959680e-18
6.593959680e-18 6.593959680e-18 1.275277658e-01 1.150706694e-02 6.139258205e-01 6.593959680e-18
6.593959680e-18 3.579752064e-04 6.593959680e-18 6.593959680e-18 6.593959680e-18 6.593959680e-18
6.593959680e-18 6.593959680e-18 6.593959680e-18 6.593959680e-18 6.593959680e-18 6.593959680e-18

6.018571023e-18 6.018571023e-18 6.018571023e-18 6.018571023e-18 6.018571023e-18 4.469717129e-02
1.541333878e-02 6.018571023e-18 0.000000000e+00 6.018571023e-18 0.000000000e+00 6.018571023e-18
6.018571023e-18 6.018571023e-18 0.000000000e+00 0.000000000e+00 6.018571023e-18 6.018571023e-18
6.018571023e-18 6.018571023e-18 6.018571023e-18 6.018571023e-18 8.538532303e-01 6.018571023e-18
6.018571023e-18 6.341682703e-02 6.018571023e-18 6.018571023e-18 6.018571023e-18 6.018571023e-18
2.261943259e-02 6.018571023e-18 6.018571023e-18 6.018571023e-18 6.018571023e-18 6.018571023e-18

9.232368130e-03 9.232368130e-03 9.232368130e-03 9.232368130e-03 9.232368130e-03 3.795421331e-01
2.828211852e-03 0.000000000e+00 0.000000000e+00 3.181797176e-02 0.000000000e+00 1.341100136e-03
3.954011219e-03 6.456131303e-03 0.000000000e+00 0.000000000e+00 9.963483932e-03 9.232368130e-03
3.954011219e-03 1.462164404e-02 0.000000000e+00 1.805820409e-03 1.626843146e-02 3.954011219e-03
6.456131303e-03 3.954011219e-03 1.146624487e-02 1.302001423e-02 7.813331128e-03 1.223696199e-02
3.667619372e-01 9.232368130e-03 9.232368130e-03 9.232368130e-03 1.223696199e-02 6.456131303e-03

2.954519029e-04 5.073120018e-04 5.442270582e-18 1.002474813e-03 5.442270582e-18 5.531082513e-03
1.002474813e-03 0.000000000e+00 0.000000000e+00 5.442270582e-18 0.000000000e+00 5.442270582e-18
2.954519029e-04 0.000000000e+00 0.000000000e+00 0.000000000e+00 9.425919306e-01 5.442270582e-18
5.073120018e-04 5.442270582e-18 0.000000000e+00 5.442270582e-18 5.442270582e-18 5.442270582e-18
5.442270582e-18 0.000000000e+00 5.442270582e-18 5.442270582e-18 1.278346140e-03 3.956254106e-03
3.907565508e-02 5.442270582e-18 5.442270582e-18 5.442270582e-18 3.956254106e-03 5.442270582e-18

