1.578354783e-04 1.578354783e-04 1.578354783e-04 1.578354783e-04 1.578354783e-04 1.578354783e-04
1.578354783e-04 1.578354783e-04 3.977204829e-04 1.349474357e-03 1.578354783e-04 1.578354783e-04
3.977204829e-04 3.977204829e-04 1.235625657e-01 1.578354783e-04 3.977204829e-04 1.578354783e-04
1.578354783e-04 2.016428185e-02 3.063437954e-02 0.000000000e+00 3.063437954e-02 9.032038486e-02
1.578354783e-04 4.336236478e-03 1.578354783e-04 6.923456758e-01 1.349474357e-03 1.578354783e-04
1.578354783e-04 1.578354783e-04 1.578354783e-04 3.977204829e-04 1.578354783e-04 1.578354783e-04

1.188388452e-04 1.188388452e-04 1.188388452e-04 1.188388452e-04 2.560305306e-03 1.188388452e-04
1.188388452e-04 5.141858203e-04 1.188388452e-04 2.560305306e-03 7.773122959e-03 1.188388452e-04
1.591313729e-03 1.188388452e-04 0.000000000e+00 1.188388452e-04 1.188388452e-04 1.188388452e-04
1.188388452e-04 4.791282003e-03 1.188388452e-04 0.000000000e+00 5.606025855e-03 1.901421523e-03
2.994551252e-04 3.632588686e-03 0.000000000e+00 2.224752835e-03 9.628727969e-01 1.188388452e-04
1.188388452e-04 1.188388452e-04 1.188388452e-04 1.295667077e-03 1.188388452e-04 1.188388452e-04

1.891217337e-04 1.891217337e-04 3.540501529e-03 1.891217337e-04 1.891217337e-04 1.891217337e-04
1.891217337e-04 1.891217337e-04 1.670173005e-01 4.540812826e-01 1.200848156e-03 4.074504237e-03
2.061941981e-03 3.391065776e-02 0.000000000e+00 1.891217337e-04 0.000000000e+00 1.891217337e-04
1.891217337e-04 1.561118013e-01 1.891217337e-04 0.000000000e+00 2.061941981e-03 7.290664452e-02
1.616968078e-03 2.061941981e-03 0.000000000e+00 8.182822174e-04 0.000000000e+00 1.200848156e-03
1.891217337e-04 8.266848947e-03 4.074504237e-03 2.165204060e-02 1.891217337e-04 6.088255879e-02

