7.312828517e-18 7.312828517e-18 7.312828517e-18 7.312828517e-18 7.312828517e-18 7.312828517e-18
7.312828517e-18 7.312828517e-18 3.375484299e-02 6.816797544e-04 7.312828517e-18 7.312828517e-18
7.312828517e-18 2.083714428e-02 1.222292563e-01 7.312828517e-18 3.970014111e-04 7.312828517e-18
7.312828517e-18 7.312828517e-18 5.795947429e-02 6.740513025e-01 4.806724190e-02 7.312828517e-18
7.312828517e-18 7.312828517e-18 7.312828517e-18 4.202205662e-02 7.312828517e-18 7.312828517e-18
7.312828517e-18 7.312828517e-18 7.312828517e-18 7.312828517e-18 7.312828517e-18 7.312828517e-18

6.727009954e-18 6.727009954e-18 6.727009954e-18 6.727009954e-18 6.727009954e-18 6.727009954e-18
6.727009954e-18 6.727009954e-18 6.727009954e-18 1.878280307e-01 6.727009954e-18 6.727009954e-18
6.727009954e-18 6.727009954e-18 3.547543495e-01 0.000000000e+00 6.727009954e-18 6.727009954e-18
6.727009954e-18 6.727009954e-18 6.727009954e-18 6.727009954e-18 6.727009954e-18 6.727009954e-18
6.727009954e-18 0.000000000e+00 6.727009954e-18 4.500697710e-01 6.727009954e-18 6.727009954e-18
6.727009954e-18 6.727009954e-18 6.727009954e-18 7.347848697e-03 6.727009954e-18 6.727009954e-18

6.056265246e-18 3.287846615e-04 6.056265246e-18 1.422568610e-03 6.056265246e-18 6.056265246e-18
6.056265246e-18 6.056265246e-18 1.784917754e-02 1.422568610e-03 6.056265246e-18 6.056265246e-18
6.056265246e-18 5.645467271e-04 8.284854318e-04 0.000000000e+00 1.270634021e-02 6.056265246e-18
6.056265246e-18 6.056265246e-18 8.749082229e-01 0.000000000e+00 6.056265246e-18 4.648255846e-02
6.056265246e-18 0.000000000e+00 4.126861610e-02 0.000000000e+00 2.087652470e-03 1.304782794e-04
6.056265246e-18 6.056265246e-18 6.056265246e-18 6.056265246e-18 6.056265246e-18 6.056265246e-18

7.149609578e-18 7.149609578e-18 7.149609578e-18 2.883626487e-03 7.149609578e-18 7.149609578e-18
7.149609578e-18 7.149609578e-18 3.221804962e-02 1.679386511e-03 7.149609578e-18 7.149609578e-18
6.664649786e-04 7.149609578e-18 2.687018418e-02 0.000000000e+00 5.406324593e-01 7.149609578e-18
7.149609578e-18 7.149609578e-18 7.149609578e-18 0.000000000e+00 0.000000000e+00 3.441862168e-01
2.687018418e-02 0.000000000e+00 0.000000000e+00 0.000000000e+00 7.149609578e-18 1.540336690e-04
7.149609578e-18 7.149609578e-18 7.149609578e-18 7.149609578e-18 2.177680367e-02 2.062590660e-03

