6.468507115e-18 1.393597612e-04 6.468507115e-18 3.409266678e-03 1.393597612e-04 6.468507115e-18
1.393597612e-04 6.468507115e-18 1.393597612e-04 5.208299632e-02 8.848793262e-04 1.393597612e-04
1.393597612e-04 6.468507115e-18 7.750300650e-01 6.468507115e-18 1.458459893e-01 7.565611817e-03
1.393597612e-04 6.468507115e-18 1.866099430e-03 1.073417136e-02 3.511645933e-04 1.393597612e-04
1.393597612e-04 6.468507115e-18 6.468507115e-18 1.393597612e-04 6.468507115e-18 6.468507115e-18
1.393597612e-04 1.393597612e-04 1.393597612e-04 1.393597612e-04 1.393597612e-04 1.393597612e-04

6.150931478e-18 6.150931478e-18 6.150931478e-18 8.393672509e-01 6.150931478e-18 6.150931478e-18
6.150931478e-18 6.150931478e-18 5.733712269e-04 6.150931478e-18 3.750360449e-02 6.150931478e-18
6.150931478e-18 6.150931478e-18 1.235290861e-02 0.000000000e+00 8.282362595e-02 4.902255033e-03
6.150931478e-18 6.150931478e-18 0.000000000e+00 2.247698382e-02 6.150931478e-18 6.150931478e-18
6.150931478e-18 6.150931478e-18 6.150931478e-18 6.150931478e-18 6.150931478e-18 6.150931478e-18
6.150931478e-18 6.150931478e-18 6.150931478e-18 6.150931478e-18 6.150931478e-18 6.150931478e-18

5.428897739e-18 5.428897739e-18 5.428897739e-18 5.428897739e-18 1.169620562e-04 5.428897739e-18
5.428897739e-18 5.428897739e-18 1.413785346e-01 0.000000000e+00 8.585045033e-01 5.428897739e-18
5.428897739e-18 5.428897739e-18 5.428897739e-18 0.000000000e+00 0.000000000e+00 5.428897739e-18
5.428897739e-18 5.428897739e-18 0.000000000e+00 5.428897739e-18 5.428897739e-18 5.428897739e-18
5.428897739e-18 5.428897739e-18 5.428897739e-18 5.428897739e-18 5.428897739e-18 5.428897739e-18
5.428897739e-18 5.428897739e-18 5.428897739e-18 5.428897739e-18 5.428897739e-18 5.428897739e-18

4.647784847e-18 4.647784847e-18 4.647784847e-18 0.000000000e+00 4.647784847e-18 4.647784847e-18
4.647784847e-18 4.647784847e-18 4.647784847e-18 0.000000000e+00 1.000000000e+00 4.647784847e-18
4.647784847e-18 4.647784847e-18 4.647784847e-18 0.000000000e+00 0.000000000e+00 4.647784847e-18
4.647784847e-18 4.647784847e-18 0.000000000e+00 4.647784847e-18 4.647784847e-18 4.647784847e-18
4.647784847e-18 4.647784847e-18 0.000000000e+00 4.647784847e-18 4.647784847e-18 4.647784847e-18
4.647784847e-18 4.647784847e-18 4.647784847e-18 4.647784847e-18 4.647784847e-18 4.647784847e-18

