8.190406701e-18 8.190406701e-18 8.190406701e-18 7.634849381e-04 8.190406701e-18 8.190406701e-18
8.190406701e-18 8.190406701e-18 8.190406701e-18 8.190406701e-18 8.190406701e-18 1.764569632e-04
8.190406701e-18 8.190406701e-18 4.423433814e-02 0.000000000e+00 4.446436847e-04 1.508685814e-03
4.423433814e-02 8.190406701e-18 1.833328348e-01 2.823311411e-03 8.190406701e-18 1.120431876e-03
8.190406701e-18 8.190406701e-18 1.508685814e-03 1.270550314e-01 1.764569632e-04 8.190406701e-18
8.190406701e-18 4.446436847e-04 1.246233889e-01 8.190406701e-18 4.586069645e-01 8.946302980e-03

1.680465735e-03 2.142913576e-03 1.965484647e-04 2.142913576e-03 1.965484647e-04 1.680465735e-03
8.591484632e-03 1.965484647e-04 1.965484647e-04 1.965484647e-04 1.965484647e-04 4.234508306e-03
2.142913576e-03 5.399803845e-03 6.007965897e-03 0.000000000e+00 1.965484647e-04 1.965484647e-04
8.591484632e-03 2.599495870e-02 0.000000000e+00 8.504158162e-04 1.965484647e-04 1.965484647e-04
1.513912540e-02 1.965484647e-04 3.814820554e-02 2.329547025e-01 1.965484647e-04 2.142913576e-03
1.965484647e-04 1.778750007e-01 1.048496441e-01 0.000000000e+00 3.531954486e-01 3.679535537e-03

1.459042138e-04 1.459042138e-04 1.459042138e-04 1.459042138e-04 1.459042138e-04 1.459042138e-04
6.312908688e-04 1.459042138e-04 3.676555804e-04 1.459042138e-04 1.459042138e-04 3.676555804e-04
1.459042138e-04 0.000000000e+00 7.187385449e-01 0.000000000e+00 1.459042138e-04 3.676555804e-04
1.459042138e-04 1.247463480e-03 0.000000000e+00 3.813165398e-02 1.459042138e-04 1.459042138e-04
1.459042138e-04 0.000000000e+00 2.197990320e-02 1.459042138e-04 4.008447157e-03 1.459042138e-04
1.459042138e-04 1.459042138e-04 1.864000238e-02 0.000000000e+00 1.926016431e-01 1.459042138e-04

1.878035543e-04 1.878035543e-04 1.878035543e-04 1.192478239e-03 4.732353026e-04 1.878035543e-04
4.732353026e-04 1.878035543e-04 1.878035543e-04 1.878035543e-04 0.000000000e+00 4.411356345e-02
1.878035543e-04 0.000000000e+00 2.816608793e-01 0.000000000e+00 1.878035543e-04 6.152119662e-02
4.732353026e-04 7.571764841e-03 0.000000000e+00 2.741802666e-02 1.878035543e-04 1.878035543e-04
1.878035543e-04 0.000000000e+00 9.540010312e-02 0.000000000e+00 8.859321876e-03 1.878035543e-04
1.878035543e-04 1.192478239e-03 9.302996824e-02 0.000000000e+00 3.704754396e-01 3.515824217e-03

1.192735249e-04 1.192735249e-04 1.192735249e-04 1.192735249e-04 1.192735249e-04 0.000000000e+00
1.192735249e-04 1.192735249e-04 1.192735249e-04 1.192735249e-04 0.000000000e+00 1.192735249e-04
1.192735249e-04 0.000000000e+00 1.192735249e-04 0.000000000e+00 1.192735249e-04 1.192735249e-04
1.192735249e-04 1.192735249e-04 0.000000000e+00 1.192735249e-04 1.192735249e-04 1.192735249e-04
1.192735249e-04 0.000000000e+00 0.000000000e+00 0.000000000e+00 1.192735249e-04 1.192735249e-04
1.192735249e-04 1.230191073e-01 1.192735249e-04 0.000000000e+00 8.739990545e-01 1.192735249e-04

4.000000000e-02 4.000000000e-02 4.000000000e-02 4.000000000e-02 4.000000000e-02 0.000000000e+00
4.000000000e-02 4.000000000e-02 4.000000000e-02 4.000000000e-02 0.000000000e+00 4.000000000e-02
4.000000000e-02 0.000000000e+00 0.000000000e+00 0.000000000e+00 4.000000000e-02 4.000000000e-02
4.000000000e-02 4.000000000e-02 0.000000000e+00 4.000000000e-02 4.000000000e-02 4.000000000e-02
4.000000000e-02 0.000000000e+00 0.000000000e+00 0.000000000e+00 4.000000000e-02 4.000000000e-02
4.000000000e-02 4.000000000e-02 0.000000000e+00 0.000000000e+00 4.000000000e-02 4.000000000e-02

