1.085041883e-17 2.337651873e-04 3.521581766e-02 2.337651873e-04 2.337651873e-04 1.085041883e-17
1.085041883e-17 1.085041883e-17 2.337651873e-04 6.422264143e-03 1.085041883e-17 1.797147171e-01
1.262032481e-01 2.337651873e-04 0.000000000e+00 7.131983273e-02 5.008379222e-02 1.085041883e-17
2.337651873e-04 1.085041883e-17 7.924088017e-02 1.085041883e-17 1.041858681e-01 1.011443223e-03
1.269072685e-02 1.085041883e-17 5.718780347e-03 5.736347095e-02 5.860039837e-02 4.653870867e-02
1.085041883e-17 2.337651873e-04 1.085041883e-17 9.011674692e-02 7.393694811e-02 1.085041883e-17

2.121308054e-02 2.239127005e-03 2.333365215e-02 2.701140903e-01 2.618898833e-04 1.297292142e-01
1.662897105e-03 2.618898833e-04 7.126644997e-02 0.000000000e+00 2.017204149e-02 2.121308054e-02
1.235422184e-02 6.599211534e-04 0.000000000e+00 2.772068611e-02 5.610946030e-02 1.327772053e-02
1.235422184e-02 2.618898833e-04 3.582603208e-02 0.000000000e+00 8.579059679e-02 1.327772053e-02
1.421757025e-02 5.642246494e-03 7.194937904e-03 4.068075059e-02 1.712993980e-02 1.517322094e-02
8.005279969e-03 8.836686267e-03 9.688139883e-03 3.228898209e-02 1.235422184e-02 9.688139883e-03

1.442818974e-04 1.442818974e-04 9.161329425e-04 1.573065641e-03 0.000000000e+00 6.806259735e-03
6.242715134e-04 6.696972436e-18 6.242715134e-04 0.000000000e+00 3.108459248e-03 2.701065966e-03
5.140006260e-02 6.242715134e-04 0.000000000e+00 6.242715134e-04 2.701065966e-03 6.696972436e-18
8.140539030e-01 0.000000000e+00 1.233592870e-03 0.000000000e+00 3.529680738e-03 3.635675992e-04
6.696972436e-18 1.573065641e-03 1.573065641e-03 3.529680738e-03 2.308510358e-03 1.442818974e-04
9.501736471e-02 1.573065641e-03 6.696972436e-18 3.108459248e-03 6.696972436e-18 6.696972436e-18

1.031574257e-03 1.559466097e-02 1.836411288e-02 5.352739985e-02 0.000000000e+00 6.747417925e-02
1.042167162e-02 2.384178805e-04 2.599404242e-03 0.000000000e+00 2.038444205e-03 2.599404242e-03
4.159046788e-02 2.599404242e-03 0.000000000e+00 1.602399243e-01 0.000000000e+00 9.612406603e-03
1.836411288e-02 0.000000000e+00 9.612406603e-03 0.000000000e+00 2.769977606e-01 6.007754127e-04
0.000000000e+00 1.513859177e-03 2.124236271e-02 1.031574257e-03 9.758745961e-02 5.725041022e-02
5.725041022e-02 2.038444205e-03 2.384178805e-04 2.523620671e-02 1.513859177e-03 4.159046788e-02

3.832629941e-02 3.698745002e-02 3.698745002e-02 3.698745002e-02 0.000000000e+00 3.698745002e-02
3.698745002e-02 3.698745002e-02 3.698745002e-02 0.000000000e+00 3.698745002e-02 3.698745002e-02
3.698745002e-02 3.698745002e-02 0.000000000e+00 0.000000000e+00 0.000000000e+00 3.698745002e-02
3.698745002e-02 0.000000000e+00 3.698745002e-02 0.000000000e+00 3.698745002e-02 0.000000000e+00
0.000000000e+00 3.698745002e-02 3.698745002e-02 3.698745002e-02 3.698745002e-02 3.698745002e-02
3.698745002e-02 3.698745002e-02 3.698745002e-02 3.698745002e-02 3.698745002e-02 3.698745002e-02

