5.433141049e-04 5.828488898e-18 1.255709867e-04 1.255709867e-04 5.828488898e-18 5.828488898e-18
3.050170422e-01 5.828488898e-18 5.828488898e-18 5.828488898e-18 5.828488898e-18 5.828488898e-18
5.828488898e-18 1.369065755e-03 5.828488898e-18 5.828488898e-18 5.828488898e-18 1.255709867e-04
6.925682940e-01 5.828488898e-18 5.828488898e-18 5.828488898e-18 5.828488898e-18 5.828488898e-18
5.828488898e-18 5.828488898e-18 5.828488898e-18 5.828488898e-18 5.828488898e-18 5.828488898e-18
5.828488898e-18 5.828488898e-18 1.255709867e-04 5.828488898e-18 5.828488898e-18 5.828488898e-18

1.668298325e-03 3.855778176e-04 7.102404126e-18 9.715952176e-04 1.530166583e-04 7.102404126e-18
4.660693273e-01 2.743680185e-02 1.530166583e-04 7.102404126e-18 7.102404126e-18 7.102404126e-18
0.000000000e+00 7.102404126e-18 3.545961389e-01 7.102404126e-18 7.102404126e-18 1.530166583e-04
1.373611266e-01 1.059303407e-02 1.530166583e-04 0.000000000e+00 7.102404126e-18 7.102404126e-18
1.530166583e-04 7.102404126e-18 7.102404126e-18 7.102404126e-18 7.102404126e-18 7.102404126e-18
7.102404126e-18 7.102404126e-18 7.102404126e-18 1.530166583e-04 7.102404126e-18 7.102404126e-18

1.088508971e-04 2.742870731e-04 5.052411084e-18 1.088508971e-04 5.052411084e-18 5.052411084e-18
9.711558283e-01 1.898833984e-02 5.052411084e-18 5.052411084e-18 5.052411084e-18 5.052411084e-18
0.000000000e+00 0.000000000e+00 0.000000000e+00 5.052411084e-18 5.052411084e-18 5.052411084e-18
9.254992143e-03 1.088508971e-04 5.052411084e-18 0.000000000e+00 5.052411084e-18 5.052411084e-18
5.052411084e-18 5.052411084e-18 5.052411084e-18 5.052411084e-18 5.052411084e-18 5.052411084e-18
5.052411084e-18 5.052411084e-18 5.052411084e-18 5.052411084e-18 5.052411084e-18 5.052411084e-18

5.410276429e-18 1.372400492e-01 5.410276429e-18 5.410276429e-18 5.410276429e-18 5.410276429e-18
8.627599508e-01 5.410276429e-18 0.000000000e+00 5.410276429e-18 5.410276429e-18 5.410276429e-18
0.000000000e+00 0.000000000e+00 0.000000000e+00 5.410276429e-18 5.410276429e-18 5.410276429e-18
5.410276429e-18 5.410276429e-18 5.410276429e-18 0.000000000e+00 5.410276429e-18 5.410276429e-18
5.410276429e-18 5.410276429e-18 5.410276429e-18 5.410276429e-18 0.000000000e+00 5.410276429e-18
5.410276429e-18 5.410276429e-18 5.410276429e-18 5.410276429e-18 5.410276429e-18 5.410276429e-18

