5.666411961e-18 5.666411961e-18 1.220791450e-04 7.751542526e-04 1.220791450e-04 5.666411961e-18
1.220791450e-04 5.666411961e-18 5.666411961e-18 5.666411961e-18 5.666411961e-18 1.220791450e-04
1.043762007e-03 5.666411961e-18 5.666411961e-18 5.666411961e-18 5.666411961e-18 1.330995170e-03
9.036050873e-01 5.666411961e-18 5.666411961e-18 5.666411961e-18 5.666411961e-18 3.076201690e-04
8.451292530e-03 1.220791450e-04 5.666411961e-18 5.666411961e-18 5.666411961e-18 5.666411961e-18
5.666411961e-18 1.188840899e-02 7.065628871e-02 1.330995170e-03 5.666411961e-18 5.666411961e-18

4.744451843e-18 4.744451843e-18 4.744451843e-18 4.744451843e-18 4.744451843e-18 4.744451843e-18
4.744451843e-18 4.744451843e-18 4.744451843e-18 4.744451843e-18 4.744451843e-18 4.744451843e-18
1.913562811e-03 4.744451843e-18 4.744451843e-18 4.744451843e-18 4.744451843e-18 4.744451843e-18
9.963487632e-01 4.744451843e-18 4.744451843e-18 0.000000000e+00 4.744451843e-18 4.744451843e-18
4.744451843e-18 1.635457862e-03 4.744451843e-18 4.744451843e-18 4.744451843e-18 4.744451843e-18
0.000000000e+00 1.022161164e-04 4.744451843e-18 4.744451843e-18 4.744451843e-18 4.744451843e-18

5.489245218e-18 5.489245218e-18 5.489245218e-18 5.489245218e-18 5.489245218e-18 5.489245218e-18
5.489245218e-18 5.489245218e-18 5.489245218e-18 5.489245218e-18 5.489245218e-18 5.489245218e-18
8.447742302e-01 5.489245218e-18 5.489245218e-18 5.489245218e-18 5.489245218e-18 5.489245218e-18
5.489245218e-18 5.489245218e-18 0.000000000e+00 0.000000000e+00 5.489245218e-18 5.489245218e-18
0.000000000e+00 1.542146422e-01 5.489245218e-18 5.489245218e-18 5.489245218e-18 5.489245218e-18
0.000000000e+00 1.011127614e-03 5.489245218e-18 5.489245218e-18 5.489245218e-18 5.489245218e-18

4.647784847e-18 4.647784847e-18 4.647784847e-18 4.647784847e-18 4.647784847e-18 4.647784847e-18
4.647784847e-18 4.647784847e-18 4.647784847e-18 4.647784847e-18 4.647784847e-18 4.647784847e-18
1.000000000e+00 4.647784847e-18 4.647784847e-18 4.647784847e-18 4.647784847e-18 4.647784847e-18
0.000000000e+00 4.647784847e-18 0.000000000e+00 0.000000000e+00 4.647784847e-18 4.647784847e-18
0.000000000e+00 0.000000000e+00 4.647784847e-18 4.647784847e-18 4.647784847e-18 4.647784847e-18
0.000000000e+00 4.647784847e-18 4.647784847e-18 4.647784847e-18 4.647784847e-18 4.647784847e-18

3.609445831e-02 3.609445831e-02 3.609445831e-02 3.609445831e-02 3.609445831e-02 3.609445831e-02
3.609445831e-02 3.609445831e-02 3.609445831e-02 3.609445831e-02 3.609445831e-02 3.609445831e-02
3.609445831e-02 3.609445831e-02 3.609445831e-02 3.609445831e-02 0.000000000e+00 3.609445831e-02
0.000000000e+00 0.000000000e+00 0.000000000e+00 0.000000000e+00 3.476385421e-02 3.609445831e-02
0.000000000e+00 0.000000000e+00 3.609445831e-02 3.609445831e-02 3.476385421e-02 3.476385421e-02
0.000000000e+00 3.476385421e-02 3.476385421e-02 3.476385421e-02 3.476385421e-02 3.476385421e-02

3.917969513e-02 3.917969513e-02 3.917969513e-02 3.917969513e-02 3.917969513e-02 3.917969513e-02
3.917969513e-02 3.917969513e-02 3.917969513e-02 3.917969513e-02 3.917969513e-02 3.917969513e-02
3.784597560e-02 3.784597560e-02 3.784597560e-02 3.784597560e-02 0.000000000e+00 3.784597560e-02
0.000000000e+00 0.000000000e+00 0.000000000e+00 0.000000000e+00 0.000000000e+00 3.784597560e-02
0.000000000e+00 0.000000000e+00 3.784597560e-02 3.784597560e-02 3.784597560e-02 3.784597560e-02
0.000000000e+00 3.784597560e-02 3.784597560e-02 3.784597560e-02 3.784597560e-02 0.000000000e+00

4.211050269e-02 4.211050269e-02 4.211050269e-02 4.211050269e-02 4.211050269e-02 4.211050269e-02
4.211050269e-02 4.211050269e-02 4.211050269e-02 4.211050269e-02 4.211050269e-02 4.211050269e-02
0.000000000e+00 4.211050269e-02 4.211050269e-02 4.211050269e-02 0.000000000e+00 4.211050269e-02
0.000000000e+00 0.000000000e+00 0.000000000e+00 0.000000000e+00 0.000000000e+00 4.077899461e-02
0.000000000e+00 0.000000000e+00 4.077899461e-02 4.077899461e-02 4.077899461e-02 4.077899461e-02
0.000000000e+00 4.077899461e-02 4.077899461e-02 4.077899461e-02 0.000000000e+00 0.000000000e+00

4.618203788e-02 4.618203788e-02 4.618203788e-02 4.618203788e-02 4.618203788e-02 4.618203788e-02
4.618203788e-02 4.618203788e-02 4.618203788e-02 4.618203788e-02 4.484830177e-02 4.484830177e-02
0.000000000e+00 4.484830177e-02 4.484830177e-02 4.484830177e-02 0.000000000e+00 4.484830177e-02
0.000000000e+00 0.000000000e+00 0.000000000e+00 0.000000000e+00 0.000000000e+00 0.000000000e+00
0.000000000e+00 0.000000000e+00 4.484830177e-02 4.484830177e-02 0.000000000e+00 4.484830177e-02
0.000000000e+00 4.484830177e-02 4.484830177e-02 4.484830177e-02 0.000000000e+00 0.000000000e+00

