7.386149628e-18 7.386149628e-18 7.386149628e-18 7.386149628e-18 7.386149628e-18 7.386149628e-18
7.386149628e-18 7.386149628e-18 6.885145266e-04 1.360540394e-03 7.386149628e-18 7.386149628e-18
7.386149628e-18 4.009818934e-04 1.005183833e-01 1.848795476e-01 1.734947890e-03 7.386149628e-18
7.386149628e-18 4.009818934e-04 3.381768579e-01 3.702353170e-01 4.009818934e-04 7.386149628e-18
7.386149628e-18 7.386149628e-18 4.009818934e-04 4.009818934e-04 4.009818934e-04 7.386149628e-18
7.386149628e-18 7.386149628e-18 7.386149628e-18 7.386149628e-18 7.386149628e-18 7.386149628e-18

3.111168444e-04 5.730821272e-18 5.730821272e-18 5.730821272e-18 3.111168444e-04 5.730821272e-18
1.234668015e-04 3.111168444e-04 5.396954534e-03 3.111168444e-04 1.234668015e-04 3.111168444e-04
5.730821272e-18 1.234668015e-04 1.055626304e-03 0.000000000e+00 1.346124405e-03 1.653284462e-03
5.730821272e-18 3.111168444e-04 6.904739814e-02 1.055626304e-03 1.234668015e-04 9.108236272e-01
1.234668015e-04 7.839653224e-04 7.839653224e-04 4.166015791e-03 5.342098243e-04 5.730821272e-18
1.234668015e-04 1.234668015e-04 3.111168444e-04 5.730821272e-18 3.111168444e-04 0.000000000e+00

4.038578967e-04 7.439126061e-18 4.038578967e-04 7.439126061e-18 4.038578967e-04 7.439126061e-18
4.038578967e-04 4.038578967e-04 4.038578967e-04 8.344953393e-02 7.439126061e-18 6.464157519e-02
7.439126061e-18 4.038578967e-04 6.934528294e-04 0.000000000e+00 4.038578967e-04 1.368982934e-01
7.439126061e-18 4.038578967e-04 6.934528294e-04 0.000000000e+00 7.439126061e-18 7.439126061e-18
7.439126061e-18 1.602711125e-04 1.017658130e-03 6.056912538e-01 7.439126061e-18 0.000000000e+00
7.439126061e-18 4.038578967e-04 4.038578967e-04 1.023120719e-01 7.439126061e-18 0.000000000e+00

6.739619944e-18 6.739619944e-18 6.739619944e-18 6.739619944e-18 6.739619944e-18 6.739619944e-18
6.739619944e-18 6.739619944e-18 6.739619944e-18 1.065600029e-01 6.739619944e-18 7.882707306e-03
6.739619944e-18 2.818209005e-02 1.234561650e-02 0.000000000e+00 7.361622468e-03 7.858528258e-01
6.739619944e-18 6.739619944e-18 3.185189052e-02 0.000000000e+00 6.739619944e-18 0.000000000e+00
6.739619944e-18 1.234561650e-02 4.899361153e-03 6.739619944e-18 0.000000000e+00 0.000000000e+00
6.739619944e-18 6.739619944e-18 2.718266833e-03 6.739619944e-18 6.739619944e-18 0.000000000e+00

3.609445831e-02 3.609445831e-02 3.609445831e-02 3.609445831e-02 3.609445831e-02 3.609445831e-02
3.609445831e-02 0.000000000e+00 3.609445831e-02 3.609445831e-02 3.609445831e-02 3.609445831e-02
3.609445831e-02 3.609445831e-02 3.609445831e-02 0.000000000e+00 3.609445831e-02 3.609445831e-02
3.609445831e-02 3.609445831e-02 3.609445831e-02 0.000000000e+00 3.609445831e-02 0.000000000e+00
3.476385421e-02 3.476385421e-02 3.476385421e-02 0.000000000e+00 0.000000000e+00 0.000000000e+00
3.476385421e-02 3.476385421e-02 3.476385421e-02 3.476385421e-02 3.476385421e-02 0.000000000e+00

3.917969513e-02 3.917969513e-02 3.917969513e-02 3.917969513e-02 3.917969513e-02 3.917969513e-02
3.917969513e-02 0.000000000e+00 3.917969513e-02 3.917969513e-02 3.917969513e-02 3.917969513e-02
3.917969513e-02 3.784597560e-02 3.784597560e-02 0.000000000e+00 3.784597560e-02 3.784597560e-02
3.784597560e-02 3.784597560e-02 3.784597560e-02 0.000000000e+00 0.000000000e+00 0.000000000e+00
3.784597560e-02 3.784597560e-02 0.000000000e+00 0.000000000e+00 0.000000000e+00 0.000000000e+00
3.784597560e-02 3.784597560e-02 3.784597560e-02 3.784597560e-02 3.784597560e-02 0.000000000e+00

