5.416157680e-18 1.166875800e-04 8.999624992e-01 5.416157680e-18 9.548750385e-02 2.940342765e-04
5.416157680e-18 5.416157680e-18 1.166875800e-04 3.205774432e-03 5.416157680e-18 1.166875800e-04
1.166875800e-04 5.416157680e-18 5.416157680e-18 1.166875800e-04 5.416157680e-18 1.166875800e-04
5.416157680e-18 5.416157680e-18 5.416157680e-18 5.416157680e-18 5.416157680e-18 1.166875800e-04
5.416157680e-18 5.416157680e-18 5.416157680e-18 5.416157680e-18 5.416157680e-18 5.416157680e-18
5.416157680e-18 5.416157680e-18 1.166875800e-04 1.166875800e-04 5.416157680e-18 5.416157680e-18

5.306313033e-18 5.306313033e-18 6.917342945e-02 0.000000000e+00 9.233768729e-01 5.306313033e-18
5.306313033e-18 5.306313033e-18 7.047305648e-03 5.306313033e-18 2.880709915e-04 5.306313033e-18
5.306313033e-18 5.306313033e-18 1.143210488e-04 0.000000000e+00 5.306313033e-18 5.306313033e-18
5.306313033e-18 5.306313033e-18 5.306313033e-18 5.306313033e-18 5.306313033e-18 5.306313033e-18
5.306313033e-18 5.306313033e-18 5.306313033e-18 5.306313033e-18 5.306313033e-18 5.306313033e-18
5.306313033e-18 5.306313033e-18 5.306313033e-18 5.306313033e-18 5.306313033e-18 5.306313033e-18

4.664431018e-18 4.664431018e-18 9.995651958e-01 0.000000000e+00 4.664431018e-18 4.348041504e-04
4.664431018e-18 4.664431018e-18 4.664431018e-18 0.000000000e+00 0.000000000e+00 4.664431018e-18
4.664431018e-18 4.664431018e-18 4.664431018e-18 0.000000000e+00 4.664431018e-18 4.664431018e-18
4.664431018e-18 4.664431018e-18 4.664431018e-18 4.664431018e-18 4.664431018e-18 4.664431018e-18
4.664431018e-18 4.664431018e-18 4.664431018e-18 4.664431018e-18 4.664431018e-18 4.664431018e-18
4.664431018e-18 4.664431018e-18 4.664431018e-18 4.664431018e-18 4.664431018e-18 4.664431018e-18

7.725970275e-18 4.572931483e-03 0.000000000e+00 0.000000000e+00 0.000000000e+00 1.088738250e-02
7.725970275e-18 7.201915794e-04 8.455346373e-02 0.000000000e+00 0.000000000e+00 5.790960940e-01
7.725970275e-18 7.725970275e-18 6.416704450e-02 0.000000000e+00 7.725970275e-18 1.664509838e-04
7.725970275e-18 7.725970275e-18 1.056897867e-03 1.616908202e-01 1.664509838e-04 7.725970275e-02
7.725970275e-18 7.725970275e-18 7.725970275e-18 7.725970275e-18 1.664509838e-04 1.664509838e-04
7.725970275e-18 1.483031458e-02 1.664509838e-04 1.664509838e-04 1.664509838e-04 7.725970275e-18

1.012445458e-17 3.489996187e-03 0.000000000e+00 0.000000000e+00 0.000000000e+00 2.786654321e-02
1.012445458e-17 1.864940480e-03 2.896911388e-01 0.000000000e+00 0.000000000e+00 2.402574477e-02
1.012445458e-17 1.012445458e-17 0.000000000e+00 0.000000000e+00 0.000000000e+00 8.151988108e-02
6.654806774e-02 1.012445458e-17 2.233279450e-01 8.794239321e-03 2.181247617e-04 2.308820783e-02
1.012445458e-17 1.012445458e-17 1.012445458e-17 1.012445458e-17 1.864940480e-03 3.699719345e-02
5.237749811e-02 2.216009448e-02 1.012445458e-17 7.897247694e-02 2.124160009e-02 3.595136730e-02

3.777176328e-04 5.477609595e-01 0.000000000e+00 0.000000000e+00 0.000000000e+00 2.007203097e-03
1.281604246e-03 3.777176328e-04 0.000000000e+00 0.000000000e+00 0.000000000e+00 1.634289281e-03
4.581964655e-03 0.000000000e+00 0.000000000e+00 0.000000000e+00 0.000000000e+00 1.634289281e-03
1.634289281e-03 1.634289281e-03 4.053550818e-01 6.552280687e-03 1.498973419e-04 6.043482125e-03
3.229440333e-03 1.634289281e-03 9.517887929e-04 1.281604246e-03 6.485681309e-04 3.229440333e-03
9.517887929e-04 3.777176328e-04 6.485681309e-04 4.118150933e-03 9.517887929e-04 9.517887929e-04

