7.071057808e-04 4.118091978e-04 4.118091978e-04 6.045669384e-03 2.614825415e-03 7.585590279e-18
1.634265884e-04 4.118091978e-04 7.709378853e-03 2.615809222e-02 4.118091978e-04 1.037694154e-03
6.227470796e-01 4.118091978e-04 0.000000000e+00 7.585590279e-18 1.729848096e-02 1.131369249e-02
7.071057808e-04 1.634265884e-04 3.171956136e-02 2.423929119e-01 2.385915738e-02 7.585590279e-18
7.585590279e-18 7.585590279e-18 1.634265884e-04 1.634265884e-04 7.585590279e-18 7.071057808e-04
4.118091978e-04 4.118091978e-04 1.634265884e-04 1.634265884e-04 7.071057808e-04 4.118091978e-04

1.295195847e-04 5.603986961e-04 3.263689022e-04 1.295195847e-04 3.263689022e-04 3.263689022e-04
1.295195847e-04 1.295195847e-04 9.093462114e-01 0.000000000e+00 1.207342391e-02 1.412116227e-03
8.223980999e-04 3.263689022e-04 0.000000000e+00 0.000000000e+00 1.295195847e-04 2.259385963e-02
1.295195847e-04 1.295195847e-04 1.295195847e-04 2.709062528e-02 1.890896815e-02 3.263689022e-04
3.263689022e-04 5.603986961e-04 1.295195847e-04 1.295195847e-04 1.295195847e-04 5.603986961e-04
3.263689022e-04 3.263689022e-04 3.263689022e-04 8.223980999e-04 5.603986961e-04 3.263689022e-04

5.715724096e-18 5.715724096e-18 3.102972436e-04 1.970264683e-03 5.715724096e-18 1.231415427e-04
5.715724096e-18 5.715724096e-18 5.328025112e-04 0.000000000e+00 8.811382469e-01 1.231415427e-04
5.715724096e-18 5.715724096e-18 0.000000000e+00 0.000000000e+00 0.000000000e+00 2.764661183e-02
5.715724096e-18 0.000000000e+00 5.715724096e-18 4.555397392e-03 8.360009636e-02 5.715724096e-18
5.715724096e-18 5.715724096e-18 5.715724096e-18 5.715724096e-18 5.715724096e-18 5.715724096e-18
5.715724096e-18 5.715724096e-18 5.715724096e-18 5.715724096e-18 5.715724096e-18 5.715724096e-18

