6.468507115e-18 1.393597612e-04 6.468507115e-18 3.409266678e-03 1.393597612e-04 6.468507115e-18
1.393597612e-04 6.468507115e-18 1.393597612e-04 5.208299632e-02 8.848793262e-04 1.393597612e-04
1.393597612e-04 6.468507115e-18 7.750300650e-01 6.468507115e-18 1.458459893e-01 7.565611817e-03
1.393597612e-04 6.468507115e-18 1.866099430e-03 1.073417136e-02 3.511645933e-04 1.393597612e-04
1.393597612e-04 6.468507115e-18 6.468507115e-18 1.393597612e-04 6.468507115e-18 6.468507115e-18
1.393597612e-04 1.393597612e-04 1.393597612e-04 1.393597612e-04 1.393597612e-04 1.393597612e-04

1.504685691e-04 3.791570350e-04 6.984132299e-18 1.286488169e-03 6.984132299e-18 6.984132299e-18
6.984132299e-18 6.984132299e-18 6.984132299e-18 3.711389345e-01 6.984132299e-18 6.984132299e-18
6.984132299e-18 6.984132299e-18 1.609044047e-01 0.000000000e+00 4.316786272e-01 1.504685691e-04
6.984132299e-18 6.984132299e-18 0.000000000e+00 6.984132299e-18 3.791570350e-04 6.984132299e-18
6.984132299e-18 6.984132299e-18 1.504685691e-04 3.378182561e-02 6.984132299e-18 6.984132299e-18
6.984132299e-18 6.984132299e-18 6.984132299e-18 6.984132299e-18 6.984132299e-18 6.984132299e-18

6.580089463e-18 6.580089463e-18 6.580089463e-18 6.580089463e-18 6.580089463e-18 6.580089463e-18
6.580089463e-18 6.580089463e-18 6.580089463e-18 4.167826164e-02 6.580089463e-18 6.580089463e-18
6.580089463e-18 6.580089463e-18 1.205338902e-02 0.000000000e+00 2.316377278e-01 6.580089463e-18
6.580089463e-18 6.580089463e-18 0.000000000e+00 0.000000000e+00 6.809776879e-01 3.182749484e-02
6.580089463e-18 6.580089463e-18 1.212062842e-03 0.000000000e+00 6.580089463e-18 6.580089463e-18
6.580089463e-18 6.580089463e-18 6.580089463e-18 6.580089463e-18 6.133760362e-04 6.580089463e-18

4.897873217e-18 4.897873217e-18 4.897873217e-18 4.897873217e-18 4.897873217e-18 4.897873217e-18
4.897873217e-18 4.897873217e-18 4.897873217e-18 1.150471522e-03 4.897873217e-18 4.897873217e-18
4.897873217e-18 0.000000000e+00 4.897873217e-18 0.000000000e+00 4.565649261e-04 4.897873217e-18
4.897873217e-18 4.897873217e-18 0.000000000e+00 0.000000000e+00 9.868433715e-01 4.897873217e-18
4.897873217e-18 4.897873217e-18 9.021959604e-04 0.000000000e+00 0.000000000e+00 1.055214797e-04
4.897873217e-18 4.897873217e-18 4.897873217e-18 1.027597717e-02 4.897873217e-18 2.658974669e-04

