1.439980377e-04 3.628523176e-04 1.439980377e-04 6.230433239e-04 3.628523176e-04 1.439980377e-04
1.439980377e-04 6.683796837e-18 6.230433239e-04 1.439980377e-04 6.683796837e-18 3.628523176e-04
1.439980377e-04 1.231165904e-03 1.166384105e-02 5.805637082e-03 1.439980377e-04 3.628523176e-04
2.303968603e-03 3.382399548e-02 6.683796837e-18 7.859378555e-01 1.439980377e-04 1.439980377e-04
1.439980377e-04 1.439980377e-04 1.250786593e-01 1.439980377e-04 1.439980377e-04 1.439980377e-04
6.683796837e-18 3.628523176e-04 2.794866267e-02 1.439980377e-04 3.628523176e-04 6.230433239e-04

6.827727468e-18 6.827727468e-18 6.827727468e-18 6.827727468e-18 6.827727468e-18 6.827727468e-18
6.827727468e-18 6.827727468e-18 3.706660744e-04 6.827727468e-18 6.827727468e-18 6.827727468e-18
6.827727468e-18 6.827727468e-18 3.099488503e-01 0.000000000e+00 6.827727468e-18 6.827727468e-18
3.706660744e-04 9.886473789e-02 0.000000000e+00 6.827727468e-18 4.243656579e-02 6.827727468e-18
6.827727468e-18 6.827727468e-18 5.467038278e-01 9.340199793e-04 6.827727468e-18 6.827727468e-18
6.827727468e-18 6.827727468e-18 3.706660744e-04 6.827727468e-18 6.827727468e-18 6.827727468e-18

1.357832103e-04 6.302498328e-18 1.357832103e-04 1.357832103e-04 6.302498328e-18 6.302498328e-18
6.302498328e-18 6.302498328e-18 6.302498328e-18 6.302498328e-18 6.302498328e-18 6.302498328e-18
6.302498328e-18 6.302498328e-18 2.840074016e-02 0.000000000e+00 1.357832103e-04 3.421522499e-04
8.621696437e-04 4.654611353e-01 0.000000000e+00 0.000000000e+00 0.000000000e+00 1.357832103e-04
6.302498328e-18 6.302498328e-18 5.018229603e-01 1.818207560e-03 6.302498328e-18 6.302498328e-18
6.302498328e-18 1.357832103e-04 3.421522499e-04 6.302498328e-18 1.357832103e-04 6.302498328e-18

1.151786187e-03 6.252857431e-18 5.828724560e-04 6.252857431e-18 6.252857431e-18 6.252857431e-18
6.252857431e-18 6.252857431e-18 0.000000000e+00 1.347137296e-04 6.252857431e-18 6.252857431e-18
6.252857431e-18 3.394573273e-04 7.460911653e-01 0.000000000e+00 3.394573273e-04 1.347137296e-04
8.553788645e-04 1.975800031e-01 0.000000000e+00 0.000000000e+00 0.000000000e+00 6.252857431e-18
3.394573273e-04 6.252857431e-18 4.877335715e-02 1.803886659e-03 6.252857431e-18 0.000000000e+00
6.252857431e-18 3.394573273e-04 8.553788645e-04 6.252857431e-18 3.394573273e-04 3.394573273e-04

7.311194127e-04 0.000000000e+00 1.151440923e-04 5.344515329e-18 4.981995528e-04 5.344515329e-18
5.344515329e-18 0.000000000e+00 0.000000000e+00 7.311194127e-04 5.344515329e-18 2.901449312e-04
5.344515329e-18 2.901449312e-04 9.533842226e-01 0.000000000e+00 1.541839072e-03 1.255384207e-03
2.901449312e-04 3.448934836e-02 0.000000000e+00 0.000000000e+00 0.000000000e+00 5.344515329e-18
2.901449312e-04 5.344515329e-18 4.642318899e-03 2.901449312e-04 5.344515329e-18 0.000000000e+00
5.344515329e-18 2.901449312e-04 2.901449312e-04 5.344515329e-18 2.901449312e-04 2.901449312e-04

1.845636127e-03 0.000000000e+00 1.378315677e-04 1.284824183e-02 1.502739480e-03 1.178443327e-03
1.502739480e-03 0.000000000e+00 0.000000000e+00 1.178443327e-03 0.000000000e+00 2.580310929e-03
1.378315677e-04 2.206134811e-02 5.476907062e-02 0.000000000e+00 8.795887072e-01 0.000000000e+00
1.178443327e-03 3.786666207e-03 0.000000000e+00 0.000000000e+00 0.000000000e+00 3.473137870e-04
2.580310929e-03 1.178443327e-03 1.845636127e-03 1.178443327e-03 1.178443327e-03 0.000000000e+00
1.178443327e-03 1.178443327e-03 1.178443327e-03 1.178443327e-03 1.502739480e-03 1.178443327e-03

6.001081805e-18 0.000000000e+00 6.001081805e-18 6.001081805e-18 6.001081805e-18 6.001081805e-18
6.001081805e-18 0.000000000e+00 0.000000000e+00 0.000000000e+00 0.000000000e+00 3.257888434e-04
6.001081805e-18 4.782825754e-03 6.001081805e-18 0.000000000e+00 5.741535837e-01 0.000000000e+00
6.001081805e-18 4.183174068e-01 0.000000000e+00 0.000000000e+00 0.000000000e+00 6.001081805e-18
6.001081805e-18 6.001081805e-18 2.420394884e-03 6.001081805e-18 6.001081805e-18 0.000000000e+00
6.001081805e-18 6.001081805e-18 0.000000000e+00 6.001081805e-18 6.001081805e-18 6.001081805e-18

