1.544289600e-04 1.544289600e-04 1.544289600e-04 1.544289600e-04 1.544289600e-04 1.544289600e-04
1.544289600e-04 3.891365947e-04 1.320349035e-03 2.226810308e-01 1.544289600e-04 1.544289600e-04
1.544289600e-04 6.681753034e-04 1.768015789e-02 7.284930620e-03 1.250874575e-02 1.544289600e-04
1.544289600e-04 6.590332248e-01 6.320973015e-02 0.000000000e+00 3.891365947e-04 6.681753034e-04
1.544289600e-04 1.544289600e-04 2.470863359e-03 1.544289600e-04 1.544289600e-04 3.891365947e-04
1.544289600e-04 1.544289600e-04 1.544289600e-04 7.829491335e-03 3.891365947e-04 1.544289600e-04

1.427024461e-04 1.427024461e-04 1.427024461e-04 1.427024461e-04 1.427024461e-04 1.427024461e-04
1.427024461e-04 1.427024461e-04 1.427024461e-04 2.827743526e-01 1.427024461e-04 1.427024461e-04
1.427024461e-04 1.427024461e-04 0.000000000e+00 5.753402104e-03 8.446427896e-02 1.427024461e-04
1.427024461e-04 6.228695954e-01 1.427024461e-04 0.000000000e+00 1.427024461e-04 1.427024461e-04
1.427024461e-04 1.427024461e-04 0.000000000e+00 1.427024461e-04 1.427024461e-04 1.427024461e-04
1.427024461e-04 1.427024461e-04 1.427024461e-04 1.427024461e-04 1.427024461e-04 1.427024461e-04

1.519663848e-04 1.519663848e-04 9.367947318e-03 1.519663848e-04 1.519663848e-04 1.519663848e-04
1.519663848e-04 1.656847484e-03 1.519663848e-04 4.932178732e-01 1.656847484e-03 1.519663848e-04
2.289314573e-02 1.519663848e-04 0.000000000e+00 6.575203596e-04 0.000000000e+00 1.230927717e-02
1.519663848e-04 4.374592451e-01 1.519663848e-04 0.000000000e+00 3.829312942e-04 9.939960228e-03
1.299294314e-03 1.299294314e-03 0.000000000e+00 1.519663848e-04 2.844925368e-03 1.519663848e-04
1.519663848e-04 0.000000000e+00 1.519663848e-04 2.431462157e-03 1.519663848e-04 1.519663848e-04

5.026656584e-18 5.026656584e-18 1.836861280e-02 5.026656584e-18 5.026656584e-18 5.026656584e-18
5.026656584e-18 1.082960332e-04 5.026656584e-18 0.000000000e+00 5.026656584e-18 0.000000000e+00
1.082960332e-04 5.026656584e-18 0.000000000e+00 1.082960332e-04 0.000000000e+00 9.760412954e-01
5.026656584e-18 4.685697220e-04 5.026656584e-18 0.000000000e+00 5.026656584e-18 5.026656584e-18
5.026656584e-18 5.026656584e-18 0.000000000e+00 5.026656584e-18 1.082960332e-04 9.259180594e-04
5.026656584e-18 0.000000000e+00 5.026656584e-18 3.654123853e-03 5.026656584e-18 1.082960332e-04

3.832629941e-02 3.698745002e-02 3.698745002e-02 3.698745002e-02 3.698745002e-02 3.698745002e-02
3.698745002e-02 3.698745002e-02 3.698745002e-02 0.000000000e+00 3.698745002e-02 0.000000000e+00
3.698745002e-02 3.698745002e-02 0.000000000e+00 0.000000000e+00 0.000000000e+00 3.698745002e-02
3.698745002e-02 3.698745002e-02 3.698745002e-02 0.000000000e+00 3.698745002e-02 0.000000000e+00
3.698745002e-02 3.698745002e-02 0.000000000e+00 3.698745002e-02 3.698745002e-02 3.698745002e-02
3.698745002e-02 0.000000000e+00 3.698745002e-02 3.698745002e-02 3.698745002e-02 3.698745002e-02

4.000000000e-02 4.000000000e-02 0.000000000e+00 0.000000000e+00 4.000000000e-02 4.000000000e-02
4.000000000e-02 4.000000000e-02 4.000000000e-02 0.000000000e+00 4.000000000e-02 0.000000000e+00
4.000000000e-02 4.000000000e-02 0.000000000e+00 0.000000000e+00 0.000000000e+00 4.000000000e-02
4.000000000e-02 4.000000000e-02 4.000000000e-02 0.000000000e+00 4.000000000e-02 0.000000000e+00
4.000000000e-02 4.000000000e-02 0.000000000e+00 4.000000000e-02 4.000000000e-02 4.000000000e-02
4.000000000e-02 0.000000000e+00 4.000000000e-02 4.000000000e-02 4.000000000e-02 4.000000000e-02

4.417400516e-02 4.417400516e-02 0.000000000e+00 0.000000000e+00 4.417400516e-02 4.417400516e-02
4.417400516e-02 4.417400516e-02 4.417400516e-02 0.000000000e+00 4.417400516e-02 0.000000000e+00
4.417400516e-02 4.417400516e-02 0.000000000e+00 0.000000000e+00 0.000000000e+00 4.284049527e-02
4.417400516e-02 4.284049527e-02 0.000000000e+00 0.000000000e+00 4.284049527e-02 0.000000000e+00
4.284049527e-02 4.284049527e-02 0.000000000e+00 0.000000000e+00 4.284049527e-02 4.284049527e-02
4.284049527e-02 0.000000000e+00 4.284049527e-02 4.284049527e-02 4.284049527e-02 4.284049527e-02

4.812654667e-02 4.812654667e-02 0.000000000e+00 0.000000000e+00 4.812654667e-02 4.812654667e-02
4.812654667e-02 4.812654667e-02 4.812654667e-02 0.000000000e+00 4.812654667e-02 0.000000000e+00
4.812654667e-02 4.812654667e-02 0.000000000e+00 0.000000000e+00 0.000000000e+00 0.000000000e+00
4.812654667e-02 4.812654667e-02 0.000000000e+00 0.000000000e+00 4.812654667e-02 0.000000000e+00
4.679436166e-02 4.679436166e-02 0.000000000e+00 0.000000000e+00 4.679436166e-02 4.679436166e-02
4.679436166e-02 0.000000000e+00 4.679436166e-02 4.679436166e-02 0.000000000e+00 4.679436166e-02

