7.177702691e-18 2.070695241e-03 3.896656527e-04 9.818959164e-04 3.896656527e-04 7.177702691e-18
3.896656527e-04 7.177702691e-18 7.177702691e-18 6.690837336e-04 7.177702691e-18 3.896656527e-04
3.896656527e-04 7.177702691e-18 5.065703489e-02 7.257096152e-01 1.377789263e-02 6.690837336e-04
3.896656527e-04 7.177702691e-18 1.177993249e-01 7.177702691e-18 0.000000000e+00 1.546389167e-04
6.690837336e-04 7.177702691e-18 1.322144140e-03 6.422477161e-02 1.252575225e-02 9.818959164e-04
7.177702691e-18 6.690837336e-04 3.896656527e-04 3.331594466e-03 6.690837336e-04 3.896656527e-04

4.884023074e-04 2.113194054e-03 1.938225842e-04 8.472331522e-03 2.651455654e-02 8.996447423e-18
1.938225842e-04 1.938225842e-04 4.884023074e-04 3.287518384e-02 2.858733399e-01 1.071381595e-01
1.230696696e-03 1.938225842e-04 3.349017664e-01 0.000000000e+00 8.996447423e-18 7.586613201e-02
1.938225842e-04 8.996447423e-18 9.237148847e-02 0.000000000e+00 0.000000000e+00 4.884023074e-04
1.938225842e-04 1.938225842e-04 1.938225842e-04 2.051585555e-02 1.657159784e-03 1.938225842e-04
4.884023074e-04 3.628504996e-03 4.884023074e-04 1.230696696e-03 1.230696696e-03 1.938225842e-04

6.778850307e-18 1.460459026e-04 6.778850307e-18 3.680126139e-04 1.460459026e-04 6.778850307e-18
6.778850307e-18 6.778850307e-18 6.778850307e-18 7.505983958e-01 1.011046273e-02 4.537308792e-02
1.460459026e-04 6.778850307e-18 1.112534225e-01 0.000000000e+00 0.000000000e+00 5.888201822e-03
6.778850307e-18 6.778850307e-18 6.598686231e-02 0.000000000e+00 0.000000000e+00 7.928591417e-03
6.778850307e-18 6.778850307e-18 6.778850307e-18 0.000000000e+00 6.778850307e-18 1.460459026e-04
6.778850307e-18 1.460459026e-04 3.680126139e-04 1.460459026e-04 1.248674903e-03 6.778850307e-18

1.632330985e-04 1.632330985e-04 1.632330985e-04 1.896468614e-01 3.572795804e-01 1.632330985e-04
1.632330985e-04 1.632330985e-04 1.632330985e-04 0.000000000e+00 7.576609273e-18 3.602600073e-01
1.632330985e-04 7.576609273e-18 7.175241705e-02 0.000000000e+00 0.000000000e+00 1.257301273e-02
1.632330985e-04 1.632330985e-04 2.611729576e-03 0.000000000e+00 0.000000000e+00 2.611729576e-03
1.632330985e-04 1.632330985e-04 1.632330985e-04 0.000000000e+00 0.000000000e+00 1.632330985e-04
1.632330985e-04 1.632330985e-04 1.632330985e-04 1.632330985e-04 1.632330985e-04 1.632330985e-04

1.226886647e-04 1.226886647e-04 1.226886647e-04 4.538643993e-03 9.065996247e-01 1.226886647e-04
1.226886647e-04 1.226886647e-04 5.787634719e-03 0.000000000e+00 0.000000000e+00 7.790244616e-04
1.226886647e-04 1.226886647e-04 0.000000000e+00 0.000000000e+00 0.000000000e+00 5.787634719e-03
1.226886647e-04 1.226886647e-04 7.261830390e-02 0.000000000e+00 0.000000000e+00 7.790244616e-04
1.226886647e-04 1.226886647e-04 1.226886647e-04 0.000000000e+00 0.000000000e+00 1.226886647e-04
1.226886647e-04 1.226886647e-04 1.226886647e-04 1.226886647e-04 7.790244616e-04 1.226886647e-04

1.667692407e-04 4.622395501e-01 7.867062941e-03 9.662177488e-03 1.350830849e-02 1.667692407e-04
1.667692407e-04 1.667692407e-04 0.000000000e+00 0.000000000e+00 0.000000000e+00 7.289781532e-03
1.554572417e-02 0.000000000e+00 0.000000000e+00 0.000000000e+00 0.000000000e+00 9.003402134e-02
1.667692407e-04 4.079806180e-03 3.711156750e-01 0.000000000e+00 0.000000000e+00 5.627126334e-03
7.215685970e-04 1.667692407e-04 1.667692407e-04 0.000000000e+00 0.000000000e+00 1.818238929e-03
1.667692407e-04 1.667692407e-04 4.202321536e-04 1.425856951e-03 6.723714457e-03 4.202321536e-04

