6.793969232e-18 6.793969232e-18 6.793969232e-18 6.793969232e-18 6.793969232e-18 6.793969232e-18
6.793969232e-18 0.000000000e+00 6.104921063e-01 6.333132613e-04 6.793969232e-18 6.793969232e-18
6.793969232e-18 6.793969232e-18 2.642996580e-01 7.528155532e-02 1.463716300e-04 6.793969232e-18
6.793969232e-18 1.463716300e-04 3.983119285e-02 9.023059409e-03 6.793969232e-18 6.793969232e-18
6.793969232e-18 6.793969232e-18 6.793969232e-18 1.463716300e-04 6.793969232e-18 6.793969232e-18
6.793969232e-18 6.793969232e-18 6.793969232e-18 6.793969232e-18 6.793969232e-18 6.793969232e-18

1.434821386e-04 1.434821386e-04 1.434821386e-04 9.385014671e-03 1.434821386e-04 1.434821386e-04
6.208111582e-04 0.000000000e+00 1.434821386e-04 3.941905142e-03 3.615523334e-04 1.434821386e-04
1.434821386e-04 0.000000000e+00 0.000000000e+00 4.933172431e-01 1.434821386e-04 1.434821386e-04
7.274491528e-03 1.434821386e-04 1.705563299e-02 4.642382254e-01 1.434821386e-04 1.434821386e-04
1.434821386e-04 1.434821386e-04 1.434821386e-04 3.615523334e-04 1.434821386e-04 1.434821386e-04
1.434821386e-04 1.434821386e-04 1.434821386e-04 1.434821386e-04 1.434821386e-04 1.434821386e-04

3.556740964e-04 1.411493587e-04 1.411493587e-04 6.658487407e-03 1.411493587e-04 1.411493587e-04
1.257601094e-02 0.000000000e+00 0.000000000e+00 2.952313655e-02 1.206810041e-03 1.411493587e-04
1.411493587e-04 0.000000000e+00 0.000000000e+00 8.169364096e-02 1.411493587e-04 8.962425618e-04
8.177827941e-03 0.000000000e+00 6.107178057e-04 2.326426582e-02 1.411493587e-04 1.411493587e-04
1.411493587e-04 8.962425618e-04 1.411493587e-04 8.308155313e-01 3.556740964e-04 3.556740964e-04
1.411493587e-04 1.411493587e-04 1.411493587e-04 1.411493587e-04 3.556740964e-04 1.411493587e-04

8.266001286e-18 4.846131622e-02 8.266001286e-18 2.849369587e-03 8.266001286e-18 1.130773070e-03
3.333896766e-03 0.000000000e+00 0.000000000e+00 9.614340495e-02 1.521148398e-01 8.266001286e-18
8.266001286e-18 0.000000000e+00 0.000000000e+00 8.266001286e-18 0.000000000e+00 8.266001286e-18
7.705316368e-04 0.000000000e+00 0.000000000e+00 4.987808541e-01 9.159261867e-02 8.266001286e-18
8.266001286e-18 8.933808156e-02 8.266001286e-18 1.164839037e-02 1.780855992e-04 4.487475902e-04
7.705316368e-04 4.487475902e-04 7.705316368e-04 7.705316368e-04 4.487475902e-04 8.266001286e-18

7.431710791e-18 4.329760002e-01 7.431710791e-18 7.431710791e-18 7.431710791e-18 2.521595837e-01
7.332786832e-02 0.000000000e+00 0.000000000e+00 0.000000000e+00 7.431710791e-18 7.431710791e-18
7.431710791e-18 0.000000000e+00 0.000000000e+00 0.000000000e+00 0.000000000e+00 7.431710791e-18
7.431710791e-18 0.000000000e+00 0.000000000e+00 7.431710791e-18 1.016643736e-03 7.431710791e-18
7.431710791e-18 2.178141844e-01 7.431710791e-18 1.974048261e-02 7.431710791e-18 7.431710791e-18
7.431710791e-18 7.431710791e-18 7.431710791e-18 4.034553339e-04 2.561781686e-03 7.431710791e-18

7.201779094e-18 2.456620610e-01 7.201779094e-18 7.201779094e-18 7.201779094e-18 4.710541921e-01
1.171088686e-01 0.000000000e+00 0.000000000e+00 0.000000000e+00 0.000000000e+00 7.201779094e-18
7.201779094e-18 0.000000000e+00 0.000000000e+00 0.000000000e+00 0.000000000e+00 7.201779094e-18
0.000000000e+00 0.000000000e+00 0.000000000e+00 7.201779094e-18 7.201779094e-18 7.201779094e-18
7.201779094e-18 1.623791361e-01 7.201779094e-18 3.795742209e-03 7.201779094e-18 7.201779094e-18
7.201779094e-18 7.201779094e-18 7.201779094e-18 7.201779094e-18 7.201779094e-18 7.201779094e-18

3.309727888e-04 7.517154676e-01 6.096570895e-18 6.096570895e-18 3.309727888e-04 2.235699658e-01
2.458908157e-03 0.000000000e+00 0.000000000e+00 0.000000000e+00 0.000000000e+00 6.096570895e-18
0.000000000e+00 0.000000000e+00 0.000000000e+00 0.000000000e+00 0.000000000e+00 6.096570895e-18
0.000000000e+00 0.000000000e+00 0.000000000e+00 0.000000000e+00 6.096570895e-18 6.096570895e-18
6.096570895e-18 1.390286209e-02 6.096570895e-18 4.431897178e-03 3.309727888e-04 1.432036087e-03
6.096570895e-18 6.096570895e-18 3.309727888e-04 8.339991670e-04 3.309727888e-04 6.096570895e-18

1.024050178e-03 1.471359167e-01 0.000000000e+00 6.179403157e-01 1.612777969e-04 1.116913671e-01
5.839092725e-02 0.000000000e+00 0.000000000e+00 0.000000000e+00 0.000000000e+00 1.612777969e-04
0.000000000e+00 0.000000000e+00 0.000000000e+00 0.000000000e+00 0.000000000e+00 1.024050178e-03
0.000000000e+00 0.000000000e+00 0.000000000e+00 0.000000000e+00 0.000000000e+00 1.612777969e-04
1.612777969e-04 2.658183907e-02 1.612777969e-04 3.210769101e-02 6.978084997e-04 4.063945823e-04
4.063945823e-04 1.612777969e-04 4.063945823e-04 4.063945823e-04 4.063945823e-04 4.063945823e-04

1.287175279e-04 7.873681423e-02 0.000000000e+00 0.000000000e+00 1.287175279e-04 3.433177605e-02
8.173053568e-04 0.000000000e+00 0.000000000e+00 0.000000000e+00 0.000000000e+00 8.677639506e-01
0.000000000e+00 0.000000000e+00 0.000000000e+00 0.000000000e+00 0.000000000e+00 0.000000000e+00
0.000000000e+00 0.000000000e+00 0.000000000e+00 0.000000000e+00 0.000000000e+00 1.287175279e-04
1.287175279e-04 9.914454428e-03 1.287175279e-04 5.189565532e-03 8.173053568e-04 3.243478458e-04
1.287175279e-04 1.287175279e-04 1.287175279e-04 1.287175279e-04 8.173053568e-04 1.287175279e-04

1.250475091e-04 1.308676014e-01 0.000000000e+00 0.000000000e+00 5.804191218e-18 1.825607588e-02
1.250475091e-04 0.000000000e+00 0.000000000e+00 0.000000000e+00 0.000000000e+00 0.000000000e+00
0.000000000e+00 0.000000000e+00 0.000000000e+00 0.000000000e+00 0.000000000e+00 0.000000000e+00
0.000000000e+00 0.000000000e+00 0.000000000e+00 0.000000000e+00 0.000000000e+00 5.804191218e-18
5.804191218e-18 8.445332291e-01 1.250475091e-04 5.804191218e-18 7.940021898e-04 1.363358423e-03
3.435447951e-03 0.000000000e+00 1.250475091e-04 1.250475091e-04 1.250475091e-04 5.804191218e-18

1.187794593e-04 7.742138882e-02 0.000000000e+00 0.000000000e+00 5.513254118e-18 1.570944420e-02
5.513254118e-18 0.000000000e+00 0.000000000e+00 0.000000000e+00 0.000000000e+00 0.000000000e+00
0.000000000e+00 0.000000000e+00 0.000000000e+00 0.000000000e+00 0.000000000e+00 0.000000000e+00
0.000000000e+00 0.000000000e+00 0.000000000e+00 0.000000000e+00 0.000000000e+00 5.513254118e-18
5.513254118e-18 0.000000000e+00 9.027632757e-01 5.513254118e-18 5.513254118e-18 1.187794593e-04
3.630773416e-03 0.000000000e+00 1.187794593e-04 1.187794593e-04 0.000000000e+00 5.513254118e-18

1.055569860e-04 1.976106410e-03 0.000000000e+00 0.000000000e+00 4.899521273e-18 4.567185529e-04
6.702450821e-04 0.000000000e+00 0.000000000e+00 0.000000000e+00 0.000000000e+00 0.000000000e+00
0.000000000e+00 0.000000000e+00 0.000000000e+00 0.000000000e+00 0.000000000e+00 0.000000000e+00
0.000000000e+00 0.000000000e+00 0.000000000e+00 0.000000000e+00 0.000000000e+00 4.899521273e-18
4.899521273e-18 0.000000000e+00 9.871754284e-01 4.899521273e-18 0.000000000e+00 0.000000000e+00
1.055569860e-04 0.000000000e+00 9.404830616e-03 1.055569860e-04 0.000000000e+00 4.899521273e-18

1.641071363e-03 1.529181743e-02 0.000000000e+00 0.000000000e+00 1.505193959e-04 1.100303458e-02
8.515362070e-02 0.000000000e+00 0.000000000e+00 0.000000000e+00 0.000000000e+00 0.000000000e+00
0.000000000e+00 0.000000000e+00 0.000000000e+00 0.000000000e+00 0.000000000e+00 0.000000000e+00
0.000000000e+00 0.000000000e+00 0.000000000e+00 0.000000000e+00 0.000000000e+00 7.414733869e-01
1.505193959e-04 0.000000000e+00 0.000000000e+00 0.000000000e+00 0.000000000e+00 0.000000000e+00
3.535581073e-02 0.000000000e+00 7.837203619e-02 2.772590977e-02 0.000000000e+00 3.682273535e-03

1.122976744e-01 1.109627907e-01 0.000000000e+00 0.000000000e+00 1.109627907e-01 1.109627907e-01
1.109627907e-01 0.000000000e+00 0.000000000e+00 0.000000000e+00 0.000000000e+00 0.000000000e+00
0.000000000e+00 0.000000000e+00 0.000000000e+00 0.000000000e+00 0.000000000e+00 0.000000000e+00
0.000000000e+00 0.000000000e+00 0.000000000e+00 0.000000000e+00 0.000000000e+00 0.000000000e+00
1.109627907e-01 0.000000000e+00 0.000000000e+00 0.000000000e+00 0.000000000e+00 0.000000000e+00
1.109627907e-01 0.000000000e+00 0.000000000e+00 1.109627907e-01 0.000000000e+00 1.109627907e-01

