6.993821554e-18 6.993821554e-18 6.993821554e-18 6.993821554e-18 6.993821554e-18 6.993821554e-18
6.993821554e-18 1.506773177e-04 1.642793142e-03 2.410837084e-03 1.506773177e-04 6.993821554e-18
6.993821554e-18 6.519428903e-04 2.061236712e-02 5.165177286e-01 3.796830487e-04 6.993821554e-18
6.993821554e-18 3.796830487e-04 2.799603071e-01 1.762332599e-01 3.796830487e-04 6.993821554e-18
6.993821554e-18 6.993821554e-18 6.993821554e-18 3.796830487e-04 1.506773177e-04 6.993821554e-18
6.993821554e-18 6.993821554e-18 6.993821554e-18 6.993821554e-18 6.993821554e-18 6.993821554e-18

7.090576714e-18 1.495313629e-01 7.090576714e-18 0.000000000e+00 7.090576714e-18 7.090576714e-18
7.090576714e-18 7.090576714e-18 7.090576714e-18 2.230217815e-02 7.090576714e-18 7.090576714e-18
7.090576714e-18 6.717482956e-01 0.000000000e+00 1.237370940e-02 7.090576714e-18 7.090576714e-18
1.527618445e-04 1.527618445e-04 4.831662361e-02 9.991990401e-03 8.543031622e-02 7.090576714e-18
7.090576714e-18 7.090576714e-18 7.090576714e-18 7.090576714e-18 7.090576714e-18 7.090576714e-18
7.090576714e-18 7.090576714e-18 7.090576714e-18 7.090576714e-18 7.090576714e-18 7.090576714e-18

5.736919657e-18 5.736919657e-18 5.736919657e-18 0.000000000e+00 5.736919657e-18 5.736919657e-18
5.736919657e-18 1.513465626e-01 0.000000000e+00 5.736919657e-18 0.000000000e+00 5.736919657e-18
5.736919657e-18 1.255679311e-02 0.000000000e+00 8.302661043e-01 5.736919657e-18 5.736919657e-18
5.736919657e-18 5.736919657e-18 5.736919657e-18 5.830539939e-03 5.736919657e-18 5.736919657e-18
5.736919657e-18 5.736919657e-18 5.736919657e-18 5.736919657e-18 5.736919657e-18 5.736919657e-18
5.736919657e-18 5.736919657e-18 5.736919657e-18 5.736919657e-18 5.736919657e-18 5.736919657e-18

4.647784847e-18 4.647784847e-18 4.647784847e-18 0.000000000e+00 4.647784847e-18 0.000000000e+00
4.647784847e-18 4.647784847e-18 0.000000000e+00 0.000000000e+00 0.000000000e+00 4.647784847e-18
4.647784847e-18 4.647784847e-18 0.000000000e+00 4.647784847e-18 4.647784847e-18 4.647784847e-18
4.647784847e-18 4.647784847e-18 4.647784847e-18 1.000000000e+00 4.647784847e-18 4.647784847e-18
4.647784847e-18 4.647784847e-18 4.647784847e-18 4.647784847e-18 4.647784847e-18 4.647784847e-18
4.647784847e-18 4.647784847e-18 4.647784847e-18 4.647784847e-18 4.647784847e-18 4.647784847e-18

