6.928170085e-18 6.928170085e-18 6.928170085e-18 6.928170085e-18 6.928170085e-18 6.928170085e-18
6.928170085e-18 6.928170085e-18 3.761189386e-04 3.761189386e-04 6.928170085e-18 6.928170085e-18
6.928170085e-18 9.477603360e-04 6.109519623e-02 1.745789465e-01 3.761189386e-04 6.928170085e-18
6.928170085e-18 3.761189386e-04 6.145671836e-01 1.461064109e-01 3.761189386e-04 6.928170085e-18
6.928170085e-18 1.492628997e-04 1.492628997e-04 3.761189386e-04 1.492628997e-04 6.928170085e-18
6.928170085e-18 6.928170085e-18 6.928170085e-18 6.928170085e-18 6.928170085e-18 6.928170085e-18

3.683703542e-04 1.461878720e-04 1.461878720e-04 1.461878720e-04 6.325181865e-04 3.683703542e-04
3.683703542e-04 9.282351269e-04 4.468575985e-03 1.593845955e-03 6.785439940e-18 6.325181865e-04
1.461878720e-04 8.469746338e-03 2.134242340e-02 0.000000000e+00 9.282351269e-04 6.785439940e-18
1.461878720e-04 8.175389720e-02 8.298794464e-01 1.999821958e-02 3.576308084e-03 1.461878720e-04
3.683703542e-04 1.012029098e-02 6.325181865e-04 2.736747248e-03 9.282351269e-04 3.683703542e-04
0.000000000e+00 6.785439940e-18 5.407954424e-03 2.736747248e-03 1.461878720e-04 3.683703542e-04

1.657766726e-04 7.694671522e-18 1.657766726e-04 1.657766726e-04 1.657766726e-04 1.052616258e-03
1.657766726e-04 1.657766726e-04 1.657766726e-04 1.657766726e-04 0.000000000e+00 1.657766726e-04
1.657766726e-04 1.476069786e-01 4.177310387e-04 0.000000000e+00 1.657766726e-04 7.694671522e-18
7.694671522e-18 2.638704793e-01 4.135769811e-01 7.172740043e-04 7.694671522e-18 1.657766726e-04
7.694671522e-18 7.694671522e-18 1.342791048e-02 1.524563015e-01 1.657766726e-04 1.657766726e-04
0.000000000e+00 0.000000000e+00 1.657766726e-04 4.055524211e-03 1.657766726e-04 1.657766726e-04

8.584374068e-18 8.584374068e-18 8.584374068e-18 1.209703903e-02 8.584374068e-18 1.498052336e-02
8.584374068e-18 3.462304922e-03 2.198426590e-02 0.000000000e+00 0.000000000e+00 1.572483181e-02
1.351954199e-02 1.131311276e-01 1.572483181e-02 0.000000000e+00 8.584374068e-18 8.584374068e-18
1.209703903e-02 1.714434942e-01 8.724461706e-03 4.152209828e-02 8.584374068e-18 8.584374068e-18
8.584374068e-18 0.000000000e+00 8.584374068e-18 1.004034482e-02 2.959115725e-03 8.584374068e-18
0.000000000e+00 0.000000000e+00 8.584374068e-18 5.396298641e-01 8.584374068e-18 2.959115725e-03

