8.201760919e-18 8.201760919e-18 8.201760919e-18 8.201760919e-18 8.201760919e-18 8.201760919e-18
8.201760919e-18 8.201760919e-18 2.290052508e-01 3.307986928e-03 8.201760919e-18 8.201760919e-18
8.201760919e-18 1.767015824e-04 2.417243646e-02 3.532932635e-01 9.539621324e-02 8.201760919e-18
8.201760919e-18 8.201760919e-18 1.370871934e-01 7.723941941e-03 1.496603105e-01 8.201760919e-18
8.201760919e-18 1.767015824e-04 8.201760919e-18 8.201760919e-18 8.201760919e-18 8.201760919e-18
8.201760919e-18 8.201760919e-18 8.201760919e-18 8.201760919e-18 8.201760919e-18 8.201760919e-18

8.987677861e-18 8.987677861e-18 8.987677861e-18 4.879262224e-04 1.936336497e-04 1.936336497e-04
8.987677861e-18 8.987677861e-18 2.587242855e-01 1.380870483e-01 0.000000000e+00 4.879262224e-04
8.987677861e-18 1.236096735e-01 1.475043521e-01 0.000000000e+00 1.236096735e-01 1.936336497e-04
1.936336497e-04 8.987677861e-18 8.987677861e-18 1.612215512e-01 2.917015737e-02 8.987677861e-18
8.987677861e-18 4.879262224e-04 1.936336497e-04 1.340486631e-02 1.936336497e-04 8.987677861e-18
1.936336497e-04 8.987677861e-18 1.655544417e-03 8.987677861e-18 1.936336497e-04 8.987677861e-18

5.543268180e-18 5.543268180e-18 1.194260926e-04 5.543268180e-18 7.583084203e-04 3.009348960e-04
1.194260926e-04 5.543268180e-18 5.543268180e-18 3.009348960e-04 0.000000000e+00 1.194260926e-04
1.194260926e-04 1.089540406e-01 0.000000000e+00 0.000000000e+00 5.543268180e-18 5.543268180e-18
3.009348960e-04 1.194260926e-04 0.000000000e+00 1.599177276e-03 8.854450119e-01 5.543268180e-18
5.543268180e-18 3.009348960e-04 5.543268180e-18 3.009348960e-04 3.009348960e-04 5.543268180e-18
1.194260926e-04 5.543268180e-18 3.009348960e-04 3.009348960e-04 1.194260926e-04 5.543268180e-18

5.219241423e-18 5.219241423e-18 5.219241423e-18 5.219241423e-18 9.367622177e-01 5.219241423e-18
5.219241423e-18 1.124451478e-04 6.142973533e-02 5.219241423e-18 0.000000000e+00 2.833440173e-04
5.219241423e-18 2.833440173e-04 0.000000000e+00 0.000000000e+00 0.000000000e+00 5.219241423e-18
2.833440173e-04 5.219241423e-18 0.000000000e+00 5.219241423e-18 0.000000000e+00 1.124451478e-04
5.219241423e-18 1.124451478e-04 5.219241423e-18 2.833440173e-04 5.219241423e-18 1.124451478e-04
5.219241423e-18 5.219241423e-18 1.124451478e-04 1.124451478e-04 5.219241423e-18 5.219241423e-18

1.219151919e-04 1.219151919e-04 3.726624456e-03 1.219151919e-04 7.135982481e-02 1.219151919e-04
3.072070332e-04 2.982506555e-03 0.000000000e+00 0.000000000e+00 0.000000000e+00 9.114493894e-01
1.219151919e-04 1.950643071e-03 0.000000000e+00 0.000000000e+00 0.000000000e+00 5.658801934e-18
5.274963995e-04 1.219151919e-04 0.000000000e+00 1.219151919e-04 0.000000000e+00 1.219151919e-04
1.219151919e-04 3.072070332e-04 5.658801934e-18 1.219151919e-04 1.219151919e-04 2.626583187e-03
1.219151919e-04 1.219151919e-04 2.626583187e-03 3.072070332e-04 1.219151919e-04 1.219151919e-04

