5.954074246e-18 3.232368805e-04 6.051238255e-03 8.145058996e-04 3.232368805e-04 5.954074246e-18
5.954074246e-18 5.954074246e-18 5.954074246e-18 5.954074246e-18 5.954074246e-18 3.232368805e-04
8.145058996e-04 5.954074246e-18 5.954074246e-18 5.954074246e-18 5.954074246e-18 5.550207912e-04
8.145058996e-04 5.954074246e-18 5.954074246e-18 5.954074246e-18 1.282766410e-04 1.430728817e-01
5.954074246e-18 5.954074246e-18 5.954074246e-18 1.282766410e-04 1.282766410e-04 6.963927484e-03
5.954074246e-18 3.232368805e-04 5.550207912e-04 8.339352548e-01 4.745361014e-03 5.954074246e-18

4.674953986e-18 4.674953986e-18 4.674953986e-18 4.674953986e-18 4.674953986e-18 4.674953986e-18
4.674953986e-18 4.674953986e-18 4.674953986e-18 4.674953986e-18 4.674953986e-18 4.674953986e-18
4.674953986e-18 4.674953986e-18 4.674953986e-18 0.000000000e+00 4.674953986e-18 4.674953986e-18
4.674953986e-18 4.674953986e-18 4.674953986e-18 4.674953986e-18 4.674953986e-18 9.991388661e-01
4.674953986e-18 4.674953986e-18 4.674953986e-18 4.674953986e-18 8.611338871e-04 4.674953986e-18
4.674953986e-18 4.674953986e-18 4.674953986e-18 4.674953986e-18 4.674953986e-18 0.000000000e+00

5.339813422e-18 5.339813422e-18 5.339813422e-18 5.339813422e-18 5.339813422e-18 5.339813422e-18
5.339813422e-18 5.339813422e-18 5.339813422e-18 5.339813422e-18 5.339813422e-18 5.339813422e-18
5.339813422e-18 5.339813422e-18 5.339813422e-18 0.000000000e+00 5.339813422e-18 7.343972533e-02
5.339813422e-18 5.339813422e-18 5.339813422e-18 0.000000000e+00 6.245483665e-03 5.339813422e-18
5.339813422e-18 5.339813422e-18 5.339813422e-18 5.339813422e-18 9.190412993e-01 0.000000000e+00
5.339813422e-18 5.339813422e-18 2.898896724e-04 5.339813422e-18 9.836020421e-04 0.000000000e+00

5.816085572e-18 5.816085572e-18 5.816085572e-18 5.816085572e-18 5.816085572e-18 5.816085572e-18
2.004860243e-03 5.816085572e-18 5.816085572e-18 5.816085572e-18 5.816085572e-18 5.816085572e-18
5.816085572e-18 5.816085572e-18 5.816085572e-18 0.000000000e+00 5.816085572e-18 9.897962685e-02
5.816085572e-18 5.816085572e-18 2.004860243e-03 0.000000000e+00 8.584020693e-01 0.000000000e+00
5.816085572e-18 5.816085572e-18 5.816085572e-18 5.816085572e-18 0.000000000e+00 0.000000000e+00
5.816085572e-18 5.816085572e-18 5.816085572e-18 3.830204164e-03 3.477837916e-02 0.000000000e+00

3.609445831e-02 3.609445831e-02 3.609445831e-02 3.609445831e-02 3.609445831e-02 3.609445831e-02
3.609445831e-02 0.000000000e+00 3.609445831e-02 3.609445831e-02 3.609445831e-02 3.609445831e-02
3.609445831e-02 3.609445831e-02 3.609445831e-02 0.000000000e+00 3.609445831e-02 3.609445831e-02
3.609445831e-02 3.609445831e-02 3.609445831e-02 0.000000000e+00 3.609445831e-02 0.000000000e+00
3.476385421e-02 3.476385421e-02 3.476385421e-02 0.000000000e+00 0.000000000e+00 0.000000000e+00
3.476385421e-02 3.476385421e-02 3.476385421e-02 3.476385421e-02 3.476385421e-02 0.000000000e+00

3.917969513e-02 3.917969513e-02 3.917969513e-02 3.917969513e-02 3.917969513e-02 3.917969513e-02
3.917969513e-02 0.000000000e+00 3.917969513e-02 3.917969513e-02 3.917969513e-02 3.917969513e-02
3.917969513e-02 3.784597560e-02 3.784597560e-02 0.000000000e+00 3.784597560e-02 3.784597560e-02
3.784597560e-02 3.784597560e-02 3.784597560e-02 0.000000000e+00 0.000000000e+00 0.000000000e+00
3.784597560e-02 3.784597560e-02 0.000000000e+00 0.000000000e+00 0.000000000e+00 0.000000000e+00
3.784597560e-02 3.784597560e-02 3.784597560e-02 3.784597560e-02 3.784597560e-02 0.000000000e+00

