2.242318477e-04 2.242318477e-04 2.242318477e-04 5.650288499e-04 3.587709563e-03 2.242318477e-04
2.242318477e-04 9.701948579e-04 1.386520225e-01 1.299141198e-02 9.701948579e-04 5.485558814e-03
2.242318477e-04 4.197789351e-03 5.267028027e-02 0.000000000e+00 1.466676759e-02 5.650288499e-04
2.242318477e-04 1.645594318e-01 5.621057503e-02 1.268551046e-01 1.883056828e-01 2.242318477e-04
2.242318477e-04 9.040461598e-03 1.446473856e-01 2.965628670e-02 3.589059409e-02 2.242318477e-04
2.242318477e-04 3.587709563e-03 2.242318477e-04 5.650288499e-04 2.444737848e-03 2.242318477e-04

1.587044524e-04 1.587044524e-04 1.587044524e-04 3.999101605e-04 3.999101605e-04 3.999101605e-04
1.587044524e-04 3.999101605e-04 2.971067076e-03 6.866742847e-04 6.937255224e-03 6.866742847e-04
1.587044524e-04 3.258283706e-01 1.587044524e-04 0.000000000e+00 1.730310771e-03 3.999101605e-04
1.587044524e-04 3.894437127e-02 0.000000000e+00 1.587044524e-04 3.999101605e-04 1.587044524e-04
1.730310771e-03 1.587044524e-04 5.570261292e-01 4.147696018e-02 1.730310771e-03 1.587044524e-04
1.007710459e-03 1.414012042e-02 3.999101605e-04 0.000000000e+00 3.999101605e-04 1.587044524e-04

2.365420243e-03 1.925954057e-03 1.925954057e-03 2.365420243e-03 1.925954057e-03 1.925954057e-03
2.826382303e-03 1.121650560e-03 2.365420243e-03 7.643153740e-04 2.826382303e-03 1.510326798e-03
3.307000559e-03 0.000000000e+00 5.983494313e-01 0.000000000e+00 2.365420243e-03 1.925954057e-03
3.307000559e-03 3.307000559e-03 0.000000000e+00 1.121650560e-03 1.510326798e-03 4.451273198e-04
7.872993655e-02 0.000000000e+00 1.997516633e-01 1.766488939e-04 5.291200895e-02 3.307000559e-03
1.646667556e-02 1.925954057e-03 3.805785050e-03 0.000000000e+00 1.925954057e-03 1.510326798e-03

1.481775289e-03 1.100446662e-03 1.481775289e-03 2.772951827e-03 4.761356175e-03 4.367125471e-04
1.889545450e-03 1.733094892e-04 1.733094892e-04 4.367125471e-04 0.000000000e+00 1.481775289e-03
7.498666089e-04 0.000000000e+00 4.367125471e-04 0.000000000e+00 1.100446662e-03 5.384325442e-02
2.320703883e-03 7.498666089e-04 0.000000000e+00 1.733094892e-04 1.481775289e-03 1.733094892e-04
9.692135177e-02 0.000000000e+00 5.347565717e-01 0.000000000e+00 2.413990027e-01 1.100446662e-03
2.292143579e-02 1.100446662e-03 2.370840463e-02 0.000000000e+00 4.367125471e-04 4.367125471e-04

1.558961701e-03 1.823372666e-04 1.987972812e-03 1.987972812e-03 6.745235528e-03 0.000000000e+00
2.248076429e-02 1.157769475e-03 1.157769475e-03 7.889275333e-04 0.000000000e+00 2.917396266e-03
7.889275333e-04 0.000000000e+00 5.573567218e-03 0.000000000e+00 1.987972812e-03 2.189688462e-01
2.218358509e-01 1.823372666e-04 0.000000000e+00 4.594611208e-04 4.188046120e-02 1.823372666e-04
1.987972812e-03 0.000000000e+00 0.000000000e+00 0.000000000e+00 5.573567218e-03 1.157769475e-03
4.360907901e-01 6.152422536e-03 1.558961701e-03 0.000000000e+00 1.124015623e-02 3.413491188e-03

4.000000000e-02 4.000000000e-02 4.000000000e-02 4.000000000e-02 4.000000000e-02 0.000000000e+00
4.000000000e-02 4.000000000e-02 4.000000000e-02 4.000000000e-02 0.000000000e+00 4.000000000e-02
4.000000000e-02 0.000000000e+00 0.000000000e+00 0.000000000e+00 4.000000000e-02 4.000000000e-02
4.000000000e-02 4.000000000e-02 0.000000000e+00 4.000000000e-02 4.000000000e-02 4.000000000e-02
4.000000000e-02 0.000000000e+00 0.000000000e+00 0.000000000e+00 4.000000000e-02 4.000000000e-02
4.000000000e-02 4.000000000e-02 0.000000000e+00 0.000000000e+00 4.000000000e-02 4.000000000e-02

