5.327994938e-18 2.114416192e-02 9.548196400e-01 7.288594551e-04 1.147881712e-04 5.327994938e-18
1.466477033e-02 1.147881712e-04 5.327994938e-18 5.327994938e-18 5.327994938e-18 5.327994938e-18
6.231660683e-03 5.327994938e-18 5.327994938e-18 5.327994938e-18 5.327994938e-18 4.966595719e-04
1.147881712e-04 5.327994938e-18 5.327994938e-18 5.327994938e-18 5.327994938e-18 7.288594551e-04
1.147881712e-04 5.327994938e-18 5.327994938e-18 5.327994938e-18 5.327994938e-18 1.147881712e-04
5.327994938e-18 5.327994938e-18 1.147881712e-04 4.966595719e-04 5.327994938e-18 5.327994938e-18

0.000000000e+00 4.787986643e-18 9.918482621e-01 1.031540452e-04 4.787986643e-18 4.787986643e-18
4.787986643e-18 1.031540452e-04 4.787986643e-18 4.787986643e-18 4.787986643e-18 4.787986643e-18
7.945429786e-03 4.787986643e-18 4.787986643e-18 4.787986643e-18 4.787986643e-18 4.787986643e-18
4.787986643e-18 4.787986643e-18 4.787986643e-18 0.000000000e+00 4.787986643e-18 4.787986643e-18
4.787986643e-18 4.787986643e-18 4.787986643e-18 4.787986643e-18 4.787986643e-18 4.787986643e-18
4.787986643e-18 4.787986643e-18 4.787986643e-18 4.787986643e-18 4.787986643e-18 4.787986643e-18

0.000000000e+00 0.000000000e+00 1.000000000e+00 4.647784847e-18 4.647784847e-18 4.647784847e-18
4.647784847e-18 4.647784847e-18 4.647784847e-18 4.647784847e-18 4.647784847e-18 4.647784847e-18
4.647784847e-18 4.647784847e-18 4.647784847e-18 4.647784847e-18 4.647784847e-18 4.647784847e-18
4.647784847e-18 4.647784847e-18 0.000000000e+00 0.000000000e+00 4.647784847e-18 4.647784847e-18
4.647784847e-18 4.647784847e-18 4.647784847e-18 4.647784847e-18 4.647784847e-18 4.647784847e-18
4.647784847e-18 4.647784847e-18 4.647784847e-18 4.647784847e-18 4.647784847e-18 4.647784847e-18

0.000000000e+00 0.000000000e+00 2.157602536e-01 6.973715494e-01 6.497176045e-18 6.497176045e-18
5.813554358e-02 0.000000000e+00 1.851302739e-02 6.497176045e-18 6.497176045e-18 6.497176045e-18
2.620482801e-03 7.599143202e-03 6.497176045e-18 6.497176045e-18 6.497176045e-18 6.497176045e-18
6.497176045e-18 6.497176045e-18 0.000000000e+00 0.000000000e+00 6.497176045e-18 6.497176045e-18
6.497176045e-18 6.497176045e-18 6.497176045e-18 6.497176045e-18 6.497176045e-18 6.497176045e-18
6.497176045e-18 0.000000000e+00 6.497176045e-18 6.497176045e-18 6.497176045e-18 6.497176045e-18

