1.318052954e-03 7.394997081e-02 2.467494565e-02 1.126919424e-02 2.839659008e-02 9.635025545e-18
5.139596512e-01 2.263190984e-03 2.263190984e-03 1.774786880e-03 9.635025545e-18 8.621244730e-02
9.635025545e-18 0.000000000e+00 8.981479371e-04 3.321285324e-03 9.635025545e-18 3.321285324e-03
2.286430965e-02 3.322534930e-02 4.028938721e-02 2.075803328e-04 9.635025545e-18 7.274998290e-02
1.318052954e-03 2.075803328e-04 5.230696615e-04 9.635025545e-18 9.635025545e-18 2.779608240e-03
1.279626164e-02 1.774786880e-03 1.774786880e-03 2.934706537e-02 2.651943900e-02 9.635025545e-18

5.090990552e-18 1.096820665e-04 1.096820665e-04 1.096820665e-04 1.096820665e-04 5.090990552e-18
9.728903269e-01 1.096820665e-04 2.763814888e-04 5.090990552e-18 5.090990552e-18 5.090990552e-18
0.000000000e+00 0.000000000e+00 0.000000000e+00 1.096820665e-04 5.090990552e-18 5.090990552e-18
8.884247388e-03 5.090990552e-18 1.652317738e-02 1.096820665e-04 5.090990552e-18 5.090990552e-18
5.090990552e-18 1.096820665e-04 1.096820665e-04 5.090990552e-18 5.090990552e-18 1.096820665e-04
5.090990552e-18 1.096820665e-04 5.090990552e-18 1.096820665e-04 1.096820665e-04 5.090990552e-18

2.617434012e-03 3.524431646e-03 3.524431646e-03 7.078112023e-04 5.519839794e-03 2.617434012e-03
2.041964332e-01 8.517740852e-02 1.635896258e-04 4.002020777e-03 1.635896258e-04 1.783572466e-03
0.000000000e+00 0.000000000e+00 0.000000000e+00 0.000000000e+00 1.398671626e-03 1.635896258e-04
6.336718505e-01 0.000000000e+00 3.013346670e-02 1.195847419e-02 1.635896258e-04 1.038729376e-03
1.398671626e-03 1.038729376e-03 4.122200260e-04 1.635896258e-04 1.635896258e-04 7.078112023e-04
1.635896258e-04 4.122200260e-04 1.398671626e-03 1.038729376e-03 1.635896258e-04 4.122200260e-04

4.007418363e-04 6.951682333e-03 1.040227836e-02 6.411869380e-03 1.009806150e-03 2.544552050e-03
6.951682333e-03 1.960771512e-02 0.000000000e+00 0.000000000e+00 1.590345031e-04 1.590345031e-04
0.000000000e+00 0.000000000e+00 0.000000000e+00 0.000000000e+00 6.881023314e-04 1.590345031e-04
4.027624535e-01 0.000000000e+00 1.590345031e-04 5.049850404e-01 1.590345031e-04 6.881023314e-04
1.590345031e-04 2.103346545e-02 7.502189498e-03 1.590345031e-04 1.590345031e-04 1.009806150e-03
1.590345031e-04 1.590345031e-04 3.890585255e-03 1.009806150e-03 4.007418363e-04 1.590345031e-04

