7.406411204e-18 7.406411204e-18 7.406411204e-18 7.406411204e-18 7.406411204e-18 7.406411204e-18
7.406411204e-18 1.595662923e-04 1.595662923e-04 1.013182801e-03 1.595662923e-04 7.406411204e-18
7.406411204e-18 4.877518854e-03 3.935789652e-01 1.755169149e-01 4.020818610e-04 7.406411204e-18
7.406411204e-18 4.020818610e-04 1.018621367e-01 3.204568013e-01 6.904032494e-04 7.406411204e-18
7.406411204e-18 1.595662923e-04 1.595662923e-04 4.020818610e-04 7.406411204e-18 7.406411204e-18
7.406411204e-18 7.406411204e-18 7.406411204e-18 7.406411204e-18 7.406411204e-18 7.406411204e-18

7.686481416e-18 7.686481416e-18 7.686481416e-18 7.686481416e-18 7.686481416e-18 7.686481416e-18
7.686481416e-18 1.002014537e-01 7.686481416e-18 2.649603553e-03 1.656002221e-04 7.686481416e-18
0.000000000e+00 7.686481416e-18 3.519276301e-01 3.050382172e-02 1.656002221e-04 7.686481416e-18
1.415861983e-03 1.498670552e-01 3.579370033e-01 0.000000000e+00 7.686481416e-18 7.686481416e-18
7.686481416e-18 7.165105474e-04 1.656002221e-04 3.567748631e-03 7.686481416e-18 7.686481416e-18
7.686481416e-18 7.686481416e-18 7.686481416e-18 7.686481416e-18 7.165105474e-04 7.686481416e-18

3.420157772e-04 6.299984481e-18 6.299984481e-18 1.472160695e-01 6.299984481e-18 6.299984481e-18
6.299984481e-18 7.657978294e-01 6.299984481e-18 5.021049371e-03 3.420157772e-04 6.299984481e-18
0.000000000e+00 0.000000000e+00 0.000000000e+00 5.872654970e-04 6.299984481e-18 1.357290511e-04
7.678625119e-02 3.420157772e-04 1.479816323e-03 0.000000000e+00 1.357290511e-04 6.299984481e-18
1.357290511e-04 1.357290511e-04 1.357290511e-04 1.357290511e-04 5.872654970e-04 6.299984481e-18
6.299984481e-18 6.299984481e-18 3.420157772e-04 6.299984481e-18 3.420157772e-04 6.299984481e-18

6.529323180e-18 4.894020317e-01 6.529323180e-18 1.406700036e-04 6.529323180e-18 6.529323180e-18
4.312519978e-01 6.529323180e-18 0.000000000e+00 6.968199307e-02 6.529323180e-18 6.529323180e-18
0.000000000e+00 0.000000000e+00 0.000000000e+00 6.529323180e-18 6.529323180e-18 6.529323180e-18
2.250720058e-03 7.131917322e-03 6.529323180e-18 0.000000000e+00 6.529323180e-18 6.529323180e-18
6.529323180e-18 6.529323180e-18 6.529323180e-18 6.529323180e-18 0.000000000e+00 6.529323180e-18
6.529323180e-18 6.529323180e-18 1.406700036e-04 6.529323180e-18 6.529323180e-18 6.529323180e-18

