5.409487544e-18 1.165438762e-04 2.936721658e-04 6.745261663e-02 4.698754652e-03 5.409487544e-18
5.409487544e-18 5.409487544e-18 5.409487544e-18 5.409487544e-18 1.165438762e-04 7.400074868e-04
1.165438762e-04 5.409487544e-18 5.409487544e-18 5.409487544e-18 5.409487544e-18 9.236948166e-01
7.400074868e-04 5.409487544e-18 5.409487544e-18 5.409487544e-18 5.409487544e-18 1.270645665e-03
1.165438762e-04 5.409487544e-18 5.409487544e-18 5.409487544e-18 5.409487544e-18 1.165438762e-04
5.409487544e-18 1.165438762e-04 2.936721658e-04 1.165438762e-04 5.409487544e-18 5.409487544e-18

6.640042890e-18 5.013614177e-02 1.191095221e-01 7.086361172e-02 2.678104775e-03 0.000000000e+00
2.678104775e-03 1.430553875e-04 6.640042890e-18 6.640042890e-18 1.430553875e-04 3.604769879e-04
1.559693343e-03 6.640042890e-18 6.640042890e-18 6.640042890e-18 1.430553875e-04 7.497995362e-01
1.430553875e-04 1.430553875e-04 0.000000000e+00 6.640042890e-18 6.640042890e-18 9.083450901e-04
6.640042890e-18 6.640042890e-18 1.430553875e-04 6.640042890e-18 6.640042890e-18 1.430553875e-04
1.430553875e-04 6.640042890e-18 1.430553875e-04 6.189647132e-04 6.640042890e-18 6.640042890e-18

0.000000000e+00 8.939037261e-03 1.723708570e-02 2.814480850e-02 6.274158890e-04 0.000000000e+00
6.597917175e-01 6.274158890e-04 1.450086268e-04 6.274158890e-04 1.580988971e-03 1.450086268e-04
2.770709307e-01 1.450086268e-04 0.000000000e+00 6.274158890e-04 1.450086268e-04 1.239806319e-03
1.450086268e-04 1.450086268e-04 0.000000000e+00 1.450086268e-04 1.450086268e-04 3.653988426e-04
1.450086268e-04 1.450086268e-04 1.450086268e-04 1.450086268e-04 1.450086268e-04 3.653988426e-04
1.450086268e-04 1.450086268e-04 1.450086268e-04 1.450086268e-04 1.450086268e-04 1.450086268e-04

0.000000000e+00 1.014533174e-02 2.041257184e-01 9.585142153e-02 2.344793382e-03 0.000000000e+00
9.322542805e-02 1.656535356e-02 0.000000000e+00 3.544704375e-02 2.747563307e-02 1.742025861e-02
1.838779210e-03 1.572134110e-02 0.000000000e+00 0.000000000e+00 2.150649211e-04 2.838976072e-01
9.305318701e-04 2.150649211e-04 0.000000000e+00 1.578320010e-01 1.014533174e-02 1.090371221e-02
1.365577128e-03 5.419296424e-04 5.419296424e-04 9.305318701e-04 2.150649211e-04 5.419296424e-04
3.441038738e-03 1.365577128e-03 5.419296424e-04 4.633433266e-03 2.150649211e-04 1.365577128e-03

0.000000000e+00 5.855787799e-03 1.726481867e-02 1.061724971e-02 1.452419330e-04 0.000000000e+00
1.241801060e-03 1.452419330e-04 0.000000000e+00 0.000000000e+00 1.176459657e-02 3.659867375e-04
1.452419330e-04 8.110893724e-01 0.000000000e+00 0.000000000e+00 0.000000000e+00 2.323870928e-03
3.659867375e-04 1.452419330e-04 0.000000000e+00 1.452419330e-04 7.377972925e-02 5.006628143e-02
1.452419330e-04 1.452419330e-04 1.452419330e-04 1.452419330e-04 1.452419330e-04 1.452419330e-04
1.452419330e-04 1.452419330e-04 1.452419330e-04 1.294064780e-02 1.452419330e-04 1.452419330e-04

0.000000000e+00 4.535203402e-02 1.546007793e-01 5.738197772e-02 1.312734656e-03 0.000000000e+00
5.182639827e-02 2.067427533e-04 0.000000000e+00 0.000000000e+00 1.122372343e-02 3.114499291e-02
1.312734656e-03 2.457538309e-02 0.000000000e+00 0.000000000e+00 0.000000000e+00 2.922865097e-02
3.307884052e-03 1.767625676e-03 0.000000000e+00 0.000000000e+00 6.655516308e-02 4.225989436e-01
8.945239411e-04 8.945239411e-04 0.000000000e+00 5.209590934e-04 1.312734656e-03 2.067427533e-04
5.209590934e-04 1.048178137e-02 2.067427533e-04 8.215177872e-02 2.067427533e-04 2.067427533e-04

0.000000000e+00 5.780421613e-03 8.266092769e-03 4.575731227e-01 3.025670952e-03 0.000000000e+00
4.074131537e-03 4.765133153e-04 0.000000000e+00 0.000000000e+00 0.000000000e+00 1.684867334e-02
2.532206387e-03 6.995574594e-03 0.000000000e+00 0.000000000e+00 0.000000000e+00 1.762774338e-02
3.859757854e-02 3.025670952e-03 0.000000000e+00 0.000000000e+00 2.501043176e-02 2.415904941e-02
1.200738313e-03 1.891044345e-04 0.000000000e+00 8.182073682e-04 8.182073682e-04 1.891044345e-04
7.624213044e-03 1.808865639e-01 0.000000000e+00 1.936153622e-01 1.891044345e-04 4.765133153e-04

0.000000000e+00 4.618203788e-02 4.618203788e-02 4.618203788e-02 4.618203788e-02 0.000000000e+00
4.618203788e-02 4.618203788e-02 0.000000000e+00 0.000000000e+00 0.000000000e+00 4.618203788e-02
4.484830177e-02 0.000000000e+00 0.000000000e+00 0.000000000e+00 0.000000000e+00 4.618203788e-02
4.618203788e-02 4.618203788e-02 0.000000000e+00 0.000000000e+00 4.484830177e-02 4.484830177e-02
4.484830177e-02 0.000000000e+00 0.000000000e+00 4.484830177e-02 4.484830177e-02 4.484830177e-02
4.484830177e-02 4.484830177e-02 0.000000000e+00 4.484830177e-02 4.484830177e-02 4.484830177e-02

0.000000000e+00 5.000000000e-02 5.000000000e-02 5.000000000e-02 5.000000000e-02 0.000000000e+00
5.000000000e-02 5.000000000e-02 0.000000000e+00 0.000000000e+00 0.000000000e+00 5.000000000e-02
0.000000000e+00 0.000000000e+00 0.000000000e+00 0.000000000e+00 0.000000000e+00 5.000000000e-02
5.000000000e-02 5.000000000e-02 0.000000000e+00 0.000000000e+00 5.000000000e-02 5.000000000e-02
5.000000000e-02 0.000000000e+00 0.000000000e+00 5.000000000e-02 5.000000000e-02 5.000000000e-02
0.000000000e+00 5.000000000e-02 0.000000000e+00 5.000000000e-02 5.000000000e-02 5.000000000e-02

0.000000000e+00 5.614793823e-02 5.614793823e-02 5.614793823e-02 5.614793823e-02 0.000000000e+00
5.614793823e-02 5.614793823e-02 0.000000000e+00 0.000000000e+00 0.000000000e+00 0.000000000e+00
0.000000000e+00 0.000000000e+00 0.000000000e+00 0.000000000e+00 0.000000000e+00 5.614793823e-02
5.614793823e-02 5.614793823e-02 0.000000000e+00 0.000000000e+00 5.614793823e-02 5.481507721e-02
5.481507721e-02 0.000000000e+00 0.000000000e+00 5.481507721e-02 5.481507721e-02 5.481507721e-02
0.000000000e+00 5.481507721e-02 0.000000000e+00 5.481507721e-02 0.000000000e+00 5.481507721e-02

0.000000000e+00 6.316665561e-02 6.316665561e-02 6.316665561e-02 6.316665561e-02 0.000000000e+00
6.316665561e-02 6.316665561e-02 0.000000000e+00 0.000000000e+00 0.000000000e+00 0.000000000e+00
0.000000000e+00 0.000000000e+00 0.000000000e+00 0.000000000e+00 0.000000000e+00 6.316665561e-02
6.316665561e-02 6.183334439e-02 0.000000000e+00 0.000000000e+00 6.183334439e-02 6.183334439e-02
6.183334439e-02 0.000000000e+00 0.000000000e+00 0.000000000e+00 6.183334439e-02 6.183334439e-02
0.000000000e+00 6.183334439e-02 0.000000000e+00 6.183334439e-02 0.000000000e+00 0.000000000e+00

0.000000000e+00 7.219072057e-02 7.219072057e-02 7.219072057e-02 7.219072057e-02 0.000000000e+00
7.219072057e-02 7.219072057e-02 0.000000000e+00 0.000000000e+00 0.000000000e+00 0.000000000e+00
0.000000000e+00 0.000000000e+00 0.000000000e+00 0.000000000e+00 0.000000000e+00 7.085695957e-02
7.085695957e-02 7.085695957e-02 0.000000000e+00 0.000000000e+00 0.000000000e+00 7.085695957e-02
7.085695957e-02 0.000000000e+00 0.000000000e+00 0.000000000e+00 7.085695957e-02 0.000000000e+00
0.000000000e+00 7.085695957e-02 0.000000000e+00 7.085695957e-02 0.000000000e+00 0.000000000e+00

0.000000000e+00 8.422280692e-02 8.422280692e-02 8.422280692e-02 8.288859654e-02 0.000000000e+00
8.422280692e-02 8.288859654e-02 0.000000000e+00 0.000000000e+00 0.000000000e+00 0.000000000e+00
0.000000000e+00 0.000000000e+00 0.000000000e+00 0.000000000e+00 0.000000000e+00 0.000000000e+00
8.288859654e-02 8.288859654e-02 0.000000000e+00 0.000000000e+00 0.000000000e+00 0.000000000e+00
8.288859654e-02 0.000000000e+00 0.000000000e+00 0.000000000e+00 8.288859654e-02 0.000000000e+00
0.000000000e+00 8.288859654e-02 0.000000000e+00 8.288859654e-02 0.000000000e+00 0.000000000e+00

0.000000000e+00 1.000000000e-01 1.000000000e-01 1.000000000e-01 0.000000000e+00 0.000000000e+00
1.000000000e-01 1.000000000e-01 0.000000000e+00 0.000000000e+00 0.000000000e+00 0.000000000e+00
0.000000000e+00 0.000000000e+00 0.000000000e+00 0.000000000e+00 0.000000000e+00 0.000000000e+00
1.000000000e-01 1.000000000e-01 0.000000000e+00 0.000000000e+00 0.000000000e+00 0.000000000e+00
1.000000000e-01 0.000000000e+00 0.000000000e+00 0.000000000e+00 0.000000000e+00 0.000000000e+00
0.000000000e+00 1.000000000e-01 0.000000000e+00 1.000000000e-01 0.000000000e+00 0.000000000e+00

0.000000000e+00 1.250000000e-01 0.000000000e+00 1.250000000e-01 0.000000000e+00 0.000000000e+00
1.250000000e-01 1.250000000e-01 0.000000000e+00 0.000000000e+00 0.000000000e+00 0.000000000e+00
0.000000000e+00 0.000000000e+00 0.000000000e+00 0.000000000e+00 0.000000000e+00 0.000000000e+00
1.250000000e-01 1.250000000e-01 0.000000000e+00 0.000000000e+00 0.000000000e+00 0.000000000e+00
1.250000000e-01 0.000000000e+00 0.000000000e+00 0.000000000e+00 0.000000000e+00 0.000000000e+00
0.000000000e+00 1.250000000e-01 0.000000000e+00 0.000000000e+00 0.000000000e+00 0.000000000e+00

