6.993821554e-18 6.993821554e-18 6.993821554e-18 6.993821554e-18 6.993821554e-18 6.993821554e-18
6.993821554e-18 1.506773177e-04 1.642793142e-03 2.410837084e-03 1.506773177e-04 6.993821554e-18
6.993821554e-18 6.519428903e-04 2.061236712e-02 5.165177286e-01 3.796830487e-04 6.993821554e-18
6.993821554e-18 3.796830487e-04 2.799603071e-01 1.762332599e-01 3.796830487e-04 6.993821554e-18
6.993821554e-18 6.993821554e-18 6.993821554e-18 3.796830487e-04 1.506773177e-04 6.993821554e-18
6.993821554e-18 6.993821554e-18 6.993821554e-18 6.993821554e-18 6.993821554e-18 6.993821554e-18

1.653394975e-04 1.653394975e-04 1.653394975e-04 0.000000000e+00 4.166294266e-04 1.653394975e-04
1.653394975e-04 1.049840369e-03 1.156365585e-01 7.674379653e-18 5.053990444e-03 1.653394975e-04
1.653394975e-04 1.653394975e-04 4.759558625e-01 0.000000000e+00 3.291630715e-02 1.653394975e-04
1.653394975e-04 1.802650834e-03 3.202976473e-01 1.892927610e-02 2.413842895e-02 1.653394975e-04
1.653394975e-04 1.653394975e-04 1.653394975e-04 1.653394975e-04 1.653394975e-04 1.653394975e-04
1.653394975e-04 1.653394975e-04 1.653394975e-04 1.653394975e-04 1.653394975e-04 1.653394975e-04

6.784039413e-18 3.682943219e-04 2.083558389e-01 0.000000000e+00 6.784039413e-18 6.323876336e-04
1.461576985e-04 1.461576985e-04 1.461576985e-04 0.000000000e+00 0.000000000e+00 6.784039413e-18
6.784039413e-18 3.682943219e-04 4.626347991e-01 0.000000000e+00 6.784039413e-18 6.784039413e-18
6.784039413e-18 3.682943219e-04 3.252483055e-01 6.323876336e-04 3.682943219e-04 1.461576985e-04
6.784039413e-18 1.461576985e-04 6.784039413e-18 6.784039413e-18 1.461576985e-04 1.461576985e-04
6.784039413e-18 6.784039413e-18 6.784039413e-18 6.784039413e-18 6.784039413e-18 6.784039413e-18

5.453085437e-18 5.453085437e-18 0.000000000e+00 0.000000000e+00 0.000000000e+00 5.453085437e-18
5.453085437e-18 2.960390235e-04 7.459715946e-04 0.000000000e+00 0.000000000e+00 5.453085437e-18
5.453085437e-18 5.453085437e-18 9.281845325e-01 0.000000000e+00 5.453085437e-18 5.453085437e-18
5.453085437e-18 2.960390235e-04 3.915330604e-02 2.882910908e-02 5.083201298e-04 1.573160459e-03
5.453085437e-18 5.453085437e-18 2.960390235e-04 5.453085437e-18 1.174831643e-04 5.453085437e-18
5.453085437e-18 5.453085437e-18 5.453085437e-18 5.453085437e-18 5.453085437e-18 5.453085437e-18

1.517511856e-04 1.517511856e-04 0.000000000e+00 0.000000000e+00 0.000000000e+00 3.823890261e-04
3.823890261e-04 6.565892466e-04 5.958098262e-01 0.000000000e+00 0.000000000e+00 1.517511856e-04
1.517511856e-04 1.517511856e-04 0.000000000e+00 0.000000000e+00 0.000000000e+00 1.517511856e-04
1.517511856e-04 4.629803649e-02 2.993558210e-01 1.606265553e-02 2.145411323e-02 1.671490768e-02
1.517511856e-04 1.517511856e-04 1.517511856e-04 1.517511856e-04 1.517511856e-04 1.517511856e-04
1.517511856e-04 1.517511856e-04 1.517511856e-04 1.517511856e-04 1.517511856e-04 1.517511856e-04

1.313750276e-04 3.213929904e-03 0.000000000e+00 0.000000000e+00 0.000000000e+00 1.313750276e-04
1.313750276e-04 1.313750276e-04 0.000000000e+00 0.000000000e+00 0.000000000e+00 1.313750276e-04
1.313750276e-04 0.000000000e+00 0.000000000e+00 0.000000000e+00 0.000000000e+00 1.313750276e-04
1.313750276e-04 3.962525159e-01 5.963203936e-01 3.310443255e-04 1.313750276e-04 1.123240686e-03
1.313750276e-04 1.313750276e-04 1.313750276e-04 1.313750276e-04 1.313750276e-04 1.313750276e-04
1.313750276e-04 1.313750276e-04 1.313750276e-04 1.313750276e-04 1.313750276e-04 1.313750276e-04

