7.336679802e-18 7.336679802e-18 7.336679802e-18 7.336679802e-18 7.336679802e-18 7.336679802e-18
7.336679802e-18 1.580639748e-04 1.580639748e-04 6.839030990e-04 3.982962581e-04 7.336679802e-18
7.336679802e-18 3.982962581e-04 1.127210470e-01 1.910607068e-01 3.982962581e-04 7.336679802e-18
7.336679802e-18 3.982962581e-04 4.168341801e-01 2.758361935e-01 3.982962581e-04 7.336679802e-18
7.336679802e-18 7.336679802e-18 1.580639748e-04 3.982962581e-04 7.336679802e-18 7.336679802e-18
7.336679802e-18 7.336679802e-18 7.336679802e-18 7.336679802e-18 7.336679802e-18 7.336679802e-18

0.000000000e+00 1.896064453e-04 3.549575696e-03 1.168826377e-02 1.621112304e-03 4.084947031e-03
1.896064453e-04 8.944370274e-03 1.633237195e-01 3.125097262e-02 4.638490552e-03 1.896064453e-04
1.896064453e-04 5.907011769e-01 3.870004255e-02 5.574392711e-02 8.288036557e-03 1.896064453e-04
1.896064453e-04 1.846440658e-02 1.846440658e-02 0.000000000e+00 4.638490552e-03 1.896064453e-04
1.621112304e-03 1.203925883e-03 8.288036557e-03 8.203794426e-04 4.777783032e-04 7.644452850e-03
1.896064453e-04 4.777783032e-04 4.777783032e-04 4.777783032e-04 1.168826377e-02 1.203925883e-03

0.000000000e+00 0.000000000e+00 1.080844407e-04 1.080844407e-04 1.080844407e-04 1.080844407e-04
1.080844407e-04 1.080844407e-04 1.080844407e-04 4.676542142e-04 1.080844407e-04 1.080844407e-04
1.080844407e-04 2.644154085e-03 1.080844407e-04 1.080844407e-04 1.080844407e-04 1.080844407e-04
1.080844407e-04 9.867921386e-01 0.000000000e+00 0.000000000e+00 7.069688751e-03 1.080844407e-04
1.080844407e-04 1.080844407e-04 1.080844407e-04 1.080844407e-04 1.080844407e-04 1.080844407e-04
1.080844407e-04 1.080844407e-04 1.080844407e-04 1.080844407e-04 1.080844407e-04 1.080844407e-04

0.000000000e+00 0.000000000e+00 5.720232486e-18 2.090310605e-02 1.971818769e-03 5.720232486e-18
5.720232486e-18 0.000000000e+00 5.720232486e-18 5.720232486e-18 5.720232486e-18 5.720232486e-18
5.720232486e-18 8.531564315e-03 5.720232486e-18 5.720232486e-18 5.720232486e-18 5.720232486e-18
1.650229704e-03 9.106638743e-01 0.000000000e+00 0.000000000e+00 1.799199827e-02 5.720232486e-18
3.828740860e-02 5.720232486e-18 5.720232486e-18 5.720232486e-18 5.720232486e-18 5.720232486e-18
5.720232486e-18 0.000000000e+00 5.720232486e-18 5.720232486e-18 5.720232486e-18 5.720232486e-18

