8.247422825e-18 1.128231572e-03 5.431370095e-03 4.835239575e-02 2.512060353e-02 8.247422825e-18
7.687998088e-04 4.477389962e-04 8.247422825e-18 8.247422825e-18 8.247422825e-18 7.089080095e-01
1.730349581e-02 6.573145904e-03 6.573145904e-03 3.828114569e-03 8.247422825e-18 1.937254124e-03
8.247422825e-18 0.000000000e+00 1.128231572e-03 7.163823938e-03 8.247422825e-18 1.730349581e-02
5.720092476e-02 1.730349581e-02 1.937254124e-03 8.247422825e-18 8.247422825e-18 3.099606599e-02
2.379298771e-03 1.128231572e-03 1.937254124e-03 8.382011785e-03 2.676760620e-02 8.247422825e-18

9.404451334e-04 1.614811408e-03 6.408383319e-04 1.614811408e-03 9.404451334e-04 6.408383319e-04
1.481108275e-04 9.130272006e-03 6.408383319e-04 6.408383319e-04 6.408383319e-04 6.408383319e-04
8.700619345e-01 0.000000000e+00 9.130272006e-03 1.567732860e-02 3.732158985e-04 6.408383319e-04
0.000000000e+00 0.000000000e+00 3.732158985e-04 1.140822135e-02 6.408383319e-04 6.408383319e-04
1.760584238e-02 2.300684378e-02 1.025341331e-02 8.040692786e-03 1.266329762e-03 9.404451334e-04
2.369773240e-03 6.408383319e-04 3.190951047e-03 9.404451334e-04 3.623350847e-03 9.404451334e-04

2.557032203e-03 1.395914512e-02 1.909584192e-04 1.632671518e-03 2.557032203e-03 4.811850640e-04
3.234030018e-01 0.000000000e+00 9.681521451e-03 8.262290941e-04 8.262290941e-04 4.811850640e-04
3.574885668e-03 0.000000000e+00 2.027477623e-01 4.786957188e-02 1.909584192e-04 4.811850640e-04
0.000000000e+00 0.000000000e+00 0.000000000e+00 1.780056622e-02 1.909584192e-04 8.262290941e-04
3.168861622e-01 3.574885668e-03 2.557032203e-03 1.212510382e-03 1.212510382e-03 1.212510382e-03
1.909584192e-04 4.811850640e-04 3.574885668e-03 1.632671518e-03 2.612274429e-02 1.106363579e-02

