6.428240417e-18 6.428240417e-18 6.428240417e-18 6.428240417e-18 6.428240417e-18 6.428240417e-18
6.428240417e-18 6.428240417e-18 1.384922415e-04 5.992211274e-04 6.428240417e-18 6.428240417e-18
6.428240417e-18 6.428240417e-18 1.153101955e-01 7.133405026e-01 1.619815083e-01 6.428240417e-18
6.428240417e-18 3.489785806e-04 3.388043866e-03 6.428240417e-18 0.000000000e+00 6.428240417e-18
6.428240417e-18 6.428240417e-18 1.854482891e-03 1.184092009e-03 1.854482891e-03 6.428240417e-18
6.428240417e-18 6.428240417e-18 6.428240417e-18 6.428240417e-18 6.428240417e-18 6.428240417e-18

5.458621505e-18 1.176024353e-04 1.176024353e-04 5.458621505e-18 1.176024353e-04 1.176024353e-04
1.176024353e-04 1.176024353e-04 5.097780389e-02 1.176024353e-04 1.176024353e-04 1.502430682e-02
5.458621505e-18 1.176024353e-04 5.088361853e-04 0.000000000e+00 1.176024353e-04 5.458621505e-18
1.176024353e-04 1.176024353e-04 1.176024353e-04 0.000000000e+00 0.000000000e+00 5.458621505e-18
1.176024353e-04 1.176024353e-04 9.306054600e-01 5.458621505e-18 2.963395675e-04 1.176024353e-04
1.176024353e-04 1.176024353e-04 1.176024353e-04 1.176024353e-04 1.176024353e-04 1.176024353e-04

5.387753611e-18 5.387753611e-18 5.387753611e-18 5.387753611e-18 5.387753611e-18 2.924922663e-04
5.387753611e-18 1.265540536e-03 6.301554851e-03 1.160756328e-04 5.387753611e-18 3.916623039e-03
5.387753611e-18 1.160756328e-04 9.522494878e-01 0.000000000e+00 0.000000000e+00 5.387753611e-18
1.160756328e-04 5.387753611e-18 2.924922663e-04 0.000000000e+00 0.000000000e+00 5.387753611e-18
5.387753611e-18 5.387753611e-18 2.666103933e-02 0.000000000e+00 5.387753611e-18 1.160756328e-04
5.387753611e-18 9.924327005e-04 2.924922663e-04 5.387753611e-18 1.160756328e-04 7.155466746e-03

3.330256495e-04 6.134384912e-18 6.134384912e-18 8.391720518e-04 8.576078601e-01 3.330256495e-04
6.134384912e-18 5.718288061e-04 1.129963362e-03 0.000000000e+00 6.134384912e-18 1.231967817e-02
6.134384912e-18 6.134384912e-18 8.644531697e-03 0.000000000e+00 0.000000000e+00 6.134384912e-18
3.330256495e-04 6.134384912e-18 6.134384912e-18 0.000000000e+00 0.000000000e+00 6.134384912e-18
1.129963362e-03 6.134384912e-18 4.784925124e-02 0.000000000e+00 0.000000000e+00 6.134384912e-18
6.134384912e-18 1.769708525e-03 8.391720518e-04 6.134384912e-18 6.134384912e-18 6.629979365e-02

1.318141887e-04 6.118272664e-18 6.118272664e-18 6.118272664e-18 4.243396535e-02 1.318141887e-04
6.118272664e-18 1.318141887e-04 3.621349901e-03 0.000000000e+00 0.000000000e+00 8.443312382e-01
6.118272664e-18 6.118272664e-18 0.000000000e+00 0.000000000e+00 0.000000000e+00 1.318141887e-04
1.318141887e-04 3.165205714e-02 6.118272664e-18 0.000000000e+00 0.000000000e+00 6.118272664e-18
1.318141887e-04 1.318141887e-04 7.457148872e-02 0.000000000e+00 0.000000000e+00 6.118272664e-18
6.118272664e-18 5.703268711e-04 1.318141887e-04 6.118272664e-18 6.118272664e-18 1.765060303e-03

1.483471766e-04 3.718775983e-02 1.483471766e-04 1.483471766e-04 4.443473695e-02 1.483471766e-04
1.483471766e-04 1.483471766e-04 0.000000000e+00 0.000000000e+00 0.000000000e+00 4.279667266e-02
1.483471766e-04 0.000000000e+00 0.000000000e+00 0.000000000e+00 0.000000000e+00 1.483471766e-04
1.483471766e-04 7.574056429e-01 1.483471766e-04 0.000000000e+00 0.000000000e+00 1.483471766e-04
1.483471766e-04 1.483471766e-04 8.780534352e-02 0.000000000e+00 0.000000000e+00 1.483471766e-04
1.483471766e-04 1.483471766e-04 3.738114609e-04 1.483471766e-04 1.483471766e-04 2.732578356e-02

