3.933344938e-04 1.560948973e-04 1.560948973e-04 3.933344938e-04 1.560948973e-04 1.560948973e-04
1.560948973e-04 1.560948973e-04 6.823186910e-03 5.774446808e-03 1.560948973e-04 1.560948973e-04
6.753833958e-04 3.933344938e-04 4.878546124e-01 4.288417252e-03 1.948413362e-01 1.560948973e-04
1.560948973e-04 3.933344938e-04 0.000000000e+00 1.560948973e-04 1.560948973e-04 1.560948973e-04
3.933344938e-04 3.933344938e-04 2.927623243e-01 3.933344938e-04 1.560948973e-04 1.560948973e-04
1.560948973e-04 3.933344938e-04 3.933344938e-04 3.933344938e-04 1.560948973e-04 3.933344938e-04

5.633422462e-18 5.633422462e-18 5.633422462e-18 5.633422462e-18 5.633422462e-18 5.633422462e-18
5.633422462e-18 1.213684078e-04 1.213684078e-04 3.058292235e-04 5.633422462e-18 5.633422462e-18
5.633422462e-18 1.771895241e-02 9.254632963e-01 1.941894524e-03 3.171929042e-02 5.633422462e-18
5.633422462e-18 5.633422462e-18 0.000000000e+00 0.000000000e+00 5.251306018e-04 5.633422462e-18
1.213684078e-04 5.633422462e-18 8.872084428e-03 0.000000000e+00 1.284668004e-02 1.213684078e-04
5.633422462e-18 5.633422462e-18 1.213684078e-04 5.633422462e-18 5.633422462e-18 5.633422462e-18

1.873679937e-03 1.718543011e-04 1.718543011e-04 4.330457029e-04 1.718543011e-04 1.718543011e-04
1.718543011e-04 2.350933769e-02 2.832506063e-02 1.392019839e-02 1.718543011e-04 1.718543011e-04
7.435703756e-04 0.000000000e+00 1.969920535e-01 4.721377586e-03 3.165583292e-02 1.091206793e-03
1.531173496e-02 1.718543011e-04 0.000000000e+00 0.000000000e+00 2.669504401e-02 7.435703756e-04
1.718543011e-04 1.718543011e-04 1.124080776e-02 0.000000000e+00 6.279969721e-01 2.749668817e-03
1.718543011e-04 4.330457029e-04 9.329686846e-03 1.718543011e-04 0.000000000e+00 1.718543011e-04

3.800700116e-04 3.800700116e-04 1.508308841e-04 3.800700116e-04 1.508308841e-04 1.508308841e-04
0.000000000e+00 1.792917382e-02 7.115197344e-03 1.596524287e-02 1.508308841e-04 1.508308841e-04
3.800700116e-04 0.000000000e+00 3.249552889e-03 1.596524287e-02 4.143798268e-03 3.800700116e-04
1.508308841e-04 1.508308841e-04 0.000000000e+00 0.000000000e+00 6.526073331e-04 6.526073331e-04
6.526073331e-04 0.000000000e+00 6.698159363e-01 0.000000000e+00 2.528669081e-01 3.800700116e-04
3.800700116e-04 1.508308841e-04 6.593087482e-03 3.800700116e-04 0.000000000e+00 1.508308841e-04

1.142755356e-04 1.142755356e-04 1.142755356e-04 2.879563057e-04 1.142755356e-04 1.142755356e-04
0.000000000e+00 1.142755356e-04 1.142755356e-04 1.142755356e-04 1.142755356e-04 1.142755356e-04
1.615592176e-02 0.000000000e+00 1.160967075e-02 0.000000000e+00 9.622142086e-01 1.142755356e-04
1.142755356e-04 0.000000000e+00 0.000000000e+00 0.000000000e+00 1.142755356e-04 1.142755356e-04
1.142755356e-04 0.000000000e+00 2.879563057e-04 0.000000000e+00 1.142755356e-04 1.142755356e-04
1.142755356e-04 1.142755356e-04 1.142755356e-04 7.044499998e-03 0.000000000e+00 1.142755356e-04

