7.312828517e-18 7.312828517e-18 7.312828517e-18 7.312828517e-18 7.312828517e-18 7.312828517e-18
7.312828517e-18 7.312828517e-18 3.375484299e-02 6.816797544e-04 7.312828517e-18 7.312828517e-18
7.312828517e-18 2.083714428e-02 1.222292563e-01 7.312828517e-18 3.970014111e-04 7.312828517e-18
7.312828517e-18 7.312828517e-18 5.795947429e-02 6.740513025e-01 4.806724190e-02 7.312828517e-18
7.312828517e-18 7.312828517e-18 7.312828517e-18 4.202205662e-02 7.312828517e-18 7.312828517e-18
7.312828517e-18 7.312828517e-18 7.312828517e-18 7.312828517e-18 7.312828517e-18 7.312828517e-18

7.344024525e-18 7.344024525e-18 7.344024525e-18 3.986949910e-04 7.344024525e-18 7.344024525e-18
7.344024525e-18 7.344024525e-18 7.344024525e-18 2.229656186e-01 7.344024525e-18 7.344024525e-18
7.344024525e-18 1.106588102e-01 3.666593303e-01 0.000000000e+00 7.344024525e-18 7.344024525e-18
7.344024525e-18 7.344024525e-18 0.000000000e+00 7.344024525e-18 7.344024525e-18 7.344024525e-18
7.344024525e-18 7.344024525e-18 7.344024525e-18 2.939788133e-01 7.344024525e-18 7.344024525e-18
7.344024525e-18 7.344024525e-18 7.344024525e-18 5.338732564e-03 7.344024525e-18 7.344024525e-18

5.125499973e-18 5.125499973e-18 5.125499973e-18 4.777836038e-04 5.125499973e-18 5.125499973e-18
5.125499973e-18 1.104255495e-04 1.104255495e-04 1.168839345e-02 5.125499973e-18 5.125499973e-18
5.125499973e-18 1.767473539e-02 9.680709006e-01 0.000000000e+00 5.125499973e-18 5.125499973e-18
5.125499973e-18 5.125499973e-18 0.000000000e+00 0.000000000e+00 2.782549484e-04 5.125499973e-18
5.125499973e-18 5.125499973e-18 5.125499973e-18 0.000000000e+00 5.125499973e-18 5.125499973e-18
5.125499973e-18 5.125499973e-18 5.125499973e-18 5.125499973e-18 1.104255495e-04 1.478655339e-03

5.065082944e-18 5.065082944e-18 5.065082944e-18 5.924156949e-03 5.065082944e-18 5.065082944e-18
1.091239040e-04 1.091239040e-04 1.091239040e-04 6.928936002e-04 5.065082944e-18 5.065082944e-18
5.065082944e-18 0.000000000e+00 9.806683586e-01 0.000000000e+00 1.461225632e-03 9.329962554e-04
1.091239040e-04 5.065082944e-18 0.000000000e+00 0.000000000e+00 8.405257553e-03 5.065082944e-18
1.091239040e-04 5.065082944e-18 5.065082944e-18 0.000000000e+00 0.000000000e+00 5.065082944e-18
1.091239040e-04 1.091239040e-04 1.091239040e-04 1.091239040e-04 5.065082944e-18 9.329962554e-04

