6.851136000e-18 9.372222214e-04 2.362540563e-02 1.476032507e-04 3.719368851e-04 6.851136000e-18
1.476032507e-04 3.719368851e-04 4.751682109e-02 6.386421745e-04 6.851136000e-18 1.609277438e-03
7.904268777e-01 3.936901080e-02 6.851136000e-18 4.096765815e-02 3.719368851e-04 6.851136000e-18
6.851136000e-18 1.476032507e-04 5.003401761e-02 0.000000000e+00 9.372222214e-04 3.719368851e-04
6.851136000e-18 6.851136000e-18 1.476032507e-04 3.719368851e-04 3.719368851e-04 3.719368851e-04
6.851136000e-18 6.851136000e-18 6.851136000e-18 3.719368851e-04 3.719368851e-04 6.851136000e-18

6.809127523e-03 2.017998103e-04 3.134663947e-02 2.017998103e-04 1.281348924e-03 1.281348924e-03
2.017998103e-04 5.085036577e-04 8.624975929e-02 6.168485620e-03 2.017998103e-04 3.228796964e-03
2.578094797e-02 4.306855336e-01 0.000000000e+00 3.040035775e-02 2.017998103e-04 1.797979562e-02
5.085036577e-04 2.136023403e-02 3.916744225e-02 0.000000000e+00 3.777844688e-03 2.017998103e-04
2.702204048e-03 1.634578463e-02 0.000000000e+00 2.200167545e-03 1.281348924e-03 1.725364108e-03
4.347645117e-03 2.017998103e-04 2.567006046e-01 4.347645117e-03 2.200167545e-03 2.017998103e-04

1.731349838e-04 1.731349838e-04 5.292277808e-03 1.731349838e-04 6.404813811e-03 5.573606280e-02
1.731349838e-04 1.731349838e-04 5.090134938e-02 2.368453262e-02 1.731349838e-04 1.731349838e-04
1.832610133e-02 2.936626010e-02 0.000000000e+00 4.235536325e-03 0.000000000e+00 7.332699738e-01
7.568039539e-03 1.265624409e-02 1.832610133e-02 0.000000000e+00 5.292277808e-03 1.099338621e-03
1.887642866e-03 3.730080150e-03 0.000000000e+00 2.318367165e-03 1.731349838e-04 1.099338621e-03
2.318367165e-03 0.000000000e+00 1.198578508e-02 2.770159740e-03 1.731349838e-04 1.731349838e-04

4.864112331e-18 4.864112331e-18 1.047941234e-04 4.864112331e-18 1.047941234e-04 1.047941234e-04
4.864112331e-18 4.864112331e-18 1.047941234e-04 0.000000000e+00 4.864112331e-18 0.000000000e+00
1.047941234e-04 1.047941234e-04 0.000000000e+00 6.654012071e-04 0.000000000e+00 9.938056149e-01
4.864112331e-18 1.047941234e-04 4.864112331e-18 0.000000000e+00 2.640646440e-04 4.864112331e-18
1.047941234e-04 1.047941234e-04 0.000000000e+00 1.047941234e-04 1.047941234e-04 1.676705975e-03
1.047941234e-04 0.000000000e+00 1.961825048e-03 1.047941234e-04 4.864112331e-18 2.640646440e-04

3.832629941e-02 3.698745002e-02 3.698745002e-02 3.698745002e-02 3.698745002e-02 3.698745002e-02
3.698745002e-02 3.698745002e-02 3.698745002e-02 0.000000000e+00 3.698745002e-02 0.000000000e+00
3.698745002e-02 3.698745002e-02 0.000000000e+00 0.000000000e+00 0.000000000e+00 3.698745002e-02
3.698745002e-02 3.698745002e-02 3.698745002e-02 0.000000000e+00 3.698745002e-02 0.000000000e+00
3.698745002e-02 3.698745002e-02 0.000000000e+00 3.698745002e-02 3.698745002e-02 3.698745002e-02
3.698745002e-02 0.000000000e+00 3.698745002e-02 3.698745002e-02 3.698745002e-02 3.698745002e-02

4.000000000e-02 4.000000000e-02 0.000000000e+00 0.000000000e+00 4.000000000e-02 4.000000000e-02
4.000000000e-02 4.000000000e-02 4.000000000e-02 0.000000000e+00 4.000000000e-02 0.000000000e+00
4.000000000e-02 4.000000000e-02 0.000000000e+00 0.000000000e+00 0.000000000e+00 4.000000000e-02
4.000000000e-02 4.000000000e-02 4.000000000e-02 0.000000000e+00 4.000000000e-02 0.000000000e+00
4.000000000e-02 4.000000000e-02 0.000000000e+00 4.000000000e-02 4.000000000e-02 4.000000000e-02
4.000000000e-02 0.000000000e+00 4.000000000e-02 4.000000000e-02 4.000000000e-02 4.000000000e-02

4.417400516e-02 4.417400516e-02 0.000000000e+00 0.000000000e+00 4.417400516e-02 4.417400516e-02
4.417400516e-02 4.417400516e-02 4.417400516e-02 0.000000000e+00 4.417400516e-02 0.000000000e+00
4.417400516e-02 4.417400516e-02 0.000000000e+00 0.000000000e+00 0.000000000e+00 4.284049527e-02
4.417400516e-02 4.284049527e-02 0.000000000e+00 0.000000000e+00 4.284049527e-02 0.000000000e+00
4.284049527e-02 4.284049527e-02 0.000000000e+00 0.000000000e+00 4.284049527e-02 4.284049527e-02
4.284049527e-02 0.000000000e+00 4.284049527e-02 4.284049527e-02 4.284049527e-02 4.284049527e-02

4.812654667e-02 4.812654667e-02 0.000000000e+00 0.000000000e+00 4.812654667e-02 4.812654667e-02
4.812654667e-02 4.812654667e-02 4.812654667e-02 0.000000000e+00 4.812654667e-02 0.000000000e+00
4.812654667e-02 4.812654667e-02 0.000000000e+00 0.000000000e+00 0.000000000e+00 0.000000000e+00
4.812654667e-02 4.812654667e-02 0.000000000e+00 0.000000000e+00 4.812654667e-02 0.000000000e+00
4.679436166e-02 4.679436166e-02 0.000000000e+00 0.000000000e+00 4.679436166e-02 4.679436166e-02
4.679436166e-02 0.000000000e+00 4.679436166e-02 4.679436166e-02 0.000000000e+00 4.679436166e-02

