5.666411961e-18 5.666411961e-18 1.220791450e-04 7.751542526e-04 1.220791450e-04 5.666411961e-18
1.220791450e-04 5.666411961e-18 5.666411961e-18 5.666411961e-18 5.666411961e-18 1.220791450e-04
1.043762007e-03 5.666411961e-18 5.666411961e-18 5.666411961e-18 5.666411961e-18 1.330995170e-03
9.036050873e-01 5.666411961e-18 5.666411961e-18 5.666411961e-18 5.666411961e-18 3.076201690e-04
8.451292530e-03 1.220791450e-04 5.666411961e-18 5.666411961e-18 5.666411961e-18 5.666411961e-18
5.666411961e-18 1.188840899e-02 7.065628871e-02 1.330995170e-03 5.666411961e-18 5.666411961e-18

5.931266670e-18 1.277852667e-04 1.277852667e-04 1.277852667e-04 1.277852667e-04 1.277852667e-04
1.277852667e-04 5.931266670e-18 5.931266670e-18 5.931266670e-18 5.931266670e-18 1.277852667e-04
3.219986948e-04 5.931266670e-18 1.277852667e-04 1.277852667e-04 1.277852667e-04 5.528947380e-04
2.167427575e-02 5.931266670e-18 6.478665911e-03 0.000000000e+00 1.277852667e-04 1.393207438e-03
1.191175603e-02 1.711110950e-03 2.045333518e-02 5.931266670e-18 1.407513837e-02 1.277852667e-04
0.000000000e+00 3.510662755e-03 9.159337470e-01 3.219986948e-04 1.277852667e-04 5.931266670e-18

1.435544713e-04 1.435544713e-04 9.115140748e-04 3.511885146e-03 1.565134716e-03 1.435544713e-04
1.435544713e-04 1.435544713e-04 3.617346003e-04 1.435544713e-04 2.687448001e-03 3.092787328e-03
1.435544713e-04 1.435544713e-04 1.049389551e-02 0.000000000e+00 1.581206581e-02 6.211241235e-04
8.668370908e-01 1.435544713e-04 2.504215545e-02 0.000000000e+00 1.435544713e-04 1.227373464e-03
1.963797543e-02 2.296871540e-03 3.092787328e-03 0.000000000e+00 1.279029971e-02 1.435544713e-04
0.000000000e+00 1.565134716e-03 2.644295969e-02 1.435544713e-04 1.435544713e-04 1.435544713e-04

2.330546505e-03 2.862333014e-03 1.357279933e-03 5.229333662e-03 5.229333662e-03 9.248779936e-04
4.605280700e-03 5.021010238e-02 2.447260303e-02 0.000000000e+00 2.862333014e-03 6.534021755e-03
3.420131116e-03 2.137581948e-04 0.000000000e+00 0.000000000e+00 6.521586413e-02 3.420131116e-03
3.135118069e-01 1.008368909e-02 2.417142502e-01 0.000000000e+00 2.137581948e-04 2.330546505e-03
1.643336800e-01 3.523166885e-02 1.317709512e-02 0.000000000e+00 1.562581883e-02 2.137581948e-04
0.000000000e+00 6.534021755e-03 1.646470310e-02 9.248779936e-04 5.386368983e-04 2.137581948e-04

4.106870357e-03 2.937548423e-03 9.491816216e-04 5.366748306e-03 5.366748306e-03 2.391787810e-03
4.106870357e-03 6.705720547e-03 2.901396773e-02 0.000000000e+00 1.392946071e-03 4.106870357e-03
4.106870357e-03 0.000000000e+00 0.000000000e+00 0.000000000e+00 2.279234975e-01 5.527910147e-04
1.655786372e-01 4.106870357e-03 1.655786372e-01 0.000000000e+00 4.106870357e-03 2.180144784e-01
5.499312259e-02 1.271003385e-02 1.518690594e-02 0.000000000e+00 0.000000000e+00 5.527910147e-04
0.000000000e+00 3.510004153e-03 1.112224478e-02 3.826860496e-02 5.366748306e-03 1.875632086e-03

3.917969513e-02 3.917969513e-02 3.917969513e-02 3.917969513e-02 3.917969513e-02 3.917969513e-02
3.917969513e-02 3.917969513e-02 3.917969513e-02 0.000000000e+00 3.917969513e-02 3.917969513e-02
3.917969513e-02 0.000000000e+00 0.000000000e+00 0.000000000e+00 0.000000000e+00 3.784597560e-02
3.784597560e-02 3.784597560e-02 3.784597560e-02 0.000000000e+00 3.784597560e-02 3.784597560e-02
3.784597560e-02 3.784597560e-02 3.784597560e-02 0.000000000e+00 0.000000000e+00 3.784597560e-02
0.000000000e+00 3.784597560e-02 3.784597560e-02 3.784597560e-02 3.784597560e-02 0.000000000e+00

4.211050269e-02 4.211050269e-02 4.211050269e-02 4.211050269e-02 4.211050269e-02 4.211050269e-02
4.211050269e-02 4.211050269e-02 4.211050269e-02 0.000000000e+00 4.211050269e-02 4.211050269e-02
4.211050269e-02 0.000000000e+00 0.000000000e+00 0.000000000e+00 0.000000000e+00 0.000000000e+00
4.211050269e-02 4.211050269e-02 4.211050269e-02 0.000000000e+00 0.000000000e+00 4.211050269e-02
4.077899461e-02 4.077899461e-02 4.077899461e-02 0.000000000e+00 0.000000000e+00 4.077899461e-02
0.000000000e+00 4.077899461e-02 4.077899461e-02 4.077899461e-02 4.077899461e-02 0.000000000e+00

