9.532520739e-18 2.998288916e-02 1.304030494e-03 7.597361137e-03 6.277675969e-03 9.532520739e-18
8.280077512e-03 0.000000000e+00 3.986075775e-02 5.175048445e-04 9.532520739e-18 9.532520739e-18
1.581875219e-02 9.532520739e-18 3.851834087e-01 1.304030494e-03 9.532520739e-18 5.175048445e-04
5.175048445e-04 1.366373676e-01 9.027539614e-02 2.053719337e-04 9.532520739e-18 1.755905333e-03
5.175048445e-04 1.304030494e-03 9.532520739e-18 9.532520739e-18 9.532520739e-18 5.175048445e-04
8.406133481e-02 1.755905333e-03 1.304030494e-03 8.406133481e-02 1.004428155e-01 9.532520739e-18

1.888777957e-04 3.479158744e-02 1.668018738e-01 2.245178665e-02 2.059282393e-03 8.766930674e-18
4.759422213e-04 0.000000000e+00 8.766930674e-18 4.289849962e-01 4.759422213e-04 1.888777957e-04
1.167911189e-01 0.000000000e+00 0.000000000e+00 1.605923848e-02 1.888777957e-04 1.888777957e-04
1.888777957e-04 1.105546093e-01 8.650233520e-02 7.615075541e-03 8.766930674e-18 1.888777957e-04
1.888777957e-04 1.888777957e-04 8.172267591e-04 8.766930674e-18 8.766930674e-18 4.759422213e-04
1.888777957e-04 1.888777957e-04 1.888777957e-04 2.059282393e-03 8.172267591e-04 1.888777957e-04

5.528472435e-04 1.284185522e-01 1.764145566e-01 1.086803145e-01 5.383781267e-02 2.193975740e-04
5.528472435e-04 0.000000000e+00 0.000000000e+00 1.519416526e-01 1.018353329e-17 2.392031098e-03
6.939265522e-02 0.000000000e+00 0.000000000e+00 1.255489168e-01 1.018353329e-17 1.018353329e-17
1.018353329e-17 0.000000000e+00 1.018353329e-17 4.107288100e-03 1.018353329e-17 5.367294201e-03
5.528472435e-04 2.136555012e-02 3.203053614e-02 1.018353329e-17 1.018353329e-17 5.528472435e-04
1.018353329e-17 1.018353329e-17 6.706402639e-03 3.510361184e-03 1.073024422e-01 5.528472435e-04

9.185139658e-18 8.099799845e-02 2.548807544e-01 1.316580722e-01 3.704609562e-03 9.185139658e-18
9.185139658e-18 0.000000000e+00 0.000000000e+00 1.892882662e-01 9.185139658e-18 9.185139658e-18
3.166205362e-03 0.000000000e+00 0.000000000e+00 9.185139658e-18 0.000000000e+00 9.185139658e-18
9.185139658e-18 0.000000000e+00 0.000000000e+00 1.055641372e-01 6.258939908e-02 9.185139658e-18
9.185139658e-18 9.185139658e-18 4.986460980e-04 9.185139658e-18 9.185139658e-18 9.185139658e-18
9.185139658e-18 9.185139658e-18 1.978878351e-04 4.751807924e-02 1.197380566e-01 1.978878351e-04

5.234465014e-18 2.841704810e-04 5.234465014e-18 6.898358864e-02 7.160647414e-04 1.127731301e-04
5.234465014e-18 0.000000000e+00 0.000000000e+00 0.000000000e+00 5.234465014e-18 1.127731301e-04
1.127731301e-04 0.000000000e+00 0.000000000e+00 0.000000000e+00 0.000000000e+00 5.234465014e-18
5.234465014e-18 0.000000000e+00 0.000000000e+00 9.294523105e-01 5.234465014e-18 5.234465014e-18
5.234465014e-18 5.234465014e-18 5.234465014e-18 5.234465014e-18 5.234465014e-18 5.234465014e-18
5.234465014e-18 5.234465014e-18 5.234465014e-18 1.127731301e-04 1.127731301e-04 5.234465014e-18

1.111687032e-04 1.111687032e-04 5.159994115e-18 4.417425310e-02 2.801275785e-04 1.111687032e-04
4.809990433e-04 0.000000000e+00 0.000000000e+00 0.000000000e+00 0.000000000e+00 2.801275785e-04
5.159994115e-18 0.000000000e+00 0.000000000e+00 0.000000000e+00 0.000000000e+00 5.159994115e-18
0.000000000e+00 0.000000000e+00 0.000000000e+00 9.531314756e-01 5.159994115e-18 5.159994115e-18
1.111687032e-04 5.159994115e-18 1.111687032e-04 5.159994115e-18 5.159994115e-18 5.159994115e-18
7.058772657e-04 5.159994115e-18 5.159994115e-18 2.801275785e-04 1.111687032e-04 5.159994115e-18

5.804053515e-18 5.804053515e-18 1.363326078e-03 7.624245330e-01 2.312403151e-01 5.804053515e-18
5.804053515e-18 0.000000000e+00 0.000000000e+00 0.000000000e+00 0.000000000e+00 5.804053515e-18
0.000000000e+00 0.000000000e+00 0.000000000e+00 0.000000000e+00 0.000000000e+00 3.150925022e-04
0.000000000e+00 0.000000000e+00 0.000000000e+00 0.000000000e+00 5.804053515e-18 5.804053515e-18
3.150925022e-04 5.804053515e-18 5.804053515e-18 5.804053515e-18 5.804053515e-18 5.804053515e-18
2.000712678e-03 5.804053515e-18 5.804053515e-18 2.340928167e-03 5.804053515e-18 5.804053515e-18

2.769047405e-02 1.030752462e-03 0.000000000e+00 5.595785284e-18 9.358402526e-01 1.704405201e-02
1.314405524e-03 0.000000000e+00 0.000000000e+00 0.000000000e+00 0.000000000e+00 1.205575394e-04
0.000000000e+00 0.000000000e+00 0.000000000e+00 0.000000000e+00 0.000000000e+00 4.067851492e-03
0.000000000e+00 0.000000000e+00 0.000000000e+00 0.000000000e+00 0.000000000e+00 3.037859631e-04
1.205575394e-04 1.205575394e-04 1.205575394e-04 3.037859631e-04 1.205575394e-04 1.205575394e-04
7.654926592e-04 1.205575394e-04 1.205575394e-04 1.025034344e-02 1.205575394e-04 3.037859631e-04

1.182080943e-04 1.010664989e-03 0.000000000e+00 0.000000000e+00 4.487231586e-02 9.324262535e-01
2.978657325e-04 0.000000000e+00 0.000000000e+00 0.000000000e+00 0.000000000e+00 5.486733704e-18
0.000000000e+00 0.000000000e+00 0.000000000e+00 0.000000000e+00 0.000000000e+00 0.000000000e+00
0.000000000e+00 0.000000000e+00 0.000000000e+00 0.000000000e+00 0.000000000e+00 1.457413701e-02
2.978657325e-04 1.182080943e-04 5.486733704e-18 1.182080943e-04 1.182080943e-04 1.182080943e-04
1.288790174e-03 1.182080943e-04 1.182080943e-04 3.988576535e-03 2.978657325e-04 1.182080943e-04

1.446246160e-04 1.446246160e-04 0.000000000e+00 0.000000000e+00 3.935578891e-02 5.923824272e-01
1.446246160e-04 0.000000000e+00 0.000000000e+00 0.000000000e+00 0.000000000e+00 0.000000000e+00
0.000000000e+00 0.000000000e+00 0.000000000e+00 0.000000000e+00 0.000000000e+00 0.000000000e+00
0.000000000e+00 0.000000000e+00 0.000000000e+00 0.000000000e+00 0.000000000e+00 6.257543709e-04
3.321836359e-02 1.446246160e-04 1.446246160e-04 1.446246160e-04 1.446246160e-04 1.446246160e-04
9.183090704e-04 0.000000000e+00 3.271452939e-01 3.115842898e-03 1.936598564e-03 1.446246160e-04

1.271089563e-04 1.271089563e-04 0.000000000e+00 0.000000000e+00 1.855703299e-02 1.271089563e-04
1.271089563e-04 0.000000000e+00 0.000000000e+00 0.000000000e+00 0.000000000e+00 0.000000000e+00
0.000000000e+00 0.000000000e+00 0.000000000e+00 0.000000000e+00 0.000000000e+00 0.000000000e+00
0.000000000e+00 0.000000000e+00 0.000000000e+00 0.000000000e+00 0.000000000e+00 5.355747381e-02
1.086766289e-03 0.000000000e+00 1.271089563e-04 8.846730167e-01 1.271089563e-04 1.271089563e-04
1.271089563e-04 0.000000000e+00 3.119117524e-02 9.790554365e-03 0.000000000e+00 1.271089563e-04

5.109209723e-18 5.109209723e-18 0.000000000e+00 0.000000000e+00 1.473955765e-03 5.109209723e-18
5.109209723e-18 0.000000000e+00 0.000000000e+00 0.000000000e+00 0.000000000e+00 0.000000000e+00
0.000000000e+00 0.000000000e+00 0.000000000e+00 0.000000000e+00 0.000000000e+00 0.000000000e+00
0.000000000e+00 0.000000000e+00 0.000000000e+00 0.000000000e+00 0.000000000e+00 2.692840582e-03
1.473955765e-03 0.000000000e+00 9.721013942e-01 5.109209723e-18 0.000000000e+00 0.000000000e+00
5.109209723e-18 0.000000000e+00 7.199862094e-03 1.505799164e-02 0.000000000e+00 5.109209723e-18

1.326864603e-04 1.326864603e-04 0.000000000e+00 0.000000000e+00 7.766450115e-02 1.326864603e-04
1.326864603e-04 0.000000000e+00 0.000000000e+00 0.000000000e+00 0.000000000e+00 0.000000000e+00
0.000000000e+00 0.000000000e+00 0.000000000e+00 0.000000000e+00 0.000000000e+00 0.000000000e+00
0.000000000e+00 0.000000000e+00 0.000000000e+00 0.000000000e+00 0.000000000e+00 8.137123760e-01
6.572728208e-02 0.000000000e+00 0.000000000e+00 0.000000000e+00 0.000000000e+00 0.000000000e+00
1.326864603e-04 0.000000000e+00 1.326864603e-04 4.196703558e-02 0.000000000e+00 1.326864603e-04

1.122976744e-01 1.109627907e-01 0.000000000e+00 0.000000000e+00 1.109627907e-01 1.109627907e-01
1.109627907e-01 0.000000000e+00 0.000000000e+00 0.000000000e+00 0.000000000e+00 0.000000000e+00
0.000000000e+00 0.000000000e+00 0.000000000e+00 0.000000000e+00 0.000000000e+00 0.000000000e+00
0.000000000e+00 0.000000000e+00 0.000000000e+00 0.000000000e+00 0.000000000e+00 0.000000000e+00
1.109627907e-01 0.000000000e+00 0.000000000e+00 0.000000000e+00 0.000000000e+00 0.000000000e+00
1.109627907e-01 0.000000000e+00 0.000000000e+00 1.109627907e-01 0.000000000e+00 1.109627907e-01

