6.388178294e-18 6.388178294e-18 6.388178294e-18 6.388178294e-18 6.388178294e-18 6.388178294e-18
6.388178294e-18 1.376291292e-04 2.965129703e-03 3.468036740e-04 6.388178294e-18 6.388178294e-18
6.388178294e-18 6.388178294e-02 6.991259122e-02 8.084882682e-01 1.376291292e-04 6.388178294e-18
6.388178294e-18 0.000000000e+00 5.091339304e-03 4.586729892e-02 5.954866575e-04 6.388178294e-18
6.388178294e-18 1.842925371e-03 5.954866575e-04 1.376291292e-04 6.388178294e-18 6.388178294e-18
6.388178294e-18 6.388178294e-18 6.388178294e-18 6.388178294e-18 6.388178294e-18 6.388178294e-18

6.539501352e-18 1.408892857e-04 6.539501352e-18 6.539501352e-18 6.539501352e-18 6.539501352e-18
6.539501352e-18 1.204586448e-03 1.551850415e-02 1.408892857e-04 1.408892857e-04 6.539501352e-18
6.539501352e-18 0.000000000e+00 5.019145324e-02 2.302089116e-01 1.408892857e-04 6.539501352e-18
0.000000000e+00 0.000000000e+00 6.539501352e-18 1.886580555e-03 8.945912012e-04 6.539501352e-18
6.539501352e-18 6.956087350e-01 1.536076934e-03 1.536076934e-03 1.408892857e-04 6.539501352e-18
6.539501352e-18 3.550187535e-04 3.550187535e-04 6.539501352e-18 6.539501352e-18 6.539501352e-18

1.476918191e-04 8.839009489e-02 1.476918191e-04 1.476918191e-04 1.476918191e-04 1.476918191e-04
1.476918191e-04 0.000000000e+00 6.390253880e-04 3.721600636e-04 1.476918191e-04 1.476918191e-04
1.476918191e-04 0.000000000e+00 1.476918191e-04 6.191654830e-01 1.476918191e-04 1.476918191e-04
0.000000000e+00 0.000000000e+00 0.000000000e+00 2.866559086e-02 3.721600636e-04 1.476918191e-04
1.476918191e-04 2.577358266e-01 1.476918191e-04 1.262747291e-03 1.476918191e-04 1.476918191e-04
1.476918191e-04 1.476918191e-04 1.476918191e-04 1.476918191e-04 1.476918191e-04 1.476918191e-04

