6.468507115e-18 1.393597612e-04 6.468507115e-18 3.409266678e-03 1.393597612e-04 6.468507115e-18
1.393597612e-04 6.468507115e-18 1.393597612e-04 5.208299632e-02 8.848793262e-04 1.393597612e-04
1.393597612e-04 6.468507115e-18 7.750300650e-01 6.468507115e-18 1.458459893e-01 7.565611817e-03
1.393597612e-04 6.468507115e-18 1.866099430e-03 1.073417136e-02 3.511645933e-04 1.393597612e-04
1.393597612e-04 6.468507115e-18 6.468507115e-18 1.393597612e-04 6.468507115e-18 6.468507115e-18
1.393597612e-04 1.393597612e-04 1.393597612e-04 1.393597612e-04 1.393597612e-04 1.393597612e-04

7.757193357e-18 7.757193357e-18 1.671236647e-04 1.671236647e-04 7.757193357e-18 7.757193357e-18
7.757193357e-18 7.757193357e-18 5.665097716e-02 3.597112829e-01 7.757193357e-18 7.757193357e-18
7.883782307e-03 4.913403323e-02 7.757193357e-18 0.000000000e+00 1.524691811e-01 5.108527708e-03
7.757193357e-18 3.600570207e-03 0.000000000e+00 3.642717798e-01 7.757193357e-18 7.757193357e-18
7.757193357e-18 7.757193357e-18 1.671236647e-04 1.671236647e-04 7.757193357e-18 7.757193357e-18
7.757193357e-18 7.757193357e-18 7.757193357e-18 1.671236647e-04 1.671236647e-04 1.671236647e-04

5.024218507e-18 5.024218507e-18 5.024218507e-18 4.683424519e-04 5.024218507e-18 5.024218507e-18
5.024218507e-18 5.024218507e-18 8.767724019e-03 1.082435064e-04 5.024218507e-18 5.024218507e-18
1.449436651e-03 9.811968325e-01 0.000000000e+00 0.000000000e+00 6.672656370e-03 6.873034238e-04
5.024218507e-18 5.024218507e-18 0.000000000e+00 0.000000000e+00 1.082435064e-04 5.024218507e-18
5.024218507e-18 1.082435064e-04 1.082435064e-04 1.082435064e-04 5.024218507e-18 5.024218507e-18
5.024218507e-18 1.082435064e-04 5.024218507e-18 1.082435064e-04 5.024218507e-18 5.024218507e-18

1.882796772e-04 1.882796772e-04 1.882796772e-04 3.524737596e-03 1.882796772e-04 1.882796772e-04
1.882796772e-04 1.882796772e-04 1.500577593e-01 4.620181438e-02 1.882796772e-04 1.882796772e-04
2.576598814e-01 2.365084810e-01 0.000000000e+00 0.000000000e+00 2.561341401e-01 5.755210967e-03
1.882796772e-04 0.000000000e+00 0.000000000e+00 0.000000000e+00 0.000000000e+00 1.303422161e-02
1.882796772e-04 2.521162459e-03 2.521162459e-03 1.882796772e-04 2.521162459e-03 1.882796772e-04
1.882796772e-04 1.195501431e-03 2.052761272e-03 1.231517421e-02 5.172634273e-03 1.882796772e-04

4.897951758e-18 4.897951758e-18 4.897951758e-18 1.055231718e-04 4.897951758e-18 4.897951758e-18
4.897951758e-18 4.897951758e-18 4.897951758e-18 9.882430477e-01 1.055231718e-04 4.897951758e-18
1.055231718e-04 2.273427819e-03 0.000000000e+00 0.000000000e+00 4.897951758e-18 8.127911519e-03
4.897951758e-18 0.000000000e+00 0.000000000e+00 0.000000000e+00 0.000000000e+00 1.055231718e-04
4.897951758e-18 4.897951758e-18 4.897951758e-18 0.000000000e+00 0.000000000e+00 4.897951758e-18
4.897951758e-18 4.897951758e-18 1.055231718e-04 4.565722474e-04 2.659017307e-04 1.055231718e-04

