1.337107289e-04 1.337107289e-04 1.083056904e-02 1.337107289e-04 1.337107289e-04 1.337107289e-04
1.337107289e-04 1.337107289e-04 7.564442199e-02 8.490102071e-04 6.206302263e-18 1.337107289e-04
4.511666306e-03 3.422994661e-02 6.206302263e-18 8.596708129e-01 1.337107289e-04 1.337107289e-04
1.337107289e-04 5.785327241e-04 8.745877118e-03 3.369299240e-04 6.206302263e-18 1.337107289e-04
1.337107289e-04 6.206302263e-18 1.337107289e-04 6.206302263e-18 6.206302263e-18 3.369299240e-04
6.206302263e-18 8.490102071e-04 1.337107289e-04 1.143210651e-03 1.337107289e-04 1.337107289e-04

5.949858469e-18 5.949858469e-18 4.325244701e-03 6.498973555e-03 1.281858149e-04 5.949858469e-18
5.949858469e-18 1.281858149e-04 2.259081196e-01 5.949858469e-18 1.095973301e-03 1.281858149e-04
1.281858149e-04 1.281858149e-04 0.000000000e+00 7.605052733e-01 1.281858149e-04 1.281858149e-04
1.281858149e-04 5.949858469e-18 5.949858469e-18 1.281858149e-04 5.949858469e-18 1.281858149e-04
1.281858149e-04 1.281858149e-04 0.000000000e+00 5.949858469e-18 5.949858469e-18 1.281858149e-04
5.949858469e-18 5.949858469e-18 5.949858469e-18 5.949858469e-18 5.949858469e-18 5.949858469e-18

6.154196771e-18 6.154196771e-18 4.052868515e-03 1.133612738e-03 1.325881501e-04 6.154196771e-18
6.154196771e-18 3.341012026e-04 8.382360957e-01 0.000000000e+00 1.325881501e-04 1.325881501e-04
1.325881501e-04 6.154196771e-18 0.000000000e+00 4.343358508e-02 6.154196771e-18 1.325881501e-04
6.154196771e-18 0.000000000e+00 6.154196771e-18 9.455332957e-02 6.154196771e-18 6.154196771e-18
1.325881501e-04 5.736756077e-04 0.000000000e+00 3.341012026e-04 6.154196771e-18 1.325881501e-04
6.154196771e-18 1.325881501e-04 8.418822760e-04 6.154196771e-18 1.460416062e-02 8.418822760e-04

1.840962165e-04 4.638933966e-04 2.434805864e-02 4.638933966e-04 1.840962165e-04 1.840962165e-04
1.840962165e-04 9.333610302e-03 4.712863141e-02 0.000000000e+00 7.965380672e-04 1.840962165e-04
8.684434349e-03 4.638933966e-04 0.000000000e+00 7.422294346e-03 4.638933966e-04 7.965380672e-04
1.574000510e-03 0.000000000e+00 4.811302597e-02 0.000000000e+00 4.638933966e-04 1.840962165e-04
1.840962165e-04 4.638933966e-04 0.000000000e+00 2.351922418e-02 4.712863141e-02 1.840962165e-04
1.840962165e-04 4.503689521e-03 1.857158217e-01 0.000000000e+00 3.122544768e-02 5.552698275e-01

3.609445831e-02 3.609445831e-02 3.609445831e-02 3.609445831e-02 3.609445831e-02 3.609445831e-02
3.609445831e-02 3.609445831e-02 3.609445831e-02 0.000000000e+00 3.609445831e-02 3.609445831e-02
3.609445831e-02 3.609445831e-02 0.000000000e+00 3.609445831e-02 3.609445831e-02 3.476385421e-02
3.609445831e-02 0.000000000e+00 0.000000000e+00 0.000000000e+00 3.609445831e-02 3.609445831e-02
3.609445831e-02 3.609445831e-02 0.000000000e+00 3.476385421e-02 3.476385421e-02 3.476385421e-02
3.476385421e-02 3.476385421e-02 3.476385421e-02 0.000000000e+00 0.000000000e+00 3.476385421e-02

