6.851136000e-18 9.372222214e-04 2.362540563e-02 1.476032507e-04 3.719368851e-04 6.851136000e-18
1.476032507e-04 3.719368851e-04 4.751682109e-02 6.386421745e-04 6.851136000e-18 1.609277438e-03
7.904268777e-01 3.936901080e-02 6.851136000e-18 4.096765815e-02 3.719368851e-04 6.851136000e-18
6.851136000e-18 1.476032507e-04 5.003401761e-02 0.000000000e+00 9.372222214e-04 3.719368851e-04
6.851136000e-18 6.851136000e-18 1.476032507e-04 3.719368851e-04 3.719368851e-04 3.719368851e-04
6.851136000e-18 6.851136000e-18 6.851136000e-18 3.719368851e-04 3.719368851e-04 6.851136000e-18

7.214520193e-18 7.214520193e-18 1.554321258e-04 7.214520193e-18 7.214520193e-18 7.214520193e-18
7.214520193e-18 7.214520193e-18 2.101909134e-01 7.214520193e-18 7.214520193e-18 7.214520193e-18
7.214520193e-18 2.579320148e-01 0.000000000e+00 4.749667586e-01 0.000000000e+00 7.214520193e-18
7.214520193e-18 1.985724140e-02 7.214520193e-18 0.000000000e+00 1.328925982e-03 7.214520193e-18
7.214520193e-18 7.214520193e-18 3.489619792e-02 6.725157498e-04 7.214520193e-18 7.214520193e-18
7.214520193e-18 7.214520193e-18 7.214520193e-18 7.214520193e-18 7.214520193e-18 7.214520193e-18

6.666323662e-18 6.666323662e-18 1.923167520e-03 6.666323662e-18 6.666323662e-18 6.666323662e-18
6.666323662e-18 6.666323662e-18 6.253254657e-01 1.436215895e-04 6.666323662e-18 1.436215895e-04
6.666323662e-18 7.753725570e-02 0.000000000e+00 2.820432759e-01 0.000000000e+00 6.666323662e-18
6.666323662e-18 1.565866487e-03 0.000000000e+00 0.000000000e+00 1.565866487e-03 6.666323662e-18
6.666323662e-18 1.565866487e-03 0.000000000e+00 1.227947318e-03 6.666323662e-18 6.666323662e-18
1.565866487e-03 6.666323662e-18 2.297945432e-03 3.094233347e-03 6.666323662e-18 6.666323662e-18

