6.793969232e-18 6.793969232e-18 6.793969232e-18 6.793969232e-18 6.793969232e-18 6.793969232e-18
6.793969232e-18 0.000000000e+00 6.104921063e-01 6.333132613e-04 6.793969232e-18 6.793969232e-18
6.793969232e-18 6.793969232e-18 2.642996580e-01 7.528155532e-02 1.463716300e-04 6.793969232e-18
6.793969232e-18 1.463716300e-04 3.983119285e-02 9.023059409e-03 6.793969232e-18 6.793969232e-18
6.793969232e-18 6.793969232e-18 6.793969232e-18 1.463716300e-04 6.793969232e-18 6.793969232e-18
6.793969232e-18 6.793969232e-18 6.793969232e-18 6.793969232e-18 6.793969232e-18 6.793969232e-18

1.434821386e-04 1.434821386e-04 1.434821386e-04 9.385014671e-03 1.434821386e-04 1.434821386e-04
6.208111582e-04 0.000000000e+00 1.434821386e-04 3.941905142e-03 3.615523334e-04 1.434821386e-04
1.434821386e-04 0.000000000e+00 0.000000000e+00 4.933172431e-01 1.434821386e-04 1.434821386e-04
7.274491528e-03 1.434821386e-04 1.705563299e-02 4.642382254e-01 1.434821386e-04 1.434821386e-04
1.434821386e-04 1.434821386e-04 1.434821386e-04 3.615523334e-04 1.434821386e-04 1.434821386e-04
1.434821386e-04 1.434821386e-04 1.434821386e-04 1.434821386e-04 1.434821386e-04 1.434821386e-04

2.983397005e-04 2.550768559e-03 5.495464269e-18 1.290840914e-03 5.495464269e-18 5.495464269e-18
2.983397005e-04 0.000000000e+00 0.000000000e+00 0.000000000e+00 5.495464269e-18 5.495464269e-18
5.495464269e-18 0.000000000e+00 0.000000000e+00 5.495464269e-18 5.495464269e-18 5.495464269e-18
1.585386328e-03 2.550768559e-03 4.988634125e-02 9.590091276e-03 9.309357084e-01 5.495464269e-18
1.183961886e-04 2.983397005e-04 5.495464269e-18 2.983397005e-04 5.495464269e-18 2.983397005e-04
5.495464269e-18 5.495464269e-18 5.495464269e-18 5.495464269e-18 5.495464269e-18 5.495464269e-18

6.204387187e-04 3.089374465e-03 6.655855518e-18 7.270127386e-03 6.204387187e-04 3.594661100e-02
1.920147565e-03 0.000000000e+00 0.000000000e+00 0.000000000e+00 6.655855518e-18 6.204387187e-04
6.655855518e-18 0.000000000e+00 0.000000000e+00 0.000000000e+00 0.000000000e+00 6.655855518e-18
1.226019069e-03 1.226019069e-03 7.111925421e-01 1.563407604e-03 2.270398971e-01 6.204387187e-04
3.613354295e-04 1.920147565e-03 3.613354295e-04 2.294336963e-03 1.433960602e-04 6.204387187e-04
6.655855518e-18 3.613354295e-04 6.655855518e-18 6.204387187e-04 3.613354295e-04 6.655855518e-18

6.462861403e-18 1.415103427e-01 6.462861403e-18 6.462861403e-18 6.462861403e-18 6.688456806e-01
8.841070037e-04 0.000000000e+00 0.000000000e+00 0.000000000e+00 0.000000000e+00 1.392381281e-04
6.462861403e-18 0.000000000e+00 0.000000000e+00 0.000000000e+00 0.000000000e+00 6.462861403e-18
6.024483910e-04 6.462861403e-18 6.462861403e-18 0.000000000e+00 6.024483910e-04 6.462861403e-18
6.462861403e-18 1.849219298e-01 6.462861403e-18 1.864470699e-03 1.392381281e-04 6.462861403e-18
6.462861403e-18 6.462861403e-18 6.462861403e-18 1.392381281e-04 3.508580969e-04 6.462861403e-18

1.641443267e-03 1.641443267e-03 1.641443267e-03 1.641443267e-03 1.641443267e-03 2.549741262e-01
9.847545385e-03 0.000000000e+00 0.000000000e+00 0.000000000e+00 0.000000000e+00 1.287214378e-03
1.505535070e-04 0.000000000e+00 0.000000000e+00 0.000000000e+00 0.000000000e+00 1.287214378e-03
1.641443267e-03 6.514071922e-04 0.000000000e+00 0.000000000e+00 0.000000000e+00 1.641443267e-03
3.793710652e-04 4.846657526e-02 3.793710652e-04 1.287214378e-03 6.620374483e-01 9.559551814e-04
1.287214378e-03 6.514071922e-04 1.287214378e-03 1.287214378e-03 1.641443267e-03 6.514071922e-04

