8.201760919e-18 8.201760919e-18 8.201760919e-18 8.201760919e-18 8.201760919e-18 8.201760919e-18
8.201760919e-18 8.201760919e-18 2.290052508e-01 3.307986928e-03 8.201760919e-18 8.201760919e-18
8.201760919e-18 1.767015824e-04 2.417243646e-02 3.532932635e-01 9.539621324e-02 8.201760919e-18
8.201760919e-18 8.201760919e-18 1.370871934e-01 7.723941941e-03 1.496603105e-01 8.201760919e-18
8.201760919e-18 1.767015824e-04 8.201760919e-18 8.201760919e-18 8.201760919e-18 8.201760919e-18
8.201760919e-18 8.201760919e-18 8.201760919e-18 8.201760919e-18 8.201760919e-18 8.201760919e-18

5.508395933e-18 5.508395933e-18 5.508395933e-18 5.508395933e-18 1.205660742e-02 5.508395933e-18
5.508395933e-18 5.508395933e-18 5.508395933e-18 1.186747929e-04 0.000000000e+00 5.508395933e-18
5.508395933e-18 5.508395933e-18 1.108853288e-01 5.508395933e-18 5.508395933e-18 5.508395933e-18
5.508395933e-18 5.508395933e-18 5.508395933e-18 0.000000000e+00 8.769393890e-01 5.508395933e-18
5.508395933e-18 5.508395933e-18 5.508395933e-18 5.508395933e-18 5.508395933e-18 5.508395933e-18
5.508395933e-18 5.508395933e-18 5.508395933e-18 5.508395933e-18 5.508395933e-18 5.508395933e-18

6.116757023e-18 6.116757023e-18 6.116757023e-18 6.116757023e-18 1.116145380e-01 6.116757023e-18
6.116757023e-18 6.116757023e-18 7.833805553e-01 6.116757023e-18 0.000000000e+00 6.116757023e-18
6.116757023e-18 6.116757023e-18 6.116757023e-18 6.116757023e-18 0.000000000e+00 6.116757023e-18
2.839147109e-03 6.116757023e-18 0.000000000e+00 0.000000000e+00 6.116757023e-18 6.116757023e-18
6.116757023e-18 6.116757023e-18 6.116757023e-18 6.116757023e-18 9.854530679e-02 6.116757023e-18
6.116757023e-18 6.116757023e-18 6.116757023e-18 6.116757023e-18 3.620452806e-03 6.116757023e-18

5.948484320e-18 5.948484320e-18 5.948484320e-18 5.948484320e-18 4.120755255e-01 5.948484320e-18
5.948484320e-18 5.948484320e-18 2.761041839e-03 5.948484320e-18 0.000000000e+00 5.948484320e-18
5.948484320e-18 5.948484320e-18 0.000000000e+00 5.948484320e-18 0.000000000e+00 5.948484320e-18
5.948484320e-18 5.948484320e-18 0.000000000e+00 0.000000000e+00 0.000000000e+00 5.948484320e-18
5.948484320e-18 5.948484320e-18 5.948484320e-18 5.948484320e-18 5.831129333e-01 5.948484320e-18
5.948484320e-18 5.948484320e-18 5.948484320e-18 5.948484320e-18 2.050499355e-03 5.948484320e-18

