1.182175861e-04 9.458942190e-01 3.247808509e-03 2.978896504e-04 5.114977883e-04 5.487174276e-18
3.613598442e-03 5.487174276e-18 2.062229857e-02 1.182175861e-04 5.487174276e-18 1.182175861e-04
7.506348821e-04 2.235848239e-02 1.182175861e-04 1.182175861e-04 5.487174276e-18 2.978896504e-04
7.506348821e-04 1.182175861e-04 5.487174276e-18 1.182175861e-04 5.487174276e-18 1.182175861e-04
1.182175861e-04 5.487174276e-18 5.487174276e-18 5.487174276e-18 5.487174276e-18 1.182175861e-04
5.487174276e-18 1.182175861e-04 1.182175861e-04 1.182175861e-04 1.182175861e-04 5.487174276e-18

5.665323245e-18 8.763632647e-01 5.665323245e-18 5.665323245e-18 3.075610644e-04 5.665323245e-18
1.330739439e-03 0.000000000e+00 1.007516859e-01 1.220556893e-04 5.665323245e-18 5.665323245e-18
7.750053183e-04 5.665323245e-18 0.000000000e+00 3.075610644e-04 5.665323245e-18 5.665323245e-18
5.665323245e-18 1.895956038e-02 7.750053183e-04 5.665323245e-18 5.665323245e-18 5.665323245e-18
5.665323245e-18 5.665323245e-18 5.665323245e-18 5.665323245e-18 5.665323245e-18 5.665323245e-18
5.665323245e-18 5.665323245e-18 5.665323245e-18 3.075610644e-04 5.665323245e-18 5.665323245e-18

1.882727897e-03 5.461780490e-18 5.461780490e-02 2.965110636e-04 2.965110636e-04 5.461780490e-18
9.281856556e-01 0.000000000e+00 0.000000000e+00 1.282928862e-03 5.461780490e-18 5.461780490e-18
2.965110636e-04 0.000000000e+00 0.000000000e+00 1.282928862e-03 5.461780490e-18 5.461780490e-18
5.461780490e-18 1.096888748e-02 2.965110636e-04 5.461780490e-18 5.461780490e-18 5.461780490e-18
5.461780490e-18 5.461780490e-18 5.461780490e-18 5.461780490e-18 5.461780490e-18 5.461780490e-18
5.461780490e-18 5.461780490e-18 5.461780490e-18 2.965110636e-04 2.965110636e-04 5.461780490e-18

5.600786766e-01 0.000000000e+00 1.010385674e-01 8.934835240e-03 1.384553961e-02 8.791369659e-18
8.791369659e-18 0.000000000e+00 0.000000000e+00 4.080592324e-03 8.791369659e-18 8.791369659e-18
8.441485018e-02 0.000000000e+00 0.000000000e+00 2.591014619e-02 8.791369659e-18 8.791369659e-18
1.010385674e-01 1.687539209e-02 0.000000000e+00 2.677739658e-02 8.791369659e-18 8.791369659e-18
8.791369659e-18 5.789588248e-03 8.279201199e-03 8.791369659e-18 8.791369659e-18 8.791369659e-18
6.390878915e-03 8.791369659e-18 1.167580365e-02 1.384553961e-02 4.633545747e-03 6.390878915e-03

