7.461337435e-18 7.461337435e-18 7.461337435e-18 7.461337435e-18 7.461337435e-18 7.461337435e-18
7.461337435e-18 6.955233065e-04 4.050637156e-04 1.565425028e-02 7.461337435e-18 7.461337435e-18
7.461337435e-18 4.050637156e-04 7.461337435e-18 2.599382885e-01 1.981917839e-02 7.461337435e-18
7.461337435e-18 5.174894150e-02 5.576151879e-01 4.287544052e-02 7.461337435e-18 7.461337435e-18
7.461337435e-18 7.461337435e-18 5.084306214e-02 7.461337435e-18 7.461337435e-18 7.461337435e-18
7.461337435e-18 7.461337435e-18 7.461337435e-18 7.461337435e-18 7.461337435e-18 7.461337435e-18

4.507421151e-04 8.302740749e-18 8.302740749e-18 8.302740749e-18 8.302740749e-18 8.302740749e-18
8.302740749e-18 3.245496950e-01 8.302740749e-18 0.000000000e+00 8.302740749e-18 8.302740749e-18
8.302740749e-18 8.302740749e-18 0.000000000e+00 8.973515785e-02 1.036367703e-02 8.302740749e-18
8.302740749e-18 3.741436655e-02 1.463783066e-01 8.302740749e-18 8.302740749e-18 8.302740749e-18
8.302740749e-18 8.302740749e-18 1.287976318e-01 8.302740749e-18 2.579344123e-01 8.302740749e-18
8.302740749e-18 8.302740749e-18 8.302740749e-18 8.302740749e-18 8.302740749e-18 4.376010858e-03

5.328078135e-18 5.328078135e-18 5.328078135e-18 5.328078135e-18 5.328078135e-18 5.328078135e-18
5.328078135e-18 0.000000000e+00 9.097937864e-01 0.000000000e+00 5.328078135e-18 5.328078135e-18
5.328078135e-18 5.328078135e-18 0.000000000e+00 5.328078135e-18 4.966673272e-04 5.328078135e-18
5.328078135e-18 7.288708362e-04 1.537097106e-03 0.000000000e+00 5.328078135e-18 5.328078135e-18
5.328078135e-18 5.328078135e-18 5.328078135e-18 5.328078135e-18 5.328078135e-18 5.328078135e-18
5.328078135e-18 5.328078135e-18 5.328078135e-18 5.328078135e-18 5.328078135e-18 8.744357833e-02

9.805531146e-04 1.544274387e-04 1.544274387e-04 1.544274387e-04 1.544274387e-04 1.544274387e-04
4.242606924e-03 0.000000000e+00 0.000000000e+00 0.000000000e+00 4.101979011e-01 1.544274387e-04
1.544274387e-04 1.544274387e-04 0.000000000e+00 3.751105395e-01 9.805531146e-04 1.544274387e-04
1.544274387e-04 2.067863441e-03 1.544274387e-04 0.000000000e+00 3.891327614e-04 3.891327614e-04
3.891327614e-04 1.544274387e-04 3.327038310e-03 1.544274387e-04 0.000000000e+00 3.891327614e-04
1.544274387e-04 1.544274387e-04 1.544274387e-04 2.470839019e-03 1.544274387e-04 1.964403080e-01

