7.461337435e-18 7.461337435e-18 7.461337435e-18 7.461337435e-18 7.461337435e-18 7.461337435e-18
7.461337435e-18 6.955233065e-04 4.050637156e-04 1.565425028e-02 7.461337435e-18 7.461337435e-18
7.461337435e-18 4.050637156e-04 7.461337435e-18 2.599382885e-01 1.981917839e-02 7.461337435e-18
7.461337435e-18 5.174894150e-02 5.576151879e-01 4.287544052e-02 7.461337435e-18 7.461337435e-18
7.461337435e-18 7.461337435e-18 5.084306214e-02 7.461337435e-18 7.461337435e-18 7.461337435e-18
7.461337435e-18 7.461337435e-18 7.461337435e-18 7.461337435e-18 7.461337435e-18 7.461337435e-18

5.893549509e-18 5.893549509e-18 5.893549509e-18 5.893549509e-18 1.269726751e-04 5.893549509e-18
5.893549509e-18 5.893549509e-18 5.893549509e-18 7.296291619e-01 5.893549509e-18 5.893549509e-18
5.893549509e-18 5.893549509e-18 0.000000000e+00 3.488338311e-03 5.893549509e-18 5.893549509e-18
5.893549509e-18 5.893549509e-18 2.595424387e-01 0.000000000e+00 5.893549509e-18 5.893549509e-18
6.893137322e-03 5.893549509e-18 3.199510923e-04 5.893549509e-18 5.893549509e-18 5.893549509e-18
5.893549509e-18 5.893549509e-18 5.893549509e-18 5.893549509e-18 5.893549509e-18 5.893549509e-18

5.337005438e-18 5.337005438e-18 5.337005438e-18 2.897372316e-04 5.337005438e-18 5.337005438e-18
5.337005438e-18 9.904376576e-02 5.337005438e-18 0.000000000e+00 5.337005438e-18 5.337005438e-18
1.149822966e-04 5.337005438e-18 0.000000000e+00 8.997642780e-01 5.337005438e-18 5.337005438e-18
5.337005438e-18 0.000000000e+00 5.337005438e-18 0.000000000e+00 5.337005438e-18 5.337005438e-18
5.337005438e-18 4.974995034e-04 5.337005438e-18 5.337005438e-18 5.337005438e-18 5.337005438e-18
5.337005438e-18 2.897372316e-04 5.337005438e-18 5.337005438e-18 5.337005438e-18 5.337005438e-18

5.529972082e-18 5.529972082e-18 5.529972082e-18 3.502682214e-02 5.529972082e-18 5.529972082e-18
5.529972082e-18 9.263250058e-01 5.529972082e-18 0.000000000e+00 5.529972082e-18 5.529972082e-18
5.529972082e-18 0.000000000e+00 0.000000000e+00 0.000000000e+00 5.529972082e-18 5.529972082e-18
5.529972082e-18 0.000000000e+00 4.407354165e-03 0.000000000e+00 5.529972082e-18 5.529972082e-18
5.529972082e-18 2.736480058e-02 2.230383882e-03 5.529972082e-18 1.191396369e-04 5.529972082e-18
5.529972082e-18 4.407354165e-03 5.529972082e-18 5.529972082e-18 1.191396369e-04 5.529972082e-18

