1.404935970e-04 1.404935970e-04 1.404935970e-04 1.404935970e-04 3.540216804e-04 1.404935970e-04
1.404935970e-04 6.521135109e-18 1.404935970e-04 1.201203357e-03 1.404935970e-04 1.404935970e-04
1.404935970e-04 6.521135109e-18 6.078804896e-04 1.794876868e-02 3.437004588e-03 1.404935970e-04
1.404935970e-04 3.540216804e-04 7.878131145e-01 6.521135109e-18 1.438449539e-01 4.740533783e-03
3.540216804e-04 6.521135109e-18 1.404935970e-04 2.867575611e-02 1.404935970e-04 1.404935970e-04
1.404935970e-04 6.521135109e-18 1.404935970e-04 8.139834807e-03 1.404935970e-04 6.521135109e-18

0.000000000e+00 1.132229239e-04 1.132229239e-04 5.255342592e-18 5.255342592e-18 5.255342592e-18
9.680423823e-04 5.255342592e-18 5.255342592e-18 5.255342592e-18 5.255342592e-18 1.132229239e-04
1.132229239e-04 5.255342592e-18 1.132229239e-04 1.132229239e-04 1.234438239e-03 5.255342592e-18
5.255342592e-18 5.255342592e-18 7.189207540e-04 0.000000000e+00 9.562444125e-01 8.276645945e-03
1.132229239e-04 5.255342592e-18 5.255342592e-18 3.142531090e-02 5.255342592e-18 1.132229239e-04
5.255342592e-18 5.255342592e-18 5.255342592e-18 1.132229239e-04 1.132229239e-04 5.255342592e-18

0.000000000e+00 6.933725230e-18 6.933725230e-18 6.933725230e-18 6.933725230e-18 6.933725230e-18
6.933725230e-18 6.933725230e-18 6.933725230e-18 6.933725230e-18 6.933725230e-18 5.040465831e-03
6.933725230e-18 6.933725230e-18 0.000000000e+00 5.040465831e-03 5.692315270e-01 6.933725230e-18
6.933725230e-18 6.933725230e-18 3.508878211e-02 0.000000000e+00 6.933725230e-18 2.960114838e-01
6.933725230e-18 6.933725230e-18 6.933725230e-18 8.548326662e-02 0.000000000e+00 6.933725230e-18
6.933725230e-18 6.933725230e-18 6.933725230e-18 4.104008852e-03 6.933725230e-18 6.933725230e-18

0.000000000e+00 4.908598357e-18 4.908598357e-18 4.908598357e-18 4.908598357e-18 4.908598357e-18
4.908598357e-18 0.000000000e+00 4.908598357e-18 4.908598357e-18 4.908598357e-18 4.908598357e-18
4.908598357e-18 4.908598357e-18 0.000000000e+00 4.908598357e-18 2.587107120e-03 4.908598357e-18
4.908598357e-18 4.908598357e-18 4.908598357e-18 0.000000000e+00 0.000000000e+00 6.917161980e-03
4.908598357e-18 4.908598357e-18 4.908598357e-18 9.862320554e-01 0.000000000e+00 4.263675473e-03
4.908598357e-18 4.908598357e-18 4.908598357e-18 4.908598357e-18 4.908598357e-18 4.908598357e-18

0.000000000e+00 4.789532368e-18 4.789532368e-18 4.789532368e-18 4.789532368e-18 4.789532368e-18
4.789532368e-18 0.000000000e+00 4.789532368e-18 4.789532368e-18 4.789532368e-18 4.789532368e-18
4.789532368e-18 4.789532368e-18 0.000000000e+00 4.789532368e-18 4.789532368e-18 4.789532368e-18
4.789532368e-18 4.789532368e-18 0.000000000e+00 0.000000000e+00 0.000000000e+00 9.908062976e-01
4.789532368e-18 4.789532368e-18 4.789532368e-18 9.193702434e-03 0.000000000e+00 4.789532368e-18
4.789532368e-18 4.789532368e-18 4.789532368e-18 4.789532368e-18 0.000000000e+00 4.789532368e-18

