6.918127424e-18 6.918127424e-18 6.918127424e-18 6.918127424e-18 6.918127424e-18 6.918127424e-18
1.490465371e-04 6.918127424e-18 1.490465371e-04 2.038927947e-02 6.918127424e-18 6.918127424e-18
6.918127424e-18 6.918127424e-18 0.000000000e+00 5.922547681e-02 1.526019173e-01 6.918127424e-18
6.918127424e-18 2.818915938e-02 3.736307596e-02 6.918127424e-18 3.755737391e-04 6.918127424e-18
6.918127424e-18 6.918127424e-18 7.011102847e-01 1.490465371e-04 1.490465371e-04 6.918127424e-18
6.918127424e-18 6.918127424e-18 6.918127424e-18 1.490465371e-04 6.918127424e-18 6.918127424e-18

7.391785554e-18 7.391785554e-18 7.391785554e-18 7.391785554e-18 7.391785554e-18 7.391785554e-18
7.391785554e-18 7.391785554e-18 7.391785554e-18 3.573053280e-01 7.391785554e-18 7.391785554e-18
7.391785554e-18 7.391785554e-18 0.000000000e+00 3.898118323e-01 7.391785554e-18 7.391785554e-18
4.012878585e-04 1.371762284e-01 7.391785554e-18 0.000000000e+00 9.741432842e-02 9.817018287e-03
7.391785554e-18 7.391785554e-18 0.000000000e+00 8.073976732e-03 7.391785554e-18 7.391785554e-18
7.391785554e-18 7.391785554e-18 7.391785554e-18 7.391785554e-18 7.391785554e-18 7.391785554e-18

4.647784847e-18 4.647784847e-18 4.647784847e-18 4.647784847e-18 4.647784847e-18 4.647784847e-18
4.647784847e-18 4.647784847e-18 4.647784847e-18 4.647784847e-18 4.647784847e-18 4.647784847e-18
4.647784847e-18 4.647784847e-18 0.000000000e+00 4.647784847e-18 4.647784847e-18 4.647784847e-18
4.647784847e-18 0.000000000e+00 0.000000000e+00 0.000000000e+00 4.647784847e-18 1.000000000e+00
4.647784847e-18 4.647784847e-18 0.000000000e+00 4.647784847e-18 4.647784847e-18 4.647784847e-18
4.647784847e-18 4.647784847e-18 4.647784847e-18 4.647784847e-18 4.647784847e-18 4.647784847e-18

5.788143976e-18 5.788143976e-18 5.788143976e-18 5.788143976e-18 5.788143976e-18 5.788143976e-18
5.788143976e-18 5.788143976e-18 5.788143976e-18 6.578499672e-01 5.788143976e-18 5.788143976e-18
5.788143976e-18 5.788143976e-18 0.000000000e+00 3.420253311e-01 5.788143976e-18 5.788143976e-18
5.788143976e-18 0.000000000e+00 0.000000000e+00 0.000000000e+00 0.000000000e+00 0.000000000e+00
5.788143976e-18 5.788143976e-18 0.000000000e+00 5.788143976e-18 5.788143976e-18 5.788143976e-18
5.788143976e-18 5.788143976e-18 5.788143976e-18 1.247017817e-04 5.788143976e-18 5.788143976e-18

3.832629941e-02 3.698745002e-02 3.698745002e-02 3.698745002e-02 3.698745002e-02 3.698745002e-02
3.698745002e-02 3.698745002e-02 0.000000000e+00 0.000000000e+00 3.698745002e-02 3.698745002e-02
3.698745002e-02 3.698745002e-02 0.000000000e+00 3.698745002e-02 3.698745002e-02 3.698745002e-02
3.698745002e-02 0.000000000e+00 0.000000000e+00 0.000000000e+00 0.000000000e+00 0.000000000e+00
3.698745002e-02 3.698745002e-02 0.000000000e+00 3.698745002e-02 3.698745002e-02 3.698745002e-02
3.698745002e-02 3.698745002e-02 3.698745002e-02 3.698745002e-02 3.698745002e-02 3.698745002e-02

4.000000000e-02 4.000000000e-02 4.000000000e-02 4.000000000e-02 4.000000000e-02 4.000000000e-02
4.000000000e-02 4.000000000e-02 0.000000000e+00 0.000000000e+00 4.000000000e-02 4.000000000e-02
4.000000000e-02 4.000000000e-02 0.000000000e+00 0.000000000e+00 4.000000000e-02 4.000000000e-02
4.000000000e-02 0.000000000e+00 0.000000000e+00 0.000000000e+00 0.000000000e+00 0.000000000e+00
4.000000000e-02 4.000000000e-02 0.000000000e+00 4.000000000e-02 4.000000000e-02 4.000000000e-02
4.000000000e-02 4.000000000e-02 4.000000000e-02 0.000000000e+00 4.000000000e-02 4.000000000e-02

