1.337107289e-04 1.337107289e-04 1.083056904e-02 1.337107289e-04 1.337107289e-04 1.337107289e-04
1.337107289e-04 1.337107289e-04 7.564442199e-02 8.490102071e-04 6.206302263e-18 1.337107289e-04
4.511666306e-03 3.422994661e-02 6.206302263e-18 8.596708129e-01 1.337107289e-04 1.337107289e-04
1.337107289e-04 5.785327241e-04 8.745877118e-03 3.369299240e-04 6.206302263e-18 1.337107289e-04
1.337107289e-04 6.206302263e-18 1.337107289e-04 6.206302263e-18 6.206302263e-18 3.369299240e-04
6.206302263e-18 8.490102071e-04 1.337107289e-04 1.143210651e-03 1.337107289e-04 1.337107289e-04

1.326671911e-04 1.326671911e-04 3.343003733e-04 1.326671911e-04 1.326671911e-04 3.343003733e-04
6.157865526e-18 6.157865526e-18 5.348805973e-03 0.000000000e+00 6.157865526e-18 1.326671911e-04
1.446433709e-03 8.423841547e-04 0.000000000e+00 2.476593074e-01 3.343003733e-04 1.326671911e-04
1.326671911e-04 6.157865526e-18 7.347567279e-01 6.157865526e-18 3.245541108e-03 3.343003733e-04
3.343003733e-04 6.157865526e-18 3.343003733e-04 8.423841547e-04 1.326671911e-04 3.343003733e-04
6.157865526e-18 6.157865526e-18 3.343003733e-04 2.122675057e-03 6.157865526e-18 6.157865526e-18

1.343108579e-04 6.234157784e-18 1.343108579e-04 6.234157784e-18 6.234157784e-18 6.234157784e-18
1.343108579e-04 0.000000000e+00 1.087917949e-02 0.000000000e+00 6.234157784e-18 1.464354155e-03
6.234157784e-18 1.148341682e-03 0.000000000e+00 4.968585893e-03 3.727832070e-02 6.234157784e-18
6.234157784e-18 6.234157784e-18 1.715889245e-02 0.000000000e+00 8.667378953e-01 7.291515177e-03
3.384421543e-04 6.234157784e-18 1.343108579e-04 5.019606706e-02 6.234157784e-18 8.528207887e-04
6.234157784e-18 6.234157784e-18 6.234157784e-18 1.148341682e-03 6.234157784e-18 6.234157784e-18

1.459821256e-03 6.316279738e-03 1.498554843e-01 5.793304494e-04 9.947517249e-04 1.965680972e-03
1.332024116e-02 0.000000000e+00 0.000000000e+00 0.000000000e+00 1.965680972e-03 2.532356923e-02
1.862250274e-02 5.624405291e-03 0.000000000e+00 1.680633591e-02 1.081387951e-01 1.459821256e-03
4.304040743e-03 3.078579794e-03 3.145089555e-02 0.000000000e+00 1.391124936e-01 2.458528063e-01
4.304040743e-03 5.793304494e-04 9.947517249e-04 2.732895521e-02 0.000000000e+00 9.272774684e-02
9.947517249e-04 2.299074412e-04 5.793304494e-04 8.592342804e-02 7.027661439e-03 3.078579794e-03

