8.415430233e-18 8.415430233e-18 8.415430233e-18 8.415430233e-18 8.415430233e-18 8.415430233e-18
8.415430233e-18 8.415430233e-18 1.133155927e-01 8.527822565e-02 8.415430233e-18 8.415430233e-18
8.415430233e-18 4.258709251e-02 3.792217545e-02 5.430664654e-02 8.415430233e-18 8.415430233e-18
8.415430233e-18 1.614333019e-01 4.544963395e-02 4.591634165e-01 1.813049483e-04 8.415430233e-18
8.415430233e-18 8.415430233e-18 8.415430233e-18 1.813049483e-04 1.813049483e-04 8.415430233e-18
8.415430233e-18 8.415430233e-18 8.415430233e-18 8.415430233e-18 8.415430233e-18 8.415430233e-18

1.839134008e-04 1.167777304e-03 1.167777304e-03 1.839134008e-04 8.536503875e-18 1.839134008e-04
4.634327301e-04 0.000000000e+00 6.658618989e-02 3.465517418e-01 3.442997609e-03 1.839134008e-04
7.957470698e-04 4.806524761e-02 0.000000000e+00 2.432387994e-02 2.349586856e-02 1.839134008e-04
1.839134008e-04 6.129233671e-02 4.708183060e-02 3.709955519e-01 7.957470698e-04 1.839134008e-04
1.839134008e-04 1.839134008e-04 1.839134008e-04 1.839134008e-04 4.634327301e-04 1.839134008e-04
1.839134008e-04 1.839134008e-04 1.839134008e-04 1.839134008e-04 1.839134008e-04 1.839134008e-04

1.978622854e-04 1.978622854e-04 1.936780569e-01 1.978622854e-04 0.000000000e+00 9.183953743e-18
1.978622854e-04 0.000000000e+00 3.644654458e-02 1.294196246e-02 1.210328248e-01 3.555563700e-01
3.451580479e-02 5.065274505e-02 0.000000000e+00 0.000000000e+00 9.183953743e-18 9.183953743e-18
9.183953743e-18 7.977307466e-03 8.561003882e-04 1.030224052e-01 7.627613718e-02 1.978622854e-04
9.183953743e-18 9.183953743e-18 4.985817166e-04 9.183953743e-18 3.165796566e-03 9.183953743e-18
4.985817166e-04 1.978622854e-04 4.985817166e-04 4.985817166e-04 1.978622854e-04 4.985817166e-04

5.349520767e-18 5.349520767e-18 1.682598891e-02 5.349520767e-18 0.000000000e+00 5.349520767e-18
5.349520767e-18 0.000000000e+00 3.261722419e-02 5.349520767e-18 9.440298926e-01 5.349520767e-18
5.349520767e-18 5.349520767e-18 0.000000000e+00 0.000000000e+00 0.000000000e+00 5.349520767e-18
5.349520767e-18 2.483027586e-03 5.349520767e-18 0.000000000e+00 1.152519312e-04 3.522946226e-03
5.349520767e-18 5.349520767e-18 5.349520767e-18 5.349520767e-18 1.152519312e-04 5.349520767e-18
5.349520767e-18 5.349520767e-18 5.349520767e-18 2.904166682e-04 5.349520767e-18 5.349520767e-18

5.026930481e-18 5.026930481e-18 5.490868132e-03 5.026930481e-18 0.000000000e+00 5.026930481e-18
5.026930481e-18 0.000000000e+00 1.432371557e-02 0.000000000e+00 9.775017153e-01 5.026930481e-18
2.729037731e-04 5.026930481e-18 0.000000000e+00 0.000000000e+00 0.000000000e+00 5.026930481e-18
5.026930481e-18 6.876744166e-04 0.000000000e+00 0.000000000e+00 5.026930481e-18 1.450219029e-03
5.026930481e-18 5.026930481e-18 5.026930481e-18 5.026930481e-18 5.026930481e-18 5.026930481e-18
5.026930481e-18 5.026930481e-18 5.026930481e-18 2.729037731e-04 5.026930481e-18 5.026930481e-18

