1.512701091e-04 1.512701091e-04 1.512701091e-04 1.512701091e-04 1.512701091e-04 1.512701091e-04
1.512701091e-04 7.021336493e-18 1.512701091e-04 1.512701091e-04 1.512701091e-04 4.155865161e-03
1.512701091e-04 7.021336493e-18 1.512701091e-04 1.512701091e-04 1.512701091e-04 6.545077497e-04
1.512701091e-04 7.021336493e-18 1.512701091e-04 1.512701091e-04 4.784480674e-02 6.899385808e-01
1.512701091e-04 1.512701091e-04 1.512701091e-04 2.069345984e-02 7.021336493e-18 1.606091853e-01
1.512701091e-04 3.811767894e-04 1.512701091e-04 1.512701091e-04 7.209193501e-02 1.512701091e-04

6.877422392e-18 6.877422392e-18 6.410925124e-04 6.877422392e-18 6.877422392e-18 6.877422392e-18
6.877422392e-18 6.877422392e-18 6.877422392e-18 6.877422392e-18 6.877422392e-18 3.733639300e-04
6.877422392e-18 6.877422392e-18 6.877422392e-18 1.481695738e-04 2.301596916e-02 1.266832036e-03
6.877422392e-18 6.877422392e-18 6.877422392e-18 0.000000000e+00 6.877422392e-18 2.371605142e-02
6.877422392e-18 6.877422392e-18 1.481695738e-04 8.965450957e-02 0.000000000e+00 6.275352164e-01
6.877422392e-18 1.481695738e-04 6.877422392e-18 6.877422392e-18 2.333524562e-01 6.877422392e-18

5.244526148e-18 5.244526148e-18 2.847166833e-04 1.512993196e-03 5.244526148e-18 4.888788637e-04
5.244526148e-18 5.244526148e-18 5.244526148e-18 5.244526148e-18 5.244526148e-18 5.244526148e-18
5.244526148e-18 5.244526148e-18 5.244526148e-18 1.129898907e-04 0.000000000e+00 5.244526148e-18
5.244526148e-18 5.244526148e-18 5.244526148e-18 0.000000000e+00 0.000000000e+00 5.244526148e-18
5.244526148e-18 5.244526148e-18 5.244526148e-18 6.613563638e-02 0.000000000e+00 1.129898907e-04
5.244526148e-18 1.129898907e-04 5.244526148e-18 5.244526148e-18 9.312388052e-01 5.244526148e-18

6.260192295e-18 6.260192295e-18 1.348717545e-04 1.153137280e-03 0.000000000e+00 1.806002694e-03
6.260192295e-18 6.260192295e-18 6.260192295e-18 1.348717545e-04 1.348717545e-04 6.260192295e-18
6.260192295e-18 6.260192295e-18 6.260192295e-18 1.348717545e-04 0.000000000e+00 1.806002694e-03
6.260192295e-18 6.260192295e-18 6.260192295e-18 0.000000000e+00 0.000000000e+00 1.348717545e-04
6.260192295e-18 6.260192295e-18 0.000000000e+00 2.517747231e-01 0.000000000e+00 4.961656813e-02
6.260192295e-18 6.260192295e-18 6.260192295e-18 6.260192295e-18 6.931692073e-01 6.260192295e-18

