1.544289600e-04 1.544289600e-04 1.544289600e-04 1.544289600e-04 1.544289600e-04 1.544289600e-04
1.544289600e-04 3.891365947e-04 1.320349035e-03 2.226810308e-01 1.544289600e-04 1.544289600e-04
1.544289600e-04 6.681753034e-04 1.768015789e-02 7.284930620e-03 1.250874575e-02 1.544289600e-04
1.544289600e-04 6.590332248e-01 6.320973015e-02 0.000000000e+00 3.891365947e-04 6.681753034e-04
1.544289600e-04 1.544289600e-04 2.470863359e-03 1.544289600e-04 1.544289600e-04 3.891365947e-04
1.544289600e-04 1.544289600e-04 1.544289600e-04 7.829491335e-03 3.891365947e-04 1.544289600e-04

1.093066729e-04 1.093066729e-04 4.729425061e-04 2.754355562e-04 1.093066729e-04 1.093066729e-04
1.093066729e-04 4.729425061e-04 6.332945272e-03 4.729425061e-04 1.093066729e-04 1.093066729e-04
1.093066729e-04 4.729425061e-04 0.000000000e+00 2.754355562e-04 0.000000000e+00 1.093066729e-04
1.093066729e-04 1.093066729e-04 1.093066729e-04 0.000000000e+00 1.093066729e-04 4.729425061e-04
1.093066729e-04 1.093066729e-04 9.865701949e-01 2.754355562e-04 1.093066729e-04 2.754355562e-04
2.754355562e-04 1.093066729e-04 2.754355562e-04 4.729425061e-04 4.729425061e-04 2.754355562e-04

4.647784847e-18 4.647784847e-18 1.000000000e+00 4.647784847e-18 4.647784847e-18 4.647784847e-18
4.647784847e-18 4.647784847e-18 4.647784847e-18 4.647784847e-18 4.647784847e-18 4.647784847e-18
4.647784847e-18 4.647784847e-18 0.000000000e+00 4.647784847e-18 0.000000000e+00 4.647784847e-18
4.647784847e-18 4.647784847e-18 0.000000000e+00 0.000000000e+00 4.647784847e-18 4.647784847e-18
4.647784847e-18 4.647784847e-18 0.000000000e+00 4.647784847e-18 4.647784847e-18 4.647784847e-18
4.647784847e-18 4.647784847e-18 4.647784847e-18 4.647784847e-18 4.647784847e-18 4.647784847e-18

