6.083106025e-18 1.310565464e-04 1.120517710e-03 1.310565464e-04 6.182375692e-03 6.083106025e-18
1.310565464e-04 6.083106025e-18 1.310565464e-04 3.302418032e-04 3.078414197e-02 1.120517710e-03
1.310565464e-04 6.083106025e-18 3.302418032e-04 8.803673476e-01 6.083106025e-18 6.002133426e-02
1.310565464e-04 6.083106025e-18 6.083106025e-18 1.754915081e-03 1.009461709e-02 3.302418032e-04
1.310565464e-04 6.083106025e-18 6.083106025e-18 1.310565464e-04 1.310565464e-04 1.310565464e-04
6.083106025e-18 1.310565464e-04 5.728715848e-03 1.310565464e-04 1.310565464e-04 1.310565464e-04

1.323348067e-04 1.323348067e-04 1.323348067e-04 6.142437611e-18 1.442809815e-03 6.142437611e-18
6.142437611e-18 6.142437611e-18 6.142437611e-18 1.323348067e-04 6.142437611e-18 3.334628172e-04
6.142437611e-18 6.142437611e-18 8.157761331e-03 8.178075673e-01 0.000000000e+00 3.334628172e-04
6.142437611e-18 6.142437611e-18 0.000000000e+00 6.142437611e-18 1.315139360e-01 3.177707122e-02
6.142437611e-18 1.323348067e-04 1.323348067e-04 6.242675505e-03 1.323348067e-04 6.142437611e-18
6.142437611e-18 6.142437611e-18 1.131446682e-03 3.334628172e-04 6.142437611e-18 6.142437611e-18

5.588008551e-18 5.588008551e-18 5.588008551e-18 5.588008551e-18 5.588008551e-18 5.588008551e-18
5.588008551e-18 5.588008551e-18 5.588008551e-18 5.588008551e-18 5.588008551e-18 5.588008551e-18
5.588008551e-18 5.588008551e-18 0.000000000e+00 9.751589571e-03 0.000000000e+00 5.588008551e-18
5.588008551e-18 5.588008551e-18 0.000000000e+00 0.000000000e+00 5.588008551e-18 8.437790824e-01
5.588008551e-18 5.588008551e-18 5.588008551e-18 5.588008551e-18 1.464693280e-01 5.588008551e-18
5.588008551e-18 5.588008551e-18 5.588008551e-18 5.588008551e-18 5.588008551e-18 5.588008551e-18

4.766817255e-18 4.766817255e-18 4.766817255e-18 4.766817255e-18 4.766817255e-18 4.766817255e-18
4.766817255e-18 4.766817255e-18 4.766817255e-18 4.766817255e-18 4.766817255e-18 4.766817255e-18
4.766817255e-18 0.000000000e+00 0.000000000e+00 7.109572571e-03 0.000000000e+00 4.766817255e-18
4.766817255e-18 4.766817255e-18 0.000000000e+00 0.000000000e+00 0.000000000e+00 4.766817255e-18
4.766817255e-18 4.766817255e-18 4.766817255e-18 4.766817255e-18 9.928904274e-01 4.766817255e-18
4.766817255e-18 4.766817255e-18 4.766817255e-18 4.766817255e-18 4.766817255e-18 4.766817255e-18

