1.757011145e-04 1.757011145e-04 1.757011145e-04 1.757011145e-04 1.757011145e-04 1.757011145e-04
1.757011145e-04 4.972482964e-02 2.333483623e-01 6.157738021e-02 4.427390652e-04 1.757011145e-04
1.757011145e-04 9.260435896e-02 7.083825044e-03 5.143814271e-01 1.915620680e-03 1.757011145e-04
1.757011145e-04 2.011554987e-02 7.083825044e-03 0.000000000e+00 2.811217832e-03 4.427390652e-04
1.757011145e-04 1.757011145e-04 7.602145706e-04 4.427390652e-04 1.757011145e-04 1.757011145e-04
1.757011145e-04 1.757011145e-04 1.757011145e-04 2.811217832e-03 1.115632536e-03 1.757011145e-04

1.088310925e-03 0.000000000e+00 8.487152977e-03 4.024494133e-03 9.304927523e-03 2.515308833e-04
1.088310925e-03 1.472269328e-01 2.770532221e-02 8.815318494e-02 2.742371687e-03 6.910343630e-03
9.304927523e-03 1.555321693e-01 1.639498145e-01 1.088310925e-03 0.000000000e+00 2.515308833e-04
2.150558802e-03 4.881977507e-02 2.138628538e-02 0.000000000e+00 2.742371687e-03 1.937414058e-02
4.145737101e-02 3.789215078e-02 2.515308833e-04 1.075049482e-01 3.101179811e-02 4.024494133e-03
4.024494133e-03 1.088310925e-03 1.365519722e-02 2.138628538e-02 1.275252305e-02 3.368128891e-03

4.221360394e-04 0.000000000e+00 4.098289976e-03 2.680396772e-03 1.826476564e-03 4.221360394e-04
1.675247983e-04 3.251498528e-02 4.221360394e-04 2.243243873e-03 7.248377049e-04 4.221360394e-04
7.248377049e-04 5.204608459e-02 1.183150141e-01 0.000000000e+00 0.000000000e+00 6.754176630e-03
4.221360394e-04 1.675247983e-04 1.675247983e-04 0.000000000e+00 1.675247983e-04 1.675247983e-04
1.032704362e-02 6.401191147e-01 0.000000000e+00 1.675247983e-04 1.194678970e-01 1.432316877e-03
4.221360394e-04 1.675247983e-04 1.675247983e-04 1.063716164e-03 1.063716164e-03 7.248377049e-04

