1.798390188e-04 1.960735106e-03 7.781182427e-04 7.905188588e-02 4.520520000e-01 1.798390188e-04
1.798390188e-04 1.798390188e-04 4.531659307e-04 7.905188588e-02 8.347387814e-18 8.795523839e-02
1.798390188e-04 1.798390188e-04 1.798390188e-04 1.798390188e-04 2.316337674e-01 6.068126678e-03
4.531659307e-04 8.347387814e-18 1.798390188e-04 1.141906590e-03 1.798390188e-04 1.960735106e-03
1.798390188e-04 1.798390188e-04 1.798390188e-04 1.798390188e-04 1.798390188e-04 5.188175331e-02
1.798390188e-04 1.798390188e-04 1.798390188e-04 1.960735106e-03 1.798390188e-04 1.798390188e-04

5.701698855e-18 1.228393781e-04 5.701698855e-18 5.701698855e-18 8.970990511e-01 5.701698855e-18
5.701698855e-18 5.701698855e-18 5.701698855e-18 6.668747436e-03 0.000000000e+00 7.799814318e-04
5.701698855e-18 5.701698855e-18 1.228393781e-04 3.754874378e-03 5.701698855e-18 5.777847930e-02
5.701698855e-18 5.701698855e-18 5.701698855e-18 0.000000000e+00 3.342750885e-02 1.228393781e-04
5.701698855e-18 5.701698855e-18 5.701698855e-18 5.701698855e-18 1.228393781e-04 5.701698855e-18
5.701698855e-18 5.701698855e-18 5.701698855e-18 5.701698855e-18 5.701698855e-18 5.701698855e-18

5.516899921e-18 5.516899921e-18 5.516899921e-18 5.516899921e-18 2.995034067e-04 5.516899921e-18
5.516899921e-18 5.516899921e-18 5.516899921e-18 1.188580057e-04 0.000000000e+00 5.516899921e-18
5.516899921e-18 5.516899921e-18 5.516899921e-18 8.301430134e-01 0.000000000e+00 1.694386252e-01
5.516899921e-18 5.516899921e-18 0.000000000e+00 0.000000000e+00 5.516899921e-18 5.516899921e-18
5.516899921e-18 5.516899921e-18 5.516899921e-18 5.516899921e-18 5.516899921e-18 5.516899921e-18
5.516899921e-18 5.516899921e-18 5.516899921e-18 5.516899921e-18 5.516899921e-18 5.516899921e-18

4.647784847e-18 4.647784847e-18 4.647784847e-18 4.647784847e-18 4.647784847e-18 4.647784847e-18
4.647784847e-18 4.647784847e-18 4.647784847e-18 4.647784847e-18 0.000000000e+00 4.647784847e-18
4.647784847e-18 4.647784847e-18 0.000000000e+00 1.000000000e+00 0.000000000e+00 4.647784847e-18
4.647784847e-18 4.647784847e-18 0.000000000e+00 0.000000000e+00 0.000000000e+00 4.647784847e-18
4.647784847e-18 4.647784847e-18 4.647784847e-18 4.647784847e-18 4.647784847e-18 4.647784847e-18
4.647784847e-18 4.647784847e-18 4.647784847e-18 4.647784847e-18 4.647784847e-18 4.647784847e-18

