6.518960590e-18 6.518960590e-18 6.518960590e-18 6.518960590e-18 6.518960590e-18 6.518960590e-18
6.518960590e-18 6.518960590e-18 6.191198223e-01 1.404467484e-04 3.539036294e-04 6.518960590e-18
6.518960590e-18 1.404467484e-04 0.000000000e+00 6.518960590e-18 1.404467484e-04 6.518960590e-18
6.518960590e-18 3.539036294e-04 2.808061445e-01 6.625342929e-03 9.154429883e-02 6.518960590e-18
6.518960590e-18 1.404467484e-04 1.404467484e-04 3.539036294e-04 1.404467484e-04 6.518960590e-18
6.518960590e-18 6.518960590e-18 6.518960590e-18 6.518960590e-18 6.518960590e-18 6.518960590e-18

4.800716182e-18 1.034282948e-04 4.800716182e-18 4.800716182e-18 4.800716182e-18 4.800716182e-18
4.800716182e-18 4.800716182e-18 4.800716182e-18 0.000000000e+00 1.654852717e-03 4.800716182e-18
4.800716182e-18 2.606229716e-04 0.000000000e+00 0.000000000e+00 4.800716182e-18 4.800716182e-18
4.800716182e-18 2.841500211e-03 4.475082412e-04 1.034282948e-04 9.944852310e-01 4.800716182e-18
4.800716182e-18 4.800716182e-18 4.800716182e-18 4.800716182e-18 4.800716182e-18 1.034282948e-04
4.800716182e-18 4.800716182e-18 4.800716182e-18 4.800716182e-18 4.800716182e-18 4.800716182e-18

1.104761274e-04 2.828188861e-02 1.104761274e-04 1.104761274e-04 1.104761274e-04 1.104761274e-04
1.104761274e-04 1.104761274e-04 0.000000000e+00 0.000000000e+00 1.104761274e-04 1.104761274e-04
1.104761274e-04 1.104761274e-04 0.000000000e+00 0.000000000e+00 1.104761274e-04 1.104761274e-04
1.104761274e-04 0.000000000e+00 1.104761274e-04 1.104761274e-04 9.685143037e-01 1.104761274e-04
1.104761274e-04 1.104761274e-04 1.104761274e-04 1.104761274e-04 1.104761274e-04 1.104761274e-04
1.104761274e-04 1.104761274e-04 1.104761274e-04 1.104761274e-04 1.104761274e-04 1.104761274e-04

