7.173310368e-18 7.173310368e-18 7.173310368e-18 7.173310368e-18 7.173310368e-18 7.173310368e-18
7.173310368e-18 7.173310368e-18 1.545442870e-04 1.545442870e-04 5.717084799e-03 7.173310368e-18
7.173310368e-18 1.545442870e-04 2.525207786e-01 6.755406962e-03 7.173310368e-18 7.173310368e-18
7.173310368e-18 7.173310368e-18 1.190375791e-02 3.972487669e-01 3.214552901e-01 7.173310368e-18
7.173310368e-18 7.173310368e-18 1.545442870e-04 7.173310368e-18 3.780737591e-03 7.173310368e-18
7.173310368e-18 7.173310368e-18 7.173310368e-18 7.173310368e-18 7.173310368e-18 7.173310368e-18

5.077303731e-18 5.077303731e-18 5.077303731e-18 5.077303731e-18 5.077303731e-18 5.077303731e-18
5.077303731e-18 5.077303731e-18 5.077303731e-18 5.077303731e-18 4.609039276e-02 5.077303731e-18
5.077303731e-18 5.077303731e-18 5.077303731e-18 1.093871929e-04 0.000000000e+00 5.077303731e-18
5.077303731e-18 5.077303731e-18 0.000000000e+00 5.077303731e-18 5.077303731e-18 5.077303731e-18
5.077303731e-18 5.077303731e-18 5.077303731e-18 5.077303731e-18 9.533269292e-01 5.077303731e-18
5.077303731e-18 5.077303731e-18 5.077303731e-18 5.077303731e-18 4.732908959e-04 5.077303731e-18

6.480243372e-18 6.480243372e-18 6.480243372e-18 6.480243372e-18 9.478221155e-02 6.480243372e-18
6.480243372e-18 6.480243372e-18 3.829219512e-01 6.480243372e-18 6.480243372e-18 6.480243372e-18
6.480243372e-18 6.480243372e-18 6.480243372e-18 6.480243372e-18 0.000000000e+00 6.480243372e-18
6.480243372e-18 6.480243372e-18 0.000000000e+00 0.000000000e+00 0.000000000e+00 6.480243372e-18
6.480243372e-18 6.480243372e-18 6.480243372e-18 6.480243372e-18 5.188803849e-01 6.480243372e-18
6.480243372e-18 6.480243372e-18 6.480243372e-18 6.480243372e-18 3.415452345e-03 6.480243372e-18

6.394396517e-18 6.394396517e-18 6.394396517e-18 6.394396517e-18 5.091401572e-01 6.394396517e-18
6.394396517e-18 6.394396517e-18 6.394396517e-18 6.394396517e-18 0.000000000e+00 6.394396517e-18
6.394396517e-18 6.394396517e-18 3.164236328e-02 6.394396517e-18 0.000000000e+00 6.394396517e-18
6.394396517e-18 6.394396517e-18 0.000000000e+00 0.000000000e+00 0.000000000e+00 6.394396517e-18
6.394396517e-18 6.394396517e-18 0.000000000e+00 6.394396517e-18 4.457341952e-01 6.394396517e-18
6.394396517e-18 6.394396517e-18 6.498746106e-03 6.394396517e-18 6.984538217e-03 6.394396517e-18

