7.307161763e-18 7.307161763e-18 7.307161763e-18 7.307161763e-18 7.307161763e-18 7.307161763e-18
7.307161763e-18 2.518848446e-03 0.000000000e+00 1.588130170e-01 7.307161763e-18 7.307161763e-18
7.307161763e-18 1.574280279e-04 7.307161763e-18 4.272340403e-01 9.996056682e-04 7.307161763e-18
7.307161763e-18 1.133535490e-01 1.345990705e-03 2.952626648e-01 1.574280279e-04 7.307161763e-18
7.307161763e-18 7.307161763e-18 1.574280279e-04 7.307161763e-18 7.307161763e-18 7.307161763e-18
7.307161763e-18 7.307161763e-18 7.307161763e-18 7.307161763e-18 7.307161763e-18 7.307161763e-18

4.460871933e-04 4.785471663e-18 4.785471663e-18 4.785471663e-18 4.785471663e-18 4.785471663e-18
4.785471663e-18 4.785471663e-18 0.000000000e+00 2.522212435e-03 4.785471663e-18 4.785471663e-18
4.785471663e-18 0.000000000e+00 0.000000000e+00 1.030998616e-04 4.785471663e-18 4.785471663e-18
4.785471663e-18 6.546433150e-04 6.546433150e-04 9.954131142e-01 1.030998616e-04 4.785471663e-18
4.785471663e-18 4.785471663e-18 4.785471663e-18 4.785471663e-18 1.030998616e-04 4.785471663e-18
4.785471663e-18 4.785471663e-18 4.785471663e-18 4.785471663e-18 4.785471663e-18 4.785471663e-18

2.559447825e-03 5.514163182e-18 5.514163182e-18 1.187990445e-04 5.514163182e-18 5.514163182e-18
5.514163182e-18 0.000000000e+00 0.000000000e+00 1.187990445e-04 5.514163182e-18 5.514163182e-18
5.140136124e-04 0.000000000e+00 0.000000000e+00 5.140136124e-04 5.514163182e-18 1.187990445e-04
1.187990445e-04 0.000000000e+00 8.940492197e-01 9.891341852e-02 1.187990445e-04 5.514163182e-18
5.514163182e-18 5.514163182e-18 1.900784711e-03 1.187990445e-04 1.187990445e-04 5.514163182e-18
1.187990445e-04 2.993548336e-04 2.993548336e-04 5.514163182e-18 5.514163182e-18 5.514163182e-18

4.783592974e-03 1.094348527e-04 1.094348527e-04 2.757585489e-04 1.094348527e-04 1.094348527e-04
1.094348527e-04 0.000000000e+00 0.000000000e+00 2.757585489e-04 1.094348527e-04 1.094348527e-04
9.356548287e-04 0.000000000e+00 0.000000000e+00 2.757585489e-04 2.757585489e-04 1.094348527e-04
1.094348527e-04 0.000000000e+00 0.000000000e+00 9.848837058e-01 1.094348527e-04 1.094348527e-04
1.094348527e-04 0.000000000e+00 1.094348527e-04 2.048703000e-03 4.734971076e-04 1.094348527e-04
1.094348527e-04 1.094348527e-04 3.692549889e-03 1.094348527e-04 1.094348527e-04 1.094348527e-04

3.042730518e-03 1.412310400e-04 3.558799203e-04 6.110712201e-04 1.412310400e-04 1.412310400e-04
6.555364180e-18 0.000000000e+00 0.000000000e+00 1.412310400e-04 1.412310400e-04 6.555364180e-18
5.278235030e-02 0.000000000e+00 0.000000000e+00 1.412310400e-04 6.555364180e-18 1.412310400e-04
0.000000000e+00 0.000000000e+00 0.000000000e+00 0.000000000e+00 4.765416577e-03 1.412310400e-04
6.088061068e-01 0.000000000e+00 6.555364180e-18 3.259786336e-01 1.207508406e-03 6.555364180e-18
1.412310400e-04 1.412310400e-04 8.967612056e-04 6.555364180e-18 6.555364180e-18 1.412310400e-04

2.278255210e-03 1.701394347e-04 1.701394347e-04 3.217845736e-02 1.701394347e-04 1.701394347e-04
1.701394347e-04 0.000000000e+00 0.000000000e+00 1.701394347e-04 1.701394347e-04 1.701394347e-04
1.296071582e-01 0.000000000e+00 0.000000000e+00 1.701394347e-04 4.287245102e-04 1.454671704e-03
0.000000000e+00 0.000000000e+00 0.000000000e+00 0.000000000e+00 0.000000000e+00 2.327474726e-02
8.026046264e-03 0.000000000e+00 0.000000000e+00 4.148689687e-01 1.701394347e-04 1.701394347e-04
5.573473650e-02 1.701394347e-04 3.295961428e-01 1.701394347e-04 1.701394347e-04 1.701394347e-04

