5.117629137e-18 1.102559774e-04 1.202090442e-03 2.064075075e-03 1.476384681e-03 2.064075075e-03
1.102559774e-04 5.117629137e-18 5.117629137e-18 1.102559774e-04 4.770499082e-04 5.117629137e-18
4.770499082e-04 5.117629137e-18 5.117629137e-18 5.117629137e-18 1.102559774e-04 9.765545632e-01
1.102559774e-04 5.117629137e-18 5.117629137e-18 5.117629137e-18 5.117629137e-18 1.458215196e-02
1.102559774e-04 5.117629137e-18 5.117629137e-18 5.117629137e-18 5.117629137e-18 1.102559774e-04
5.117629137e-18 1.102559774e-04 1.102559774e-04 1.102559774e-04 5.117629137e-18 5.117629137e-18

6.139732380e-18 6.139732380e-18 6.139732380e-18 6.139732380e-18 6.139732380e-18 4.306447281e-01
6.139732380e-18 6.139732380e-18 6.139732380e-18 1.322765243e-04 3.333159547e-04 0.000000000e+00
6.139732380e-18 6.139732380e-18 0.000000000e+00 6.139732380e-18 2.567362734e-02 6.139732380e-18
6.139732380e-18 6.139732380e-18 6.139732380e-18 6.139732380e-18 6.139732380e-18 5.432160521e-01
6.139732380e-18 6.139732380e-18 6.139732380e-18 6.139732380e-18 6.139732380e-18 6.139732380e-18
6.139732380e-18 6.139732380e-18 6.139732380e-18 6.139732380e-18 6.139732380e-18 6.139732380e-18

5.522366609e-18 5.522366609e-18 5.522366609e-18 5.522366609e-18 5.522366609e-18 9.566678167e-02
5.522366609e-18 5.522366609e-18 5.522366609e-18 5.522366609e-18 5.522366609e-18 0.000000000e+00
5.522366609e-18 5.522366609e-18 0.000000000e+00 5.522366609e-18 8.835786574e-01 0.000000000e+00
5.522366609e-18 0.000000000e+00 5.522366609e-18 5.522366609e-18 5.522366609e-18 5.522366609e-18
5.522366609e-18 5.522366609e-18 5.522366609e-18 5.522366609e-18 5.522366609e-18 2.075456096e-02
5.522366609e-18 5.522366609e-18 5.522366609e-18 5.522366609e-18 5.522366609e-18 5.522366609e-18

5.858154083e-18 5.858154083e-18 5.858154083e-18 5.858154083e-18 5.858154083e-18 8.784170408e-01
5.858154083e-18 5.858154083e-18 5.858154083e-18 5.858154083e-18 3.434476328e-02 0.000000000e+00
5.858154083e-18 5.858154083e-18 0.000000000e+00 7.780204843e-03 5.858154083e-18 0.000000000e+00
5.858154083e-18 0.000000000e+00 0.000000000e+00 5.858154083e-18 2.704029922e-02 0.000000000e+00
5.858154083e-18 5.858154083e-18 5.858154083e-18 5.858154083e-18 5.858154083e-18 5.241769187e-02
5.858154083e-18 5.858154083e-18 5.858154083e-18 5.858154083e-18 5.858154083e-18 5.858154083e-18

