7.071057808e-04 4.118091978e-04 4.118091978e-04 6.045669384e-03 2.614825415e-03 7.585590279e-18
1.634265884e-04 4.118091978e-04 7.709378853e-03 2.615809222e-02 4.118091978e-04 1.037694154e-03
6.227470796e-01 4.118091978e-04 0.000000000e+00 7.585590279e-18 1.729848096e-02 1.131369249e-02
7.071057808e-04 1.634265884e-04 3.171956136e-02 2.423929119e-01 2.385915738e-02 7.585590279e-18
7.585590279e-18 7.585590279e-18 1.634265884e-04 1.634265884e-04 7.585590279e-18 7.071057808e-04
4.118091978e-04 4.118091978e-04 1.634265884e-04 1.634265884e-04 7.071057808e-04 4.118091978e-04

3.504953984e-04 1.390941910e-04 3.504953984e-04 3.402769827e-03 4.251740951e-03 1.390941910e-04
1.390941910e-04 2.996693503e-03 8.089865450e-01 0.000000000e+00 1.390941910e-04 2.603948190e-03
6.018256117e-04 3.504953984e-04 0.000000000e+00 0.000000000e+00 1.476815534e-01 6.561538274e-03
1.390941910e-04 1.390941910e-04 4.693315039e-03 7.052024204e-03 4.693315039e-03 1.390941910e-04
1.390941910e-04 1.390941910e-04 1.390941910e-04 1.390941910e-04 3.504953984e-04 1.862543307e-03
3.504953984e-04 3.504953984e-04 1.390941910e-04 1.390941910e-04 3.504953984e-04 3.504953984e-04

5.359904949e-18 5.359904949e-18 1.154756516e-04 7.604690750e-02 5.359904949e-18 7.994146026e-03
5.359904949e-18 5.359904949e-18 4.996341266e-04 0.000000000e+00 0.000000000e+00 1.154756516e-04
5.359904949e-18 5.359904949e-18 0.000000000e+00 0.000000000e+00 9.152283610e-01 5.359904949e-18
5.359904949e-18 0.000000000e+00 5.359904949e-18 5.359904949e-18 5.359904949e-18 5.359904949e-18
5.359904949e-18 5.359904949e-18 5.359904949e-18 5.359904949e-18 5.359904949e-18 5.359904949e-18
5.359904949e-18 5.359904949e-18 5.359904949e-18 5.359904949e-18 5.359904949e-18 5.359904949e-18

