6.004980868e-18 3.260005171e-04 4.095072195e-01 5.858193758e-01 6.004980868e-18 5.597661526e-04
6.004980868e-18 6.004980868e-18 6.004980868e-18 6.004980868e-18 1.732376756e-03 1.293733910e-04
1.293733910e-04 6.004980868e-18 6.004980868e-18 6.004980868e-18 3.260005171e-04 3.260005171e-04
3.260005171e-04 6.004980868e-18 6.004980868e-18 6.004980868e-18 6.004980868e-18 5.597661526e-04
6.004980868e-18 6.004980868e-18 6.004980868e-18 6.004980868e-18 6.004980868e-18 6.004980868e-18
6.004980868e-18 6.004980868e-18 1.293733910e-04 1.293733910e-04 6.004980868e-18 6.004980868e-18

6.405931032e-18 6.405931032e-18 1.504702327e-03 3.830547119e-02 0.000000000e+00 1.179982585e-03
6.405931032e-18 6.405931032e-18 6.405931032e-18 7.139843711e-01 2.173546505e-01 2.610212269e-02
6.405931032e-18 6.405931032e-18 6.405931032e-18 0.000000000e+00 6.405931032e-18 6.405931032e-18
6.405931032e-18 6.405931032e-18 1.380116004e-04 1.380116004e-04 3.477674409e-04 3.477674409e-04
6.405931032e-18 6.405931032e-18 6.405931032e-18 6.405931032e-18 6.405931032e-18 6.405931032e-18
6.405931032e-18 5.971415140e-04 6.405931032e-18 6.405931032e-18 6.405931032e-18 6.405931032e-18

4.991024139e-18 4.991024139e-18 6.827624981e-04 1.439860409e-03 0.000000000e+00 2.709544770e-04
4.991024139e-18 4.991024139e-18 4.991024139e-18 1.928047713e-02 0.000000000e+00 9.775130821e-01
4.991024139e-18 4.991024139e-18 4.991024139e-18 0.000000000e+00 0.000000000e+00 4.991024139e-18
4.991024139e-18 4.991024139e-18 4.991024139e-18 4.991024139e-18 2.709544770e-04 2.709544770e-04
4.991024139e-18 4.991024139e-18 4.991024139e-18 4.991024139e-18 4.991024139e-18 4.991024139e-18
4.991024139e-18 2.709544770e-04 4.991024139e-18 4.991024139e-18 4.991024139e-18 4.991024139e-18

1.453450832e-04 1.584657262e-03 1.727708006e-02 2.828506440e-01 0.000000000e+00 1.584657262e-03
3.662466596e-04 3.662466596e-04 1.453450832e-04 0.000000000e+00 0.000000000e+00 6.661017965e-01
1.453450832e-04 1.584657262e-03 8.959778070e-03 0.000000000e+00 0.000000000e+00 0.000000000e+00
1.453450832e-04 1.453450832e-04 1.242682981e-03 1.242682981e-03 1.584657262e-03 8.959778070e-03
1.453450832e-04 1.453450832e-04 1.453450832e-04 3.662466596e-04 1.453450832e-04 1.453450832e-04
1.453450832e-04 6.288716513e-04 3.662466596e-04 1.242682981e-03 1.453450832e-04 1.946245993e-03

1.638729138e-04 8.308296314e-03 1.134459070e-02 5.937400573e-01 0.000000000e+00 2.020425346e-02
4.129338673e-04 5.009160866e-03 0.000000000e+00 0.000000000e+00 0.000000000e+00 2.973264671e-01
7.090369186e-04 9.494371819e-03 0.000000000e+00 0.000000000e+00 0.000000000e+00 0.000000000e+00
4.129338673e-04 1.040528143e-03 1.040528143e-03 2.622953115e-02 3.530534903e-03 4.008951075e-03
1.040528143e-03 7.090369186e-04 1.786661078e-03 2.621966621e-03 1.638729138e-04 4.129338673e-04
4.129338673e-04 1.040528143e-03 1.786661078e-03 3.067824573e-03 1.786661078e-03 2.194343248e-03

