7.460366605e-18 7.460366605e-18 7.460366605e-18 7.460366605e-18 7.460366605e-18 7.460366605e-18
7.460366605e-18 7.460366605e-18 1.607287262e-04 1.607287262e-04 7.460366605e-18 7.460366605e-18
7.460366605e-18 1.607287262e-04 4.346455054e-01 5.725920394e-02 4.050110108e-04 7.460366605e-18
7.460366605e-18 4.050110108e-04 9.312205736e-03 2.070195924e-01 7.460366605e-18 7.460366605e-18
7.460366605e-18 1.752380869e-03 7.460366605e-18 2.763387897e-01 1.238011370e-02 7.460366605e-18
7.460366605e-18 7.460366605e-18 7.460366605e-18 7.460366605e-18 7.460366605e-18 7.460366605e-18

6.638962725e-18 6.638962725e-18 6.638962725e-18 6.638962725e-18 6.638962725e-18 6.638962725e-18
6.638962725e-18 3.604183475e-04 1.430321160e-04 1.559439621e-03 6.638962725e-18 6.638962725e-18
6.638962725e-18 1.559439621e-03 6.638962725e-18 9.516164872e-02 8.817195521e-03 6.638962725e-18
6.638962725e-18 9.419431669e-02 0.000000000e+00 7.545495463e-01 6.638962725e-18 6.638962725e-18
6.638962725e-18 3.604183475e-04 0.000000000e+00 3.892243188e-02 4.372112886e-03 6.638962725e-18
6.638962725e-18 6.638962725e-18 6.638962725e-18 6.638962725e-18 6.638962725e-18 6.638962725e-18

5.309278226e-18 5.309278226e-18 1.143849319e-04 5.309278226e-18 5.309278226e-18 5.309278226e-18
5.309278226e-18 5.309278226e-18 5.309278226e-18 5.309278226e-18 1.143849319e-04 5.309278226e-18
5.309278226e-18 5.309278226e-18 0.000000000e+00 0.000000000e+00 5.309278226e-18 5.309278226e-18
5.309278226e-18 1.259913436e-02 0.000000000e+00 7.262990449e-04 5.309278226e-18 5.309278226e-18
4.681920206e-02 5.309278226e-18 0.000000000e+00 9.383794874e-01 1.247107292e-03 5.309278226e-18
5.309278226e-18 5.309278226e-18 5.309278226e-18 5.309278226e-18 5.309278226e-18 5.309278226e-18

1.203822743e-04 3.033443229e-04 1.203822743e-04 7.643797955e-04 1.203822743e-04 5.208638502e-04
1.203822743e-04 1.029253967e-03 1.203822743e-04 2.945005595e-03 1.203822743e-04 3.033443229e-04
5.208638502e-04 1.203822743e-04 0.000000000e+00 0.000000000e+00 1.203822743e-04 3.033443229e-04
1.203822743e-04 5.365269269e-02 0.000000000e+00 9.314677192e-01 3.033443229e-04 3.033443229e-04
5.208638502e-04 0.000000000e+00 0.000000000e+00 0.000000000e+00 5.208638502e-04 1.203822743e-04
3.033443229e-04 1.312494658e-03 3.033443229e-04 2.593557478e-03 5.208638502e-04 3.033443229e-04

3.609445831e-02 3.609445831e-02 3.609445831e-02 3.609445831e-02 3.609445831e-02 3.609445831e-02
3.609445831e-02 3.609445831e-02 3.609445831e-02 3.609445831e-02 3.609445831e-02 3.609445831e-02
3.609445831e-02 0.000000000e+00 0.000000000e+00 0.000000000e+00 3.476385421e-02 3.609445831e-02
3.609445831e-02 3.609445831e-02 0.000000000e+00 0.000000000e+00 3.609445831e-02 3.609445831e-02
3.609445831e-02 0.000000000e+00 0.000000000e+00 0.000000000e+00 3.609445831e-02 3.476385421e-02
3.476385421e-02 3.476385421e-02 3.476385421e-02 3.476385421e-02 3.476385421e-02 3.476385421e-02

