9.532520739e-18 2.998288916e-02 1.304030494e-03 7.597361137e-03 6.277675969e-03 9.532520739e-18
8.280077512e-03 0.000000000e+00 3.986075775e-02 5.175048445e-04 9.532520739e-18 9.532520739e-18
1.581875219e-02 9.532520739e-18 3.851834087e-01 1.304030494e-03 9.532520739e-18 5.175048445e-04
5.175048445e-04 1.366373676e-01 9.027539614e-02 2.053719337e-04 9.532520739e-18 1.755905333e-03
5.175048445e-04 1.304030494e-03 9.532520739e-18 9.532520739e-18 9.532520739e-18 5.175048445e-04
8.406133481e-02 1.755905333e-03 1.304030494e-03 8.406133481e-02 1.004428155e-01 9.532520739e-18

3.625837117e-04 1.438914413e-04 6.225821083e-04 6.225821083e-04 1.230254518e-03 9.136537014e-04
1.438914413e-04 0.000000000e+00 8.052066205e-01 1.438914413e-04 6.678849073e-18 9.136537014e-04
2.302263061e-03 0.000000000e+00 0.000000000e+00 1.438914413e-04 6.678849073e-18 3.625837117e-04
8.336697102e-03 6.678849073e-18 9.573337218e-02 3.625837117e-04 6.678849073e-18 2.693756335e-03
6.678849073e-18 6.325039959e-02 2.302263061e-03 6.678849073e-18 3.520128708e-03 9.136537014e-04
1.230254518e-03 1.926780975e-03 1.230254518e-03 2.693756335e-03 2.693756335e-03 6.678849073e-18

1.312609840e-03 2.055762958e-03 6.642588094e-04 2.456380451e-03 6.642588094e-04 1.535237782e-04
1.673827313e-03 0.000000000e+00 0.000000000e+00 6.321106998e-01 1.535237782e-04 1.535237782e-04
3.755772087e-03 0.000000000e+00 0.000000000e+00 1.535237782e-04 6.642588094e-04 1.535237782e-04
1.824927647e-02 0.000000000e+00 2.758805559e-01 3.307569535e-03 1.535237782e-04 1.535237782e-04
1.535237782e-04 4.683883989e-02 1.535237782e-04 3.868556796e-04 9.748152280e-04 3.868556796e-04
3.868556796e-04 1.673827313e-03 1.673827313e-03 1.673827313e-03 1.673827313e-03 1.535237782e-04

5.819608003e-18 5.819608003e-18 0.000000000e+00 5.819608003e-18 5.819608003e-18 5.819608003e-18
5.819608003e-18 0.000000000e+00 0.000000000e+00 5.819608003e-18 5.819608003e-18 5.819608003e-18
5.819608003e-18 0.000000000e+00 0.000000000e+00 0.000000000e+00 5.819608003e-18 5.819608003e-18
6.106398445e-01 0.000000000e+00 5.819608003e-18 5.819608003e-18 5.819608003e-18 5.819608003e-18
5.819608003e-18 3.893601555e-01 5.819608003e-18 5.819608003e-18 5.819608003e-18 5.819608003e-18
5.819608003e-18 5.819608003e-18 5.819608003e-18 5.819608003e-18 5.819608003e-18 5.819608003e-18

