9.532520739e-18 2.998288916e-02 1.304030494e-03 7.597361137e-03 6.277675969e-03 9.532520739e-18
8.280077512e-03 0.000000000e+00 3.986075775e-02 5.175048445e-04 9.532520739e-18 9.532520739e-18
1.581875219e-02 9.532520739e-18 3.851834087e-01 1.304030494e-03 9.532520739e-18 5.175048445e-04
5.175048445e-04 1.366373676e-01 9.027539614e-02 2.053719337e-04 9.532520739e-18 1.755905333e-03
5.175048445e-04 1.304030494e-03 9.532520739e-18 9.532520739e-18 9.532520739e-18 5.175048445e-04
8.406133481e-02 1.755905333e-03 1.304030494e-03 8.406133481e-02 1.004428155e-01 9.532520739e-18

1.888777957e-04 3.479158744e-02 1.668018738e-01 2.245178665e-02 2.059282393e-03 8.766930674e-18
4.759422213e-04 0.000000000e+00 8.766930674e-18 4.289849962e-01 4.759422213e-04 1.888777957e-04
1.167911189e-01 0.000000000e+00 0.000000000e+00 1.605923848e-02 1.888777957e-04 1.888777957e-04
1.888777957e-04 1.105546093e-01 8.650233520e-02 7.615075541e-03 8.766930674e-18 1.888777957e-04
1.888777957e-04 1.888777957e-04 8.172267591e-04 8.766930674e-18 8.766930674e-18 4.759422213e-04
1.888777957e-04 1.888777957e-04 1.888777957e-04 2.059282393e-03 8.172267591e-04 1.888777957e-04

1.553124214e-04 3.346104684e-03 6.261804448e-03 1.327902524e-03 3.346104684e-03 1.553124214e-04
1.553124214e-04 0.000000000e+00 0.000000000e+00 0.000000000e+00 6.719978190e-04 1.553124214e-04
9.861724043e-04 0.000000000e+00 0.000000000e+00 7.208964007e-18 1.693328395e-03 1.553124214e-04
1.553124214e-04 3.642330845e-01 4.531690065e-01 1.590172689e-01 1.553124214e-04 1.553124214e-04
1.553124214e-04 1.553124214e-04 1.553124214e-04 1.553124214e-04 3.913627780e-04 9.861724043e-04
1.553124214e-04 1.553124214e-04 3.913627780e-04 1.693328395e-03 1.553124214e-04 1.553124214e-04

1.255299160e-04 7.272877920e-03 1.255299160e-04 1.219400127e-01 1.680910634e-03 1.255299160e-04
1.255299160e-04 0.000000000e+00 0.000000000e+00 0.000000000e+00 1.368617972e-03 3.163155670e-04
5.431364021e-04 0.000000000e+00 0.000000000e+00 0.000000000e+00 0.000000000e+00 1.255299160e-04
1.255299160e-04 1.255299160e-04 2.350014727e-03 8.614743794e-01 1.255299160e-04 1.255299160e-04
1.255299160e-04 1.255299160e-04 1.255299160e-04 1.255299160e-04 1.255299160e-04 1.255299160e-04
1.255299160e-04 1.255299160e-04 1.255299160e-04 5.431364021e-04 1.255299160e-04 1.255299160e-04

1.414230023e-04 3.563636350e-04 1.893727297e-03 2.764711547e-01 1.893727297e-03 3.563636350e-04
1.414230023e-04 0.000000000e+00 0.000000000e+00 0.000000000e+00 0.000000000e+00 8.979800902e-04
2.330936781e-02 0.000000000e+00 0.000000000e+00 0.000000000e+00 0.000000000e+00 1.414230023e-04
1.414230023e-04 3.563636350e-04 6.777715949e-01 0.000000000e+00 1.893727297e-03 6.119017927e-04
1.414230023e-04 1.414230023e-04 2.262768036e-03 1.414230023e-04 1.414230023e-04 1.414230023e-04
8.979800902e-04 1.414230023e-04 6.119017927e-04 8.718001920e-03 1.414230023e-04 1.414230023e-04

1.377786858e-04 1.377786858e-04 2.968351802e-03 4.513391480e-02 5.961337511e-04 1.377786858e-04
1.377786858e-04 0.000000000e+00 0.000000000e+00 0.000000000e+00 0.000000000e+00 1.377786858e-04
5.096871876e-03 0.000000000e+00 0.000000000e+00 0.000000000e+00 0.000000000e+00 2.470454225e-02
1.377786858e-04 2.270871083e-02 0.000000000e+00 0.000000000e+00 0.000000000e+00 7.479777837e-03
1.377786858e-04 1.377786858e-04 5.961337511e-04 1.377786858e-04 8.628704242e-01 2.579320939e-03
3.471805329e-04 1.377786858e-04 3.471805329e-04 2.270871083e-02 1.377786858e-04 3.471805329e-04

