9.532520739e-18 2.998288916e-02 1.304030494e-03 7.597361137e-03 6.277675969e-03 9.532520739e-18
8.280077512e-03 0.000000000e+00 3.986075775e-02 5.175048445e-04 9.532520739e-18 9.532520739e-18
1.581875219e-02 9.532520739e-18 3.851834087e-01 1.304030494e-03 9.532520739e-18 5.175048445e-04
5.175048445e-04 1.366373676e-01 9.027539614e-02 2.053719337e-04 9.532520739e-18 1.755905333e-03
5.175048445e-04 1.304030494e-03 9.532520739e-18 9.532520739e-18 9.532520739e-18 5.175048445e-04
8.406133481e-02 1.755905333e-03 1.304030494e-03 8.406133481e-02 1.004428155e-01 9.532520739e-18

8.579639185e-04 2.655245844e-03 2.894941141e-02 1.259081974e-03 3.172687764e-03 2.161933602e-03
3.172687764e-03 0.000000000e+00 5.134713122e-01 4.850996165e-03 1.695381176e-03 3.712194278e-03
7.994672198e-03 0.000000000e+00 0.000000000e+00 1.259081974e-03 2.161933602e-03 8.579639185e-04
1.239331158e-01 2.015289109e-01 1.695381176e-03 6.061291270e-03 1.695381176e-03 3.172687764e-03
1.005338125e-02 8.667740744e-03 1.766734738e-02 7.335488318e-03 1.695381176e-03 2.655245844e-03
3.712194278e-03 5.447731307e-03 1.005338125e-02 4.850996165e-03 6.690800263e-03 4.850996165e-03

1.433925359e-03 1.433925359e-03 6.425966955e-01 5.126539910e-03 3.139712525e-03 1.433925359e-03
3.613265488e-03 0.000000000e+00 0.000000000e+00 7.256516926e-04 2.683406839e-03 1.433925359e-03
1.033864082e-02 0.000000000e+00 0.000000000e+00 1.633235451e-02 1.828527685e-03 4.226100952e-04
1.358474712e-02 1.717135787e-01 0.000000000e+00 1.070626941e-01 1.677129274e-04 3.613265488e-03
1.064910710e-03 3.139712525e-03 7.256516926e-04 7.256516926e-04 1.677129274e-04 1.064910710e-03
4.226100952e-04 1.064910710e-03 7.256516926e-04 1.064910710e-03 4.226100952e-04 7.256516926e-04

3.699026394e-04 3.699026394e-04 7.051505573e-01 4.315772741e-02 1.600475768e-03 1.467959597e-04
3.699026394e-04 0.000000000e+00 0.000000000e+00 0.000000000e+00 8.504977368e-03 1.255087801e-03
3.699026394e-04 0.000000000e+00 0.000000000e+00 1.255087801e-03 2.153005953e-01 1.467959597e-04
3.162623080e-03 1.368387533e-02 0.000000000e+00 0.000000000e+00 3.699026394e-04 9.320962436e-04
6.351492295e-04 3.699026394e-04 3.699026394e-04 1.467959597e-04 1.467959597e-04 3.699026394e-04
3.699026394e-04 6.351492295e-04 1.467959597e-04 3.699026394e-04 1.467959597e-04 1.467959597e-04

1.053514815e-03 9.612869616e-03 1.659181865e-04 5.755440545e-01 1.659181865e-04 1.659181865e-04
5.435192861e-02 0.000000000e+00 0.000000000e+00 0.000000000e+00 1.659181865e-04 1.659181865e-04
1.659181865e-04 0.000000000e+00 0.000000000e+00 0.000000000e+00 2.269728864e-02 4.786573281e-02
1.786917318e-01 1.070304336e-01 0.000000000e+00 0.000000000e+00 1.659181865e-04 1.659181865e-04
1.659181865e-04 1.659181865e-04 0.000000000e+00 1.659181865e-04 1.659181865e-04 1.659181865e-04
1.659181865e-04 1.659181865e-04 1.659181865e-04 1.659181865e-04 1.659181865e-04 1.659181865e-04

4.647784847e-18 4.647784847e-18 0.000000000e+00 4.647784847e-18 1.000000000e+00 4.647784847e-18
4.647784847e-18 0.000000000e+00 0.000000000e+00 0.000000000e+00 4.647784847e-18 4.647784847e-18
4.647784847e-18 0.000000000e+00 0.000000000e+00 0.000000000e+00 4.647784847e-18 4.647784847e-18
4.647784847e-18 4.647784847e-18 0.000000000e+00 0.000000000e+00 4.647784847e-18 4.647784847e-18
4.647784847e-18 4.647784847e-18 0.000000000e+00 4.647784847e-18 4.647784847e-18 4.647784847e-18
4.647784847e-18 0.000000000e+00 4.647784847e-18 4.647784847e-18 4.647784847e-18 4.647784847e-18

4.417400516e-02 4.417400516e-02 0.000000000e+00 0.000000000e+00 4.284049527e-02 4.417400516e-02
4.417400516e-02 0.000000000e+00 0.000000000e+00 0.000000000e+00 4.417400516e-02 4.417400516e-02
4.417400516e-02 0.000000000e+00 0.000000000e+00 0.000000000e+00 4.417400516e-02 4.417400516e-02
4.417400516e-02 0.000000000e+00 0.000000000e+00 0.000000000e+00 4.417400516e-02 4.284049527e-02
4.284049527e-02 4.284049527e-02 0.000000000e+00 4.284049527e-02 4.284049527e-02 4.284049527e-02
4.284049527e-02 0.000000000e+00 4.284049527e-02 4.284049527e-02 4.284049527e-02 4.284049527e-02

