6.878320240e-18 1.266997421e-03 1.481889174e-04 2.371022678e-03 6.411762071e-04 6.878320240e-18
1.481889174e-04 1.893188484e-02 1.481889174e-04 1.481889174e-04 6.878320240e-18 1.481889174e-04
6.038225019e-01 6.878320240e-18 3.082359908e-01 3.734126727e-04 6.878320240e-18 1.481889174e-04
1.481889174e-04 8.585681722e-03 5.193527278e-02 0.000000000e+00 6.878320240e-18 3.734126727e-04
3.734126727e-04 1.481889174e-04 1.481889174e-04 3.734126727e-04 1.481889174e-04 1.481889174e-04
1.481889174e-04 6.878320240e-18 1.481889174e-04 6.411762071e-04 1.481889174e-04 6.878320240e-18

1.761907916e-04 1.761907916e-04 1.761907916e-04 1.761907916e-04 4.439729743e-04 1.761907916e-04
1.761907916e-04 1.642397265e-02 1.761907916e-04 1.761907916e-04 1.761907916e-04 1.761907916e-04
9.512045165e-02 0.000000000e+00 4.017924700e-01 7.623332805e-04 0.000000000e+00 4.439729743e-04
1.761907916e-04 7.744823369e-02 3.428783264e-01 0.000000000e+00 1.761907916e-04 4.439729743e-04
2.359286016e-03 3.955674353e-02 1.761907916e-04 6.517857865e-03 2.819052666e-03 1.761907916e-04
1.761907916e-04 1.761907916e-04 8.311509015e-03 1.506410078e-03 1.761907916e-04 1.761907916e-04

1.346338236e-03 2.839258349e-03 1.346338236e-03 2.120349855e-04 1.812873625e-03 3.392559768e-03
9.174221002e-04 4.542813358e-02 5.342946831e-04 2.311758831e-03 2.120349855e-04 3.969454889e-03
4.010215947e-02 0.000000000e+00 0.000000000e+00 4.718466454e-01 0.000000000e+00 5.342946831e-04
5.342946831e-04 2.335497540e-02 9.580223164e-02 0.000000000e+00 1.467875360e-02 1.151103000e-02
5.825267227e-03 5.315305825e-02 0.000000000e+00 1.213357206e-01 2.120349855e-04 1.467875360e-02
5.342946831e-04 8.548714929e-03 1.000239954e-02 5.091518251e-02 9.268428131e-03 2.839258349e-03

1.758819138e-04 1.758819138e-04 1.758819138e-04 4.431946509e-04 4.431946509e-04 1.758819138e-04
1.758819138e-04 8.917148184e-03 1.758819138e-04 1.567058393e-02 1.758819138e-04 7.609968436e-04
3.678788062e-02 0.000000000e+00 0.000000000e+00 1.758819138e-04 0.000000000e+00 1.758819138e-04
1.758819138e-04 9.045922371e-02 2.579599657e-01 0.000000000e+00 5.183636082e-01 2.567754918e-02
1.116780540e-03 3.789260963e-03 0.000000000e+00 0.000000000e+00 0.000000000e+00 5.376244182e-03
7.609968436e-04 2.814110620e-03 2.355149981e-03 2.486564094e-02 1.503769210e-03 1.758819138e-04

2.009716971e-04 2.191138856e-03 4.329803959e-03 1.718283840e-03 1.718283840e-03 3.762341784e-03
2.691115183e-03 0.000000000e+00 8.695540313e-04 4.329803959e-03 2.009716971e-04 1.718283840e-03
3.181997703e-01 0.000000000e+00 0.000000000e+00 0.000000000e+00 0.000000000e+00 1.276090733e-03
2.009716971e-04 1.718283840e-03 5.252338514e-02 0.000000000e+00 1.760229930e-01 5.908528909e-02
1.391286450e-02 5.521323936e-03 0.000000000e+00 0.000000000e+00 0.000000000e+00 2.799290880e-01
4.916527584e-03 6.143172393e-03 6.781185334e-03 3.701930312e-02 4.916527584e-03 8.102671090e-03

0.000000000e+00 1.621891764e-03 1.621891764e-03 1.967461959e-02 1.487602392e-04 1.487602392e-04
1.487602392e-04 0.000000000e+00 1.487602392e-04 1.703116123e-02 1.487602392e-04 3.748523134e-04
5.824971432e-01 0.000000000e+00 0.000000000e+00 0.000000000e+00 0.000000000e+00 1.487602392e-04
1.487602392e-04 5.503114470e-03 0.000000000e+00 0.000000000e+00 3.516304411e-01 1.264826365e-02
1.621891764e-03 1.487602392e-04 0.000000000e+00 0.000000000e+00 0.000000000e+00 6.436481730e-04
1.487602392e-04 3.748523134e-04 1.271882154e-03 1.621891764e-03 1.487602392e-04 3.748523134e-04

0.000000000e+00 4.417400516e-02 4.417400516e-02 4.417400516e-02 4.417400516e-02 4.417400516e-02
4.417400516e-02 0.000000000e+00 0.000000000e+00 4.417400516e-02 4.417400516e-02 4.417400516e-02
4.417400516e-02 0.000000000e+00 0.000000000e+00 0.000000000e+00 0.000000000e+00 4.417400516e-02
4.284049527e-02 4.284049527e-02 0.000000000e+00 0.000000000e+00 0.000000000e+00 4.284049527e-02
4.284049527e-02 4.284049527e-02 0.000000000e+00 0.000000000e+00 0.000000000e+00 4.284049527e-02
4.284049527e-02 4.284049527e-02 4.284049527e-02 4.284049527e-02 4.284049527e-02 4.284049527e-02

0.000000000e+00 4.812654667e-02 4.812654667e-02 4.812654667e-02 4.812654667e-02 4.812654667e-02
4.812654667e-02 0.000000000e+00 0.000000000e+00 4.812654667e-02 4.812654667e-02 4.812654667e-02
4.812654667e-02 0.000000000e+00 0.000000000e+00 0.000000000e+00 0.000000000e+00 4.812654667e-02
0.000000000e+00 4.679436166e-02 0.000000000e+00 0.000000000e+00 0.000000000e+00 0.000000000e+00
4.812654667e-02 4.812654667e-02 0.000000000e+00 0.000000000e+00 0.000000000e+00 4.679436166e-02
4.679436166e-02 4.679436166e-02 4.679436166e-02 4.679436166e-02 4.679436166e-02 4.679436166e-02

0.000000000e+00 5.312238650e-02 5.312238650e-02 5.312238650e-02 5.312238650e-02 5.312238650e-02
5.312238650e-02 0.000000000e+00 0.000000000e+00 5.179019457e-02 5.312238650e-02 5.312238650e-02
5.312238650e-02 0.000000000e+00 0.000000000e+00 0.000000000e+00 0.000000000e+00 5.312238650e-02
0.000000000e+00 0.000000000e+00 0.000000000e+00 0.000000000e+00 0.000000000e+00 0.000000000e+00
5.312238650e-02 5.312238650e-02 0.000000000e+00 0.000000000e+00 0.000000000e+00 5.179019457e-02
5.179019457e-02 5.179019457e-02 5.179019457e-02 0.000000000e+00 5.179019457e-02 5.179019457e-02

0.000000000e+00 5.905838853e-02 5.905838853e-02 5.905838853e-02 5.905838853e-02 5.905838853e-02
5.905838853e-02 0.000000000e+00 0.000000000e+00 0.000000000e+00 0.000000000e+00 5.905838853e-02
5.905838853e-02 0.000000000e+00 0.000000000e+00 0.000000000e+00 0.000000000e+00 5.905838853e-02
0.000000000e+00 0.000000000e+00 0.000000000e+00 0.000000000e+00 0.000000000e+00 0.000000000e+00
5.905838853e-02 5.905838853e-02 0.000000000e+00 0.000000000e+00 0.000000000e+00 5.905838853e-02
5.905838853e-02 5.772752019e-02 5.905838853e-02 0.000000000e+00 5.772752019e-02 5.772752019e-02

