7.312828517e-18 7.312828517e-18 7.312828517e-18 7.312828517e-18 7.312828517e-18 7.312828517e-18
7.312828517e-18 7.312828517e-18 3.375484299e-02 6.816797544e-04 7.312828517e-18 7.312828517e-18
7.312828517e-18 2.083714428e-02 1.222292563e-01 7.312828517e-18 3.970014111e-04 7.312828517e-18
7.312828517e-18 7.312828517e-18 5.795947429e-02 6.740513025e-01 4.806724190e-02 7.312828517e-18
7.312828517e-18 7.312828517e-18 7.312828517e-18 4.202205662e-02 7.312828517e-18 7.312828517e-18
7.312828517e-18 7.312828517e-18 7.312828517e-18 7.312828517e-18 7.312828517e-18 7.312828517e-18

7.970080026e-18 7.970080026e-18 7.970080026e-18 7.970080026e-18 7.970080026e-18 4.326825126e-04
7.970080026e-18 7.970080026e-18 4.033335503e-02 7.970080026e-18 1.344244606e-01 7.970080026e-18
7.970080026e-18 4.033335503e-02 3.855079514e-02 0.000000000e+00 0.000000000e+00 7.970080026e-18
7.970080026e-18 7.970080026e-18 7.970080026e-18 5.746449362e-01 2.348962069e-02 7.970080026e-18
7.970080026e-18 4.765859471e-02 7.970080026e-18 9.826009154e-02 7.970080026e-18 7.970080026e-18
1.872108503e-03 7.970080026e-18 7.970080026e-18 7.970080026e-18 7.970080026e-18 7.970080026e-18

5.014592150e-18 5.014592150e-18 5.014592150e-18 5.014592150e-18 5.014592150e-18 5.014592150e-18
5.014592150e-18 5.014592150e-18 5.014592150e-18 5.014592150e-18 0.000000000e+00 5.014592150e-18
5.014592150e-18 5.014592150e-18 5.014592150e-18 0.000000000e+00 0.000000000e+00 5.014592150e-18
5.014592150e-18 5.014592150e-18 0.000000000e+00 2.722339455e-04 9.624866862e-01 5.014592150e-18
5.014592150e-18 5.014592150e-18 5.014592150e-18 5.014592150e-18 5.014592150e-18 5.014592150e-18
3.724107989e-02 5.014592150e-18 5.014592150e-18 5.014592150e-18 5.014592150e-18 5.014592150e-18

1.525490980e-04 1.525490980e-04 1.525490980e-04 1.525490980e-04 9.403868595e-03 1.525490980e-04
1.525490980e-04 1.525490980e-04 1.525490980e-04 1.525490980e-04 0.000000000e+00 1.525490980e-04
9.686263947e-04 1.748630083e-01 1.525490980e-04 0.000000000e+00 0.000000000e+00 1.525490980e-04
1.525490980e-04 1.525490980e-04 0.000000000e+00 1.525490980e-04 0.000000000e+00 1.525490980e-04
1.525490980e-04 0.000000000e+00 1.525490980e-04 6.600416132e-04 3.805770406e-01 1.525490980e-04
4.257793650e-01 1.525490980e-04 6.600416132e-04 1.525490980e-04 3.731927725e-03 1.525490980e-04

