7.461337435e-18 7.461337435e-18 7.461337435e-18 7.461337435e-18 7.461337435e-18 7.461337435e-18
7.461337435e-18 6.955233065e-04 4.050637156e-04 1.565425028e-02 7.461337435e-18 7.461337435e-18
7.461337435e-18 4.050637156e-04 7.461337435e-18 2.599382885e-01 1.981917839e-02 7.461337435e-18
7.461337435e-18 5.174894150e-02 5.576151879e-01 4.287544052e-02 7.461337435e-18 7.461337435e-18
7.461337435e-18 7.461337435e-18 5.084306214e-02 7.461337435e-18 7.461337435e-18 7.461337435e-18
7.461337435e-18 7.461337435e-18 7.461337435e-18 7.461337435e-18 7.461337435e-18 7.461337435e-18

6.459212573e-18 6.459212573e-18 3.506600080e-04 6.459212573e-18 6.459212573e-18 6.459212573e-18
6.459212573e-18 6.459212573e-18 7.055336176e-03 6.592159728e-01 6.459212573e-18 6.459212573e-18
6.459212573e-18 6.459212573e-18 0.000000000e+00 6.459212573e-18 6.459212573e-18 6.459212573e-18
6.459212573e-18 6.459212573e-18 6.459212573e-18 0.000000000e+00 6.459212573e-18 6.459212573e-18
6.459212573e-18 6.459212573e-18 1.541397141e-01 6.459212573e-18 6.459212573e-18 6.459212573e-18
6.459212573e-18 6.459212573e-18 1.792383170e-01 6.459212573e-18 6.459212573e-18 6.459212573e-18

5.479482254e-18 5.479482254e-18 1.625115043e-01 5.479482254e-18 5.479482254e-18 5.479482254e-18
5.479482254e-18 5.479482254e-18 5.479482254e-18 5.479482254e-18 5.479482254e-18 5.479482254e-18
5.479482254e-18 5.479482254e-18 0.000000000e+00 0.000000000e+00 5.479482254e-18 5.479482254e-18
5.479482254e-18 5.479482254e-18 0.000000000e+00 0.000000000e+00 5.479482254e-18 5.479482254e-18
5.479482254e-18 5.479482254e-18 8.374884957e-01 5.479482254e-18 5.479482254e-18 5.479482254e-18
5.479482254e-18 5.479482254e-18 5.479482254e-18 5.479482254e-18 5.479482254e-18 5.479482254e-18

6.678190019e-18 6.678190019e-18 5.094196419e-01 3.952759887e-03 6.678190019e-18 6.678190019e-18
6.678190019e-18 6.678190019e-18 0.000000000e+00 6.678190019e-18 6.678190019e-18 6.678190019e-18
6.678190019e-18 6.678190019e-18 0.000000000e+00 0.000000000e+00 6.678190019e-18 6.678190019e-18
6.678190019e-18 6.678190019e-18 0.000000000e+00 0.000000000e+00 6.678190019e-18 6.678190019e-18
6.678190019e-18 6.678190019e-18 1.571557372e-01 3.267783705e-01 6.678190019e-18 6.678190019e-18
6.678190019e-18 6.678190019e-18 0.000000000e+00 6.678190019e-18 2.693490521e-03 6.678190019e-18

