7.354656032e-18 7.354656032e-18 1.584512609e-04 7.354656032e-18 7.354656032e-18 7.354656032e-18
7.354656032e-18 3.992721580e-04 1.727550295e-03 2.806160856e-01 7.354656032e-18 7.354656032e-18
7.354656032e-18 1.584512609e-04 7.354656032e-18 0.000000000e+00 1.584512609e-04 7.354656032e-18
7.354656032e-18 8.250197846e-02 2.751473954e-01 3.569653289e-01 6.855787888e-04 7.354656032e-18
7.354656032e-18 1.584512609e-04 1.584512609e-04 1.584512609e-04 1.006102793e-03 7.354656032e-18
7.354656032e-18 7.354656032e-18 7.354656032e-18 7.354656032e-18 7.354656032e-18 7.354656032e-18

1.652355726e-04 1.652355726e-04 1.652355726e-04 1.652355726e-04 1.652355726e-04 1.652355726e-04
1.652355726e-04 1.049180487e-03 0.000000000e+00 3.407209085e-01 1.652355726e-04 1.652355726e-04
1.652355726e-04 1.652355726e-04 0.000000000e+00 0.000000000e+00 1.652355726e-04 1.652355726e-04
1.652355726e-04 4.325918472e-01 2.643769162e-03 3.795242802e-02 6.862578410e-02 1.652355726e-04
1.652355726e-04 1.652355726e-04 1.801517770e-03 7.149328008e-04 1.099339782e-01 1.652355726e-04
1.652355726e-04 1.652355726e-04 1.652355726e-04 1.652355726e-04 1.652355726e-04 1.652355726e-04

7.364429769e-04 4.288947987e-04 1.702070137e-04 5.202777519e-03 1.855720017e-03 1.702070137e-04
1.702070137e-04 8.629432841e-03 0.000000000e+00 6.272764354e-01 4.288947987e-04 1.702070137e-04
1.702070137e-04 1.948654498e-02 0.000000000e+00 0.000000000e+00 7.364429769e-04 1.260942388e-01
2.723312218e-03 8.431338339e-02 9.240258327e-03 7.364429769e-04 0.000000000e+00 4.288947987e-04
1.702070137e-04 1.702070137e-04 4.676121425e-03 1.455249497e-03 9.739992017e-02 0.000000000e+00
1.702070137e-04 1.702070137e-04 1.855720017e-03 1.702070137e-04 4.288947987e-04 4.163907106e-03

2.646423762e-03 0.000000000e+00 1.689748255e-03 1.522275057e-02 3.162146476e-03 6.041152567e-03
4.257898790e-03 1.001997878e-02 0.000000000e+00 2.436675142e-02 1.976341548e-04 1.254898661e-03
4.980068636e-04 6.668570010e-03 0.000000000e+00 0.000000000e+00 5.429631163e-03 1.001997878e-02
2.007837857e-02 2.833587070e-01 0.000000000e+00 4.437101112e-02 0.000000000e+00 4.506927659e-01
6.041152567e-03 1.689748255e-03 1.976341548e-04 2.154750555e-03 6.474153134e-02 0.000000000e+00
1.689748255e-03 1.254898661e-03 3.699860474e-03 5.429631163e-03 4.980068636e-04 2.262660489e-02

3.832629941e-02 0.000000000e+00 3.698745002e-02 3.698745002e-02 3.698745002e-02 3.698745002e-02
3.698745002e-02 3.698745002e-02 0.000000000e+00 3.698745002e-02 0.000000000e+00 3.698745002e-02
3.698745002e-02 3.698745002e-02 0.000000000e+00 0.000000000e+00 3.698745002e-02 3.698745002e-02
3.698745002e-02 3.698745002e-02 0.000000000e+00 0.000000000e+00 0.000000000e+00 3.698745002e-02
3.698745002e-02 3.698745002e-02 3.698745002e-02 3.698745002e-02 3.698745002e-02 0.000000000e+00
3.698745002e-02 3.698745002e-02 3.698745002e-02 3.698745002e-02 3.698745002e-02 3.698745002e-02

