6.793969232e-18 6.793969232e-18 6.793969232e-18 6.793969232e-18 6.793969232e-18 6.793969232e-18
6.793969232e-18 0.000000000e+00 6.104921063e-01 6.333132613e-04 6.793969232e-18 6.793969232e-18
6.793969232e-18 6.793969232e-18 2.642996580e-01 7.528155532e-02 1.463716300e-04 6.793969232e-18
6.793969232e-18 1.463716300e-04 3.983119285e-02 9.023059409e-03 6.793969232e-18 6.793969232e-18
6.793969232e-18 6.793969232e-18 6.793969232e-18 1.463716300e-04 6.793969232e-18 6.793969232e-18
6.793969232e-18 6.793969232e-18 6.793969232e-18 6.793969232e-18 6.793969232e-18 6.793969232e-18

1.237119053e-04 1.237119053e-04 1.237119053e-04 1.237119053e-04 1.237119053e-04 1.237119053e-04
1.309473604e-02 0.000000000e+00 1.979390484e-03 1.237119053e-04 3.117344671e-04 1.237119053e-04
1.237119053e-04 0.000000000e+00 0.000000000e+00 5.352703266e-04 1.237119053e-04 1.237119053e-04
1.237119053e-04 1.237119053e-04 5.352703266e-04 9.510761764e-02 1.237119053e-04 1.237119053e-04
1.237119053e-04 1.237119053e-04 1.237119053e-04 8.852194712e-01 1.237119053e-04 1.237119053e-04
1.237119053e-04 1.237119053e-04 1.237119053e-04 1.237119053e-04 1.237119053e-04 1.237119053e-04

2.519535570e-03 4.741289074e-04 1.213770003e-01 1.881581816e-04 1.881581816e-04 4.741289074e-04
9.202395471e-02 0.000000000e+00 0.000000000e+00 1.194729982e-03 1.367814347e-01 4.741289074e-04
4.741289074e-04 0.000000000e+00 0.000000000e+00 1.608729824e-03 1.881581816e-04 4.741289074e-04
8.141131697e-04 5.740551103e-02 0.000000000e+00 1.648001523e-01 2.051436639e-03 8.141131697e-04
1.881581816e-04 8.141131697e-04 1.881581816e-04 4.015712737e-01 1.881581816e-04 8.141131697e-04
4.741289074e-04 4.741289074e-04 4.741289074e-04 4.741289074e-04 9.539550438e-03 4.741289074e-04

1.495657883e-04 1.495657883e-04 1.495657883e-04 1.495657883e-04 1.495657883e-04 1.495657883e-04
2.977602751e-02 0.000000000e+00 0.000000000e+00 0.000000000e+00 4.261721580e-01 1.495657883e-04
1.495657883e-04 0.000000000e+00 0.000000000e+00 1.495657883e-04 1.495657883e-04 1.495657883e-04
1.495657883e-04 1.495657883e-04 0.000000000e+00 0.000000000e+00 1.495657883e-04 1.495657883e-04
1.495657883e-04 9.950860970e-02 1.495657883e-04 4.408040601e-01 1.495657883e-04 1.495657883e-04
1.495657883e-04 1.495657883e-04 1.495657883e-04 1.495657883e-04 1.495657883e-04 1.495657883e-04

1.382943925e-04 6.419057080e-18 6.419057080e-18 1.382943925e-04 6.419057080e-18 1.382943925e-04
1.182400424e-03 0.000000000e+00 0.000000000e+00 0.000000000e+00 1.395110516e-01 1.382943925e-04
1.382943925e-04 0.000000000e+00 0.000000000e+00 0.000000000e+00 1.457807596e-01 1.382943925e-04
6.419057080e-18 6.419057080e-18 0.000000000e+00 0.000000000e+00 6.419057080e-18 1.382943925e-04
1.382943925e-04 7.076389625e-01 0.000000000e+00 4.227293229e-03 1.382943925e-04 6.419057080e-18
1.382943925e-04 1.382943925e-04 6.419057080e-18 6.419057080e-18 1.382943925e-04 6.419057080e-18

1.484544473e-04 6.890645049e-18 0.000000000e+00 6.890645049e-18 6.890645049e-18 1.484544473e-04
2.362983016e-01 0.000000000e+00 0.000000000e+00 0.000000000e+00 3.198354111e-03 1.484544473e-04
1.484544473e-04 0.000000000e+00 0.000000000e+00 0.000000000e+00 1.667230010e-01 1.484544473e-04
1.484544473e-04 6.890645049e-18 0.000000000e+00 0.000000000e+00 6.890645049e-18 1.484544473e-04
1.484544473e-04 5.703651413e-01 0.000000000e+00 2.098803057e-02 1.484544473e-04 6.890645049e-18
1.484544473e-04 0.000000000e+00 6.890645049e-18 6.890645049e-18 9.426269832e-04 6.890645049e-18

4.417400516e-02 4.417400516e-02 0.000000000e+00 0.000000000e+00 4.284049527e-02 4.417400516e-02
4.417400516e-02 0.000000000e+00 0.000000000e+00 0.000000000e+00 4.417400516e-02 4.417400516e-02
4.417400516e-02 0.000000000e+00 0.000000000e+00 0.000000000e+00 4.417400516e-02 4.417400516e-02
4.417400516e-02 0.000000000e+00 0.000000000e+00 0.000000000e+00 4.417400516e-02 4.284049527e-02
4.284049527e-02 4.284049527e-02 0.000000000e+00 4.284049527e-02 4.284049527e-02 4.284049527e-02
4.284049527e-02 0.000000000e+00 4.284049527e-02 4.284049527e-02 4.284049527e-02 4.284049527e-02

