7.461337435e-18 7.461337435e-18 7.461337435e-18 7.461337435e-18 7.461337435e-18 7.461337435e-18
7.461337435e-18 6.955233065e-04 4.050637156e-04 1.565425028e-02 7.461337435e-18 7.461337435e-18
7.461337435e-18 4.050637156e-04 7.461337435e-18 2.599382885e-01 1.981917839e-02 7.461337435e-18
7.461337435e-18 5.174894150e-02 5.576151879e-01 4.287544052e-02 7.461337435e-18 7.461337435e-18
7.461337435e-18 7.461337435e-18 5.084306214e-02 7.461337435e-18 7.461337435e-18 7.461337435e-18
7.461337435e-18 7.461337435e-18 7.461337435e-18 7.461337435e-18 7.461337435e-18 7.461337435e-18

4.752957794e-18 4.752957794e-18 5.932754136e-03 4.752957794e-18 4.752957794e-18 4.752957794e-18
4.752957794e-18 4.752957794e-18 4.752957794e-18 4.752957794e-18 4.752957794e-18 4.752957794e-18
4.752957794e-18 4.752957794e-18 0.000000000e+00 0.000000000e+00 4.752957794e-18 4.752957794e-18
4.752957794e-18 4.752957794e-18 9.940672459e-01 4.752957794e-18 4.752957794e-18 4.752957794e-18
4.752957794e-18 4.752957794e-18 4.752957794e-18 4.752957794e-18 4.752957794e-18 4.752957794e-18
4.752957794e-18 4.752957794e-18 4.752957794e-18 4.752957794e-18 4.752957794e-18 4.752957794e-18

5.763730339e-18 5.763730339e-18 3.250961061e-01 5.763730339e-18 5.763730339e-18 5.763730339e-18
5.763730339e-18 5.763730339e-18 0.000000000e+00 5.763730339e-18 5.763730339e-18 5.763730339e-18
5.763730339e-18 5.763730339e-18 0.000000000e+00 0.000000000e+00 5.763730339e-18 5.763730339e-18
5.763730339e-18 5.763730339e-18 5.763730339e-18 0.000000000e+00 5.763730339e-18 5.763730339e-18
5.763730339e-18 5.763730339e-18 6.749038939e-01 5.763730339e-18 5.763730339e-18 5.763730339e-18
5.763730339e-18 5.763730339e-18 5.763730339e-18 5.763730339e-18 5.763730339e-18 5.763730339e-18

6.856981069e-18 6.856981069e-18 1.315375524e-01 4.261838652e-02 6.856981069e-18 6.856981069e-18
6.856981069e-18 6.856981069e-18 0.000000000e+00 0.000000000e+00 6.856981069e-18 6.856981069e-18
6.856981069e-18 6.856981069e-18 0.000000000e+00 0.000000000e+00 6.856981069e-18 6.856981069e-18
6.856981069e-18 6.856981069e-18 0.000000000e+00 0.000000000e+00 6.856981069e-18 6.856981069e-18
6.856981069e-18 6.856981069e-18 3.314538622e-01 4.943901989e-01 6.856981069e-18 6.856981069e-18
6.856981069e-18 6.856981069e-18 6.856981069e-18 6.856981069e-18 6.856981069e-18 6.856981069e-18

