7.840874988e-18 7.840874988e-18 7.840874988e-18 7.840874988e-18 7.840874988e-18 7.840874988e-18
7.840874988e-18 1.689265308e-04 1.689265308e-04 1.689265308e-04 7.840874988e-18 7.840874988e-18
7.840874988e-18 1.689265308e-04 2.603822282e-01 3.639411779e-03 3.422739028e-01 7.840874988e-18
7.840874988e-18 1.689265308e-04 1.716186577e-02 2.257117812e-01 5.163636548e-03 7.840874988e-18
7.840874988e-18 7.840874988e-18 1.382355583e-01 6.249129747e-03 7.840874988e-18 1.689265308e-04
7.840874988e-18 7.840874988e-18 7.840874988e-18 7.840874988e-18 1.689265308e-04 7.840874988e-18

7.102331650e-18 7.102331650e-18 7.102331650e-18 7.102331650e-18 7.102331650e-18 7.102331650e-18
7.102331650e-18 7.102331650e-18 1.530150969e-04 7.102331650e-18 3.855738830e-04 7.102331650e-18
7.102331650e-18 7.102331650e-18 3.356609008e-02 3.855738830e-04 3.745472449e-01 7.102331650e-18
7.102331650e-18 7.102331650e-18 7.102331650e-18 0.000000000e+00 7.102331650e-18 7.102331650e-18
7.102331650e-18 7.102331650e-18 4.241167572e-01 1.532125302e-01 0.000000000e+00 7.102331650e-18
7.102331650e-18 7.102331650e-18 7.102331650e-18 7.102331650e-18 1.363321484e-02 7.102331650e-18

1.214969542e-04 1.214969542e-04 1.214969542e-04 1.214969542e-04 1.214969542e-04 1.214969542e-04
1.214969542e-04 1.214969542e-04 3.061531403e-04 1.214969542e-04 1.214969542e-04 1.214969542e-04
1.214969542e-04 1.214969542e-04 5.564322806e-02 5.256867901e-04 0.000000000e+00 1.214969542e-04
1.214969542e-04 1.214969542e-04 1.214969542e-04 0.000000000e+00 0.000000000e+00 1.214969542e-04
1.214969542e-04 1.214969542e-04 2.853866968e-02 3.061531403e-04 0.000000000e+00 3.061531403e-04
1.214969542e-04 1.214969542e-04 1.214969542e-04 1.214969542e-04 9.113365322e-01 1.214969542e-04

1.297598182e-04 1.297598182e-04 1.297598182e-04 1.297598182e-04 0.000000000e+00 1.297598182e-04
1.297598182e-04 3.269742527e-04 2.076157091e-03 1.297598182e-04 1.297598182e-04 1.297598182e-04
1.297598182e-04 1.297598182e-04 2.513722680e-01 1.297598182e-04 0.000000000e+00 1.297598182e-04
1.297598182e-04 1.297598182e-04 1.297598182e-04 0.000000000e+00 0.000000000e+00 3.269742527e-04
1.297598182e-04 1.297598182e-04 0.000000000e+00 1.297598182e-04 0.000000000e+00 7.381228132e-01
1.297598182e-04 8.239234875e-04 1.297598182e-04 1.297598182e-04 3.966413900e-03 1.297598182e-04

