1.337107289e-04 1.337107289e-04 1.083056904e-02 1.337107289e-04 1.337107289e-04 1.337107289e-04
1.337107289e-04 1.337107289e-04 7.564442199e-02 8.490102071e-04 6.206302263e-18 1.337107289e-04
4.511666306e-03 3.422994661e-02 6.206302263e-18 8.596708129e-01 1.337107289e-04 1.337107289e-04
1.337107289e-04 5.785327241e-04 8.745877118e-03 3.369299240e-04 6.206302263e-18 1.337107289e-04
1.337107289e-04 6.206302263e-18 1.337107289e-04 6.206302263e-18 6.206302263e-18 3.369299240e-04
6.206302263e-18 8.490102071e-04 1.337107289e-04 1.143210651e-03 1.337107289e-04 1.337107289e-04

1.458955334e-04 6.771870784e-18 1.953616806e-03 6.771870784e-18 6.771870784e-18 6.771870784e-18
6.771870784e-18 6.771870784e-18 3.557525013e-01 1.458955334e-04 6.771870784e-18 1.458955334e-04
1.458955334e-04 4.779285369e-02 0.000000000e+00 5.513635436e-01 1.458955334e-04 1.458955334e-04
6.771870784e-18 6.771870784e-18 6.771870784e-18 0.000000000e+00 1.458955334e-04 6.771870784e-18
6.771870784e-18 6.771870784e-18 3.657318043e-02 5.397139889e-03 6.771870784e-18 6.771870784e-18
6.771870784e-18 6.771870784e-18 1.458955334e-04 6.771870784e-18 6.771870784e-18 6.771870784e-18

5.706655758e-18 5.706655758e-18 8.797402684e-01 5.706655758e-18 5.706655758e-18 5.706655758e-18
5.706655758e-18 1.967138741e-03 5.706655758e-18 9.365673459e-02 5.706655758e-18 5.706655758e-18
3.098049384e-04 1.852136325e-02 0.000000000e+00 0.000000000e+00 1.646312954e-03 5.706655758e-18
5.706655758e-18 5.706655758e-18 0.000000000e+00 0.000000000e+00 5.706655758e-18 5.706655758e-18
5.706655758e-18 5.706655758e-18 3.377717600e-03 7.806595266e-04 5.706655758e-18 5.706655758e-18
5.706655758e-18 5.706655758e-18 5.706655758e-18 5.706655758e-18 5.706655758e-18 5.706655758e-18

7.709468318e-18 7.709468318e-18 1.161652699e-01 7.709468318e-18 7.709468318e-18 7.709468318e-18
7.709468318e-18 1.382929451e-01 0.000000000e+00 1.788826529e-01 7.709468318e-18 7.709468318e-18
5.042611447e-01 7.709468318e-18 0.000000000e+00 0.000000000e+00 7.709468318e-18 7.709468318e-18
7.709468318e-18 3.643545821e-02 0.000000000e+00 0.000000000e+00 7.709468318e-18 7.709468318e-18
7.709468318e-18 3.109432312e-03 3.109432312e-03 7.709468318e-18 7.709468318e-18 7.709468318e-18
7.709468318e-18 7.709468318e-18 0.000000000e+00 1.974366449e-02 7.709468318e-18 7.709468318e-18

