1.337107289e-04 1.337107289e-04 1.083056904e-02 1.337107289e-04 1.337107289e-04 1.337107289e-04
1.337107289e-04 1.337107289e-04 7.564442199e-02 8.490102071e-04 6.206302263e-18 1.337107289e-04
4.511666306e-03 3.422994661e-02 6.206302263e-18 8.596708129e-01 1.337107289e-04 1.337107289e-04
1.337107289e-04 5.785327241e-04 8.745877118e-03 3.369299240e-04 6.206302263e-18 1.337107289e-04
1.337107289e-04 6.206302263e-18 1.337107289e-04 6.206302263e-18 6.206302263e-18 3.369299240e-04
6.206302263e-18 8.490102071e-04 1.337107289e-04 1.143210651e-03 1.337107289e-04 1.337107289e-04

4.912782441e-18 4.912782441e-18 1.058426892e-04 1.058426892e-04 1.058426892e-04 1.058426892e-04
4.912782441e-18 1.058426892e-04 1.058426892e-04 1.058426892e-04 4.912782441e-18 4.912782441e-18
1.981454990e-03 9.912353842e-01 0.000000000e+00 1.693483027e-03 4.912782441e-18 1.058426892e-04
4.912782441e-18 4.912782441e-18 3.235330624e-03 0.000000000e+00 1.058426892e-04 1.058426892e-04
4.912782441e-18 2.667068641e-04 1.058426892e-04 1.058426892e-04 4.912782441e-18 4.912782441e-18
4.912782441e-18 1.058426892e-04 4.912782441e-18 1.058426892e-04 1.058426892e-04 4.912782441e-18

5.881819224e-18 5.881819224e-18 5.881819224e-18 5.881819224e-18 5.881819224e-18 5.881819224e-18
5.881819224e-18 4.189481961e-01 5.881819224e-18 0.000000000e+00 5.881819224e-18 5.881819224e-18
5.793549580e-01 5.881819224e-18 0.000000000e+00 1.696845857e-03 5.881819224e-18 5.881819224e-18
5.881819224e-18 0.000000000e+00 5.881819224e-18 0.000000000e+00 5.881819224e-18 5.881819224e-18
5.881819224e-18 5.881819224e-18 5.881819224e-18 5.881819224e-18 5.881819224e-18 5.881819224e-18
5.881819224e-18 5.881819224e-18 5.881819224e-18 5.881819224e-18 5.881819224e-18 5.881819224e-18

5.676833034e-18 5.676833034e-18 5.676833034e-18 5.676833034e-18 5.676833034e-18 5.676833034e-18
5.676833034e-18 2.510956795e-01 5.676833034e-18 0.000000000e+00 5.676833034e-18 5.676833034e-18
7.485961346e-01 0.000000000e+00 0.000000000e+00 0.000000000e+00 5.676833034e-18 5.676833034e-18
5.676833034e-18 0.000000000e+00 3.081859119e-04 0.000000000e+00 5.676833034e-18 5.676833034e-18
5.676833034e-18 5.676833034e-18 5.676833034e-18 5.676833034e-18 5.676833034e-18 5.676833034e-18
5.676833034e-18 5.676833034e-18 5.676833034e-18 5.676833034e-18 5.676833034e-18 5.676833034e-18

