7.833137523e-18 4.252481297e-04 1.687598321e-04 4.252481297e-04 7.833137523e-18 7.833137523e-18
1.687598321e-04 7.833137523e-18 0.000000000e+00 7.833137523e-18 7.833137523e-18 7.301813860e-04
4.252481297e-04 7.833137523e-18 3.635820366e-03 1.071558140e-03 1.687598321e-04 1.442876268e-03
1.071558140e-03 7.833137523e-18 7.301813860e-04 4.683972122e-02 6.012026522e-02 3.957694668e-01
7.301813860e-04 7.833137523e-18 7.833137523e-18 2.781502963e-02 7.833137523e-18 4.099245070e-01
7.833137523e-18 1.687598321e-04 1.687598321e-04 5.694292854e-03 4.230481666e-02 7.833137523e-18

1.995152849e-03 4.108454644e-02 2.927933136e-03 1.829958210e-04 1.829958210e-04 1.829958210e-04
7.917769327e-04 1.161951035e-03 0.000000000e+00 3.425819823e-03 1.829958210e-04 7.917769327e-04
3.942525449e-03 3.675102969e-01 0.000000000e+00 1.995152849e-03 1.564592261e-03 1.829958210e-04
1.829958210e-04 1.829958210e-04 2.927933136e-03 7.377929182e-03 3.370811844e-02 1.060230349e-02
1.564592261e-03 1.829958210e-04 1.829958210e-04 1.128075273e-02 0.000000000e+00 3.642471739e-01
7.917769327e-04 7.917769327e-04 1.829958210e-04 2.927933136e-03 1.342971065e-01 4.611205739e-04

2.713360376e-02 6.964147450e-02 8.444212548e-03 1.758201346e-02 5.751893089e-04 9.876410911e-04
2.222899029e-02 0.000000000e+00 0.000000000e+00 1.059507766e-01 9.876410911e-04 1.449386236e-03
6.964147450e-02 0.000000000e+00 0.000000000e+00 2.282640285e-04 2.713360376e-02 1.449386236e-03
1.449386236e-03 9.977828603e-03 3.013211600e-01 2.033768305e-02 1.407130528e-02 3.652224456e-03
5.751893089e-04 5.751893089e-04 2.282640285e-04 7.702082955e-03 0.000000000e+00 7.348334781e-02
9.876410911e-04 7.702082955e-03 5.751893089e-04 1.493050827e-02 1.884220706e-01 5.751893089e-04

