1.617290705e-04 1.617290705e-04 1.617290705e-04 1.617290705e-04 1.617290705e-04 1.617290705e-04
1.617290705e-04 1.617290705e-04 1.617290705e-04 4.075317207e-04 1.617290705e-04 1.617290705e-04
1.617290705e-04 2.990796761e-01 0.000000000e+00 4.080575533e-01 1.617290705e-04 1.617290705e-04
1.617290705e-04 1.382764102e-03 1.617290705e-04 8.011376755e-02 3.027690210e-03 1.617290705e-04
1.617290705e-04 4.075317207e-04 1.617290705e-04 2.031568004e-01 1.617290705e-04 1.617290705e-04
1.617290705e-04 1.617290705e-04 1.617290705e-04 1.617290705e-04 1.617290705e-04 1.617290705e-04

1.523814073e-04 1.523814073e-04 1.523814073e-04 3.839770853e-04 1.523814073e-04 1.523814073e-04
7.188340712e-03 3.839770853e-04 4.120725360e-01 3.282957900e-03 3.839770853e-04 1.523814073e-04
1.523814073e-04 3.839770853e-04 0.000000000e+00 4.179435174e-01 1.523814073e-04 3.839770853e-04
3.839770853e-04 0.000000000e+00 0.000000000e+00 3.839770853e-04 1.523814073e-04 1.523814073e-04
1.523814073e-04 9.675616250e-04 1.523814073e-04 1.525780230e-01 1.523814073e-04 3.839770853e-04
1.523814073e-04 1.523814073e-04 1.523814073e-04 1.523814073e-04 1.523814073e-04 1.523814073e-04

4.934911871e-18 4.934911871e-18 4.934911871e-18 4.934911871e-18 1.063194533e-04 4.934911871e-18
1.854674573e-02 4.934911871e-18 1.063194533e-04 0.000000000e+00 4.934911871e-18 4.934911871e-18
4.934911871e-18 0.000000000e+00 0.000000000e+00 4.934911871e-18 1.063194533e-04 1.063194533e-04
4.934911871e-18 0.000000000e+00 0.000000000e+00 1.063194533e-04 4.934911871e-18 1.063194533e-04
1.063194533e-04 4.934911871e-18 4.934911871e-18 9.803900597e-01 1.063194533e-04 4.934911871e-18
4.934911871e-18 4.934911871e-18 4.934911871e-18 1.063194533e-04 1.063194533e-04 4.934911871e-18

