5.867183458e-18 5.867183458e-18 5.867183458e-18 5.867183458e-18 5.867183458e-18 5.867183458e-18
5.867183458e-18 5.867183458e-18 1.264046358e-04 1.264046358e-04 5.867183458e-18 5.867183458e-18
5.867183458e-18 0.000000000e+00 1.265677339e-01 1.023877550e-02 5.867183458e-18 5.867183458e-18
5.867183458e-18 5.867183458e-18 8.354137796e-01 2.708197737e-02 5.867183458e-18 5.867183458e-18
5.867183458e-18 5.867183458e-18 1.264046358e-04 3.185197228e-04 5.867183458e-18 5.867183458e-18
5.867183458e-18 5.867183458e-18 5.867183458e-18 5.867183458e-18 5.867183458e-18 5.867183458e-18

7.096087393e-18 7.096087393e-18 7.096087393e-18 7.096087393e-18 3.852348926e-04 7.096087393e-18
7.096087393e-18 1.666814575e-03 3.248962801e-01 3.388095567e-01 7.096087393e-18 7.096087393e-18
7.096087393e-18 0.000000000e+00 7.096087393e-18 1.528805684e-04 1.177561016e-02 7.096087393e-18
7.096087393e-18 0.000000000e+00 3.138716385e-01 0.000000000e+00 1.528805684e-04 7.096087393e-18
3.852348926e-04 7.096087393e-18 7.750988456e-03 1.528805684e-04 7.096087393e-18 7.096087393e-18
7.096087393e-18 7.096087393e-18 7.096087393e-18 7.096087393e-18 7.096087393e-18 7.096087393e-18

1.586822876e-04 1.586822876e-04 1.586822876e-04 3.998543089e-04 3.998543089e-04 3.998543089e-04
1.586822876e-04 3.998543089e-04 6.865783835e-04 2.158700923e-01 6.865783835e-04 1.586822876e-04
6.865783835e-04 0.000000000e+00 0.000000000e+00 6.246982717e-01 4.318121484e-02 1.586822876e-04
1.586822876e-04 0.000000000e+00 0.000000000e+00 0.000000000e+00 6.865783835e-04 1.586822876e-04
1.413814560e-02 1.586822876e-04 1.586822876e-04 1.349188077e-02 7.562441274e-02 1.586822876e-04
1.586822876e-04 3.998543089e-04 1.586822876e-04 5.870162606e-03 1.586822876e-04 1.586822876e-04

1.773480468e-03 4.098875592e-04 4.098875592e-04 1.626639857e-04 5.165097998e-01 1.390757514e-03
7.038061903e-04 1.390757514e-03 2.178155074e-03 2.178155074e-03 4.468890748e-03 1.032851928e-03
2.602623771e-03 0.000000000e+00 0.000000000e+00 0.000000000e+00 2.178155074e-03 1.626639857e-04
4.098875592e-04 0.000000000e+00 0.000000000e+00 0.000000000e+00 0.000000000e+00 1.773480468e-03
2.810635116e-01 7.038061903e-04 4.098875592e-04 1.640950387e-01 3.045192527e-03 4.098875592e-04
1.390757514e-03 1.773480468e-03 7.038061903e-04 3.504489336e-03 1.390757514e-03 1.773480468e-03

3.292022179e-04 1.306439868e-04 1.306439868e-04 1.306439868e-04 8.634318361e-01 1.306439868e-04
1.306439868e-04 5.652637013e-04 1.306439868e-04 0.000000000e+00 1.424375272e-03 1.306439868e-04
1.116990375e-03 0.000000000e+00 0.000000000e+00 0.000000000e+00 0.000000000e+00 1.306439868e-04
1.306439868e-04 0.000000000e+00 0.000000000e+00 0.000000000e+00 0.000000000e+00 2.090303788e-03
7.569173924e-03 1.306439868e-04 1.306439868e-04 6.802336138e-02 3.292022179e-04 1.306439868e-04
1.306439868e-04 1.116990375e-03 1.306439868e-04 5.191299682e-02 1.306439868e-04 1.306439868e-04

1.356085325e-04 1.356085325e-04 1.356085325e-04 1.356085325e-04 3.117485636e-01 1.356085325e-04
1.356085325e-04 1.356085325e-04 1.356085325e-04 0.000000000e+00 0.000000000e+00 1.356085325e-04
1.356085325e-04 0.000000000e+00 0.000000000e+00 0.000000000e+00 0.000000000e+00 1.356085325e-04
1.356085325e-04 0.000000000e+00 0.000000000e+00 0.000000000e+00 0.000000000e+00 1.356085325e-04
0.000000000e+00 1.356085325e-04 1.356085325e-04 6.438950027e-01 1.356085325e-04 1.356085325e-04
1.356085325e-04 1.356085325e-04 1.356085325e-04 4.137304602e-02 1.356085325e-04 1.356085325e-04

