8.117770035e-18 1.495306025e-03 4.804834194e-03 4.278520899e-03 3.135919104e-02 8.117770035e-18
7.567139679e-04 8.117770035e-18 1.110495320e-03 8.117770035e-18 8.117770035e-18 8.117770035e-18
3.767935075e-03 0.000000000e+00 5.141792453e-02 4.804834194e-03 8.117770035e-18 8.117770035e-18
3.747032387e-02 8.117770035e-18 2.086562805e-01 1.748920537e-04 8.117770035e-18 8.117770035e-18
1.748920537e-04 2.156282755e-02 6.469813418e-03 8.117770035e-18 8.117770035e-18 8.117770035e-18
8.117770035e-18 5.693855453e-01 8.117770035e-18 4.854173494e-02 3.767935075e-03 8.117770035e-18

5.366127413e-18 1.156097105e-04 9.884491207e-04 5.366127413e-18 5.002141659e-04 5.366127413e-18
7.340759042e-04 1.849755368e-03 2.129549075e-02 1.156097105e-04 5.366127413e-18 5.366127413e-18
5.366127413e-18 0.000000000e+00 5.366127413e-18 1.905481584e-02 5.366127413e-18 5.366127413e-18
2.913182157e-04 0.000000000e+00 9.528308068e-01 0.000000000e+00 5.366127413e-18 5.366127413e-18
5.366127413e-18 2.913182157e-04 7.340759042e-04 5.366127413e-18 5.366127413e-18 1.156097105e-04
5.366127413e-18 2.913182157e-04 5.366127413e-18 5.002141659e-04 2.913182157e-04 5.366127413e-18

5.664790384e-18 3.075321363e-04 4.920514180e-03 1.634235213e-03 3.075321363e-04 3.075321363e-04
1.220442092e-04 3.075321363e-04 2.284759666e-03 1.220442092e-04 1.220442092e-04 1.220442092e-04
5.280546246e-04 0.000000000e+00 0.000000000e+00 9.534952690e-01 7.749324240e-04 1.952707346e-03
3.075321363e-04 0.000000000e+00 0.000000000e+00 0.000000000e+00 5.664790384e-18 4.118014692e-03
1.220442092e-04 1.043463310e-03 5.334770480e-03 1.397251453e-02 2.284759666e-03 1.220442092e-04
1.220442092e-04 1.952707346e-03 1.330614274e-03 5.280546246e-04 1.330614274e-03 1.220442092e-04

1.412988375e-04 1.412988375e-04 1.495628878e-02 1.742104573e-02 3.044191171e-03 6.113645630e-04
1.412988375e-04 1.412988375e-04 1.217123799e-01 1.412988375e-04 1.540542164e-03 1.412988375e-04
8.971916931e-04 0.000000000e+00 0.000000000e+00 0.000000000e+00 3.881923001e-03 1.540542164e-03
1.412988375e-04 0.000000000e+00 0.000000000e+00 0.000000000e+00 0.000000000e+00 4.319131153e-03
1.412988375e-04 2.645220835e-03 4.767704201e-03 8.168769218e-01 1.540542164e-03 6.113645630e-04
1.412988375e-04 3.560507594e-04 8.971916931e-04 3.560507594e-04 6.113645630e-04 1.412988375e-04

1.839016773e-04 1.839016773e-04 6.339266448e-02 9.983719049e-03 2.942426836e-03 1.839016773e-04
1.839016773e-04 1.839016773e-04 1.004670418e-01 0.000000000e+00 1.572337223e-03 2.005029149e-03
2.856642713e-02 0.000000000e+00 0.000000000e+00 0.000000000e+00 0.000000000e+00 4.634031886e-04
6.551450942e-02 0.000000000e+00 0.000000000e+00 0.000000000e+00 0.000000000e+00 2.942426836e-03
1.839016773e-04 8.309096276e-02 5.621387107e-03 5.821062891e-01 7.956963450e-04 2.942426836e-03
3.031071160e-02 1.344329416e-02 7.956963450e-04 1.839016773e-04 1.572337223e-03 1.839016773e-04

2.095262285e-04 2.095262285e-04 8.702061844e-02 5.756343790e-03 1.037904658e-01 2.095262285e-04
2.095262285e-04 2.095262285e-04 6.044621557e-02 0.000000000e+00 0.000000000e+00 1.185356670e-01
4.596262985e-02 0.000000000e+00 0.000000000e+00 0.000000000e+00 0.000000000e+00 2.095262285e-04
4.596262985e-02 0.000000000e+00 0.000000000e+00 0.000000000e+00 0.000000000e+00 1.077630984e-01
0.000000000e+00 2.866278487e-02 5.279730115e-04 3.494827454e-01 2.095262285e-04 2.095262285e-04
5.279730115e-04 3.254682516e-02 6.404661757e-03 2.095262285e-04 4.514105751e-03 2.095262285e-04

