6.441461623e-18 6.441461623e-18 6.441461623e-18 6.441461623e-18 6.441461623e-18 6.441461623e-18
6.441461623e-18 5.133805794e-03 1.387770838e-04 4.242047822e-03 6.441461623e-18 6.441461623e-18
6.441461623e-18 1.961987484e-02 1.798551006e-01 1.179945094e-02 6.441461623e-18 6.441461623e-18
6.441461623e-18 6.441461623e-18 2.026049932e-02 7.574420136e-01 3.496963382e-04 6.441461623e-18
6.441461623e-18 8.811795550e-04 1.387770838e-04 1.387770838e-04 6.441461623e-18 6.441461623e-18
6.441461623e-18 6.441461623e-18 6.441461623e-18 6.441461623e-18 6.441461623e-18 6.441461623e-18

7.600801040e-18 4.126349649e-04 7.600801040e-18 7.600801040e-18 7.600801040e-18 7.600801040e-18
7.600801040e-18 1.281961507e-01 1.839056214e-01 7.600801040e-18 7.600801040e-18 7.600801040e-18
7.600801040e-18 7.600801040e-18 0.000000000e+00 7.600801040e-18 7.600801040e-18 7.600801040e-18
7.600801040e-18 0.000000000e+00 3.870724803e-01 3.342343215e-02 7.600801040e-18 7.600801040e-18
7.600801040e-18 2.647969256e-01 7.600801040e-18 7.600801040e-18 7.600801040e-18 7.600801040e-18
7.600801040e-18 2.192754871e-03 7.600801040e-18 7.600801040e-18 7.600801040e-18 7.600801040e-18

4.729416234e-18 4.729416234e-18 4.729416234e-18 4.729416234e-18 4.729416234e-18 4.729416234e-18
4.729416234e-18 0.000000000e+00 4.729416234e-18 4.729416234e-18 4.729416234e-18 4.729416234e-18
4.729416234e-18 0.000000000e+00 0.000000000e+00 4.729416234e-18 4.729416234e-18 4.729416234e-18
4.729416234e-18 0.000000000e+00 4.729416234e-18 4.108035438e-03 4.729416234e-18 4.729416234e-18
4.729416234e-18 4.729416234e-18 4.729416234e-18 4.729416234e-18 4.729416234e-18 4.729416234e-18
4.729416234e-18 9.958919646e-01 4.729416234e-18 4.729416234e-18 4.729416234e-18 4.729416234e-18

4.724633349e-18 4.724633349e-18 4.724633349e-18 4.724633349e-18 4.724633349e-18 4.724633349e-18
4.724633349e-18 0.000000000e+00 4.724633349e-18 4.724633349e-18 4.724633349e-18 4.724633349e-18
4.724633349e-18 0.000000000e+00 0.000000000e+00 4.724633349e-18 4.724633349e-18 4.724633349e-18
4.724633349e-18 0.000000000e+00 4.724633349e-18 9.962344959e-01 4.724633349e-18 4.724633349e-18
4.724633349e-18 0.000000000e+00 4.724633349e-18 3.765504086e-03 4.724633349e-18 4.724633349e-18
4.724633349e-18 0.000000000e+00 4.724633349e-18 4.724633349e-18 4.724633349e-18 4.724633349e-18

3.609445831e-02 3.609445831e-02 3.609445831e-02 3.609445831e-02 3.609445831e-02 3.609445831e-02
3.609445831e-02 0.000000000e+00 3.609445831e-02 3.609445831e-02 3.609445831e-02 3.609445831e-02
3.609445831e-02 0.000000000e+00 0.000000000e+00 3.609445831e-02 3.609445831e-02 3.609445831e-02
3.609445831e-02 0.000000000e+00 0.000000000e+00 0.000000000e+00 3.476385421e-02 3.609445831e-02
3.609445831e-02 0.000000000e+00 3.609445831e-02 3.609445831e-02 3.476385421e-02 3.476385421e-02
3.476385421e-02 0.000000000e+00 3.476385421e-02 3.476385421e-02 3.476385421e-02 3.476385421e-02

