7.840874988e-18 7.840874988e-18 7.840874988e-18 7.840874988e-18 7.840874988e-18 7.840874988e-18
7.840874988e-18 1.689265308e-04 1.689265308e-04 1.689265308e-04 7.840874988e-18 7.840874988e-18
7.840874988e-18 1.689265308e-04 2.603822282e-01 3.639411779e-03 3.422739028e-01 7.840874988e-18
7.840874988e-18 1.689265308e-04 1.716186577e-02 2.257117812e-01 5.163636548e-03 7.840874988e-18
7.840874988e-18 7.840874988e-18 1.382355583e-01 6.249129747e-03 7.840874988e-18 1.689265308e-04
7.840874988e-18 7.840874988e-18 7.840874988e-18 7.840874988e-18 1.689265308e-04 7.840874988e-18

6.452065503e-18 6.452065503e-18 6.452065503e-18 6.452065503e-18 6.452065503e-18 6.452065503e-18
6.452065503e-18 8.826301453e-04 6.452065503e-18 1.188480627e-03 6.452065503e-18 6.452065503e-18
6.452065503e-18 3.502720053e-04 6.452065503e-18 1.381432883e-01 4.690323690e-03 6.452065503e-18
6.452065503e-18 1.016136643e-02 0.000000000e+00 7.333077921e-01 1.390055374e-04 6.452065503e-18
6.452065503e-18 6.452065503e-18 6.452065503e-18 1.107865691e-01 0.000000000e+00 6.452065503e-18
6.452065503e-18 6.452065503e-18 6.452065503e-18 6.452065503e-18 6.452065503e-18 3.502720053e-04

3.359164535e-04 1.333085329e-04 1.333085329e-04 6.187633978e-18 1.333085329e-04 6.187633978e-18
1.333085329e-04 1.333085329e-04 3.359164535e-04 1.333085329e-04 3.359164535e-04 6.187633978e-18
8.464564216e-04 3.359164535e-04 0.000000000e+00 1.385030707e-01 8.081033957e-01 6.187633978e-18
3.359164535e-04 3.627641425e-02 0.000000000e+00 0.000000000e+00 6.187633978e-18 1.333085329e-04
3.359164535e-04 6.187633978e-18 6.187633978e-18 8.464564216e-04 0.000000000e+00 3.359164535e-04
3.359164535e-04 1.333085329e-04 6.187633978e-18 6.187633978e-18 1.133449019e-02 3.359164535e-04

1.525200027e-04 1.525200027e-04 1.525200027e-04 1.525200027e-04 1.525200027e-04 1.525200027e-04
1.525200027e-04 1.525200027e-04 1.525200027e-04 1.525200027e-04 1.525200027e-04 1.525200027e-04
1.304027680e-03 1.525200027e-04 0.000000000e+00 3.731215943e-03 6.377707476e-01 1.525200027e-04
4.653259625e-02 0.000000000e+00 0.000000000e+00 0.000000000e+00 0.000000000e+00 1.525200027e-04
1.525200027e-04 1.525200027e-04 1.525200027e-04 1.504332003e-01 0.000000000e+00 1.515739236e-01
1.525200027e-04 1.525200027e-04 1.525200027e-04 1.525200027e-04 5.146328664e-03 1.525200027e-04

1.641406510e-04 1.641406510e-04 1.641406510e-04 1.641406510e-04 1.641406510e-04 1.641406510e-04
1.641406510e-04 1.042228168e-03 1.641406510e-04 1.641406510e-04 3.536303125e-03 1.641406510e-04
2.626250416e-03 4.136085227e-04 0.000000000e+00 1.402035254e-01 5.343828499e-01 1.641406510e-04
1.641406510e-04 0.000000000e+00 0.000000000e+00 0.000000000e+00 0.000000000e+00 1.641406510e-04
4.136085227e-04 0.000000000e+00 0.000000000e+00 6.620226232e-02 0.000000000e+00 2.245412520e-02
6.617736362e-03 1.641406510e-04 1.641406510e-04 1.641406510e-04 2.193171110e-01 1.641406510e-04

