7.312828517e-18 7.312828517e-18 7.312828517e-18 7.312828517e-18 7.312828517e-18 7.312828517e-18
7.312828517e-18 7.312828517e-18 3.375484299e-02 6.816797544e-04 7.312828517e-18 7.312828517e-18
7.312828517e-18 2.083714428e-02 1.222292563e-01 7.312828517e-18 3.970014111e-04 7.312828517e-18
7.312828517e-18 7.312828517e-18 5.795947429e-02 6.740513025e-01 4.806724190e-02 7.312828517e-18
7.312828517e-18 7.312828517e-18 7.312828517e-18 4.202205662e-02 7.312828517e-18 7.312828517e-18
7.312828517e-18 7.312828517e-18 7.312828517e-18 7.312828517e-18 7.312828517e-18 7.312828517e-18

5.975891085e-18 5.975891085e-18 5.975891085e-18 5.975891085e-18 5.975891085e-18 5.975891085e-18
5.975891085e-18 5.975891085e-18 5.975891085e-18 3.935444662e-03 5.975891085e-18 5.975891085e-18
5.975891085e-18 3.456854624e-01 5.975891085e-18 0.000000000e+00 5.975891085e-18 5.975891085e-18
5.975891085e-18 5.975891085e-18 6.073411121e-03 6.443056818e-01 5.975891085e-18 5.975891085e-18
5.975891085e-18 0.000000000e+00 5.975891085e-18 5.975891085e-18 5.975891085e-18 5.975891085e-18
5.975891085e-18 5.975891085e-18 5.975891085e-18 5.975891085e-18 5.975891085e-18 5.975891085e-18

6.680373081e-18 6.680373081e-18 6.680373081e-18 6.680373081e-18 6.680373081e-18 6.680373081e-18
6.680373081e-18 6.680373081e-18 6.680373081e-18 6.680373081e-18 6.680373081e-18 6.680373081e-18
6.680373081e-18 6.680373081e-18 1.473574680e-01 0.000000000e+00 6.680373081e-18 6.680373081e-18
6.680373081e-18 6.680373081e-18 9.869014381e-02 0.000000000e+00 6.659135710e-01 6.680373081e-18
6.680373081e-18 0.000000000e+00 6.680373081e-18 0.000000000e+00 6.680373081e-18 8.803881722e-02
6.680373081e-18 6.680373081e-18 6.680373081e-18 6.680373081e-18 6.680373081e-18 6.680373081e-18

5.781641595e-18 2.861017505e-02 5.781641595e-18 5.781641595e-18 5.781641595e-18 5.781641595e-18
5.781641595e-18 5.781641595e-18 0.000000000e+00 5.781641595e-18 5.781641595e-18 5.781641595e-18
5.781641595e-18 5.781641595e-18 5.781641595e-18 0.000000000e+00 5.781641595e-18 8.623154257e-03
2.542393947e-02 5.781641595e-18 0.000000000e+00 0.000000000e+00 1.426073442e-02 5.781641595e-18
5.781641595e-18 0.000000000e+00 5.781641595e-18 0.000000000e+00 5.781641595e-18 9.066078104e-01
5.781641595e-18 5.781641595e-18 1.647418640e-02 5.781641595e-18 5.781641595e-18 5.781641595e-18

5.838632273e-18 1.069518986e-02 5.838632273e-18 1.371448353e-03 5.838632273e-18 5.838632273e-18
5.838632273e-18 5.838632273e-18 0.000000000e+00 5.838632273e-18 1.172571848e-02 5.838632273e-18
5.838632273e-18 5.838632273e-18 5.838632273e-18 0.000000000e+00 8.985435862e-01 1.172571848e-02
1.495252227e-02 1.257895191e-04 0.000000000e+00 0.000000000e+00 0.000000000e+00 5.838632273e-18
5.838632273e-18 0.000000000e+00 5.838632273e-18 0.000000000e+00 5.838632273e-18 0.000000000e+00
5.838632273e-18 5.838632273e-18 5.073423732e-02 5.838632273e-18 1.257895191e-04 5.838632273e-18

