7.732455263e-18 7.732455263e-18 7.732455263e-18 7.732455263e-18 7.732455263e-18 7.732455263e-18
7.732455263e-18 0.000000000e+00 7.732455263e-18 7.207960904e-04 7.732455263e-18 7.732455263e-18
7.732455263e-18 1.665906986e-04 5.269051384e-02 1.257382482e-01 7.732455263e-18 7.732455263e-18
7.732455263e-18 1.424330438e-03 8.357157167e-02 2.128280560e-02 1.665906986e-04 7.732455263e-18
7.732455263e-18 6.716516092e-03 5.306464032e-01 7.732455263e-18 1.768756335e-01 7.732455263e-18
7.732455263e-18 7.732455263e-18 7.732455263e-18 7.732455263e-18 7.732455263e-18 7.732455263e-18

4.101391842e-04 1.318387129e-02 7.554828366e-18 4.101391842e-04 7.554828366e-18 7.554828366e-18
7.554828366e-18 0.000000000e+00 4.101391842e-04 1.627638431e-04 7.554828366e-18 7.554828366e-18
7.554828366e-18 0.000000000e+00 4.101391842e-04 4.797016998e-01 1.627638431e-04 7.554828366e-18
7.554828366e-18 1.653577573e-02 1.653577573e-02 5.491976242e-03 1.627638431e-04 7.554828366e-18
7.554828366e-18 2.536063810e-01 2.031656718e-01 0.000000000e+00 8.836180860e-03 1.627638431e-04
7.554828366e-18 7.554828366e-18 1.627638431e-04 1.627638431e-04 1.627638431e-04 1.627638431e-04

1.685844522e-04 5.427114389e-02 1.685844522e-04 1.685844522e-04 1.685844522e-04 1.685844522e-04
0.000000000e+00 0.000000000e+00 1.685844522e-04 3.385679615e-01 1.685844522e-04 1.685844522e-04
1.685844522e-04 0.000000000e+00 1.685844522e-04 3.156028126e-03 1.685844522e-04 1.685844522e-04
1.685844522e-04 0.000000000e+00 8.670600831e-02 1.838029678e-03 1.685844522e-04 1.685844522e-04
1.685844522e-04 1.260662697e-01 3.844466718e-01 0.000000000e+00 1.070444547e-03 1.685844522e-04
1.685844522e-04 1.685844522e-04 1.685844522e-04 1.685844522e-04 1.685844522e-04 1.685844522e-04

1.387566381e-04 6.873419238e-02 1.387566381e-04 1.387566381e-04 1.387566381e-04 1.387566381e-04
0.000000000e+00 0.000000000e+00 1.387566381e-04 8.810497328e-04 1.387566381e-04 1.387566381e-04
1.387566381e-04 0.000000000e+00 0.000000000e+00 1.179771255e-02 1.387566381e-04 1.387566381e-04
1.387566381e-04 0.000000000e+00 0.000000000e+00 1.306729405e-01 3.496448182e-04 1.387566381e-04
1.387566381e-04 1.387566381e-04 7.764726141e-01 0.000000000e+00 8.039199910e-03 1.387566381e-04
1.387566381e-04 1.387566381e-04 1.387566381e-04 1.387566381e-04 1.387566381e-04 1.387566381e-04

3.742716028e-02 3.947774509e-02 4.686292892e-02 5.259753984e-04 5.259753984e-04 5.259753984e-04
0.000000000e+00 0.000000000e+00 1.525850960e-02 8.921322555e-02 5.259753984e-04 2.087334752e-04
6.484866848e-02 0.000000000e+00 0.000000000e+00 4.025156361e-01 5.259753984e-04 2.087334752e-04
7.315412086e-02 0.000000000e+00 0.000000000e+00 2.087334752e-04 2.087334752e-04 2.087334752e-04
5.259753984e-04 0.000000000e+00 0.000000000e+00 0.000000000e+00 1.332489304e-01 5.259753984e-04
4.902983565e-02 1.325374952e-03 1.859756567e-02 2.389733634e-02 2.087334752e-04 2.087334752e-04

