1.182175861e-04 9.458942190e-01 3.247808509e-03 2.978896504e-04 5.114977883e-04 5.487174276e-18
3.613598442e-03 5.487174276e-18 2.062229857e-02 1.182175861e-04 5.487174276e-18 1.182175861e-04
7.506348821e-04 2.235848239e-02 1.182175861e-04 1.182175861e-04 5.487174276e-18 2.978896504e-04
7.506348821e-04 1.182175861e-04 5.487174276e-18 1.182175861e-04 5.487174276e-18 1.182175861e-04
1.182175861e-04 5.487174276e-18 5.487174276e-18 5.487174276e-18 5.487174276e-18 1.182175861e-04
5.487174276e-18 1.182175861e-04 1.182175861e-04 1.182175861e-04 1.182175861e-04 5.487174276e-18

5.665323245e-18 8.763632647e-01 5.665323245e-18 5.665323245e-18 3.075610644e-04 5.665323245e-18
1.330739439e-03 0.000000000e+00 1.007516859e-01 1.220556893e-04 5.665323245e-18 5.665323245e-18
7.750053183e-04 5.665323245e-18 0.000000000e+00 3.075610644e-04 5.665323245e-18 5.665323245e-18
5.665323245e-18 1.895956038e-02 7.750053183e-04 5.665323245e-18 5.665323245e-18 5.665323245e-18
5.665323245e-18 5.665323245e-18 5.665323245e-18 5.665323245e-18 5.665323245e-18 5.665323245e-18
5.665323245e-18 5.665323245e-18 5.665323245e-18 3.075610644e-04 5.665323245e-18 5.665323245e-18

5.754341703e-18 1.059958804e-03 5.754341703e-18 5.754341703e-18 5.754341703e-18 5.754341703e-18
5.754341703e-18 0.000000000e+00 0.000000000e+00 3.123937298e-04 5.754341703e-18 5.754341703e-18
8.253135295e-01 0.000000000e+00 0.000000000e+00 5.754341703e-18 5.754341703e-18 5.754341703e-18
5.754341703e-18 5.754341703e-18 1.557299896e-01 5.754341703e-18 5.754341703e-18 5.754341703e-18
3.123937298e-04 1.695934087e-02 5.754341703e-18 5.754341703e-18 5.754341703e-18 5.754341703e-18
5.754341703e-18 5.754341703e-18 5.754341703e-18 5.754341703e-18 3.123937298e-04 5.754341703e-18

9.719714176e-03 3.815959102e-01 8.898470384e-18 5.742381228e-02 8.898470384e-18 8.898470384e-18
1.401421269e-02 0.000000000e+00 0.000000000e+00 0.000000000e+00 8.898470384e-18 8.898470384e-18
8.898470384e-18 0.000000000e+00 0.000000000e+00 4.503156356e-02 8.898470384e-18 8.898470384e-18
7.052683708e-02 0.000000000e+00 1.446989397e-01 8.898470384e-18 8.898470384e-18 8.898470384e-18
2.197541039e-01 7.729332727e-03 8.898470384e-18 8.898470384e-18 8.898470384e-18 9.719714176e-03
8.898470384e-18 8.898470384e-18 8.898470384e-18 2.111643413e-02 1.866942538e-02 8.898470384e-18

