6.468507115e-18 1.393597612e-04 6.468507115e-18 3.409266678e-03 1.393597612e-04 6.468507115e-18
1.393597612e-04 6.468507115e-18 1.393597612e-04 5.208299632e-02 8.848793262e-04 1.393597612e-04
1.393597612e-04 6.468507115e-18 7.750300650e-01 6.468507115e-18 1.458459893e-01 7.565611817e-03
1.393597612e-04 6.468507115e-18 1.866099430e-03 1.073417136e-02 3.511645933e-04 1.393597612e-04
1.393597612e-04 6.468507115e-18 6.468507115e-18 1.393597612e-04 6.468507115e-18 6.468507115e-18
1.393597612e-04 1.393597612e-04 1.393597612e-04 1.393597612e-04 1.393597612e-04 1.393597612e-04

1.161567971e-04 5.391520925e-18 5.391520925e-18 3.550605582e-03 5.391520925e-18 5.391520925e-18
2.926967876e-04 5.391520925e-18 5.391520925e-18 6.270978695e-02 1.161567971e-04 5.391520925e-18
2.926967876e-04 5.391520925e-18 9.279407359e-01 0.000000000e+00 2.926967876e-04 9.931266457e-04
5.391520925e-18 5.391520925e-18 2.841634446e-03 0.000000000e+00 5.391520925e-18 1.161567971e-04
7.375496879e-04 5.391520925e-18 5.391520925e-18 5.391520925e-18 5.391520925e-18 5.391520925e-18
5.391520925e-18 5.391520925e-18 5.391520925e-18 5.391520925e-18 5.391520925e-18 5.391520925e-18

5.414069738e-18 5.414069738e-18 5.414069738e-18 1.004739195e-01 5.414069738e-18 5.414069738e-18
5.414069738e-18 5.414069738e-18 0.000000000e+00 5.414069738e-18 8.923356633e-01 5.414069738e-18
5.414069738e-18 5.414069738e-18 7.190417151e-03 0.000000000e+00 5.414069738e-18 5.414069738e-18
5.414069738e-18 5.414069738e-18 5.414069738e-18 0.000000000e+00 0.000000000e+00 5.414069738e-18
5.414069738e-18 5.414069738e-18 5.414069738e-18 5.414069738e-18 5.414069738e-18 5.414069738e-18
5.414069738e-18 5.414069738e-18 5.414069738e-18 5.414069738e-18 5.414069738e-18 5.414069738e-18

4.778795299e-18 4.778795299e-18 4.778795299e-18 9.940243817e-01 4.778795299e-18 4.778795299e-18
4.778795299e-18 4.778795299e-18 0.000000000e+00 0.000000000e+00 4.778795299e-18 4.778795299e-18
4.778795299e-18 4.778795299e-18 3.147092908e-03 0.000000000e+00 2.828525440e-03 4.778795299e-18
4.778795299e-18 4.778795299e-18 4.778795299e-18 0.000000000e+00 0.000000000e+00 4.778795299e-18
4.778795299e-18 4.778795299e-18 4.778795299e-18 0.000000000e+00 4.778795299e-18 4.778795299e-18
4.778795299e-18 4.778795299e-18 4.778795299e-18 4.778795299e-18 4.778795299e-18 4.778795299e-18

