8.201760919e-18 8.201760919e-18 8.201760919e-18 8.201760919e-18 8.201760919e-18 8.201760919e-18
8.201760919e-18 8.201760919e-18 2.290052508e-01 3.307986928e-03 8.201760919e-18 8.201760919e-18
8.201760919e-18 1.767015824e-04 2.417243646e-02 3.532932635e-01 9.539621324e-02 8.201760919e-18
8.201760919e-18 8.201760919e-18 1.370871934e-01 7.723941941e-03 1.496603105e-01 8.201760919e-18
8.201760919e-18 1.767015824e-04 8.201760919e-18 8.201760919e-18 8.201760919e-18 8.201760919e-18
8.201760919e-18 8.201760919e-18 8.201760919e-18 8.201760919e-18 8.201760919e-18 8.201760919e-18

6.616267315e-18 6.616267315e-18 6.616267315e-18 6.616267315e-18 6.616267315e-18 5.749142272e-02
6.616267315e-18 6.616267315e-18 6.616267315e-18 6.616267315e-18 0.000000000e+00 6.616267315e-18
6.616267315e-18 6.616267315e-18 5.746980018e-03 6.616267315e-18 2.281548623e-02 6.616267315e-18
6.616267315e-18 6.616267315e-18 3.342870695e-01 0.000000000e+00 5.792998553e-01 6.616267315e-18
6.616267315e-18 3.591862511e-04 6.616267315e-18 6.616267315e-18 6.616267315e-18 6.616267315e-18
6.616267315e-18 6.616267315e-18 6.616267315e-18 6.616267315e-18 6.616267315e-18 6.616267315e-18

5.363411730e-18 5.363411730e-18 5.363411730e-18 1.155512029e-04 5.363411730e-18 2.911707857e-04
5.363411730e-18 3.174554584e-03 9.085659107e-01 5.363411730e-18 0.000000000e+00 1.155512029e-04
5.363411730e-18 5.363411730e-18 1.155512029e-04 0.000000000e+00 5.363411730e-18 5.363411730e-18
5.363411730e-18 2.911707857e-04 0.000000000e+00 0.000000000e+00 8.721498831e-02 5.363411730e-18
5.363411730e-18 5.363411730e-18 5.363411730e-18 5.363411730e-18 5.363411730e-18 5.363411730e-18
5.363411730e-18 5.363411730e-18 5.363411730e-18 1.155512029e-04 5.363411730e-18 5.363411730e-18

4.936707177e-18 4.936707177e-18 4.936707177e-18 5.774007741e-03 4.936707177e-18 4.936707177e-18
4.936707177e-18 1.063581320e-04 9.821366204e-01 0.000000000e+00 0.000000000e+00 2.680056986e-04
4.936707177e-18 4.936707177e-18 4.936707177e-18 0.000000000e+00 4.936707177e-18 4.936707177e-18
4.936707177e-18 0.000000000e+00 0.000000000e+00 0.000000000e+00 1.171500802e-02 4.936707177e-18
4.936707177e-18 4.936707177e-18 4.936707177e-18 4.936707177e-18 4.936707177e-18 4.936707177e-18
4.936707177e-18 4.936707177e-18 4.936707177e-18 4.936707177e-18 4.936707177e-18 4.936707177e-18

