6.468507115e-18 1.393597612e-04 6.468507115e-18 3.409266678e-03 1.393597612e-04 6.468507115e-18
1.393597612e-04 6.468507115e-18 1.393597612e-04 5.208299632e-02 8.848793262e-04 1.393597612e-04
1.393597612e-04 6.468507115e-18 7.750300650e-01 6.468507115e-18 1.458459893e-01 7.565611817e-03
1.393597612e-04 6.468507115e-18 1.866099430e-03 1.073417136e-02 3.511645933e-04 1.393597612e-04
1.393597612e-04 6.468507115e-18 6.468507115e-18 1.393597612e-04 6.468507115e-18 6.468507115e-18
1.393597612e-04 1.393597612e-04 1.393597612e-04 1.393597612e-04 1.393597612e-04 1.393597612e-04

5.044030199e-18 5.044030199e-18 5.044030199e-18 1.086703364e-04 5.044030199e-18 5.044030199e-18
5.044030199e-18 5.044030199e-18 5.044030199e-18 1.184802636e-03 5.044030199e-18 5.044030199e-18
5.044030199e-18 5.044030199e-18 1.086703364e-04 0.000000000e+00 1.086703364e-04 6.900136251e-04
5.044030199e-18 5.044030199e-18 2.781960611e-02 9.695448853e-01 1.086703364e-04 5.044030199e-18
5.044030199e-18 0.000000000e+00 1.086703364e-04 5.044030199e-18 1.086703364e-04 5.044030199e-18
5.044030199e-18 5.044030199e-18 5.044030199e-18 1.086703364e-04 5.044030199e-18 5.044030199e-18

1.473178661e-04 6.837889620e-18 6.837889620e-18 7.468961496e-03 6.837889620e-18 6.837889620e-18
3.712177609e-04 6.837889620e-18 6.837889620e-18 1.873965353e-01 3.712177609e-04 6.837889620e-18
3.712177609e-04 3.712177609e-04 5.752959957e-01 0.000000000e+00 3.712177609e-04 2.357085857e-03
6.837889620e-18 1.473178661e-04 2.233900288e-01 0.000000000e+00 6.374073870e-04 1.473178661e-04
6.374073870e-04 0.000000000e+00 3.712177609e-04 0.000000000e+00 6.837889620e-18 6.837889620e-18
1.473178661e-04 6.837889620e-18 6.837889620e-18 6.837889620e-18 6.837889620e-18 6.837889620e-18

5.899544142e-18 1.271018256e-04 5.899544142e-18 1.399985952e-02 5.899544142e-18 5.899544142e-18
5.899544142e-18 5.899544142e-18 0.000000000e+00 1.796926295e-02 3.202765310e-04 5.899544142e-18
5.899544142e-18 5.899544142e-18 7.835174912e-03 0.000000000e+00 8.799827444e-01 7.606746594e-02
5.899544142e-18 1.271018256e-04 0.000000000e+00 0.000000000e+00 5.899544142e-18 5.899544142e-18
5.899544142e-18 0.000000000e+00 8.070462863e-04 0.000000000e+00 1.086705322e-03 8.070462863e-04
3.202765310e-04 5.899544142e-18 5.899544142e-18 5.899544142e-18 5.499376598e-04 5.899544142e-18

5.372909199e-18 5.372909199e-18 1.262053702e-03 1.478839232e-02 5.372909199e-18 5.372909199e-18
1.157558197e-04 5.372909199e-18 0.000000000e+00 3.149990457e-02 1.157558197e-04 5.372909199e-18
5.372909199e-18 5.372909199e-18 7.350036395e-04 0.000000000e+00 9.466892294e-01 3.538348762e-03
5.372909199e-18 2.916863876e-04 0.000000000e+00 0.000000000e+00 0.000000000e+00 1.157558197e-04
1.157558197e-04 0.000000000e+00 5.008463434e-04 0.000000000e+00 5.372909199e-18 0.000000000e+00
5.372909199e-18 1.157558197e-04 5.372909199e-18 5.372909199e-18 1.157558197e-04 5.372909199e-18

