8.228047915e-18 8.228047915e-18 8.228047915e-18 8.228047915e-18 8.228047915e-18 8.228047915e-18
8.228047915e-18 8.228047915e-18 9.684296332e-02 2.373709304e-03 4.466871642e-04 8.228047915e-18
8.228047915e-18 6.938629661e-02 2.325798772e-01 3.797934887e-02 8.228047915e-18 8.228047915e-18
8.228047915e-18 4.466871642e-04 8.228047915e-18 4.405755209e-01 5.907761428e-02 8.228047915e-18
8.228047915e-18 4.466871642e-04 7.669937383e-04 5.907761428e-02 8.228047915e-18 8.228047915e-18
8.228047915e-18 8.228047915e-18 8.228047915e-18 8.228047915e-18 8.228047915e-18 8.228047915e-18

6.111106866e-18 6.111106866e-18 6.111106866e-18 6.111106866e-18 6.111106866e-18 6.111106866e-18
6.111106866e-18 6.111106866e-18 6.111106866e-18 1.316598063e-04 5.696588971e-04 6.111106866e-18
6.111106866e-18 6.111106866e-18 1.119430804e-02 2.857739943e-01 6.111106866e-18 6.111106866e-18
6.111106866e-18 0.000000000e+00 0.000000000e+00 6.111106866e-18 6.111106866e-18 6.111106866e-18
6.111106866e-18 6.111106866e-18 3.617108530e-03 6.915656765e-01 6.111106866e-18 6.111106866e-18
7.147593951e-03 6.111106866e-18 6.111106866e-18 6.111106866e-18 6.111106866e-18 6.111106866e-18

7.535939799e-18 7.535939799e-18 7.535939799e-18 7.535939799e-18 7.535939799e-18 7.535939799e-18
7.535939799e-18 7.535939799e-18 7.535939799e-18 7.535939799e-18 6.067940067e-01 7.535939799e-18
7.535939799e-18 7.535939799e-18 9.931409795e-02 1.315090900e-02 7.535939799e-18 7.535939799e-18
7.535939799e-18 0.000000000e+00 0.000000000e+00 0.000000000e+00 7.535939799e-18 7.535939799e-18
3.232252251e-02 0.000000000e+00 7.535939799e-18 1.113295580e-01 4.418116438e-02 7.535939799e-18
7.535939799e-18 7.535939799e-18 9.290774147e-02 7.535939799e-18 7.535939799e-18 7.535939799e-18

5.811470606e-18 5.811470606e-18 5.811470606e-18 5.811470606e-18 5.811470606e-18 5.811470606e-18
5.811470606e-18 5.811470606e-18 5.811470606e-18 5.811470606e-18 5.811470606e-18 5.811470606e-18
5.811470606e-18 5.811470606e-18 3.339473178e-02 5.811470606e-18 5.811470606e-18 5.811470606e-18
0.000000000e+00 0.000000000e+00 0.000000000e+00 0.000000000e+00 5.811470606e-18 5.811470606e-18
8.756648627e-02 0.000000000e+00 0.000000000e+00 5.811470606e-18 8.607598100e-01 5.811470606e-18
5.811470606e-18 5.811470606e-18 1.827897194e-02 5.811470606e-18 5.811470606e-18 5.811470606e-18

