6.413307109e-18 6.413307109e-18 6.413307109e-18 6.413307109e-18 6.413307109e-18 6.413307109e-18
6.413307109e-18 6.413307109e-18 2.017194418e-02 7.241963307e-01 6.413307109e-18 6.413307109e-18
6.413307109e-18 1.023606802e-01 5.978290896e-04 1.381705132e-04 6.413307109e-18 6.413307109e-18
6.413307109e-18 1.519823633e-01 1.381705132e-04 0.000000000e+00 1.381705132e-04 6.413307109e-18
6.413307109e-18 6.413307109e-18 6.413307109e-18 1.381705132e-04 6.413307109e-18 6.413307109e-18
6.413307109e-18 6.413307109e-18 6.413307109e-18 6.413307109e-18 1.381705132e-04 6.413307109e-18

1.562406258e-04 7.252047439e-18 7.252047439e-18 7.252047439e-18 7.252047439e-18 7.252047439e-18
7.252047439e-18 0.000000000e+00 5.086632126e-01 2.740015529e-01 1.562406258e-04 7.252047439e-18
7.252047439e-18 3.822236451e-03 1.564422209e-01 4.167278740e-02 7.252047439e-18 7.252047439e-18
7.252047439e-18 0.000000000e+00 1.562406258e-04 0.000000000e+00 1.562406258e-04 7.252047439e-18
7.252047439e-18 1.335838560e-03 1.703448351e-03 1.142125903e-02 1.562406258e-04 7.252047439e-18
7.252047439e-18 7.252047439e-18 7.252047439e-18 7.252047439e-18 1.562406258e-04 7.252047439e-18

1.846844776e-04 1.846844776e-04 7.990833255e-04 1.846844776e-04 1.846844776e-04 1.846844776e-04
1.846844776e-04 0.000000000e+00 2.031459733e-01 1.498149588e-01 6.231622111e-03 1.846844776e-04
1.070013988e-02 7.990833255e-04 1.368195595e-01 4.008666149e-01 1.846844776e-04 1.846844776e-04
1.846844776e-04 0.000000000e+00 0.000000000e+00 0.000000000e+00 5.841334545e-02 1.846844776e-04
1.846844776e-04 1.579030072e-03 0.000000000e+00 1.070013988e-02 3.457432748e-03 1.846844776e-04
4.653757219e-04 1.172673336e-03 1.846844776e-04 1.208001601e-02 1.846844776e-04 1.846844776e-04

1.146326001e-04 1.146326001e-04 1.146326001e-04 1.146326001e-04 1.146326001e-04 1.146326001e-04
1.146326001e-04 0.000000000e+00 1.146326001e-04 2.455983883e-02 1.146326001e-04 1.146326001e-04
1.116324359e-02 1.146326001e-04 0.000000000e+00 1.146326001e-04 0.000000000e+00 1.146326001e-04
1.146326001e-04 0.000000000e+00 0.000000000e+00 0.000000000e+00 9.579070877e-01 1.146326001e-04
1.146326001e-04 1.146326001e-04 0.000000000e+00 1.146326001e-04 1.146326001e-04 1.146326001e-04
1.146326001e-04 1.146326001e-04 1.146326001e-04 1.146326001e-04 3.504014916e-03 1.146326001e-04

1.187613129e-04 5.512411837e-18 1.187613129e-04 1.187613129e-04 1.187613129e-04 1.187613129e-04
1.187613129e-04 0.000000000e+00 1.187613129e-04 0.000000000e+00 1.058129901e-02 1.187613129e-04
4.393358756e-03 5.512411837e-18 0.000000000e+00 1.187613129e-04 0.000000000e+00 5.512411837e-18
1.187613129e-04 0.000000000e+00 0.000000000e+00 0.000000000e+00 5.512411837e-18 9.293359945e-01
1.187613129e-04 1.187613129e-04 0.000000000e+00 1.187613129e-04 0.000000000e+00 5.512411837e-18
1.187613129e-04 1.187613129e-04 1.187613129e-04 3.630218729e-03 5.004018669e-02 1.187613129e-04

