6.440510298e-18 6.440510298e-18 6.440510298e-18 6.440510298e-18 6.440510298e-18 6.440510298e-18
6.440510298e-18 6.440510298e-18 1.387565881e-04 6.003648886e-04 1.387565881e-04 6.440510298e-18
6.440510298e-18 6.440510298e-18 0.000000000e+00 3.496446923e-04 2.069515108e-01 6.440510298e-18
6.440510298e-18 1.387565881e-04 3.496446923e-04 5.133047594e-03 4.156204813e-02 6.440510298e-18
6.440510298e-18 6.440510298e-18 7.194079387e-01 2.487988598e-02 6.440510298e-18 6.440510298e-18
6.440510298e-18 6.440510298e-18 6.440510298e-18 6.440510298e-18 3.496446923e-04 6.440510298e-18

9.786356659e-04 6.913805686e-03 1.436170565e-03 1.436170565e-03 1.933834804e-03 6.213949142e-03
9.786356659e-04 4.234310606e-03 1.092049521e-01 9.786356659e-04 5.699446665e-04 2.261826908e-04
9.786356659e-04 2.261826908e-04 0.000000000e+00 0.000000000e+00 1.294316583e-01 1.933834804e-03
7.796733365e-02 1.021944869e-01 8.853254100e-02 1.933834804e-03 9.886849612e-03 2.261826908e-04
2.261826908e-04 1.250256635e-01 1.338754759e-01 1.722992430e-01 0.000000000e+00 6.913805686e-03
9.786356659e-04 2.466007351e-03 2.261826908e-04 2.261826908e-04 8.367217246e-03 9.786356659e-04

9.690425019e-04 2.999014318e-03 9.690425019e-04 4.825190742e-03 1.914878215e-03 1.914878215e-03
1.422092374e-03 5.479043302e-03 5.144191981e-02 5.643577328e-04 2.239655147e-04 8.899545506e-02
1.422092374e-03 0.000000000e+00 0.000000000e+00 0.000000000e+00 0.000000000e+00 1.914878215e-03
1.422092374e-03 5.144191981e-02 8.370274874e-02 1.914878215e-03 3.691404138e-02 1.011927162e-01
5.643577328e-04 2.962106223e-02 1.296255152e-01 3.414818202e-01 0.000000000e+00 5.479043302e-03
9.690425019e-04 4.192803396e-03 1.422092374e-03 2.999014318e-03 3.584796478e-02 6.153036348e-03

3.517249117e-02 3.517249117e-02 3.517249117e-02 3.517249117e-02 3.517249117e-02 3.517249117e-02
3.517249117e-02 3.517249117e-02 3.517249117e-02 3.517249117e-02 3.517249117e-02 3.517249117e-02
3.517249117e-02 0.000000000e+00 0.000000000e+00 0.000000000e+00 0.000000000e+00 0.000000000e+00
3.517249117e-02 3.383900824e-02 3.383900824e-02 0.000000000e+00 3.383900824e-02 3.383900824e-02
3.383900824e-02 3.383900824e-02 3.383900824e-02 3.383900824e-02 0.000000000e+00 3.383900824e-02
3.383900824e-02 3.383900824e-02 3.383900824e-02 3.383900824e-02 3.383900824e-02 3.383900824e-02

3.832629941e-02 3.698745002e-02 3.698745002e-02 3.698745002e-02 3.698745002e-02 3.698745002e-02
3.698745002e-02 3.698745002e-02 3.698745002e-02 3.698745002e-02 3.698745002e-02 3.698745002e-02
3.698745002e-02 0.000000000e+00 0.000000000e+00 0.000000000e+00 0.000000000e+00 0.000000000e+00
3.698745002e-02 3.698745002e-02 3.698745002e-02 0.000000000e+00 3.698745002e-02 3.698745002e-02
3.698745002e-02 3.698745002e-02 0.000000000e+00 0.000000000e+00 0.000000000e+00 3.698745002e-02
3.698745002e-02 3.698745002e-02 3.698745002e-02 3.698745002e-02 3.698745002e-02 3.698745002e-02

