6.083106025e-18 1.310565464e-04 1.120517710e-03 1.310565464e-04 6.182375692e-03 6.083106025e-18
1.310565464e-04 6.083106025e-18 1.310565464e-04 3.302418032e-04 3.078414197e-02 1.120517710e-03
1.310565464e-04 6.083106025e-18 3.302418032e-04 8.803673476e-01 6.083106025e-18 6.002133426e-02
1.310565464e-04 6.083106025e-18 6.083106025e-18 1.754915081e-03 1.009461709e-02 3.302418032e-04
1.310565464e-04 6.083106025e-18 6.083106025e-18 1.310565464e-04 1.310565464e-04 1.310565464e-04
6.083106025e-18 1.310565464e-04 5.728715848e-03 1.310565464e-04 1.310565464e-04 1.310565464e-04

1.154118856e-04 5.356945193e-18 1.154118856e-04 1.154118856e-04 2.908197281e-04 5.356945193e-18
5.356945193e-18 5.356945193e-18 1.154118856e-04 1.154118856e-04 1.154118856e-04 1.154118856e-04
1.154118856e-04 1.154118856e-04 6.265521107e-03 9.673627157e-01 0.000000000e+00 4.653115649e-03
4.993582271e-04 1.154118856e-04 5.356945193e-18 0.000000000e+00 3.527835609e-03 1.154118856e-04
5.356945193e-18 1.154118856e-04 7.989731634e-03 3.894226885e-03 4.993582271e-04 1.154118856e-04
5.356945193e-18 1.154118856e-04 3.170727100e-03 1.154118856e-04 1.154118856e-04 5.356945193e-18

1.230197525e-04 1.408420187e-02 3.099903514e-04 1.230197525e-04 1.051804089e-03 1.230197525e-04
1.230197525e-04 3.099903514e-04 1.341250353e-03 5.803253237e-03 3.099903514e-04 5.322755555e-04
1.230197525e-04 5.377413222e-03 0.000000000e+00 9.457268627e-01 0.000000000e+00 1.341250353e-03
1.647298244e-03 3.099903514e-04 0.000000000e+00 0.000000000e+00 5.322755555e-04 1.230197525e-04
1.230197525e-04 3.099903514e-04 3.760387947e-03 3.099903514e-04 5.322755555e-04 1.230197525e-04
1.230197525e-04 1.230197525e-04 1.462328182e-02 1.230197525e-04 3.099903514e-04 1.230197525e-04

1.002211142e-03 4.336315768e-03 3.977277554e-04 1.720868053e-03 2.525413829e-03 1.002211142e-03
2.113537503e-03 0.000000000e+00 1.342012662e-02 0.000000000e+00 1.002211142e-03 1.349499032e-03
1.349499032e-03 8.622843349e-02 0.000000000e+00 7.599465066e-01 0.000000000e+00 1.720868053e-03
7.131496487e-02 1.578383644e-04 0.000000000e+00 0.000000000e+00 1.349499032e-03 1.349499032e-03
1.002211142e-03 3.381660004e-02 1.720868053e-03 1.002211142e-03 1.349499032e-03 1.002211142e-03
1.002211142e-03 1.002211142e-03 1.349499032e-03 2.113537503e-03 1.349499032e-03 1.002211142e-03

3.609445831e-02 3.609445831e-02 3.609445831e-02 3.476385421e-02 3.609445831e-02 3.609445831e-02
3.609445831e-02 0.000000000e+00 3.609445831e-02 0.000000000e+00 3.609445831e-02 3.609445831e-02
3.609445831e-02 3.609445831e-02 0.000000000e+00 0.000000000e+00 0.000000000e+00 3.609445831e-02
3.609445831e-02 0.000000000e+00 0.000000000e+00 0.000000000e+00 3.609445831e-02 3.609445831e-02
3.609445831e-02 3.609445831e-02 3.609445831e-02 3.609445831e-02 3.609445831e-02 3.476385421e-02
3.476385421e-02 3.476385421e-02 3.476385421e-02 3.476385421e-02 3.476385421e-02 3.476385421e-02

