5.639409848e-18 5.639409848e-18 5.639409848e-18 5.639409848e-18 5.639409848e-18 5.639409848e-18
5.639409848e-18 0.000000000e+00 5.639409848e-18 3.061542688e-04 5.639409848e-18 5.639409848e-18
5.639409848e-18 1.033025479e-02 8.932938175e-01 8.001255304e-02 5.639409848e-18 5.639409848e-18
5.639409848e-18 5.639409848e-18 3.713853727e-03 1.234336665e-02 5.639409848e-18 5.639409848e-18
5.639409848e-18 5.639409848e-18 5.639409848e-18 5.639409848e-18 5.639409848e-18 5.639409848e-18
5.639409848e-18 5.639409848e-18 5.639409848e-18 5.639409848e-18 5.639409848e-18 5.639409848e-18

6.150184193e-18 6.150184193e-18 6.150184193e-18 8.666795931e-03 6.150184193e-18 6.150184193e-18
6.150184193e-18 0.000000000e+00 0.000000000e+00 2.120027228e-03 6.150184193e-18 6.150184193e-18
6.150184193e-18 6.150184193e-18 0.000000000e+00 6.541969511e-01 6.150184193e-18 6.150184193e-18
5.342133862e-03 3.338833664e-04 2.120027228e-03 3.268226762e-01 1.325017018e-04 6.150184193e-18
6.150184193e-18 6.150184193e-18 6.150184193e-18 1.325017018e-04 6.150184193e-18 6.150184193e-18
6.150184193e-18 1.325017018e-04 6.150184193e-18 6.150184193e-18 6.150184193e-18 6.150184193e-18

6.108572473e-18 1.316052045e-04 6.108572473e-18 1.133624517e-01 1.316052045e-04 6.108572473e-18
6.108572473e-18 0.000000000e+00 0.000000000e+00 0.000000000e+00 6.108572473e-18 1.316052045e-04
6.108572473e-18 0.000000000e+00 0.000000000e+00 3.316243347e-04 6.108572473e-18 1.316052045e-04
1.281608333e-02 6.108572473e-18 1.316052045e-04 8.273310659e-01 6.108572473e-18 6.108572473e-18
6.108572473e-18 2.554333048e-02 6.108572473e-18 1.316052045e-04 6.108572473e-18 6.108572473e-18
6.108572473e-18 1.982581297e-02 6.108572473e-18 6.108572473e-18 6.108572473e-18 6.108572473e-18

4.214184675e-04 1.628630239e-02 1.672400297e-04 1.061907996e-03 1.672400297e-04 1.672400297e-04
4.214184675e-04 0.000000000e+00 0.000000000e+00 0.000000000e+00 4.214184675e-04 1.672400297e-04
1.672400297e-04 0.000000000e+00 0.000000000e+00 1.672400297e-04 0.000000000e+00 1.672400297e-04
1.061907996e-03 0.000000000e+00 1.344753961e-01 1.956051253e-01 2.535996213e-01 1.672400297e-04
1.672400297e-04 3.922052809e-01 1.672400297e-04 1.672400297e-04 1.672400297e-04 1.672400297e-04
1.672400297e-04 1.429882140e-03 1.672400297e-04 1.672400297e-04 1.672400297e-04 1.672400297e-04

6.185417670e-18 6.286356952e-03 6.185417670e-18 1.297730831e-02 6.185417670e-18 6.185417670e-18
6.185417670e-18 0.000000000e+00 0.000000000e+00 0.000000000e+00 6.185417670e-18 6.185417670e-18
0.000000000e+00 0.000000000e+00 0.000000000e+00 0.000000000e+00 0.000000000e+00 6.185417670e-18
6.185417670e-18 0.000000000e+00 6.185417670e-18 1.435201335e-01 2.787314346e-02 6.185417670e-18
6.185417670e-18 7.999844222e-01 6.185417670e-18 6.185417670e-18 6.185417670e-18 6.185417670e-18
6.185417670e-18 9.225374807e-03 6.185417670e-18 1.332607840e-04 6.185417670e-18 6.185417670e-18

4.000000000e-02 4.000000000e-02 4.000000000e-02 4.000000000e-02 4.000000000e-02 4.000000000e-02
4.000000000e-02 0.000000000e+00 0.000000000e+00 0.000000000e+00 4.000000000e-02 4.000000000e-02
0.000000000e+00 0.000000000e+00 0.000000000e+00 0.000000000e+00 0.000000000e+00 4.000000000e-02
0.000000000e+00 0.000000000e+00 4.000000000e-02 4.000000000e-02 4.000000000e-02 4.000000000e-02
4.000000000e-02 4.000000000e-02 4.000000000e-02 4.000000000e-02 4.000000000e-02 4.000000000e-02
4.000000000e-02 4.000000000e-02 4.000000000e-02 0.000000000e+00 4.000000000e-02 4.000000000e-02

