9.192008530e-18 4.990189978e-04 8.568512310e-04 8.105857074e-02 4.859586736e-02 9.192008530e-18
4.990189978e-04 9.192008530e-18 0.000000000e+00 9.192008530e-18 1.846030016e-02 2.224057743e-01
1.257449079e-03 1.257449079e-03 1.677296942e-01 2.347175579e-01 1.763304129e-01 9.192008530e-18
4.990189978e-04 9.192008530e-18 2.530007921e-02 6.682123011e-03 9.192008530e-18 7.984303964e-03
2.159129805e-03 9.192008530e-18 9.192008530e-18 9.192008530e-18 9.192008530e-18 3.707379959e-03
9.192008530e-18 9.192008530e-18 9.192008530e-18 9.192008530e-18 9.192008530e-18 9.192008530e-18

4.129959238e-04 4.129959238e-04 4.129959238e-04 6.556364415e-01 1.040684516e-03 1.401304264e-03
7.091434742e-04 1.786929581e-03 0.000000000e+00 0.000000000e+00 9.808883990e-02 3.181096881e-02
7.091434742e-04 4.129959238e-04 0.000000000e+00 1.638975410e-04 6.415285677e-02 1.638975410e-04
1.786929581e-03 1.638975410e-04 4.009553548e-03 1.271536654e-01 1.401304264e-03 4.129959238e-04
7.091434742e-04 1.040684516e-03 4.129959238e-04 1.638975410e-04 4.129959238e-04 4.129959238e-04
7.091434742e-04 2.194673018e-03 4.129959238e-04 1.638975410e-04 4.129959238e-04 7.091434742e-04

1.854667610e-04 1.585718501e-03 2.022092824e-03 2.198203593e-01 5.669227570e-03 1.585718501e-03
1.854667610e-04 1.213118434e-02 0.000000000e+00 0.000000000e+00 2.025835709e-01 2.967468175e-03
1.854667610e-04 0.000000000e+00 0.000000000e+00 0.000000000e+00 1.969170615e-01 2.483496053e-03
1.585718501e-03 2.483496053e-03 1.854667610e-04 3.252558691e-01 1.854667610e-04 2.022092824e-03
2.967468175e-03 1.854667610e-04 2.022092824e-03 1.854667610e-04 8.024680689e-04 2.022092824e-03
2.483496053e-03 1.585718501e-03 2.483496053e-03 2.022092824e-03 1.177640526e-03 2.022092824e-03

6.004122133e-18 6.004122133e-18 6.004122133e-18 6.004122133e-18 6.004122133e-18 6.004122133e-18
6.004122133e-18 0.000000000e+00 0.000000000e+00 0.000000000e+00 6.004122133e-18 6.004122133e-18
6.004122133e-18 0.000000000e+00 0.000000000e+00 0.000000000e+00 1.424802737e-02 6.004122133e-18
6.004122133e-18 6.004122133e-18 0.000000000e+00 6.004122133e-18 3.786985253e-01 6.004122133e-18
6.004122133e-18 6.004122133e-18 6.004122133e-18 6.070534473e-01 6.004122133e-18 6.004122133e-18
6.004122133e-18 6.004122133e-18 6.004122133e-18 6.004122133e-18 6.004122133e-18 6.004122133e-18

