4.797614235e-04 1.318551270e-01 1.208923033e-03 7.004186663e-02 1.854104702e-02 8.837280979e-18
8.837280979e-18 0.000000000e+00 8.837280979e-18 2.316371915e-01 8.837280979e-18 4.797614235e-04
1.618810597e-02 2.347402858e-02 3.587622241e-01 1.228189244e-01 8.837280979e-18 4.797614235e-04
4.797614235e-04 8.837280979e-18 4.101902471e-03 4.797614235e-04 8.837280979e-18 1.033614654e-02
7.676182775e-03 8.837280979e-18 8.837280979e-18 8.837280979e-18 8.837280979e-18 4.797614235e-04
8.837280979e-18 8.837280979e-18 8.837280979e-18 4.797614235e-04 8.837280979e-18 8.837280979e-18

1.928230345e-04 8.475927318e-02 3.650352256e-01 1.485217452e-02 2.102296241e-03 8.950052439e-18
4.858836002e-04 0.000000000e+00 0.000000000e+00 1.844435655e-01 4.858836002e-04 1.928230345e-04
3.457432313e-02 8.950052439e-18 0.000000000e+00 1.958959922e-02 1.928230345e-04 1.928230345e-04
3.085168552e-03 1.959696965e-01 7.547488780e-02 7.774137603e-03 8.950052439e-18 1.928230345e-04
1.928230345e-04 1.928230345e-04 8.342968160e-04 8.950052439e-18 8.950052439e-18 4.858836002e-04
1.928230345e-04 4.858836002e-04 4.858836002e-04 6.506233230e-03 8.342968160e-04 1.928230345e-04

6.045716887e-18 6.045716887e-18 2.084016350e-03 1.302510219e-04 3.186432474e-03 6.045716887e-18
6.045716887e-18 0.000000000e+00 0.000000000e+00 0.000000000e+00 6.045716887e-18 6.045716887e-18
1.420090885e-03 0.000000000e+00 0.000000000e+00 3.282120085e-04 6.045716887e-18 6.045716887e-18
8.327651231e-01 6.045716887e-18 8.577728098e-02 8.270424366e-04 6.045716887e-18 6.045716887e-18
6.045716887e-18 7.199808429e-02 6.045716887e-18 6.045716887e-18 6.045716887e-18 6.045716887e-18
6.045716887e-18 6.045716887e-18 3.282120085e-04 8.270424366e-04 3.282120085e-04 6.045716887e-18

1.858415948e-04 1.287027860e-01 2.127650629e-02 1.858415948e-04 8.123468213e-03 1.858415948e-04
1.858415948e-04 0.000000000e+00 0.000000000e+00 0.000000000e+00 1.858415948e-04 1.858415948e-04
6.874871773e-03 0.000000000e+00 0.000000000e+00 1.858415948e-04 0.000000000e+00 1.858415948e-04
2.144683335e-01 0.000000000e+00 3.179204314e-01 8.741207344e-02 1.858415948e-04 1.858415948e-04
1.858415948e-04 1.987307473e-01 1.858415948e-04 1.858415948e-04 1.858415948e-04 1.858415948e-04
1.858415948e-04 1.858415948e-04 1.215570182e-02 8.040898805e-04 1.858415948e-04 1.858415948e-04

5.375191179e-18 5.375191179e-18 5.375191179e-18 5.375191179e-18 5.375191179e-18 5.375191179e-18
5.375191179e-18 0.000000000e+00 0.000000000e+00 0.000000000e+00 5.375191179e-18 5.375191179e-18
0.000000000e+00 0.000000000e+00 0.000000000e+00 0.000000000e+00 0.000000000e+00 5.375191179e-18
5.375191179e-18 0.000000000e+00 8.743942115e-01 5.375191179e-18 5.375191179e-18 5.375191179e-18
5.375191179e-18 1.256057885e-01 5.375191179e-18 5.375191179e-18 5.375191179e-18 5.375191179e-18
5.375191179e-18 5.375191179e-18 5.375191179e-18 5.375191179e-18 5.375191179e-18 5.375191179e-18

4.000000000e-02 4.000000000e-02 4.000000000e-02 4.000000000e-02 4.000000000e-02 4.000000000e-02
4.000000000e-02 0.000000000e+00 0.000000000e+00 0.000000000e+00 4.000000000e-02 4.000000000e-02
0.000000000e+00 0.000000000e+00 0.000000000e+00 0.000000000e+00 0.000000000e+00 4.000000000e-02
0.000000000e+00 0.000000000e+00 4.000000000e-02 4.000000000e-02 4.000000000e-02 4.000000000e-02
4.000000000e-02 4.000000000e-02 4.000000000e-02 4.000000000e-02 4.000000000e-02 4.000000000e-02
4.000000000e-02 4.000000000e-02 4.000000000e-02 0.000000000e+00 4.000000000e-02 4.000000000e-02

