8.228047915e-18 8.228047915e-18 8.228047915e-18 8.228047915e-18 8.228047915e-18 8.228047915e-18
8.228047915e-18 8.228047915e-18 9.684296332e-02 2.373709304e-03 4.466871642e-04 8.228047915e-18
8.228047915e-18 6.938629661e-02 2.325798772e-01 3.797934887e-02 8.228047915e-18 8.228047915e-18
8.228047915e-18 4.466871642e-04 8.228047915e-18 4.405755209e-01 5.907761428e-02 8.228047915e-18
8.228047915e-18 4.466871642e-04 7.669937383e-04 5.907761428e-02 8.228047915e-18 8.228047915e-18
8.228047915e-18 8.228047915e-18 8.228047915e-18 8.228047915e-18 8.228047915e-18 8.228047915e-18

7.336299240e-18 7.336299240e-18 7.336299240e-18 7.336299240e-18 7.336299240e-18 7.336299240e-18
7.336299240e-18 7.336299240e-18 7.336299240e-18 7.336299240e-18 7.336299240e-18 7.336299240e-18
7.336299240e-18 7.336299240e-18 2.978276959e-01 0.000000000e+00 7.336299240e-18 7.336299240e-18
7.336299240e-18 3.075864487e-01 0.000000000e+00 7.336299240e-18 1.997981758e-01 1.947876796e-01
7.336299240e-18 7.336299240e-18 7.336299240e-18 7.336299240e-18 7.336299240e-18 7.336299240e-18
7.336299240e-18 7.336299240e-18 7.336299240e-18 7.336299240e-18 7.336299240e-18 7.336299240e-18

4.970518274e-18 4.970518274e-18 4.970518274e-18 4.970518274e-18 4.970518274e-18 4.970518274e-18
4.970518274e-18 4.970518274e-18 4.970518274e-18 4.970518274e-18 4.970518274e-18 4.970518274e-18
4.970518274e-18 4.970518274e-18 0.000000000e+00 0.000000000e+00 4.970518274e-18 4.970518274e-18
4.970518274e-18 9.679241380e-01 0.000000000e+00 0.000000000e+00 4.970518274e-18 3.207586203e-02
4.970518274e-18 4.970518274e-18 4.970518274e-18 4.970518274e-18 4.970518274e-18 4.970518274e-18
4.970518274e-18 4.970518274e-18 4.970518274e-18 4.970518274e-18 4.970518274e-18 4.970518274e-18

6.590300851e-18 6.590300851e-18 6.590300851e-18 6.590300851e-18 6.590300851e-18 6.590300851e-18
6.590300851e-18 6.590300851e-18 6.590300851e-18 6.590300851e-18 6.590300851e-18 6.590300851e-18
6.590300851e-18 3.041977122e-02 0.000000000e+00 0.000000000e+00 0.000000000e+00 6.243530734e-01
6.590300851e-18 9.254611408e-02 0.000000000e+00 0.000000000e+00 0.000000000e+00 2.526810413e-01
6.590300851e-18 6.590300851e-18 6.590300851e-18 6.590300851e-18 6.590300851e-18 6.590300851e-18
6.590300851e-18 6.590300851e-18 6.590300851e-18 6.590300851e-18 6.590300851e-18 6.590300851e-18

