6.789011641e-18 6.789011641e-18 6.789011641e-18 6.789011641e-18 1.462648219e-04 6.789011641e-18
6.789011641e-18 2.097077343e-01 6.495387816e-01 6.789011641e-18 6.393496747e-03 1.462648219e-04
6.789011641e-18 6.789011641e-18 1.176095215e-01 1.462648219e-04 2.340237151e-03 6.789011641e-18
6.789011641e-18 9.016475241e-03 1.250546637e-03 0.000000000e+00 2.340237151e-03 6.789011641e-18
6.328511297e-04 6.789011641e-18 1.462648219e-04 1.462648219e-04 6.789011641e-18 1.462648219e-04
6.789011641e-18 6.789011641e-18 6.789011641e-18 1.462648219e-04 1.462648219e-04 6.789011641e-18

5.103001906e-18 5.103001906e-18 5.103001906e-18 5.103001906e-18 5.103001906e-18 5.103001906e-18
4.756864021e-04 5.103001906e-18 9.766085512e-01 0.000000000e+00 8.905208307e-03 9.399809880e-04
1.099408433e-04 6.980808413e-04 0.000000000e+00 5.103001906e-18 1.099408433e-04 5.103001906e-18
5.103001906e-18 8.468182217e-03 5.103001906e-18 0.000000000e+00 5.103001906e-18 5.103001906e-18
1.099408433e-04 5.103001906e-18 5.103001906e-18 5.103001906e-18 2.770335655e-04 5.103001906e-18
5.103001906e-18 5.103001906e-18 5.103001906e-18 3.020420380e-03 5.103001906e-18 2.770335655e-04

3.052959514e-03 3.647906019e-03 9.966030690e-03 9.966030690e-03 7.692975912e-03 3.052959514e-03
1.949322359e-03 0.000000000e+00 0.000000000e+00 0.000000000e+00 2.125292280e-02 3.647906019e-03
7.339646015e-02 4.268222042e-03 0.000000000e+00 1.447672463e-03 1.931033738e-01 4.268222042e-03
4.911984545e-03 2.578120073e-01 7.990433661e-02 0.000000000e+00 9.966030690e-03 2.316275941e-02
9.192147162e-03 2.485756930e-03 2.163972840e-01 9.864732915e-04 1.075524559e-02 2.485756930e-03
3.052959514e-03 4.911984545e-03 9.966030690e-03 9.192147162e-03 9.192147162e-03 4.911984545e-03

1.172881262e-04 1.172881262e-04 0.000000000e+00 5.074762487e-04 9.517923304e-01 1.172881262e-04
1.172881262e-04 0.000000000e+00 0.000000000e+00 0.000000000e+00 1.172881262e-04 5.074762487e-04
5.946464756e-03 1.172881262e-04 0.000000000e+00 1.172881262e-04 3.191688153e-02 1.172881262e-04
1.172881262e-04 1.876610019e-03 1.172881262e-04 0.000000000e+00 1.172881262e-04 1.570548797e-03
7.447331795e-04 1.172881262e-04 7.447331795e-04 1.172881262e-04 0.000000000e+00 1.172881262e-04
1.172881262e-04 1.172881262e-04 1.172881262e-04 1.002799373e-03 1.172881262e-04 1.278760016e-03

