1.494458114e-04 1.494458114e-04 1.494458114e-04 1.494458114e-04 1.494458114e-04 1.494458114e-04
1.494458114e-04 1.494458114e-04 1.485188014e-01 1.494458114e-04 3.765798472e-04 1.494458114e-04
1.494458114e-04 9.489217528e-04 3.219712403e-03 3.765798472e-04 6.466144718e-04 1.494458114e-04
1.494458114e-04 1.494458114e-04 4.041340448e-01 0.000000000e+00 4.375165744e-01 1.494458114e-04
1.494458114e-04 1.494458114e-04 3.765798472e-04 1.494458114e-04 1.494458114e-04 1.494458114e-04
1.494458114e-04 1.494458114e-04 1.494458114e-04 1.494458114e-04 1.494458114e-04 1.494458114e-04

1.134306714e-04 5.264985377e-18 5.264985377e-18 2.443789733e-03 1.134306714e-04 5.264985377e-18
5.264985377e-18 3.651589579e-02 9.551003467e-01 5.264985377e-18 1.236703253e-03 1.134306714e-04
1.134306714e-04 5.264985377e-18 0.000000000e+00 0.000000000e+00 1.134306714e-04 5.264985377e-18
5.264985377e-18 1.134306714e-04 1.134306714e-04 0.000000000e+00 2.774943103e-03 1.134306714e-04
1.134306714e-04 1.134306714e-04 1.134306714e-04 1.134306714e-04 1.134306714e-04 5.264985377e-18
1.134306714e-04 1.134306714e-04 5.264985377e-18 1.134306714e-04 5.264985377e-18 1.134306714e-04

8.111628972e-04 5.929636750e-18 1.277501512e-04 2.391579205e-03 1.277501512e-04 5.929636750e-18
1.277501512e-04 0.000000000e+00 1.696647665e-01 0.000000000e+00 8.152529362e-01 3.509698020e-03
1.277501512e-04 1.277501512e-04 0.000000000e+00 0.000000000e+00 1.277501512e-04 5.929636750e-18
5.929636750e-18 1.277501512e-04 1.277501512e-04 0.000000000e+00 1.710640734e-03 5.929636750e-18
3.219102091e-04 3.219102091e-04 1.277501512e-04 1.277501512e-04 3.904983702e-03 5.929636750e-18
5.929636750e-18 1.277501512e-04 1.277501512e-04 1.277501512e-04 1.277501512e-04 3.219102091e-04

