7.152156807e-18 7.152156807e-18 7.152156807e-18 7.152156807e-18 7.152156807e-18 7.152156807e-18
7.152156807e-18 3.319737117e-03 3.882788087e-04 9.019164528e-02 7.152156807e-18 7.152156807e-18
7.152156807e-18 0.000000000e+00 7.152156807e-18 4.233296514e-03 7.152156807e-18 7.152156807e-18
7.152156807e-18 1.508300098e-01 2.133723648e-01 5.376646677e-01 7.152156807e-18 7.152156807e-18
7.152156807e-18 7.152156807e-18 7.152156807e-18 7.152156807e-18 7.152156807e-18 7.152156807e-18
7.152156807e-18 7.152156807e-18 7.152156807e-18 7.152156807e-18 7.152156807e-18 7.152156807e-18

5.998703311e-18 5.998703311e-18 5.998703311e-18 5.998703311e-18 5.998703311e-18 5.998703311e-18
5.998703311e-18 0.000000000e+00 5.998703311e-18 7.501582845e-01 5.998703311e-18 5.998703311e-18
5.998703311e-18 0.000000000e+00 0.000000000e+00 2.210885399e-01 5.998703311e-18 5.998703311e-18
5.998703311e-18 5.998703311e-18 2.254476430e-02 5.649230276e-03 5.998703311e-18 5.998703311e-18
5.591809777e-04 5.998703311e-18 5.998703311e-18 5.998703311e-18 5.998703311e-18 5.998703311e-18
5.998703311e-18 5.998703311e-18 5.998703311e-18 5.998703311e-18 5.998703311e-18 5.998703311e-18

7.427308911e-04 4.325567981e-04 4.325567981e-04 1.467674741e-03 7.427308911e-04 1.089974830e-03
4.325567981e-04 0.000000000e+00 0.000000000e+00 3.741600299e-01 5.429395751e-02 7.427308911e-04
1.089974830e-03 0.000000000e+00 0.000000000e+00 3.946274209e-01 1.089974830e-03 7.427308911e-04
7.427308911e-04 0.000000000e+00 5.720877097e-02 1.004767925e-01 1.089974830e-03 1.089974830e-03
7.427308911e-04 1.716602791e-04 1.716602791e-04 7.427308911e-04 1.467674741e-03 4.325567981e-04
7.427308911e-04 4.325567981e-04 1.716602791e-04 7.427308911e-04 7.427308911e-04 7.427308911e-04

