6.468507115e-18 1.393597612e-04 6.468507115e-18 3.409266678e-03 1.393597612e-04 6.468507115e-18
1.393597612e-04 6.468507115e-18 1.393597612e-04 5.208299632e-02 8.848793262e-04 1.393597612e-04
1.393597612e-04 6.468507115e-18 7.750300650e-01 6.468507115e-18 1.458459893e-01 7.565611817e-03
1.393597612e-04 6.468507115e-18 1.866099430e-03 1.073417136e-02 3.511645933e-04 1.393597612e-04
1.393597612e-04 6.468507115e-18 6.468507115e-18 1.393597612e-04 6.468507115e-18 6.468507115e-18
1.393597612e-04 1.393597612e-04 1.393597612e-04 1.393597612e-04 1.393597612e-04 1.393597612e-04

6.706785064e-18 1.444933040e-04 6.706785064e-18 6.251862168e-04 1.444933040e-04 1.444933040e-04
6.706785064e-18 6.706785064e-18 6.706785064e-18 2.311892864e-03 2.705023658e-03 1.444933040e-04
6.706785064e-18 6.706785064e-18 3.022256413e-02 0.000000000e+00 1.942309143e-01 5.064008356e-02
3.641003106e-04 0.000000000e+00 5.825604969e-03 7.101746896e-01 6.706785064e-18 1.444933040e-04
6.706785064e-18 6.706785064e-18 6.706785064e-18 1.444933040e-04 3.641003106e-04 6.706785064e-18
6.706785064e-18 1.235400372e-03 6.706785064e-18 1.444933040e-04 1.444933040e-04 1.444933040e-04

7.001407151e-18 7.001407151e-18 7.001407151e-18 9.577790258e-04 7.001407151e-18 7.001407151e-18
7.001407151e-18 7.001407151e-18 7.001407151e-18 2.413451911e-03 3.800948583e-04 7.001407151e-18
7.001407151e-18 7.001407151e-18 4.504989889e-01 0.000000000e+00 3.891617024e-01 7.282854498e-02
7.001407151e-18 0.000000000e+00 8.337934304e-02 0.000000000e+00 0.000000000e+00 7.001407151e-18
3.800948583e-04 7.001407151e-18 7.001407151e-18 7.001407151e-18 7.001407151e-18 7.001407151e-18
7.001407151e-18 7.001407151e-18 7.001407151e-18 7.001407151e-18 7.001407151e-18 7.001407151e-18

1.236964226e-03 1.665599150e-03 2.608602291e-03 1.274229336e-02 1.948096584e-04 4.908895786e-04
7.206628974e-03 1.948096584e-04 0.000000000e+00 6.052286027e-02 9.189823241e-03 8.428924382e-04
3.116954534e-03 1.236964226e-03 2.729340970e-01 0.000000000e+00 1.089450757e-01 4.299503567e-01
4.197046859e-03 0.000000000e+00 0.000000000e+00 0.000000000e+00 0.000000000e+00 7.854233257e-03
2.123955851e-03 1.948096584e-04 9.876777857e-03 4.197046859e-03 1.979142762e-02 1.665599150e-03
4.197046859e-03 4.908895786e-04 4.908895786e-04 1.948096584e-04 1.815956709e-02 1.348627901e-02

