1.798390188e-04 1.960735106e-03 7.781182427e-04 7.905188588e-02 4.520520000e-01 1.798390188e-04
1.798390188e-04 1.798390188e-04 4.531659307e-04 7.905188588e-02 8.347387814e-18 8.795523839e-02
1.798390188e-04 1.798390188e-04 1.798390188e-04 1.798390188e-04 2.316337674e-01 6.068126678e-03
4.531659307e-04 8.347387814e-18 1.798390188e-04 1.141906590e-03 1.798390188e-04 1.960735106e-03
1.798390188e-04 1.798390188e-04 1.798390188e-04 1.798390188e-04 1.798390188e-04 5.188175331e-02
1.798390188e-04 1.798390188e-04 1.798390188e-04 1.960735106e-03 1.798390188e-04 1.798390188e-04

5.694620807e-18 5.694620807e-18 5.694620807e-18 5.787550818e-03 5.694620807e-18 5.694620807e-18
5.694620807e-18 5.694620807e-18 1.226868861e-04 1.619534847e-01 0.000000000e+00 1.226868861e-04
5.694620807e-18 5.694620807e-18 1.226868861e-04 5.694620807e-18 8.285902924e-01 1.337621203e-03
5.694620807e-18 5.694620807e-18 5.694620807e-18 0.000000000e+00 1.962990178e-03 5.694620807e-18
5.694620807e-18 5.694620807e-18 5.694620807e-18 5.694620807e-18 5.694620807e-18 5.694620807e-18
5.694620807e-18 5.694620807e-18 5.694620807e-18 5.694620807e-18 5.694620807e-18 5.694620807e-18

6.255378852e-18 6.255378852e-18 6.255378852e-18 4.994727092e-01 6.255378852e-18 6.255378852e-18
6.255378852e-18 6.255378852e-18 4.523817436e-01 6.255378852e-18 0.000000000e+00 6.255378852e-18
6.255378852e-18 6.255378852e-18 1.347680520e-04 0.000000000e+00 4.801077915e-02 6.255378852e-18
6.255378852e-18 6.255378852e-18 6.255378852e-18 0.000000000e+00 0.000000000e+00 6.255378852e-18
6.255378852e-18 6.255378852e-18 6.255378852e-18 6.255378852e-18 6.255378852e-18 6.255378852e-18
6.255378852e-18 6.255378852e-18 6.255378852e-18 6.255378852e-18 6.255378852e-18 6.255378852e-18

4.653528752e-18 4.653528752e-18 4.653528752e-18 9.998997428e-01 4.653528752e-18 4.653528752e-18
4.653528752e-18 4.653528752e-18 4.653528752e-18 0.000000000e+00 0.000000000e+00 4.653528752e-18
4.653528752e-18 4.653528752e-18 1.002572378e-04 0.000000000e+00 4.653528752e-18 4.653528752e-18
4.653528752e-18 4.653528752e-18 4.653528752e-18 0.000000000e+00 0.000000000e+00 4.653528752e-18
4.653528752e-18 4.653528752e-18 4.653528752e-18 0.000000000e+00 4.653528752e-18 4.653528752e-18
4.653528752e-18 4.653528752e-18 4.653528752e-18 4.653528752e-18 4.653528752e-18 4.653528752e-18

