8.201760919e-18 8.201760919e-18 8.201760919e-18 8.201760919e-18 8.201760919e-18 8.201760919e-18
8.201760919e-18 8.201760919e-18 2.290052508e-01 3.307986928e-03 8.201760919e-18 8.201760919e-18
8.201760919e-18 1.767015824e-04 2.417243646e-02 3.532932635e-01 9.539621324e-02 8.201760919e-18
8.201760919e-18 8.201760919e-18 1.370871934e-01 7.723941941e-03 1.496603105e-01 8.201760919e-18
8.201760919e-18 1.767015824e-04 8.201760919e-18 8.201760919e-18 8.201760919e-18 8.201760919e-18
8.201760919e-18 8.201760919e-18 8.201760919e-18 8.201760919e-18 8.201760919e-18 8.201760919e-18

6.616267315e-18 6.616267315e-18 6.616267315e-18 6.616267315e-18 6.616267315e-18 5.749142272e-02
6.616267315e-18 6.616267315e-18 6.616267315e-18 6.616267315e-18 0.000000000e+00 6.616267315e-18
6.616267315e-18 6.616267315e-18 5.746980018e-03 6.616267315e-18 2.281548623e-02 6.616267315e-18
6.616267315e-18 6.616267315e-18 3.342870695e-01 0.000000000e+00 5.792998553e-01 6.616267315e-18
6.616267315e-18 3.591862511e-04 6.616267315e-18 6.616267315e-18 6.616267315e-18 6.616267315e-18
6.616267315e-18 6.616267315e-18 6.616267315e-18 6.616267315e-18 6.616267315e-18 6.616267315e-18

5.044383647e-18 5.044383647e-18 5.044383647e-18 5.044383647e-18 5.044383647e-18 5.044383647e-18
5.044383647e-18 2.738512768e-04 4.125463137e-02 5.044383647e-18 0.000000000e+00 1.086779512e-04
5.044383647e-18 5.044383647e-18 5.044383647e-18 0.000000000e+00 5.044383647e-18 5.044383647e-18
5.044383647e-18 0.000000000e+00 9.583628394e-01 0.000000000e+00 5.044383647e-18 5.044383647e-18
5.044383647e-18 5.044383647e-18 5.044383647e-18 5.044383647e-18 5.044383647e-18 5.044383647e-18
5.044383647e-18 5.044383647e-18 5.044383647e-18 5.044383647e-18 5.044383647e-18 5.044383647e-18

7.029635682e-18 7.029635682e-18 7.029635682e-18 5.565730192e-01 7.029635682e-18 1.514489097e-04
1.514489097e-04 1.974903122e-01 7.029635682e-18 0.000000000e+00 0.000000000e+00 1.596473776e-01
7.029635682e-18 7.029635682e-18 7.029635682e-18 0.000000000e+00 7.029635682e-18 7.029635682e-18
3.816273387e-04 0.000000000e+00 0.000000000e+00 0.000000000e+00 8.469607246e-02 7.029635682e-18
7.029635682e-18 7.029635682e-18 7.029635682e-18 7.029635682e-18 7.029635682e-18 1.514489097e-04
1.514489097e-04 7.029635682e-18 1.514489097e-04 1.514489097e-04 1.514489097e-04 1.514489097e-04

