1.057116728e-17 5.588713731e-02 2.807966425e-02 5.738912537e-04 2.508581227e-02 1.057116728e-17
6.961680399e-03 2.508581227e-02 1.799028194e-01 1.071235057e-01 1.057116728e-17 5.588713731e-02
1.057116728e-17 0.000000000e+00 1.057116728e-17 1.348024979e-01 1.057116728e-17 7.850721919e-02
5.738912537e-04 7.203407156e-02 1.423430593e-01 7.850721919e-02 1.057116728e-17 1.057116728e-17
1.057116728e-17 1.057116728e-17 2.277488950e-04 1.057116728e-17 1.057116728e-17 5.738912537e-04
1.057116728e-17 1.446115342e-03 5.738912537e-04 4.263631129e-03 9.854122377e-04 5.738912537e-04

1.166010714e-03 1.836351805e-04 7.945432802e-04 3.437789113e-03 2.458970240e-03 4.627316587e-04
2.799898714e-01 0.000000000e+00 5.602558064e-02 1.836351805e-04 1.836351805e-04 1.836351805e-04
4.627316587e-04 0.000000000e+00 0.000000000e+00 1.943753280e-02 2.766392680e-02 1.836351805e-04
3.437789113e-03 4.627316587e-04 5.107647510e-01 3.748126435e-02 2.458970240e-03 1.201138260e-02
2.002123608e-03 2.458970240e-03 9.310235946e-03 7.403706538e-03 4.627316587e-04 1.836351805e-04
1.836351805e-04 7.403706538e-03 4.627316587e-04 6.793249489e-03 3.437789113e-03 4.627316587e-04

2.707004303e-03 6.464733937e-01 1.446535077e-03 4.263264629e-04 4.138972526e-03 1.844607474e-03
1.691877689e-04 0.000000000e+00 0.000000000e+00 1.507415444e-02 4.263264629e-04 1.446535077e-03
1.370420928e-02 0.000000000e+00 0.000000000e+00 1.577117206e-02 2.265511912e-03 1.844607474e-03
3.167322671e-03 0.000000000e+00 2.329057527e-01 2.391924345e-02 1.844607474e-03 1.844607474e-03
1.446535077e-03 1.844607474e-03 3.645039985e-03 1.844607474e-03 1.446535077e-03 1.844607474e-03
1.446535077e-03 3.167322671e-03 1.844607474e-03 3.645039985e-03 4.138972526e-03 2.265511912e-03

