5.639409848e-18 5.639409848e-18 5.639409848e-18 5.639409848e-18 5.639409848e-18 5.639409848e-18
5.639409848e-18 0.000000000e+00 5.639409848e-18 3.061542688e-04 5.639409848e-18 5.639409848e-18
5.639409848e-18 1.033025479e-02 8.932938175e-01 8.001255304e-02 5.639409848e-18 5.639409848e-18
5.639409848e-18 5.639409848e-18 3.713853727e-03 1.234336665e-02 5.639409848e-18 5.639409848e-18
5.639409848e-18 5.639409848e-18 5.639409848e-18 5.639409848e-18 5.639409848e-18 5.639409848e-18
5.639409848e-18 5.639409848e-18 5.639409848e-18 5.639409848e-18 5.639409848e-18 5.639409848e-18

5.250701102e-04 1.213544269e-04 1.213544269e-04 3.057939939e-04 1.213544269e-04 5.250701102e-04
4.094740065e-03 0.000000000e+00 0.000000000e+00 1.213544269e-04 5.304618866e-03 1.213544269e-04
1.213544269e-04 0.000000000e+00 3.057939939e-04 9.496277390e-01 1.284520018e-02 1.213544269e-04
1.213544269e-04 1.213544269e-04 1.496205531e-02 1.213544269e-04 1.213544269e-04 1.213544269e-04
1.323093769e-03 1.037565755e-03 4.892703903e-03 7.705525798e-04 1.213544269e-04 1.213544269e-04
7.705525798e-04 1.213544269e-04 1.213544269e-04 1.213544269e-04 5.250701102e-04 1.213544269e-04

1.051729193e-04 0.000000000e+00 1.051729193e-04 4.550567930e-04 1.051729193e-04 1.051729193e-04
1.051729193e-04 0.000000000e+00 0.000000000e+00 1.051729193e-04 1.051729193e-04 1.051729193e-04
1.051729193e-04 0.000000000e+00 0.000000000e+00 9.946311851e-01 1.051729193e-04 1.051729193e-04
1.051729193e-04 1.051729193e-04 1.051729193e-04 1.051729193e-04 1.968916392e-03 1.051729193e-04
1.051729193e-04 1.051729193e-04 1.051729193e-04 1.051729193e-04 1.051729193e-04 1.051729193e-04
1.051729193e-04 1.051729193e-04 1.051729193e-04 1.051729193e-04 1.051729193e-04 1.051729193e-04

1.093825074e-04 0.000000000e+00 5.077086246e-18 9.716488323e-01 5.077086246e-18 5.077086246e-18
1.093825074e-04 0.000000000e+00 0.000000000e+00 0.000000000e+00 5.077086246e-18 5.077086246e-18
5.077086246e-18 0.000000000e+00 0.000000000e+00 4.781304867e-03 1.093825074e-04 0.000000000e+00
5.077086246e-18 2.123011431e-02 1.093825074e-04 1.093825074e-04 1.464688464e-03 5.077086246e-18
1.093825074e-04 5.077086246e-18 5.077086246e-18 1.093825074e-04 5.077086246e-18 5.077086246e-18
5.077086246e-18 5.077086246e-18 1.093825074e-04 5.077086246e-18 5.077086246e-18 5.077086246e-18

