1.085041883e-17 2.337651873e-04 3.521581766e-02 2.337651873e-04 2.337651873e-04 1.085041883e-17
1.085041883e-17 1.085041883e-17 2.337651873e-04 6.422264143e-03 1.085041883e-17 1.797147171e-01
1.262032481e-01 2.337651873e-04 0.000000000e+00 7.131983273e-02 5.008379222e-02 1.085041883e-17
2.337651873e-04 1.085041883e-17 7.924088017e-02 1.085041883e-17 1.041858681e-01 1.011443223e-03
1.269072685e-02 1.085041883e-17 5.718780347e-03 5.736347095e-02 5.860039837e-02 4.653870867e-02
1.085041883e-17 2.337651873e-04 1.085041883e-17 9.011674692e-02 7.393694811e-02 1.085041883e-17

7.397746521e-18 7.397746521e-18 7.397746521e-18 7.397746521e-18 7.397746521e-18 7.397746521e-18
7.397746521e-18 7.397746521e-18 7.397746521e-18 7.397746521e-18 7.397746521e-18 7.397746521e-18
2.551033322e-02 7.397746521e-18 0.000000000e+00 9.538496841e-02 7.397746521e-18 7.397746521e-18
7.397746521e-18 6.050120828e-02 7.397746521e-18 0.000000000e+00 4.773930678e-02 5.643081992e-01
7.397746521e-18 7.397746521e-18 0.000000000e+00 2.065559841e-01 7.397746521e-18 7.397746521e-18
7.397746521e-18 7.397746521e-18 7.397746521e-18 7.397746521e-18 7.397746521e-18 7.397746521e-18

5.034275454e-18 5.034275454e-18 5.034275454e-18 5.034275454e-18 5.034275454e-18 5.034275454e-18
5.034275454e-18 5.034275454e-18 5.034275454e-18 5.034275454e-18 5.034275454e-18 5.034275454e-18
5.034275454e-18 5.034275454e-18 0.000000000e+00 9.620520491e-01 5.034275454e-18 5.034275454e-18
5.034275454e-18 0.000000000e+00 0.000000000e+00 0.000000000e+00 5.034275454e-18 1.182511324e-03
5.034275454e-18 5.034275454e-18 0.000000000e+00 3.676543959e-02 5.034275454e-18 5.034275454e-18
5.034275454e-18 5.034275454e-18 5.034275454e-18 5.034275454e-18 5.034275454e-18 5.034275454e-18

5.360219198e-18 5.360219198e-18 5.360219198e-18 5.360219198e-18 5.360219198e-18 5.360219198e-18
5.360219198e-18 5.360219198e-18 5.360219198e-18 5.360219198e-18 5.360219198e-18 5.360219198e-18
5.360219198e-18 5.360219198e-18 0.000000000e+00 8.791426742e-01 5.360219198e-18 5.360219198e-18
5.360219198e-18 0.000000000e+00 0.000000000e+00 0.000000000e+00 0.000000000e+00 0.000000000e+00
5.360219198e-18 5.360219198e-18 0.000000000e+00 1.208573258e-01 5.360219198e-18 5.360219198e-18
5.360219198e-18 5.360219198e-18 5.360219198e-18 5.360219198e-18 5.360219198e-18 5.360219198e-18

5.745002261e-18 5.745002261e-18 5.745002261e-18 5.745002261e-18 5.745002261e-18 5.745002261e-18
5.745002261e-18 5.745002261e-18 7.859052544e-04 0.000000000e+00 5.745002261e-18 5.745002261e-18
1.102776580e-02 0.000000000e+00 0.000000000e+00 7.942960658e-01 5.745002261e-18 5.745002261e-18
5.745002261e-18 0.000000000e+00 0.000000000e+00 0.000000000e+00 0.000000000e+00 0.000000000e+00
5.745002261e-18 5.745002261e-18 0.000000000e+00 1.938902631e-01 5.745002261e-18 5.745002261e-18
5.745002261e-18 5.745002261e-18 5.745002261e-18 5.745002261e-18 5.745002261e-18 5.745002261e-18

