1.946963941e-04 1.946963941e-04 1.946963941e-04 4.906041705e-04 1.946963941e-04 1.946963941e-04
4.906041705e-04 1.946963941e-04 1.946963941e-04 1.946963941e-04 1.946963941e-04 1.946963941e-04
1.946963941e-04 1.664630754e-03 1.946963941e-04 1.946963941e-04 1.946963941e-04 4.906041705e-04
2.842433384e-02 1.537940732e-01 8.558274634e-02 1.946963941e-04 1.946963941e-04 1.946963941e-04
1.747765003e-01 9.890151516e-02 1.905791152e-01 1.946963941e-04 1.946963941e-04 1.946963941e-04
1.946963941e-04 2.538852984e-01 5.951353004e-03 1.946963941e-04 4.906041705e-04 1.946963941e-04

5.115400143e-18 5.115400143e-18 5.115400143e-18 5.115400143e-18 5.115400143e-18 5.115400143e-18
5.115400143e-18 5.115400143e-18 1.102079552e-04 5.115400143e-18 5.115400143e-18 1.102079552e-04
5.115400143e-18 1.102079552e-04 1.102079552e-04 1.102079552e-04 1.102079552e-04 1.102079552e-04
5.983008303e-03 1.922506991e-02 5.115400143e-18 0.000000000e+00 5.115400143e-18 5.115400143e-18
5.115400143e-18 0.000000000e+00 9.704312849e-01 3.368765244e-03 1.102079552e-04 5.115400143e-18
5.115400143e-18 5.115400143e-18 1.102079552e-04 5.115400143e-18 5.115400143e-18 5.115400143e-18

5.500982575e-18 5.500982575e-18 5.500982575e-18 5.500982575e-18 5.500982575e-18 5.500982575e-18
5.500982575e-18 5.500982575e-18 5.500982575e-18 5.500982575e-18 5.500982575e-18 5.500982575e-18
5.500982575e-18 1.583543389e-01 1.185150769e-04 0.000000000e+00 5.500982575e-18 5.500982575e-18
8.407746222e-01 5.500982575e-18 0.000000000e+00 0.000000000e+00 5.500982575e-18 5.500982575e-18
5.500982575e-18 0.000000000e+00 7.525238310e-04 5.500982575e-18 5.500982575e-18 5.500982575e-18
5.500982575e-18 5.500982575e-18 5.500982575e-18 5.500982575e-18 5.500982575e-18 5.500982575e-18

4.690283184e-18 4.690283184e-18 4.690283184e-18 4.690283184e-18 4.690283184e-18 4.690283184e-18
4.690283184e-18 4.690283184e-18 4.690283184e-18 4.690283184e-18 4.690283184e-18 4.690283184e-18
4.690283184e-18 4.690283184e-18 1.616785408e-03 0.000000000e+00 4.690283184e-18 4.690283184e-18
9.983832146e-01 0.000000000e+00 0.000000000e+00 0.000000000e+00 4.690283184e-18 4.690283184e-18
4.690283184e-18 0.000000000e+00 4.690283184e-18 0.000000000e+00 4.690283184e-18 4.690283184e-18
4.690283184e-18 4.690283184e-18 4.690283184e-18 4.690283184e-18 4.690283184e-18 4.690283184e-18

