5.639409848e-18 5.639409848e-18 5.639409848e-18 5.639409848e-18 5.639409848e-18 5.639409848e-18
5.639409848e-18 0.000000000e+00 5.639409848e-18 3.061542688e-04 5.639409848e-18 5.639409848e-18
5.639409848e-18 1.033025479e-02 8.932938175e-01 8.001255304e-02 5.639409848e-18 5.639409848e-18
5.639409848e-18 5.639409848e-18 3.713853727e-03 1.234336665e-02 5.639409848e-18 5.639409848e-18
5.639409848e-18 5.639409848e-18 5.639409848e-18 5.639409848e-18 5.639409848e-18 5.639409848e-18
5.639409848e-18 5.639409848e-18 5.639409848e-18 5.639409848e-18 5.639409848e-18 5.639409848e-18

5.848902240e-18 5.848902240e-18 5.848902240e-18 5.848902240e-18 5.848902240e-18 5.848902240e-18
5.848902240e-18 0.000000000e+00 0.000000000e+00 5.848902240e-18 8.693651002e-01 5.452169750e-04
5.848902240e-18 1.260107789e-04 5.508156330e-03 8.001185717e-04 5.848902240e-18 5.848902240e-18
5.848902240e-18 2.714819933e-03 0.000000000e+00 4.489102265e-02 7.541450005e-02 5.848902240e-18
3.175272656e-04 5.848902240e-18 5.848902240e-18 3.175272656e-04 5.848902240e-18 5.848902240e-18
5.848902240e-18 5.848902240e-18 5.848902240e-18 5.848902240e-18 5.848902240e-18 5.848902240e-18

6.328481398e-18 6.328481398e-18 6.328481398e-18 6.328481398e-18 6.328481398e-18 6.328481398e-18
6.328481398e-18 0.000000000e+00 0.000000000e+00 0.000000000e+00 1.096315205e-01 6.328481398e-18
6.328481398e-18 6.328481398e-18 2.426425296e-01 6.473823870e-01 6.328481398e-18 6.328481398e-18
6.328481398e-18 6.328481398e-18 0.000000000e+00 6.328481398e-18 6.328481398e-18 6.328481398e-18
6.328481398e-18 6.328481398e-18 0.000000000e+00 3.435628279e-04 6.328481398e-18 6.328481398e-18
6.328481398e-18 6.328481398e-18 6.328481398e-18 6.328481398e-18 6.328481398e-18 6.328481398e-18

3.967631129e-04 1.574555457e-04 1.574555457e-04 1.574555457e-04 1.574555457e-04 1.574555457e-04
3.373458181e-02 0.000000000e+00 0.000000000e+00 0.000000000e+00 4.905380512e-01 4.980118147e-02
6.812705794e-04 1.574555457e-04 0.000000000e+00 3.795210639e-01 1.574555457e-04 1.574555457e-04
1.574555457e-04 1.574555457e-04 0.000000000e+00 0.000000000e+00 1.574555457e-04 3.967631129e-04
3.967631129e-04 1.574555457e-04 0.000000000e+00 1.574555457e-04 3.967631129e-04 1.574555457e-04
1.574555457e-04 2.372006650e-02 1.734322470e-02 3.967631129e-04 1.574555457e-04 1.574555457e-04

2.409193394e-03 3.242811059e-04 2.409193394e-03 2.059056674e-03 3.242811059e-04 1.403082857e-03
2.772564455e-03 0.000000000e+00 0.000000000e+00 0.000000000e+00 3.148269471e-03 2.772564455e-03
2.772564455e-03 1.286910422e-04 0.000000000e+00 9.414204524e-01 1.403082857e-03 1.100292933e-03
2.772564455e-03 0.000000000e+00 0.000000000e+00 0.000000000e+00 1.286910422e-04 2.772564455e-03
2.409193394e-03 0.000000000e+00 0.000000000e+00 6.070786942e-03 2.409193394e-03 5.568138007e-04
2.772564455e-03 5.568138007e-04 8.909020811e-03 4.342292076e-03 1.286910422e-04 1.723239752e-03

