8.180726246e-18 8.180726246e-18 8.180726246e-18 8.180726246e-18 8.180726246e-18 8.180726246e-18
8.180726246e-18 0.000000000e+00 8.180726246e-18 8.180726246e-18 8.180726246e-18 8.180726246e-18
8.180726246e-18 8.180726246e-18 8.180726246e-18 2.173005499e-02 8.180726246e-18 4.441181488e-04
8.180726246e-18 8.180726246e-18 6.278805015e-02 2.584974846e-01 8.180726246e-18 8.180726246e-18
8.180726246e-18 8.180726246e-18 2.904929758e-02 8.180726246e-18 5.084589700e-02 1.498543089e-02
8.180726246e-18 4.441181488e-04 7.625825554e-04 4.149675407e-01 1.454854252e-01 8.180726246e-18

1.461870803e-03 3.280179212e-03 3.378682009e-04 5.801438126e-04 3.378682009e-04 3.378682009e-04
6.223585473e-18 0.000000000e+00 5.801438126e-04 1.340830844e-04 1.340830844e-04 3.378682009e-04
9.087996005e-01 0.000000000e+00 1.146394246e-03 2.510136493e-03 3.378682009e-04 8.513745169e-04
5.801438126e-04 1.461870803e-03 2.888732484e-03 2.941307741e-02 1.340830844e-04 1.340830844e-04
8.513745169e-04 3.378682009e-04 2.888732484e-03 0.000000000e+00 6.325147611e-03 2.145329350e-03
3.378682009e-04 1.146394246e-03 1.461870803e-03 2.404189882e-02 2.888732484e-03 1.795441993e-03

7.805965904e-04 1.646180230e-03 1.051090233e-03 1.229362595e-04 1.229362595e-04 1.229362595e-04
0.000000000e+00 0.000000000e+00 4.148114246e-03 1.229362595e-04 1.229362595e-04 1.229362595e-04
9.450850016e-01 0.000000000e+00 1.229362595e-04 1.851987008e-02 5.319143022e-04 5.319143022e-04
1.229362595e-04 0.000000000e+00 1.095327501e-02 4.956479395e-03 1.229362595e-04 1.229362595e-04
1.229362595e-04 1.229362595e-04 7.805965904e-04 0.000000000e+00 7.805965904e-04 5.319143022e-04
1.229362595e-04 1.229362595e-04 5.319143022e-04 5.799314592e-03 3.097799622e-04 1.340340052e-03

5.215754817e-03 4.299645919e-04 4.299645919e-04 1.706315614e-04 7.382798881e-04 4.299645919e-04
0.000000000e+00 0.000000000e+00 5.215754817e-03 4.299645919e-04 1.706315614e-04 1.083442880e-03
4.647090872e-01 0.000000000e+00 0.000000000e+00 3.311797873e-02 1.706315614e-04 7.382798881e-04
1.661657925e-02 0.000000000e+00 0.000000000e+00 3.482713194e-02 1.706315614e-04 1.706315614e-04
1.458879328e-03 1.706315614e-04 3.875435936e-01 0.000000000e+00 1.083442880e-03 3.676145550e-03
4.299645919e-04 1.458879328e-03 2.103754204e-02 6.312204253e-03 9.263306321e-03 2.730104982e-03

3.721127223e-03 1.354460020e-04 3.413025382e-04 1.354460020e-04 1.354460020e-04 1.354460020e-04
0.000000000e+00 0.000000000e+00 2.535651340e-03 3.413025382e-04 1.354460020e-04 1.354460020e-04
1.897638576e-01 0.000000000e+00 0.000000000e+00 7.720367544e-01 3.413025382e-04 1.354460020e-04
2.167136033e-03 0.000000000e+00 0.000000000e+00 1.354460020e-04 5.860408147e-04 1.354460020e-04
1.476730317e-03 0.000000000e+00 0.000000000e+00 0.000000000e+00 8.600285045e-04 3.413025382e-04
3.413025382e-04 3.413025382e-04 1.354460020e-04 2.297365004e-02 3.413025382e-04 1.354460020e-04

