6.413307109e-18 6.413307109e-18 6.413307109e-18 6.413307109e-18 6.413307109e-18 6.413307109e-18
6.413307109e-18 6.413307109e-18 2.017194418e-02 7.241963307e-01 6.413307109e-18 6.413307109e-18
6.413307109e-18 1.023606802e-01 5.978290896e-04 1.381705132e-04 6.413307109e-18 6.413307109e-18
6.413307109e-18 1.519823633e-01 1.381705132e-04 0.000000000e+00 1.381705132e-04 6.413307109e-18
6.413307109e-18 6.413307109e-18 6.413307109e-18 1.381705132e-04 6.413307109e-18 6.413307109e-18
6.413307109e-18 6.413307109e-18 6.413307109e-18 6.413307109e-18 1.381705132e-04 6.413307109e-18

3.333550550e-03 1.090559191e-04 1.090559191e-04 1.090559191e-04 1.090559191e-04 1.090559191e-04
1.090559191e-04 0.000000000e+00 2.041609077e-03 0.000000000e+00 1.090559191e-04 1.090559191e-04
1.090559191e-04 2.748036961e-04 5.061927361e-18 9.871425608e-01 6.924619225e-04 1.090559191e-04
1.090559191e-04 1.744894705e-03 6.924619225e-04 0.000000000e+00 1.090559191e-04 1.090559191e-04
1.090559191e-04 1.090559191e-04 1.460315277e-03 1.090559191e-04 1.090559191e-04 1.090559191e-04
1.090559191e-04 1.090559191e-04 1.090559191e-04 1.090559191e-04 1.090559191e-04 1.090559191e-04

2.115878183e-02 1.599820231e-04 5.224557504e-01 1.599820231e-04 1.599820231e-04 1.599820231e-04
1.599820231e-04 0.000000000e+00 2.163437410e-01 0.000000000e+00 1.599820231e-04 1.015822527e-03
1.744239772e-03 1.599820231e-04 0.000000000e+00 0.000000000e+00 4.031294370e-04 1.599820231e-04
4.031294370e-04 2.111851311e-01 6.922020122e-04 0.000000000e+00 1.599820231e-04 1.599820231e-04
4.031294370e-04 1.599820231e-04 8.685160437e-03 1.169475683e-02 1.599820231e-04 1.599820231e-04
1.599820231e-04 6.922020122e-04 1.599820231e-04 1.599820231e-04 1.599820231e-04 4.031294370e-04

