4.797614235e-04 1.318551270e-01 1.208923033e-03 7.004186663e-02 1.854104702e-02 8.837280979e-18
8.837280979e-18 0.000000000e+00 8.837280979e-18 2.316371915e-01 8.837280979e-18 4.797614235e-04
1.618810597e-02 2.347402858e-02 3.587622241e-01 1.228189244e-01 8.837280979e-18 4.797614235e-04
4.797614235e-04 8.837280979e-18 4.101902471e-03 4.797614235e-04 8.837280979e-18 1.033614654e-02
7.676182775e-03 8.837280979e-18 8.837280979e-18 8.837280979e-18 8.837280979e-18 4.797614235e-04
8.837280979e-18 8.837280979e-18 8.837280979e-18 4.797614235e-04 8.837280979e-18 8.837280979e-18

1.928230345e-04 8.475927318e-02 3.650352256e-01 1.485217452e-02 2.102296241e-03 8.950052439e-18
4.858836002e-04 0.000000000e+00 0.000000000e+00 1.844435655e-01 4.858836002e-04 1.928230345e-04
3.457432313e-02 8.950052439e-18 0.000000000e+00 1.958959922e-02 1.928230345e-04 1.928230345e-04
3.085168552e-03 1.959696965e-01 7.547488780e-02 7.774137603e-03 8.950052439e-18 1.928230345e-04
1.928230345e-04 1.928230345e-04 8.342968160e-04 8.950052439e-18 8.950052439e-18 4.858836002e-04
1.928230345e-04 4.858836002e-04 4.858836002e-04 6.506233230e-03 8.342968160e-04 1.928230345e-04

1.834450867e-04 1.037807337e-01 1.269953268e-02 3.652082480e-02 1.834450867e-04 1.834450867e-04
1.834450867e-04 0.000000000e+00 0.000000000e+00 5.607430344e-03 1.049753263e-01 1.834450867e-04
0.000000000e+00 0.000000000e+00 0.000000000e+00 4.622526526e-04 1.834450867e-04 1.834450867e-04
4.622526526e-04 5.280756613e-01 1.634444137e-02 1.834450867e-04 1.834450867e-04 1.834450867e-04
9.785958945e-02 1.834450867e-04 4.622526526e-04 4.622526526e-04 7.618857560e-02 1.834450867e-04
1.199894877e-02 1.834450867e-04 1.834450867e-04 1.834450867e-04 1.164803695e-03 1.834450867e-04

5.515904655e-18 5.515904655e-18 5.515904655e-18 5.515904655e-18 5.515904655e-18 5.515904655e-18
5.515904655e-18 0.000000000e+00 0.000000000e+00 0.000000000e+00 5.515904655e-18 5.515904655e-18
0.000000000e+00 0.000000000e+00 0.000000000e+00 5.515904655e-18 5.515904655e-18 5.515904655e-18
0.000000000e+00 5.515904655e-18 8.227586404e-01 5.515904655e-18 5.515904655e-18 5.515904655e-18
5.515904655e-18 1.772413596e-01 5.515904655e-18 5.515904655e-18 5.515904655e-18 5.515904655e-18
5.515904655e-18 5.515904655e-18 5.515904655e-18 5.515904655e-18 5.515904655e-18 5.515904655e-18

3.832629941e-02 3.698745002e-02 3.698745002e-02 3.698745002e-02 3.698745002e-02 3.698745002e-02
3.698745002e-02 0.000000000e+00 0.000000000e+00 0.000000000e+00 3.698745002e-02 3.698745002e-02
0.000000000e+00 0.000000000e+00 0.000000000e+00 0.000000000e+00 3.698745002e-02 3.698745002e-02
0.000000000e+00 0.000000000e+00 3.698745002e-02 3.698745002e-02 3.698745002e-02 3.698745002e-02
3.698745002e-02 3.698745002e-02 3.698745002e-02 3.698745002e-02 3.698745002e-02 3.698745002e-02
3.698745002e-02 3.698745002e-02 3.698745002e-02 3.698745002e-02 3.698745002e-02 3.698745002e-02

