7.400415018e-18 7.400415018e-18 7.400415018e-18 7.400415018e-18 7.400415018e-18 7.400415018e-18
7.400415018e-18 1.012362534e-03 1.594371084e-04 1.594371084e-04 7.400415018e-18 7.400415018e-18
7.400415018e-18 7.400415018e-18 1.756148749e-02 4.265598703e-01 7.400415018e-18 7.400415018e-18
7.400415018e-18 1.159026743e-01 3.230467179e-01 1.137002774e-01 7.400415018e-18 7.400415018e-18
7.400415018e-18 1.738298717e-03 7.400415018e-18 1.594371084e-04 7.400415018e-18 7.400415018e-18
7.400415018e-18 7.400415018e-18 7.400415018e-18 7.400415018e-18 7.400415018e-18 7.400415018e-18

6.659974778e-18 6.659974778e-18 6.659974778e-18 6.659974778e-18 6.659974778e-18 6.659974778e-18
6.659974778e-18 8.304533873e-02 6.659974778e-18 6.659974778e-18 6.659974778e-18 6.659974778e-18
1.921335930e-03 0.000000000e+00 6.659974778e-18 4.743743922e-01 6.208227036e-04 6.659974778e-18
6.659974778e-18 4.257035991e-01 0.000000000e+00 1.397295229e-02 6.659974778e-18 6.659974778e-18
6.659974778e-18 6.659974778e-18 6.659974778e-18 3.615590573e-04 6.659974778e-18 6.659974778e-18
6.659974778e-18 6.659974778e-18 6.659974778e-18 6.659974778e-18 6.659974778e-18 6.659974778e-18

1.199121998e-04 5.565831277e-18 5.565831277e-18 5.565831277e-18 5.565831277e-18 5.565831277e-18
5.565831277e-18 9.009376781e-01 1.199121998e-04 5.565831277e-18 3.021598094e-04 5.565831277e-18
1.605686504e-03 0.000000000e+00 0.000000000e+00 0.000000000e+00 5.565831277e-18 5.565831277e-18
5.565831277e-18 7.896861237e-02 0.000000000e+00 5.565831277e-18 5.565831277e-18 5.565831277e-18
5.565831277e-18 4.435933726e-03 5.565831277e-18 5.565831277e-18 1.320794524e-02 5.565831277e-18
5.565831277e-18 5.565831277e-18 5.565831277e-18 5.565831277e-18 5.565831277e-18 3.021598094e-04

5.104486351e-18 5.104486351e-18 5.104486351e-18 5.104486351e-18 5.104486351e-18 5.104486351e-18
5.104486351e-18 5.241057719e-02 5.104486351e-18 5.104486351e-18 0.000000000e+00 5.104486351e-18
5.104486351e-18 0.000000000e+00 0.000000000e+00 0.000000000e+00 5.104486351e-18 5.104486351e-18
5.104486351e-18 9.471135980e-01 0.000000000e+00 0.000000000e+00 5.104486351e-18 5.104486351e-18
5.104486351e-18 5.104486351e-18 5.104486351e-18 5.104486351e-18 4.758247775e-04 5.104486351e-18
5.104486351e-18 5.104486351e-18 5.104486351e-18 5.104486351e-18 5.104486351e-18 5.104486351e-18

