1.439980377e-04 3.628523176e-04 1.439980377e-04 6.230433239e-04 3.628523176e-04 1.439980377e-04
1.439980377e-04 6.683796837e-18 6.230433239e-04 1.439980377e-04 6.683796837e-18 3.628523176e-04
1.439980377e-04 1.231165904e-03 1.166384105e-02 5.805637082e-03 1.439980377e-04 3.628523176e-04
2.303968603e-03 3.382399548e-02 6.683796837e-18 7.859378555e-01 1.439980377e-04 1.439980377e-04
1.439980377e-04 1.439980377e-04 1.250786593e-01 1.439980377e-04 1.439980377e-04 1.439980377e-04
6.683796837e-18 3.628523176e-04 2.794866267e-02 1.439980377e-04 3.628523176e-04 6.230433239e-04

4.784606445e-18 4.784606445e-18 4.784606445e-18 4.784606445e-18 4.784606445e-18 4.784606445e-18
4.784606445e-18 4.784606445e-18 4.784606445e-18 4.784606445e-18 4.784606445e-18 4.784606445e-18
4.784606445e-18 1.030812211e-04 1.030812211e-04 1.030812211e-04 4.784606445e-18 4.784606445e-18
4.460065403e-04 0.000000000e+00 0.000000000e+00 4.784606445e-18 4.784606445e-18 4.784606445e-18
6.545249549e-04 4.784606445e-18 9.952331425e-01 1.030812211e-04 4.784606445e-18 4.784606445e-18
4.784606445e-18 4.784606445e-18 3.150919859e-03 4.784606445e-18 1.030812211e-04 4.784606445e-18

5.845055915e-18 5.845055915e-18 5.845055915e-18 5.845055915e-18 5.845055915e-18 5.845055915e-18
5.845055915e-18 5.845055915e-18 5.845055915e-18 5.845055915e-18 5.845055915e-18 5.845055915e-18
5.845055915e-18 5.845055915e-18 5.845055915e-18 5.845055915e-18 5.845055915e-18 5.845055915e-18
5.845055915e-18 0.000000000e+00 0.000000000e+00 0.000000000e+00 5.845055915e-18 5.845055915e-18
5.845055915e-18 0.000000000e+00 5.845055915e-18 4.394031242e-01 5.845055915e-18 5.845055915e-18
5.845055915e-18 5.845055915e-18 5.605968758e-01 5.845055915e-18 5.845055915e-18 5.845055915e-18

4.647784847e-18 4.647784847e-18 4.647784847e-18 4.647784847e-18 4.647784847e-18 4.647784847e-18
4.647784847e-18 4.647784847e-18 4.647784847e-18 4.647784847e-18 4.647784847e-18 4.647784847e-18
4.647784847e-18 4.647784847e-18 4.647784847e-18 4.647784847e-18 4.647784847e-18 4.647784847e-18
0.000000000e+00 0.000000000e+00 0.000000000e+00 0.000000000e+00 4.647784847e-18 4.647784847e-18
4.647784847e-18 0.000000000e+00 0.000000000e+00 4.647784847e-18 4.647784847e-18 4.647784847e-18
4.647784847e-18 4.647784847e-18 1.000000000e+00 4.647784847e-18 4.647784847e-18 4.647784847e-18

