6.230037824e-18 6.230037824e-18 6.230037824e-18 6.230037824e-18 6.230037824e-18 6.230037824e-18
6.230037824e-18 6.230037824e-18 0.000000000e+00 6.230037824e-18 3.382184885e-04 6.230037824e-18
6.230037824e-18 6.230037824e-18 4.302327656e-01 5.454827984e-01 1.342220961e-04 6.230037824e-18
6.230037824e-18 3.382184885e-04 1.714755267e-02 4.528920852e-03 1.797303431e-03 6.230037824e-18
6.230037824e-18 6.230037824e-18 6.230037824e-18 6.230037824e-18 6.230037824e-18 6.230037824e-18
6.230037824e-18 6.230037824e-18 6.230037824e-18 6.230037824e-18 6.230037824e-18 6.230037824e-18

5.864138637e-18 5.864138637e-18 5.864138637e-18 1.263390371e-04 5.864138637e-18 5.864138637e-18
5.864138637e-18 5.864138637e-18 0.000000000e+00 0.000000000e+00 5.864138637e-18 5.864138637e-18
5.864138637e-18 5.864138637e-18 0.000000000e+00 5.864138637e-18 5.864138637e-18 5.864138637e-18
5.864138637e-18 5.864138637e-18 5.446109957e-01 4.551363262e-01 5.864138637e-18 5.864138637e-18
5.864138637e-18 5.864138637e-18 5.864138637e-18 1.263390371e-04 5.864138637e-18 5.864138637e-18
5.864138637e-18 5.864138637e-18 5.864138637e-18 5.864138637e-18 5.864138637e-18 5.864138637e-18

9.358176644e-18 9.358176644e-18 9.358176644e-18 1.396270610e-01 9.358176644e-18 1.879401540e-02
9.358176644e-18 9.358176644e-18 0.000000000e+00 0.000000000e+00 6.949889314e-02 9.358176644e-18
9.358176644e-18 0.000000000e+00 0.000000000e+00 0.000000000e+00 9.358176644e-18 9.358176644e-18
9.109460833e-02 9.358176644e-18 9.358176644e-18 1.854157121e-01 1.088467005e-01 9.358176644e-18
9.358176644e-18 8.739556191e-02 9.358176644e-18 1.943506703e-01 9.358176644e-18 9.358176644e-18
1.049767772e-01 9.358176644e-18 9.358176644e-18 9.358176644e-18 9.358176644e-18 9.358176644e-18

4.994148350e-18 4.994148350e-18 4.994148350e-18 3.585812491e-02 4.994148350e-18 4.994148350e-18
4.994148350e-18 0.000000000e+00 0.000000000e+00 0.000000000e+00 4.994148350e-18 4.994148350e-18
4.994148350e-18 0.000000000e+00 0.000000000e+00 0.000000000e+00 4.994148350e-18 4.994148350e-18
4.994148350e-18 4.994148350e-18 0.000000000e+00 4.994148350e-18 4.994148350e-18 4.994148350e-18
4.994148350e-18 4.994148350e-18 4.994148350e-18 9.641418751e-01 4.994148350e-18 4.994148350e-18
4.994148350e-18 4.994148350e-18 4.994148350e-18 4.994148350e-18 4.994148350e-18 4.994148350e-18

