8.415430233e-18 8.415430233e-18 8.415430233e-18 8.415430233e-18 8.415430233e-18 8.415430233e-18
8.415430233e-18 8.415430233e-18 1.133155927e-01 8.527822565e-02 8.415430233e-18 8.415430233e-18
8.415430233e-18 4.258709251e-02 3.792217545e-02 5.430664654e-02 8.415430233e-18 8.415430233e-18
8.415430233e-18 1.614333019e-01 4.544963395e-02 4.591634165e-01 1.813049483e-04 8.415430233e-18
8.415430233e-18 8.415430233e-18 8.415430233e-18 1.813049483e-04 1.813049483e-04 8.415430233e-18
8.415430233e-18 8.415430233e-18 8.415430233e-18 8.415430233e-18 8.415430233e-18 8.415430233e-18

6.683878694e-18 3.430581421e-01 6.683878694e-18 6.683878694e-18 6.683878694e-18 6.683878694e-18
6.683878694e-18 0.000000000e+00 6.683878694e-18 2.463414016e-01 6.683878694e-18 6.683878694e-18
6.683878694e-18 6.683878694e-18 0.000000000e+00 6.683878694e-18 6.683878694e-18 6.683878694e-18
6.683878694e-18 4.103124567e-01 6.683878694e-18 1.439998012e-04 6.683878694e-18 6.683878694e-18
6.683878694e-18 1.439998012e-04 6.683878694e-18 6.683878694e-18 6.683878694e-18 6.683878694e-18
6.683878694e-18 6.683878694e-18 6.683878694e-18 6.683878694e-18 6.683878694e-18 6.683878694e-18

7.350406693e-18 7.547068027e-02 7.350406693e-18 7.350406693e-18 7.350406693e-18 7.350406693e-18
7.350406693e-18 0.000000000e+00 0.000000000e+00 7.350406693e-18 7.350406693e-18 7.350406693e-18
7.350406693e-18 0.000000000e+00 0.000000000e+00 7.350406693e-18 7.350406693e-18 1.005521491e-03
7.350406693e-18 7.350406693e-18 7.350406693e-18 2.115928885e-01 7.350406693e-18 3.194478943e-01
7.350406693e-18 3.802216677e-01 7.350406693e-18 7.350406693e-18 6.851826782e-04 7.350406693e-18
7.350406693e-18 1.157616515e-02 7.350406693e-18 7.350406693e-18 7.350406693e-18 7.350406693e-18

6.171010606e-18 5.431471349e-01 6.171010606e-18 6.171010606e-18 6.171010606e-18 6.171010606e-18
6.171010606e-18 0.000000000e+00 0.000000000e+00 0.000000000e+00 6.171010606e-18 2.127206291e-03
6.171010606e-18 0.000000000e+00 0.000000000e+00 6.171010606e-18 6.171010606e-18 6.171010606e-18
6.171010606e-18 0.000000000e+00 6.171010606e-18 4.918257975e-03 6.171010606e-18 6.171010606e-18
6.171010606e-18 4.368603193e-01 6.171010606e-18 6.171010606e-18 6.171010606e-18 6.171010606e-18
6.171010606e-18 1.294708158e-02 6.171010606e-18 6.171010606e-18 6.171010606e-18 6.171010606e-18

