4.034102739e-04 5.051454219e-01 8.540256842e-02 4.034102739e-04 1.600934733e-04 7.430880780e-18
3.301177392e-01 7.430880780e-18 2.638663862e-02 1.600934733e-04 7.430880780e-18 4.034102739e-04
3.449109325e-03 3.928522211e-02 3.916491670e-03 1.600934733e-04 1.600934733e-04 7.430880780e-18
4.034102739e-04 1.600934733e-04 1.600934733e-04 0.000000000e+00 4.034102739e-04 1.600934733e-04
4.034102739e-04 7.430880780e-18 7.430880780e-18 4.034102739e-04 6.926842292e-04 1.600934733e-04
7.430880780e-18 7.430880780e-18 4.034102739e-04 4.034102739e-04 6.926842292e-04 7.430880780e-18

2.760965139e-03 8.070623717e-02 1.456210951e-01 5.195613829e-04 2.061880715e-04 1.309212646e-03
1.657929782e-01 0.000000000e+00 3.247258643e-01 2.061880715e-04 9.570402500e-18 2.061880715e-04
1.194600236e-02 9.955120077e-02 1.060462243e-01 5.195613829e-04 2.061880715e-04 5.195613829e-04
9.570402500e-18 0.000000000e+00 5.195613829e-04 0.000000000e+00 2.061880715e-04 5.195613829e-04
6.957196194e-03 2.760965139e-03 6.957196194e-03 1.670123379e-02 5.044139823e-03 2.061880715e-04
2.061880715e-04 5.195613829e-04 1.119361067e-02 3.299009143e-03 3.859996247e-03 2.061880715e-04

2.479828503e-04 1.244026030e-01 7.704254256e-02 3.967725604e-03 2.839089214e-02 2.479828503e-04
5.439864994e-02 0.000000000e+00 6.614244244e-02 4.446480793e-02 1.346258035e-02 3.320618889e-03
5.342628551e-03 6.480961719e-02 1.322875436e-01 1.386815758e-01 2.479828503e-04 9.559767223e-02
2.479828503e-04 0.000000000e+00 0.000000000e+00 0.000000000e+00 6.085233302e-02 1.072959478e-03
6.248776261e-04 1.169818057e-02 0.000000000e+00 2.624864568e-02 3.392357673e-02 2.479828503e-04
2.479828503e-04 2.479828503e-04 3.320618889e-03 4.642426037e-03 2.479828503e-04 3.320618889e-03

6.625751704e-04 1.309282882e-03 2.050552395e-03 1.531346548e-04 6.625751704e-04 1.531346548e-04
5.167068252e-03 0.000000000e+00 9.723444487e-04 6.625751704e-04 3.858751502e-04 3.858751502e-04
1.179518113e-02 1.531346548e-04 0.000000000e+00 5.664938021e-03 0.000000000e+00 5.167068252e-03
1.531346548e-04 0.000000000e+00 0.000000000e+00 0.000000000e+00 4.141094815e-01 5.218190890e-01
1.531346548e-04 3.858751502e-04 0.000000000e+00 1.240390704e-02 1.531346548e-04 6.625751704e-04
1.531346548e-04 1.531346548e-04 1.531346548e-04 2.450154477e-03 4.680920735e-03 7.223873918e-03

4.720328838e-18 4.720328838e-18 1.016964020e-04 4.720328838e-18 4.720328838e-18 4.720328838e-18
4.720328838e-18 0.000000000e+00 4.720328838e-18 0.000000000e+00 4.720328838e-18 4.720328838e-18
4.720328838e-18 4.720328838e-18 0.000000000e+00 6.457319019e-04 0.000000000e+00 2.562588751e-04
4.720328838e-18 0.000000000e+00 0.000000000e+00 0.000000000e+00 4.720328838e-18 9.980251244e-01
4.720328838e-18 4.720328838e-18 0.000000000e+00 8.694920062e-04 0.000000000e+00 4.720328838e-18
4.720328838e-18 4.720328838e-18 4.720328838e-18 4.720328838e-18 1.016964020e-04 4.720328838e-18

