1.946963941e-04 1.946963941e-04 1.946963941e-04 4.906041705e-04 1.946963941e-04 1.946963941e-04
4.906041705e-04 1.946963941e-04 1.946963941e-04 1.946963941e-04 1.946963941e-04 1.946963941e-04
1.946963941e-04 1.664630754e-03 1.946963941e-04 1.946963941e-04 1.946963941e-04 4.906041705e-04
2.842433384e-02 1.537940732e-01 8.558274634e-02 1.946963941e-04 1.946963941e-04 1.946963941e-04
1.747765003e-01 9.890151516e-02 1.905791152e-01 1.946963941e-04 1.946963941e-04 1.946963941e-04
1.946963941e-04 2.538852984e-01 5.951353004e-03 1.946963941e-04 4.906041705e-04 1.946963941e-04

6.437011265e-18 6.437011265e-18 6.437011265e-18 6.437011265e-18 6.437011265e-18 6.437011265e-18
6.437011265e-18 6.437011265e-18 6.437011265e-18 6.437011265e-18 6.437011265e-18 6.437011265e-18
6.437011265e-18 6.437011265e-18 1.386812037e-04 6.437011265e-18 6.437011265e-18 1.386812037e-04
6.437011265e-18 4.679380024e-03 2.091404752e-01 0.000000000e+00 6.437011265e-18 6.437011265e-18
6.862572591e-01 0.000000000e+00 6.437011265e-18 9.509492355e-02 1.386812037e-04 6.437011265e-18
6.437011265e-18 8.805707545e-04 3.392666595e-03 6.437011265e-18 1.386812037e-04 6.437011265e-18

5.965872140e-18 5.965872140e-18 5.965872140e-18 1.285308190e-04 5.965872140e-18 5.965872140e-18
1.285308190e-04 5.965872140e-18 5.965872140e-18 5.965872140e-18 5.965872140e-18 1.285308190e-04
5.965872140e-18 5.965872140e-18 8.161198289e-04 5.965872140e-18 5.965872140e-18 3.238773687e-04
5.965872140e-18 2.143851097e-01 3.928846649e-03 0.000000000e+00 1.285308190e-04 5.965872140e-18
7.640565438e-01 0.000000000e+00 0.000000000e+00 0.000000000e+00 1.285308190e-04 5.965872140e-18
5.965872140e-18 1.584684853e-02 5.965872140e-18 5.965872140e-18 5.965872140e-18 5.965872140e-18

1.242272168e-04 1.242272168e-04 1.242272168e-04 3.130329709e-04 1.242272168e-04 1.242272168e-04
1.242272168e-04 1.242272168e-04 1.242272168e-04 1.242272168e-04 1.242272168e-04 1.242272168e-04
3.130329709e-04 1.242272168e-04 3.039067426e-03 0.000000000e+00 1.242272168e-04 3.130329709e-04
1.242272168e-04 8.767404737e-01 0.000000000e+00 0.000000000e+00 1.242272168e-04 1.242272168e-04
1.016573216e-01 0.000000000e+00 0.000000000e+00 0.000000000e+00 1.242272168e-04 1.242272168e-04
1.242272168e-04 1.476681236e-02 1.242272168e-04 1.242272168e-04 1.242272168e-04 1.242272168e-04

1.186728447e-04 2.990368303e-04 1.898765516e-03 7.535255943e-04 1.186728447e-04 1.186728447e-04
1.186728447e-04 1.186728447e-04 7.535255943e-04 1.293857220e-03 1.186728447e-04 1.186728447e-04
3.488958615e-02 0.000000000e+00 1.410656759e-02 0.000000000e+00 1.293857220e-03 1.186728447e-04
1.186728447e-04 0.000000000e+00 0.000000000e+00 0.000000000e+00 1.186728447e-04 1.186728447e-04
9.420616995e-01 0.000000000e+00 0.000000000e+00 0.000000000e+00 1.186728447e-04 1.186728447e-04
5.134675780e-04 1.186728447e-04 1.186728447e-04 1.186728447e-04 1.186728447e-04 1.186728447e-04

