7.461337435e-18 7.461337435e-18 7.461337435e-18 7.461337435e-18 7.461337435e-18 7.461337435e-18
7.461337435e-18 6.955233065e-04 4.050637156e-04 1.565425028e-02 7.461337435e-18 7.461337435e-18
7.461337435e-18 4.050637156e-04 7.461337435e-18 2.599382885e-01 1.981917839e-02 7.461337435e-18
7.461337435e-18 5.174894150e-02 5.576151879e-01 4.287544052e-02 7.461337435e-18 7.461337435e-18
7.461337435e-18 7.461337435e-18 5.084306214e-02 7.461337435e-18 7.461337435e-18 7.461337435e-18
7.461337435e-18 7.461337435e-18 7.461337435e-18 7.461337435e-18 7.461337435e-18 7.461337435e-18

3.137714401e-02 7.906544844e-18 7.906544844e-18 7.906544844e-18 7.906544844e-18 7.906544844e-18
7.906544844e-18 2.697025383e-01 7.906544844e-18 4.451822916e-02 7.906544844e-18 7.906544844e-18
7.906544844e-18 0.000000000e+00 0.000000000e+00 1.703413449e-04 7.906544844e-18 7.906544844e-18
7.906544844e-18 2.100176061e-02 4.265707650e-01 7.906544844e-18 7.906544844e-18 7.906544844e-18
7.906544844e-18 7.906544844e-18 4.270127124e-02 7.906544844e-18 1.616769914e-01 7.906544844e-18
7.906544844e-18 7.906544844e-18 7.906544844e-18 7.906544844e-18 7.906544844e-18 2.280958893e-03

1.468768051e-01 7.533115476e-18 7.533115476e-18 7.533115476e-18 7.533115476e-18 7.533115476e-18
7.533115476e-18 7.533115476e-18 7.533115476e-18 7.533115476e-18 7.533115476e-18 7.533115476e-18
7.533115476e-18 0.000000000e+00 0.000000000e+00 7.533115476e-18 7.533115476e-18 7.533115476e-18
7.533115476e-18 0.000000000e+00 7.533115476e-18 0.000000000e+00 7.533115476e-18 7.533115476e-18
7.533115476e-18 7.533115476e-18 3.346595275e-01 7.533115476e-18 3.611613811e-01 7.533115476e-18
7.533115476e-18 5.042163426e-02 7.533115476e-18 7.533115476e-18 7.533115476e-18 1.068806520e-01

6.949556203e-01 6.088377953e-18 6.088377953e-18 6.088377953e-18 6.088377953e-18 6.088377953e-18
6.088377953e-18 0.000000000e+00 3.784126604e-02 6.088377953e-18 6.088377953e-18 6.088377953e-18
6.088377953e-18 0.000000000e+00 0.000000000e+00 6.088377953e-18 6.088377953e-18 6.088377953e-18
6.088377953e-18 0.000000000e+00 6.088377953e-18 0.000000000e+00 6.088377953e-18 6.088377953e-18
6.088377953e-18 6.088377953e-18 2.657730020e-01 6.088377953e-18 0.000000000e+00 6.088377953e-18
6.088377953e-18 1.430111630e-03 6.088377953e-18 6.088377953e-18 6.088377953e-18 6.088377953e-18

1.558219250e-02 4.954078054e-18 4.954078054e-18 4.954078054e-18 4.954078054e-18 4.954078054e-18
4.954078054e-18 0.000000000e+00 5.794324843e-03 4.954078054e-18 4.954078054e-18 4.954078054e-18
4.954078054e-18 0.000000000e+00 0.000000000e+00 4.954078054e-18 4.954078054e-18 4.954078054e-18
4.954078054e-18 0.000000000e+00 0.000000000e+00 0.000000000e+00 4.954078054e-18 4.954078054e-18
4.954078054e-18 0.000000000e+00 9.786234827e-01 4.954078054e-18 0.000000000e+00 4.954078054e-18
4.954078054e-18 4.954078054e-18 4.954078054e-18 4.954078054e-18 4.954078054e-18 4.954078054e-18

2.917733341e-02 5.077543867e-18 5.077543867e-18 5.077543867e-18 5.077543867e-18 5.077543867e-18
5.077543867e-18 0.000000000e+00 5.077543867e-18 5.077543867e-18 5.077543867e-18 5.077543867e-18
5.077543867e-18 0.000000000e+00 0.000000000e+00 9.632496541e-01 5.077543867e-18 5.077543867e-18
5.077543867e-18 0.000000000e+00 0.000000000e+00 0.000000000e+00 5.077543867e-18 5.077543867e-18
5.077543867e-18 0.000000000e+00 0.000000000e+00 5.077543867e-18 0.000000000e+00 5.077543867e-18
5.077543867e-18 0.000000000e+00 5.077543867e-18 7.573012489e-03 5.077543867e-18 5.077543867e-18

4.309092928e-02 5.188321222e-18 3.070920106e-03 5.188321222e-18 5.188321222e-18 5.188321222e-18
5.188321222e-18 0.000000000e+00 1.218695452e-03 7.097523594e-04 5.188321222e-18 5.188321222e-18
5.188321222e-18 0.000000000e+00 0.000000000e+00 9.511999504e-01 5.188321222e-18 5.188321222e-18
5.188321222e-18 0.000000000e+00 0.000000000e+00 0.000000000e+00 5.188321222e-18 5.188321222e-18
5.188321222e-18 0.000000000e+00 0.000000000e+00 0.000000000e+00 0.000000000e+00 5.188321222e-18
5.188321222e-18 0.000000000e+00 7.097523594e-04 0.000000000e+00 5.188321222e-18 5.188321222e-18

4.618203788e-02 4.618203788e-02 4.618203788e-02 4.618203788e-02 4.618203788e-02 4.618203788e-02
4.618203788e-02 0.000000000e+00 4.618203788e-02 4.618203788e-02 4.618203788e-02 4.484830177e-02
0.000000000e+00 0.000000000e+00 0.000000000e+00 4.484830177e-02 4.484830177e-02 4.484830177e-02
4.484830177e-02 0.000000000e+00 0.000000000e+00 0.000000000e+00 4.484830177e-02 4.484830177e-02
0.000000000e+00 0.000000000e+00 0.000000000e+00 0.000000000e+00 0.000000000e+00 4.484830177e-02
4.484830177e-02 0.000000000e+00 4.484830177e-02 0.000000000e+00 4.484830177e-02 4.484830177e-02

5.000000000e-02 5.000000000e-02 5.000000000e-02 5.000000000e-02 5.000000000e-02 5.000000000e-02
5.000000000e-02 0.000000000e+00 5.000000000e-02 0.000000000e+00 5.000000000e-02 5.000000000e-02
0.000000000e+00 0.000000000e+00 0.000000000e+00 0.000000000e+00 5.000000000e-02 5.000000000e-02
5.000000000e-02 0.000000000e+00 0.000000000e+00 0.000000000e+00 5.000000000e-02 5.000000000e-02
0.000000000e+00 0.000000000e+00 0.000000000e+00 0.000000000e+00 0.000000000e+00 5.000000000e-02
5.000000000e-02 0.000000000e+00 5.000000000e-02 0.000000000e+00 5.000000000e-02 5.000000000e-02

