8.057185412e-18 8.057185412e-18 1.268927188e-02 8.057185412e-18 8.057185412e-18 8.057185412e-18
4.374113205e-04 4.374113205e-04 1.712117560e-01 4.374113205e-04 8.057185412e-18 8.057185412e-18
1.484146243e-03 1.371192352e-01 8.057185412e-18 7.843046539e-02 8.057185412e-18 1.484146243e-03
8.057185412e-18 8.057185412e-18 3.563825877e-01 2.389615042e-01 8.057185412e-18 8.057185412e-18
8.057185412e-18 8.057185412e-18 8.057185412e-18 8.057185412e-18 0.000000000e+00 1.735867976e-04
8.057185412e-18 8.057185412e-18 8.057185412e-18 8.057185412e-18 7.510664526e-04 8.057185412e-18

8.138592930e-18 8.138592930e-18 2.347902438e-03 8.138592930e-18 8.138592930e-18 8.138592930e-18
8.138592930e-18 8.138592930e-18 1.911690847e-03 5.943634778e-02 8.138592930e-18 2.805450710e-03
2.805450710e-03 3.282509609e-03 0.000000000e+00 1.664220270e-01 5.154981667e-02 8.138592930e-18
8.138592930e-18 8.138592930e-18 5.305946634e-01 8.138592930e-18 8.271405906e-03 1.911690847e-03
2.805450710e-03 8.138592930e-18 1.447361295e-01 0.000000000e+00 0.000000000e+00 1.213848024e-02
8.138592930e-18 8.138592930e-18 8.138592930e-18 1.911690847e-03 7.069292808e-03 8.138592930e-18

1.313967714e-03 1.313967714e-03 1.675558861e-03 1.313967714e-03 1.313967714e-03 1.313967714e-03
1.313967714e-03 1.313967714e-03 1.675558861e-03 4.697669849e-03 1.313967714e-03 2.057889613e-03
1.675558861e-03 1.313967714e-03 0.000000000e+00 2.606684676e-02 2.458921538e-03 1.313967714e-03
1.313967714e-03 1.313967714e-03 8.001904285e-02 0.000000000e+00 0.000000000e+00 1.313967714e-03
1.313967714e-03 9.758236590e-04 5.386062395e-02 0.000000000e+00 0.000000000e+00 7.985337038e-01
1.313967714e-03 1.675558861e-03 1.313967714e-03 1.313967714e-03 9.758236590e-04 1.313967714e-03

3.811281571e-03 7.654192398e-04 4.860109226e-03 1.512508094e-03 4.457701968e-04 2.830464317e-03
1.928735624e-03 1.123270509e-03 5.407487257e-03 7.132323149e-03 1.769040199e-04 1.512508094e-03
3.311776709e-03 2.368836511e-03 0.000000000e+00 4.886197335e-01 6.544242446e-03 7.654192398e-04
1.928735624e-03 4.457701968e-04 2.194148832e-01 0.000000000e+00 0.000000000e+00 1.512508094e-03
1.123270509e-03 5.407487257e-03 0.000000000e+00 0.000000000e+00 0.000000000e+00 2.152256338e-01
4.327741199e-03 1.512508094e-03 8.345154376e-03 3.311776709e-03 0.000000000e+00 4.327741199e-03

4.022361568e-03 9.465696477e-03 1.013571602e-02 1.596275246e-03 4.704582630e-04 6.906681864e-03
5.706969825e-03 2.500029653e-03 4.022361568e-03 2.987223766e-03 8.078104113e-04 1.185480537e-03
1.150918791e-02 4.095569003e-02 0.000000000e+00 1.435329401e-01 2.056457140e-02 8.078104113e-04
2.035554683e-03 2.035554683e-03 6.191411780e-01 0.000000000e+00 0.000000000e+00 1.867014854e-04
1.663457733e-02 0.000000000e+00 0.000000000e+00 0.000000000e+00 0.000000000e+00 5.905129929e-02
2.035554683e-03 8.161055570e-03 1.663457733e-02 0.000000000e+00 0.000000000e+00 6.906681864e-03

