1.452448138e-04 1.452448138e-04 1.452448138e-04 1.452448138e-04 1.452448138e-04 1.452448138e-04
1.452448138e-04 1.452448138e-04 1.452448138e-04 1.452448138e-04 1.452448138e-04 1.452448138e-04
1.452448138e-04 1.452448138e-04 3.129204653e-03 1.452448138e-04 3.659939965e-04 1.452448138e-04
1.452448138e-04 3.659939965e-04 2.878122224e-01 0.000000000e+00 8.122650267e-02 1.452448138e-04
1.452448138e-04 1.452448138e-04 6.151481258e-01 1.452448138e-04 7.885101623e-03 1.452448138e-04
1.452448138e-04 1.452448138e-04 1.452448138e-04 1.452448138e-04 1.452448138e-04 1.452448138e-04

7.705116847e-04 4.487359704e-04 4.487359704e-04 4.487359704e-04 2.849295806e-03 7.705116847e-04
4.487359704e-04 1.780809879e-04 4.487359704e-04 8.400675895e-03 2.116837679e-02 1.780809879e-04
7.705116847e-04 2.849295806e-03 7.503458546e-02 6.008807214e-03 1.780809879e-04 1.130743790e-03
1.780809879e-04 1.780809879e-04 1.958823832e-01 0.000000000e+00 5.761832281e-01 1.522571029e-03
1.941567781e-03 4.487359704e-04 0.000000000e+00 0.000000000e+00 5.235546499e-02 1.941567781e-03
7.705116847e-04 8.400675895e-03 3.456384225e-02 1.522571029e-03 1.130743790e-03 4.487359704e-04

1.338913016e-04 1.338913016e-04 1.338913016e-04 1.338913016e-04 1.338913016e-04 1.338913016e-04
1.338913016e-04 3.373849386e-04 5.793140167e-04 1.338913016e-04 2.506546175e-03 1.338913016e-04
1.338913016e-04 1.338913016e-04 6.640523807e-01 1.338913016e-04 0.000000000e+00 1.338913016e-04
1.338913016e-04 1.338913016e-04 0.000000000e+00 0.000000000e+00 3.227232741e-01 1.459779848e-03
1.144754526e-03 5.793140167e-04 0.000000000e+00 0.000000000e+00 1.459779848e-03 1.338913016e-04
1.338913016e-04 2.142260826e-03 3.373849386e-04 1.338913016e-04 1.338913016e-04 1.338913016e-04

3.517249117e-02 3.517249117e-02 3.517249117e-02 3.517249117e-02 3.517249117e-02 3.517249117e-02
3.517249117e-02 3.517249117e-02 3.517249117e-02 3.517249117e-02 3.517249117e-02 3.517249117e-02
3.517249117e-02 3.517249117e-02 0.000000000e+00 3.383900824e-02 0.000000000e+00 3.383900824e-02
3.383900824e-02 0.000000000e+00 0.000000000e+00 0.000000000e+00 3.383900824e-02 3.383900824e-02
3.383900824e-02 3.383900824e-02 0.000000000e+00 0.000000000e+00 3.383900824e-02 3.383900824e-02
3.383900824e-02 3.383900824e-02 3.383900824e-02 3.383900824e-02 3.383900824e-02 3.383900824e-02

