1.439980377e-04 3.628523176e-04 1.439980377e-04 6.230433239e-04 3.628523176e-04 1.439980377e-04
1.439980377e-04 6.683796837e-18 6.230433239e-04 1.439980377e-04 6.683796837e-18 3.628523176e-04
1.439980377e-04 1.231165904e-03 1.166384105e-02 5.805637082e-03 1.439980377e-04 3.628523176e-04
2.303968603e-03 3.382399548e-02 6.683796837e-18 7.859378555e-01 1.439980377e-04 1.439980377e-04
1.439980377e-04 1.439980377e-04 1.250786593e-01 1.439980377e-04 1.439980377e-04 1.439980377e-04
6.683796837e-18 3.628523176e-04 2.794866267e-02 1.439980377e-04 3.628523176e-04 6.230433239e-04

6.827727468e-18 6.827727468e-18 6.827727468e-18 6.827727468e-18 6.827727468e-18 6.827727468e-18
6.827727468e-18 6.827727468e-18 3.706660744e-04 6.827727468e-18 6.827727468e-18 6.827727468e-18
6.827727468e-18 6.827727468e-18 3.099488503e-01 0.000000000e+00 6.827727468e-18 6.827727468e-18
3.706660744e-04 9.886473789e-02 0.000000000e+00 6.827727468e-18 4.243656579e-02 6.827727468e-18
6.827727468e-18 6.827727468e-18 5.467038278e-01 9.340199793e-04 6.827727468e-18 6.827727468e-18
6.827727468e-18 6.827727468e-18 3.706660744e-04 6.827727468e-18 6.827727468e-18 6.827727468e-18

5.348092798e-18 5.348092798e-18 5.348092798e-18 5.348092798e-18 5.348092798e-18 5.348092798e-18
5.348092798e-18 5.348092798e-18 5.348092798e-18 5.348092798e-18 5.348092798e-18 5.348092798e-18
5.348092798e-18 5.348092798e-18 0.000000000e+00 0.000000000e+00 1.171014505e-01 5.348092798e-18
5.348092798e-18 5.348092798e-18 0.000000000e+00 0.000000000e+00 5.348092798e-18 5.348092798e-18
5.348092798e-18 5.348092798e-18 5.348092798e-18 8.828985495e-01 5.348092798e-18 5.348092798e-18
5.348092798e-18 5.348092798e-18 5.348092798e-18 5.348092798e-18 5.348092798e-18 5.348092798e-18

7.518012134e-18 7.080027059e-03 2.142179366e-02 4.951014049e-03 7.518012134e-18 6.530247865e-03
7.518012134e-18 7.518012134e-18 7.518012134e-18 1.121290161e-02 7.518012134e-18 7.518012134e-18
7.518012134e-18 7.518012134e-18 0.000000000e+00 0.000000000e+00 0.000000000e+00 7.518012134e-18
7.518012134e-18 5.991810013e-03 0.000000000e+00 0.000000000e+00 0.000000000e+00 6.530247865e-03
7.518012134e-18 7.518012134e-18 1.682820557e-01 2.203435692e-01 3.962414789e-03 7.518012134e-18
7.518012134e-18 7.518012134e-18 7.518012134e-18 5.436939182e-01 7.518012134e-18 7.518012134e-18

