9.975693626e-18 9.975693626e-18 9.975693626e-18 9.975693626e-18 9.975693626e-18 9.975693626e-18
2.149198041e-04 9.975693626e-18 9.975693626e-18 9.975693626e-18 9.975693626e-18 3.603115282e-01
1.827344699e-02 1.837538477e-03 3.438716865e-03 1.089635483e-02 9.975693626e-18 2.149198041e-04
9.394528705e-03 4.386668159e-02 1.091745657e-01 1.078162584e-01 9.975693626e-18 7.040401111e-02
2.877887565e-03 0.000000000e+00 9.975693626e-18 6.569529074e-03 2.149198041e-04 2.149198041e-04
3.237683386e-02 7.408490902e-02 7.285274012e-02 6.557026156e-02 9.394528705e-03 9.975693626e-18

1.568522170e-04 1.568522170e-04 1.568522170e-04 1.568522170e-04 1.568522170e-04 1.568522170e-04
1.568522170e-04 1.568522170e-04 1.568522170e-04 1.568522170e-04 1.568522170e-04 4.309223201e-03
3.837198284e-03 3.837198284e-03 3.837198284e-03 1.397509145e-02 7.399243760e-03 1.568522170e-04
7.378279604e-01 1.205853280e-01 0.000000000e+00 1.568522170e-04 9.669133782e-03 5.802462470e-03
1.568522170e-04 0.000000000e+00 0.000000000e+00 6.420159996e-02 1.568522170e-04 1.568522170e-04
2.936391832e-03 1.568522170e-04 1.568522170e-04 1.864492593e-02 1.568522170e-04 1.568522170e-04

5.355421437e-04 1.237747278e-04 1.237747278e-04 3.118927699e-04 1.237747278e-04 1.237747278e-04
7.859205321e-04 1.237747278e-04 1.237747278e-04 5.355421437e-04 1.237747278e-04 3.118927699e-04
1.002575295e-02 9.376484039e-01 1.349481640e-03 2.317156280e-03 1.237747278e-04 1.237747278e-04
1.237747278e-04 0.000000000e+00 0.000000000e+00 0.000000000e+00 5.355421437e-04 1.657407754e-03
4.990284317e-03 0.000000000e+00 0.000000000e+00 2.526331436e-02 3.118927699e-04 1.237747278e-04
3.118927699e-04 1.237747278e-04 1.349481640e-03 1.002575295e-02 1.237747278e-04 1.237747278e-04

1.868029691e-03 1.868029691e-03 1.464902702e-03 1.868029691e-03 1.464902702e-03 1.464902702e-03
3.207540289e-03 1.464902702e-03 7.413280741e-04 1.868029691e-03 1.713360594e-04 2.294278635e-03
1.387822081e-02 6.207803312e-01 3.691323500e-03 1.056198830e-02 1.464902702e-03 4.317398157e-04
0.000000000e+00 0.000000000e+00 0.000000000e+00 0.000000000e+00 1.868029691e-03 3.207540289e-03
0.000000000e+00 0.000000000e+00 0.000000000e+00 3.072158000e-02 3.207540289e-03 1.464902702e-03
3.207540289e-03 1.464902702e-03 7.427002690e-02 2.071034128e-01 1.464902702e-03 1.464902702e-03

