8.415430233e-18 8.415430233e-18 8.415430233e-18 8.415430233e-18 8.415430233e-18 8.415430233e-18
8.415430233e-18 8.415430233e-18 1.133155927e-01 8.527822565e-02 8.415430233e-18 8.415430233e-18
8.415430233e-18 4.258709251e-02 3.792217545e-02 5.430664654e-02 8.415430233e-18 8.415430233e-18
8.415430233e-18 1.614333019e-01 4.544963395e-02 4.591634165e-01 1.813049483e-04 8.415430233e-18
8.415430233e-18 8.415430233e-18 8.415430233e-18 1.813049483e-04 1.813049483e-04 8.415430233e-18
8.415430233e-18 8.415430233e-18 8.415430233e-18 8.415430233e-18 8.415430233e-18 8.415430233e-18

5.462421232e-18 1.534610502e-01 5.462421232e-18 5.462421232e-18 5.462421232e-18 5.462421232e-18
5.462421232e-18 0.000000000e+00 5.462421232e-18 5.462421232e-18 5.462421232e-18 5.462421232e-18
5.462421232e-18 5.462421232e-18 5.462421232e-18 5.462421232e-18 5.462421232e-18 5.462421232e-18
5.462421232e-18 8.464212655e-01 5.462421232e-18 0.000000000e+00 5.462421232e-18 5.462421232e-18
5.462421232e-18 1.176842980e-04 5.462421232e-18 5.462421232e-18 5.462421232e-18 5.462421232e-18
5.462421232e-18 5.462421232e-18 5.462421232e-18 5.462421232e-18 5.462421232e-18 5.462421232e-18

1.334799341e-04 3.363483574e-04 6.195589716e-18 5.775341328e-04 1.334799341e-04 6.195589716e-18
6.195589716e-18 0.000000000e+00 3.265423875e-03 3.142714413e-01 6.195589716e-18 6.195589716e-18
6.195589716e-18 0.000000000e+00 6.195589716e-18 0.000000000e+00 6.195589716e-18 6.195589716e-18
6.195589716e-18 6.590267504e-01 8.475447513e-04 0.000000000e+00 6.195589716e-18 6.195589716e-18
6.195589716e-18 1.787365498e-03 6.195589716e-18 1.948715191e-02 6.195589716e-18 6.195589716e-18
6.195589716e-18 6.195589716e-18 6.195589716e-18 6.195589716e-18 1.334799341e-04 6.195589716e-18

4.734172832e-18 4.734172832e-18 4.734172832e-18 9.955416311e-01 4.734172832e-18 4.734172832e-18
0.000000000e+00 0.000000000e+00 4.734172832e-18 0.000000000e+00 4.734172832e-18 4.734172832e-18
4.734172832e-18 0.000000000e+00 4.734172832e-18 0.000000000e+00 4.734172832e-18 4.734172832e-18
4.734172832e-18 4.734172832e-18 4.734172832e-18 0.000000000e+00 4.734172832e-18 4.734172832e-18
4.734172832e-18 4.734172832e-18 4.734172832e-18 4.458368935e-03 4.734172832e-18 4.734172832e-18
4.734172832e-18 4.734172832e-18 4.734172832e-18 4.734172832e-18 4.734172832e-18 4.734172832e-18

