1.337107289e-04 1.337107289e-04 1.083056904e-02 1.337107289e-04 1.337107289e-04 1.337107289e-04
1.337107289e-04 1.337107289e-04 7.564442199e-02 8.490102071e-04 6.206302263e-18 1.337107289e-04
4.511666306e-03 3.422994661e-02 6.206302263e-18 8.596708129e-01 1.337107289e-04 1.337107289e-04
1.337107289e-04 5.785327241e-04 8.745877118e-03 3.369299240e-04 6.206302263e-18 1.337107289e-04
1.337107289e-04 6.206302263e-18 1.337107289e-04 6.206302263e-18 6.206302263e-18 3.369299240e-04
6.206302263e-18 8.490102071e-04 1.337107289e-04 1.143210651e-03 1.337107289e-04 1.337107289e-04

6.930558004e-18 3.762485748e-04 3.216880064e-03 6.930558004e-18 1.999396478e-03 6.930558004e-18
6.930558004e-18 6.930558004e-18 3.762485748e-04 4.564144010e-03 6.930558004e-18 6.930558004e-18
6.930558004e-18 0.000000000e+00 0.000000000e+00 5.878186860e-01 1.907566403e-02 6.930558004e-18
6.930558004e-18 3.762485748e-04 3.281770795e-01 6.930558004e-18 3.762485748e-04 1.999396478e-03
6.930558004e-18 6.930558004e-18 3.822447254e-02 3.652793457e-03 6.930558004e-18 6.930558004e-18
6.930558004e-18 6.930558004e-18 6.930558004e-18 9.766493169e-03 6.930558004e-18 6.930558004e-18

1.563199028e-03 1.919891396e-03 8.204656902e-02 6.654967553e-18 1.563199028e-03 6.654967553e-18
6.203559452e-04 6.654967553e-18 6.127966943e-02 2.294030873e-03 6.654967553e-18 9.103867553e-04
3.612872233e-04 0.000000000e+00 0.000000000e+00 8.056360128e-01 1.219055049e-02 6.654967553e-18
3.612872233e-04 0.000000000e+00 2.159917765e-02 0.000000000e+00 6.654967553e-18 6.203559452e-04
1.563199028e-03 3.612872233e-04 6.203559452e-04 6.654967553e-18 6.654967553e-18 6.203559452e-04
6.654967553e-18 6.654967553e-18 6.654967553e-18 3.507541805e-03 3.612872233e-04 6.654967553e-18

6.664866622e-18 6.664866622e-18 6.664866622e-18 6.664866622e-18 6.664866622e-18 6.664866622e-18
6.664866622e-18 0.000000000e+00 3.461008927e-01 6.664866622e-18 6.664866622e-18 6.664866622e-18
6.664866622e-18 0.000000000e+00 0.000000000e+00 4.119452998e-01 6.664866622e-18 6.664866622e-18
6.664866622e-18 0.000000000e+00 6.664866622e-18 0.000000000e+00 6.664866622e-18 6.664866622e-18
6.664866622e-18 6.664866622e-18 2.419538075e-01 6.664866622e-18 0.000000000e+00 6.664866622e-18
6.664866622e-18 6.664866622e-18 6.664866622e-18 6.664866622e-18 6.664866622e-18 6.664866622e-18

5.061473459e-18 5.061473459e-18 5.061473459e-18 5.061473459e-18 5.061473459e-18 5.061473459e-18
5.061473459e-18 0.000000000e+00 1.154238484e-02 4.718152458e-04 5.061473459e-18 5.061473459e-18
5.061473459e-18 0.000000000e+00 0.000000000e+00 1.591998611e-02 5.061473459e-18 5.061473459e-18
5.061473459e-18 0.000000000e+00 0.000000000e+00 0.000000000e+00 5.061473459e-18 5.061473459e-18
5.061473459e-18 0.000000000e+00 9.714849524e-01 5.061473459e-18 0.000000000e+00 5.061473459e-18
5.061473459e-18 5.061473459e-18 4.718152458e-04 1.090461400e-04 5.061473459e-18 5.061473459e-18

4.865065351e-18 4.865065351e-18 4.865065351e-18 4.865065351e-18 4.865065351e-18 4.865065351e-18
4.865065351e-18 0.000000000e+00 6.655315783e-04 4.865065351e-18 4.865065351e-18 4.865065351e-18
4.865065351e-18 0.000000000e+00 0.000000000e+00 9.857342359e-01 4.865065351e-18 4.865065351e-18
4.865065351e-18 0.000000000e+00 0.000000000e+00 0.000000000e+00 1.339060319e-02 4.865065351e-18
1.048146556e-04 0.000000000e+00 0.000000000e+00 4.865065351e-18 0.000000000e+00 4.865065351e-18
4.865065351e-18 0.000000000e+00 4.865065351e-18 1.048146556e-04 4.865065351e-18 4.865065351e-18

2.850921485e-04 5.251442276e-18 5.251442276e-18 5.251442276e-18 5.251442276e-18 5.251442276e-18
1.651750004e-02 0.000000000e+00 3.458356281e-03 5.251442276e-18 5.251442276e-18 5.251442276e-18
5.251442276e-18 0.000000000e+00 0.000000000e+00 9.540888612e-01 5.251442276e-18 5.251442276e-18
1.131388941e-04 0.000000000e+00 0.000000000e+00 0.000000000e+00 2.481866423e-02 5.251442276e-18
5.251442276e-18 0.000000000e+00 0.000000000e+00 0.000000000e+00 0.000000000e+00 5.251442276e-18
5.251442276e-18 0.000000000e+00 5.251442276e-18 0.000000000e+00 5.251442276e-18 7.183871982e-04

4.618203788e-02 4.618203788e-02 4.618203788e-02 4.618203788e-02 4.618203788e-02 4.618203788e-02
4.618203788e-02 0.000000000e+00 4.618203788e-02 4.618203788e-02 4.618203788e-02 4.484830177e-02
0.000000000e+00 0.000000000e+00 0.000000000e+00 4.484830177e-02 4.484830177e-02 4.484830177e-02
4.484830177e-02 0.000000000e+00 0.000000000e+00 0.000000000e+00 4.484830177e-02 4.484830177e-02
0.000000000e+00 0.000000000e+00 0.000000000e+00 0.000000000e+00 0.000000000e+00 4.484830177e-02
4.484830177e-02 0.000000000e+00 4.484830177e-02 0.000000000e+00 4.484830177e-02 4.484830177e-02

5.000000000e-02 5.000000000e-02 5.000000000e-02 5.000000000e-02 5.000000000e-02 5.000000000e-02
5.000000000e-02 0.000000000e+00 5.000000000e-02 0.000000000e+00 5.000000000e-02 5.000000000e-02
0.000000000e+00 0.000000000e+00 0.000000000e+00 0.000000000e+00 5.000000000e-02 5.000000000e-02
5.000000000e-02 0.000000000e+00 0.000000000e+00 0.000000000e+00 5.000000000e-02 5.000000000e-02
0.000000000e+00 0.000000000e+00 0.000000000e+00 0.000000000e+00 0.000000000e+00 5.000000000e-02
5.000000000e-02 0.000000000e+00 5.000000000e-02 0.000000000e+00 5.000000000e-02 5.000000000e-02

