1.057267539e-17 3.538249606e-02 1.057267539e-17 4.996716458e-02 8.114654525e-02 1.057267539e-17
1.057267539e-17 1.057267539e-17 2.277813862e-04 1.057267539e-17 1.057267539e-17 7.591210515e-02
1.057267539e-17 0.000000000e+00 9.187025268e-02 6.571264550e-02 1.057267539e-17 1.057267539e-17
3.644502179e-03 1.001259252e-01 1.057267539e-17 1.128333018e-01 1.057267539e-17 1.057267539e-17
1.057267539e-17 1.446321648e-03 7.076641440e-02 4.996716458e-02 1.057267539e-17 1.057267539e-17
1.057267539e-17 1.057267539e-17 1.608714543e-01 1.057267539e-17 1.001259252e-01 1.057267539e-17

1.661128954e-03 5.337669388e-03 8.406302524e-04 2.118255500e-03 2.601601228e-03 3.108589136e-03
1.942868210e-04 1.942868210e-04 1.942868210e-04 4.752990240e-03 1.233644416e-03 4.752990240e-03
4.361949839e-02 0.000000000e+00 3.389208801e-02 1.496492253e-02 1.942868210e-04 8.406302524e-04
2.224337762e-02 0.000000000e+00 0.000000000e+00 2.746766980e-02 7.187287558e-03 1.942868210e-04
7.187287558e-03 4.895721111e-04 6.052824506e-01 6.474945926e-02 1.233644416e-03 3.637195861e-03
4.752990240e-03 4.185782670e-03 1.124482459e-01 2.118255500e-03 1.420245277e-02 2.118255500e-03

1.767530643e-04 1.122312001e-03 1.767530643e-04 1.767530643e-04 4.453898128e-04 1.767530643e-04
1.767530643e-04 0.000000000e+00 1.863213360e-01 1.927089798e-03 1.767530643e-04 1.767530643e-04
1.122312001e-03 0.000000000e+00 1.767530643e-04 2.534203656e-01 1.767530643e-04 1.767530643e-04
1.511217442e-03 0.000000000e+00 0.000000000e+00 1.849796908e-01 1.767530643e-04 1.767530643e-04
1.767530643e-04 0.000000000e+00 2.993451235e-01 1.767530643e-04 1.767530643e-04 1.767530643e-04
1.767530643e-04 1.767530643e-04 6.194605355e-02 1.767530643e-04 4.324048256e-03 1.767530643e-04

5.719946941e-18 5.719946941e-18 5.719946941e-18 5.719946941e-18 5.719946941e-18 5.719946941e-18
5.719946941e-18 0.000000000e+00 0.000000000e+00 5.719946941e-18 5.719946941e-18 5.719946941e-18
5.719946941e-18 0.000000000e+00 0.000000000e+00 5.719946941e-18 5.719946941e-18 5.719946941e-18
5.719946941e-18 0.000000000e+00 0.000000000e+00 7.109995395e-01 5.719946941e-18 5.719946941e-18
5.719946941e-18 0.000000000e+00 5.719946941e-18 5.719946941e-18 5.719946941e-18 5.719946941e-18
5.719946941e-18 5.719946941e-18 2.890004605e-01 5.719946941e-18 5.719946941e-18 5.719946941e-18

