7.461337435e-18 7.461337435e-18 7.461337435e-18 7.461337435e-18 7.461337435e-18 7.461337435e-18
7.461337435e-18 6.955233065e-04 4.050637156e-04 1.565425028e-02 7.461337435e-18 7.461337435e-18
7.461337435e-18 4.050637156e-04 7.461337435e-18 2.599382885e-01 1.981917839e-02 7.461337435e-18
7.461337435e-18 5.174894150e-02 5.576151879e-01 4.287544052e-02 7.461337435e-18 7.461337435e-18
7.461337435e-18 7.461337435e-18 5.084306214e-02 7.461337435e-18 7.461337435e-18 7.461337435e-18
7.461337435e-18 7.461337435e-18 7.461337435e-18 7.461337435e-18 7.461337435e-18 7.461337435e-18

6.849445068e-18 6.849445068e-18 6.849445068e-18 6.849445068e-18 1.078720003e-02 6.849445068e-18
6.849445068e-18 6.849445068e-18 6.849445068e-18 1.668661332e-01 6.849445068e-18 6.849445068e-18
6.849445068e-18 6.849445068e-18 0.000000000e+00 6.849445068e-18 0.000000000e+00 6.849445068e-18
6.849445068e-18 6.849445068e-18 4.421762559e-01 3.737200014e-01 6.849445068e-18 6.849445068e-18
6.450409438e-03 6.849445068e-18 6.849445068e-18 6.849445068e-18 6.849445068e-18 6.849445068e-18
6.849445068e-18 6.849445068e-18 6.849445068e-18 6.849445068e-18 6.849445068e-18 6.849445068e-18

1.425027025e-04 1.425027025e-04 1.425027025e-04 1.425027025e-04 9.288438596e-02 1.425027025e-04
1.425027025e-04 4.808325005e-03 9.048357596e-04 1.553667572e-03 8.155632080e-01 1.425027025e-04
6.165733845e-04 3.590843092e-04 0.000000000e+00 1.425027025e-04 0.000000000e+00 1.425027025e-04
1.425027025e-04 0.000000000e+00 3.486154906e-03 7.224834481e-03 6.229047785e-03 3.486154906e-03
5.493495471e-02 1.425027025e-04 1.425027025e-04 3.590843092e-04 0.000000000e+00 1.425027025e-04
1.425027025e-04 1.908185043e-03 3.590843092e-04 1.425027025e-04 2.280043240e-03 9.048357596e-04

1.243756536e-04 1.243756536e-04 1.243756536e-04 1.243756536e-04 2.042811609e-01 1.243756536e-04
1.243756536e-04 1.243756536e-04 1.243756536e-04 0.000000000e+00 1.243756536e-04 1.243756536e-04
1.243756536e-04 1.243756536e-04 0.000000000e+00 1.243756536e-04 0.000000000e+00 1.243756536e-04
1.243756536e-04 0.000000000e+00 1.243756536e-04 1.243756536e-04 0.000000000e+00 1.243756536e-04
7.922363208e-01 1.243756536e-04 1.243756536e-04 1.243756536e-04 0.000000000e+00 1.243756536e-04
1.243756536e-04 1.243756536e-04 1.243756536e-04 1.243756536e-04 1.243756536e-04 1.243756536e-04

