6.518960590e-18 6.518960590e-18 6.518960590e-18 6.518960590e-18 6.518960590e-18 6.518960590e-18
6.518960590e-18 6.518960590e-18 6.191198223e-01 1.404467484e-04 3.539036294e-04 6.518960590e-18
6.518960590e-18 1.404467484e-04 0.000000000e+00 6.518960590e-18 1.404467484e-04 6.518960590e-18
6.518960590e-18 3.539036294e-04 2.808061445e-01 6.625342929e-03 9.154429883e-02 6.518960590e-18
6.518960590e-18 1.404467484e-04 1.404467484e-04 3.539036294e-04 1.404467484e-04 6.518960590e-18
6.518960590e-18 6.518960590e-18 6.518960590e-18 6.518960590e-18 6.518960590e-18 6.518960590e-18

1.474465067e-04 1.474465067e-04 1.474465067e-04 1.474465067e-04 1.474465067e-04 1.474465067e-04
1.474465067e-04 1.474465067e-04 6.563918155e-01 1.474465067e-04 1.993919581e-01 1.474465067e-04
1.474465067e-04 3.715419149e-04 0.000000000e+00 0.000000000e+00 1.474465067e-04 1.474465067e-04
1.474465067e-04 1.474465067e-04 6.379639825e-04 0.000000000e+00 3.234453871e-02 1.474465067e-04
1.474465067e-04 1.061665133e-01 1.474465067e-04 6.379639825e-04 3.715419149e-04 1.474465067e-04
1.474465067e-04 1.474465067e-04 1.474465067e-04 1.474465067e-04 1.474465067e-04 1.474465067e-04

1.246801320e-04 1.246801320e-04 1.246801320e-04 1.246801320e-04 1.246801320e-04 2.671250537e-02
1.246801320e-04 1.246801320e-04 1.246801320e-04 1.246801320e-04 1.246801320e-04 1.246801320e-04
1.246801320e-04 1.246801320e-04 0.000000000e+00 0.000000000e+00 1.246801320e-04 1.246801320e-04
1.246801320e-04 1.246801320e-04 0.000000000e+00 0.000000000e+00 1.246801320e-04 1.246801320e-04
1.246801320e-04 1.020279501e-01 1.246801320e-04 1.246801320e-04 0.000000000e+00 1.246801320e-04
1.246801320e-04 1.246801320e-04 1.246801320e-04 1.246801320e-04 1.246801320e-04 8.677685009e-01

