1.701179607e-04 2.277967662e-03 1.539555774e-01 3.665080358e-03 4.286703992e-04 4.286703992e-04
4.673674859e-03 5.380614186e-02 7.896176266e-18 2.300505726e-01 1.080181719e-03 4.286703992e-04
4.161728533e-03 4.286703992e-04 5.198434748e-01 0.000000000e+00 4.286703992e-04 1.080181719e-03
1.454488104e-03 1.701179607e-04 1.112723557e-02 4.673674859e-03 1.701179607e-04 7.360576670e-04
1.854749097e-03 1.701179607e-04 1.701179607e-04 4.286703992e-04 1.701179607e-04 4.286703992e-04
1.701179607e-04 1.701179607e-04 4.286703992e-04 4.286703992e-04 1.701179607e-04 1.701179607e-04

4.797083089e-18 4.797083089e-18 2.604257369e-04 4.797083089e-18 1.033500222e-04 4.797083089e-18
4.797083089e-18 1.033500222e-04 0.000000000e+00 1.033500222e-04 4.797083089e-18 4.797083089e-18
1.033500222e-04 0.000000000e+00 9.950974060e-01 0.000000000e+00 4.797083089e-18 4.797083089e-18
1.033500222e-04 1.033500222e-04 4.797083089e-18 6.562317358e-04 4.797083089e-18 4.797083089e-18
4.797083089e-18 1.033500222e-04 3.159136398e-03 4.797083089e-18 4.797083089e-18 4.797083089e-18
4.797083089e-18 4.797083089e-18 1.033500222e-04 4.797083089e-18 4.797083089e-18 4.797083089e-18

1.740459781e-04 1.897575186e-03 1.072904087e-02 2.145851302e-02 8.824066924e-03 4.385683830e-04
1.740459781e-04 7.446260429e-01 0.000000000e+00 6.438514391e-03 1.917060776e-02 8.210330988e-03
2.068873768e-02 0.000000000e+00 0.000000000e+00 0.000000000e+00 1.740459781e-04 1.992605774e-02
1.740459781e-04 7.607860731e-03 0.000000000e+00 4.736203949e-02 2.540951521e-02 4.257822692e-03
2.784735650e-03 1.105123075e-03 1.409772423e-02 7.530532115e-04 4.385683830e-04 4.385683830e-04
1.740459781e-04 1.740459781e-04 2.868629328e-02 3.258272012e-03 1.740459781e-04 1.740459781e-04

