1.742959381e-04 7.541347253e-04 1.900300430e-03 1.074444962e-02 2.333912945e-03 1.742959381e-04
4.391982425e-04 7.027171880e-03 1.742959381e-04 1.742959381e-04 1.742959381e-04 4.391982425e-04
8.964352795e-02 2.464142060e-02 1.074444962e-02 1.742959381e-04 1.742959381e-04 4.391982425e-04
5.102676418e-01 8.090100798e-18 2.774307869e-01 7.541347253e-04 1.742959381e-04 1.900300430e-03
1.742959381e-04 4.932715340e-02 1.742959381e-04 1.742959381e-04 1.742959381e-04 1.742959381e-04
1.742959381e-04 4.263937657e-03 4.391982425e-04 2.788735009e-03 1.106710222e-03 1.742959381e-04

6.886083299e-18 6.886083299e-18 6.886083299e-18 6.886083299e-18 6.886083299e-18 1.483561674e-04
6.886083299e-18 6.886083299e-18 6.886083299e-18 6.886083299e-18 6.886083299e-18 6.886083299e-18
6.886083299e-18 1.617486281e-03 7.077091247e-01 1.483561674e-04 6.886083299e-18 6.886083299e-18
1.463263352e-01 0.000000000e+00 6.886083299e-18 2.953521238e-02 0.000000000e+00 6.886083299e-18
6.886083299e-18 6.430880097e-02 4.279926642e-02 6.886083299e-18 6.886083299e-18 6.886083299e-18
6.886083299e-18 3.629352788e-03 3.629352788e-03 6.886083299e-18 1.483561674e-04 6.886083299e-18

5.209142090e-18 5.209142090e-18 5.209142090e-18 5.209142090e-18 5.209142090e-18 5.209142090e-18
0.000000000e+00 5.209142090e-18 5.209142090e-18 5.209142090e-18 5.209142090e-18 5.209142090e-18
5.209142090e-18 3.804249500e-02 1.383678425e-02 5.209142090e-18 5.209142090e-18 5.209142090e-18
5.209142090e-18 0.000000000e+00 0.000000000e+00 5.209142090e-18 0.000000000e+00 5.209142090e-18
2.827957412e-04 9.478379250e-01 5.209142090e-18 5.209142090e-18 5.209142090e-18 5.209142090e-18
5.209142090e-18 5.209142090e-18 5.209142090e-18 5.209142090e-18 5.209142090e-18 5.209142090e-18

4.690283184e-18 4.690283184e-18 4.690283184e-18 4.690283184e-18 4.690283184e-18 4.690283184e-18
0.000000000e+00 4.690283184e-18 4.690283184e-18 4.690283184e-18 4.690283184e-18 4.690283184e-18
0.000000000e+00 9.983832146e-01 1.616785408e-03 4.690283184e-18 4.690283184e-18 4.690283184e-18
0.000000000e+00 0.000000000e+00 0.000000000e+00 4.690283184e-18 0.000000000e+00 4.690283184e-18
4.690283184e-18 4.690283184e-18 4.690283184e-18 4.690283184e-18 4.690283184e-18 4.690283184e-18
4.690283184e-18 4.690283184e-18 4.690283184e-18 4.690283184e-18 4.690283184e-18 4.690283184e-18

