6.083106025e-18 1.310565464e-04 1.120517710e-03 1.310565464e-04 6.182375692e-03 6.083106025e-18
1.310565464e-04 6.083106025e-18 1.310565464e-04 3.302418032e-04 3.078414197e-02 1.120517710e-03
1.310565464e-04 6.083106025e-18 3.302418032e-04 8.803673476e-01 6.083106025e-18 6.002133426e-02
1.310565464e-04 6.083106025e-18 6.083106025e-18 1.754915081e-03 1.009461709e-02 3.302418032e-04
1.310565464e-04 6.083106025e-18 6.083106025e-18 1.310565464e-04 1.310565464e-04 1.310565464e-04
6.083106025e-18 1.310565464e-04 5.728715848e-03 1.310565464e-04 1.310565464e-04 1.310565464e-04

5.884531889e-18 5.884531889e-18 1.267783964e-04 1.267783964e-04 1.267783964e-04 5.884531889e-18
5.884531889e-18 5.884531889e-18 5.884531889e-18 0.000000000e+00 3.194615405e-04 1.267783964e-04
5.884531889e-18 5.884531889e-18 5.485382631e-04 1.932999266e-01 0.000000000e+00 3.194615405e-04
5.884531889e-18 5.884531889e-18 3.194615405e-04 5.884531889e-18 7.894705695e-01 1.396423483e-02
5.884531889e-18 5.884531889e-18 5.884531889e-18 3.194615405e-04 8.049926391e-04 5.884531889e-18
5.884531889e-18 5.884531889e-18 5.884531889e-18 1.267783964e-04 5.884531889e-18 5.884531889e-18

7.460692465e-18 0.000000000e+00 1.607357466e-04 1.607357466e-04 1.607357466e-04 7.460692465e-18
7.460692465e-18 7.460692465e-18 7.460692465e-18 0.000000000e+00 1.607357466e-04 1.020608373e-03
7.460692465e-18 7.460692465e-18 9.093333601e-02 3.608691831e-02 0.000000000e+00 4.050287012e-04
7.460692465e-18 7.460692465e-18 3.635891628e-01 0.000000000e+00 4.377581819e-01 3.932204103e-03
1.607357466e-04 7.460692465e-18 7.460692465e-18 6.291526564e-02 1.020608373e-03 7.460692465e-18
7.460692465e-18 7.460692465e-18 1.607357466e-04 1.374271302e-03 7.460692465e-18 7.460692465e-18

9.686979260e-18 0.000000000e+00 2.086996416e-04 2.086996416e-04 1.784356836e-03 9.686979260e-18
9.686979260e-18 9.686979260e-18 5.258901432e-04 0.000000000e+00 9.686979260e-18 4.496297477e-03
1.325160123e-03 9.686979260e-18 1.132995967e-02 4.902188842e-02 0.000000000e+00 5.733634852e-03
2.794596366e-03 0.000000000e+00 3.143979054e-02 0.000000000e+00 2.923943747e-01 2.573103973e-02
6.251223577e-02 6.135728980e-02 0.000000000e+00 2.666243637e-02 4.902188842e-02 9.686979260e-18
9.686979260e-18 9.686979260e-18 1.722725165e-01 2.011792451e-01 9.686979260e-18 9.686979260e-18

