7.252312263e-18 6.853748790e-01 1.562463313e-04 2.499941300e-03 6.760386123e-04 1.562463313e-04
1.562463313e-04 7.936972316e-02 6.760386123e-04 1.562463313e-04 7.252312263e-18 1.562463313e-04
7.349170566e-02 7.252312263e-18 1.323353992e-01 3.937160834e-04 7.252312263e-18 6.760386123e-04
1.703510556e-03 8.482355880e-03 1.335887341e-03 7.252312263e-18 7.252312263e-18 1.562463313e-04
2.092219354e-03 1.562463313e-04 1.562463313e-04 1.562463313e-04 7.252312263e-18 1.562463313e-04
1.562463313e-04 1.562463313e-04 2.925049194e-03 5.780048830e-03 1.562463313e-04 1.562463313e-04

6.115581713e-18 6.115581713e-18 3.320048548e-04 5.700760288e-04 6.115581713e-18 6.115581713e-18
6.115581713e-18 4.019773537e-02 7.197953411e-02 1.317562139e-04 6.115581713e-18 6.115581713e-18
8.471045849e-01 0.000000000e+00 6.115581713e-18 0.000000000e+00 6.115581713e-18 5.700760288e-04
6.115581713e-18 2.426970211e-02 1.451252551e-02 6.115581713e-18 6.115581713e-18 6.115581713e-18
3.320048548e-04 6.115581713e-18 6.115581713e-18 6.115581713e-18 6.115581713e-18 6.115581713e-18
6.115581713e-18 6.115581713e-18 6.115581713e-18 6.115581713e-18 6.115581713e-18 6.115581713e-18

5.273598616e-18 5.273598616e-18 5.273598616e-18 5.273598616e-18 5.273598616e-18 5.273598616e-18
7.214181429e-04 7.559077522e-02 9.714051707e-04 0.000000000e+00 5.273598616e-18 5.273598616e-18
5.273598616e-18 0.000000000e+00 0.000000000e+00 0.000000000e+00 5.273598616e-18 5.273598616e-18
7.214181429e-04 9.219949833e-01 5.273598616e-18 5.273598616e-18 5.273598616e-18 5.273598616e-18
5.273598616e-18 5.273598616e-18 5.273598616e-18 5.273598616e-18 5.273598616e-18 5.273598616e-18
5.273598616e-18 5.273598616e-18 5.273598616e-18 5.273598616e-18 5.273598616e-18 5.273598616e-18

4.647784847e-18 4.647784847e-18 4.647784847e-18 4.647784847e-18 4.647784847e-18 4.647784847e-18
4.647784847e-18 1.000000000e+00 4.647784847e-18 0.000000000e+00 4.647784847e-18 4.647784847e-18
0.000000000e+00 0.000000000e+00 0.000000000e+00 0.000000000e+00 0.000000000e+00 4.647784847e-18
4.647784847e-18 4.647784847e-18 4.647784847e-18 4.647784847e-18 4.647784847e-18 4.647784847e-18
4.647784847e-18 4.647784847e-18 4.647784847e-18 4.647784847e-18 4.647784847e-18 4.647784847e-18
4.647784847e-18 4.647784847e-18 4.647784847e-18 4.647784847e-18 4.647784847e-18 4.647784847e-18

