1.293624051e-04 1.293624051e-04 1.293624051e-04 1.293624051e-04 1.293624051e-04 1.293624051e-04
3.259728344e-04 1.732229649e-03 3.954266033e-03 1.948794395e-02 1.769652808e-02 1.293624051e-04
1.293624051e-04 2.069798481e-03 8.877756091e-01 0.000000000e+00 1.293624051e-04 1.293624051e-04
1.293624051e-04 3.259728344e-04 6.326825653e-02 1.293624051e-04 1.293624051e-04 1.293624051e-04
1.293624051e-04 1.293624051e-04 1.293624051e-04 1.293624051e-04 1.293624051e-04 1.293624051e-04
1.293624051e-04 1.293624051e-04 1.293624051e-04 1.293624051e-04 1.293624051e-04 1.293624051e-04

4.647784847e-18 4.647784847e-18 4.647784847e-18 4.647784847e-18 4.647784847e-18 4.647784847e-18
4.647784847e-18 4.647784847e-18 0.000000000e+00 4.647784847e-18 4.647784847e-18 4.647784847e-18
4.647784847e-18 0.000000000e+00 1.000000000e+00 0.000000000e+00 4.647784847e-18 4.647784847e-18
4.647784847e-18 4.647784847e-18 4.647784847e-18 4.647784847e-18 4.647784847e-18 4.647784847e-18
4.647784847e-18 4.647784847e-18 4.647784847e-18 4.647784847e-18 4.647784847e-18 4.647784847e-18
4.647784847e-18 4.647784847e-18 4.647784847e-18 4.647784847e-18 4.647784847e-18 4.647784847e-18

1.698287357e-04 1.698287357e-04 1.698287357e-04 1.698287357e-04 7.348062631e-04 1.698287357e-04
1.452015265e-03 4.279415979e-04 0.000000000e+00 2.214577185e-01 7.882751630e-02 8.610254286e-03
4.899388702e-02 0.000000000e+00 0.000000000e+00 0.000000000e+00 1.698287357e-04 1.698287357e-04
1.078345255e-03 1.698287357e-04 0.000000000e+00 4.899388702e-02 5.631876106e-01 4.279415979e-04
1.698287357e-04 7.348062631e-04 1.698287357e-04 2.717259771e-03 1.443960184e-02 1.698287357e-04
1.452015265e-03 4.279415979e-04 3.658849195e-03 1.698287357e-04 1.698287357e-04 1.698287357e-04

