1.404935970e-04 1.404935970e-04 1.404935970e-04 1.404935970e-04 3.540216804e-04 1.404935970e-04
1.404935970e-04 6.521135109e-18 1.404935970e-04 1.201203357e-03 1.404935970e-04 1.404935970e-04
1.404935970e-04 6.521135109e-18 6.078804896e-04 1.794876868e-02 3.437004588e-03 1.404935970e-04
1.404935970e-04 3.540216804e-04 7.878131145e-01 6.521135109e-18 1.438449539e-01 4.740533783e-03
3.540216804e-04 6.521135109e-18 1.404935970e-04 2.867575611e-02 1.404935970e-04 1.404935970e-04
1.404935970e-04 6.521135109e-18 1.404935970e-04 8.139834807e-03 1.404935970e-04 6.521135109e-18

7.104137173e-18 3.856719019e-04 7.104137173e-18 7.104137173e-18 7.104137173e-18 7.104137173e-18
7.104137173e-18 7.104137173e-18 7.104137173e-18 7.104137173e-18 7.104137173e-18 7.104137173e-18
7.104137173e-18 7.104137173e-18 1.778206147e-01 6.498687656e-01 0.000000000e+00 7.104137173e-18
7.104137173e-18 2.596022681e-02 7.104137173e-18 0.000000000e+00 8.066805495e-02 7.104137173e-18
7.104137173e-18 7.104137173e-18 4.840902732e-02 1.363668062e-02 7.104137173e-18 7.104137173e-18
7.104137173e-18 7.104137173e-18 2.865286264e-03 7.104137173e-18 7.104137173e-18 3.856719019e-04

5.545203987e-18 5.545203987e-18 5.545203987e-18 5.545203987e-18 5.545203987e-18 5.545203987e-18
5.545203987e-18 5.545203987e-18 5.545203987e-18 5.545203987e-18 5.545203987e-18 5.545203987e-18
5.545203987e-18 5.545203987e-18 8.227727904e-01 5.545203987e-18 0.000000000e+00 5.545203987e-18
1.021435308e-03 5.545203987e-18 0.000000000e+00 0.000000000e+00 0.000000000e+00 5.545203987e-18
5.545203987e-18 5.545203987e-18 1.762057743e-01 5.545203987e-18 5.545203987e-18 5.545203987e-18
5.545203987e-18 5.545203987e-18 5.545203987e-18 5.545203987e-18 5.545203987e-18 5.545203987e-18

4.710113231e-18 4.710113231e-18 4.710113231e-18 4.710113231e-18 4.710113231e-18 4.710113231e-18
4.710113231e-18 4.710113231e-18 4.710113231e-18 4.710113231e-18 4.710113231e-18 4.710113231e-18
4.710113231e-18 4.710113231e-18 9.972121269e-01 4.710113231e-18 0.000000000e+00 4.710113231e-18
0.000000000e+00 0.000000000e+00 0.000000000e+00 0.000000000e+00 0.000000000e+00 4.710113231e-18
4.710113231e-18 4.710113231e-18 2.787873149e-03 4.710113231e-18 4.710113231e-18 4.710113231e-18
4.710113231e-18 4.710113231e-18 4.710113231e-18 4.710113231e-18 4.710113231e-18 4.710113231e-18

4.700273045e-18 4.700273045e-18 4.700273045e-18 4.700273045e-18 4.700273045e-18 4.700273045e-18
4.700273045e-18 4.700273045e-18 4.700273045e-18 4.700273045e-18 0.000000000e+00 4.700273045e-18
4.700273045e-18 0.000000000e+00 9.978183265e-01 4.700273045e-18 0.000000000e+00 4.700273045e-18
0.000000000e+00 0.000000000e+00 0.000000000e+00 0.000000000e+00 0.000000000e+00 4.700273045e-18
4.700273045e-18 4.700273045e-18 2.181673488e-03 4.700273045e-18 4.700273045e-18 4.700273045e-18
4.700273045e-18 4.700273045e-18 4.700273045e-18 4.700273045e-18 4.700273045e-18 4.700273045e-18

