8.200758039e-18 8.200758039e-18 8.200758039e-18 8.200758039e-18 8.200758039e-18 8.200758039e-18
8.200758039e-18 1.766799761e-04 1.766799761e-04 7.337888385e-02 8.200758039e-18 8.200758039e-18
8.200758039e-18 8.200758039e-18 5.588162366e-02 3.344746393e-01 1.946073421e-02 8.200758039e-18
8.200758039e-18 7.766326462e-02 3.754739243e-01 8.200758039e-18 2.826879617e-03 8.200758039e-18
8.200758039e-18 8.200758039e-18 4.807881281e-02 1.223119774e-02 1.766799761e-04 8.200758039e-18
8.200758039e-18 8.200758039e-18 8.200758039e-18 8.200758039e-18 8.200758039e-18 8.200758039e-18

2.341917920e-03 8.117848644e-18 8.117848644e-18 8.117848644e-18 8.117848644e-18 8.117848644e-18
0.000000000e+00 5.344372396e-01 8.117848644e-18 9.329783976e-02 8.117848644e-18 8.117848644e-18
8.117848644e-18 8.117848644e-18 8.117848644e-18 5.630224852e-02 1.703164285e-02 8.117848644e-18
8.117848644e-18 5.928485174e-02 1.443672146e-01 0.000000000e+00 8.117848644e-18 8.117848644e-18
8.117848644e-18 8.117848644e-18 1.278481048e-02 8.117848644e-18 7.687809156e-02 8.117848644e-18
8.117848644e-18 8.117848644e-18 8.117848644e-18 8.117848644e-18 8.117848644e-18 3.274142890e-03

7.827980737e-18 7.827980737e-18 7.827980737e-18 7.827980737e-18 7.827980737e-18 7.827980737e-18
0.000000000e+00 3.157231503e-03 1.261143381e-01 7.827980737e-18 7.827980737e-18 7.827980737e-18
7.827980737e-18 7.827980737e-18 0.000000000e+00 0.000000000e+00 7.827980737e-18 7.827980737e-18
7.827980737e-18 1.714008962e-01 7.827980737e-18 0.000000000e+00 1.133482945e-01 7.827980737e-18
7.827980737e-18 7.827980737e-18 2.199189872e-01 7.827980737e-18 3.660602525e-01 7.827980737e-18
7.827980737e-18 7.827980737e-18 7.827980737e-18 7.827980737e-18 7.827980737e-18 7.827980737e-18

5.529137396e-18 0.000000000e+00 5.529137396e-18 5.529137396e-18 5.529137396e-18 5.529137396e-18
0.000000000e+00 5.529137396e-18 8.743560078e-01 5.529137396e-18 5.529137396e-18 5.529137396e-18
5.529137396e-18 5.529137396e-18 0.000000000e+00 0.000000000e+00 5.529137396e-18 5.529137396e-18
1.521839472e-02 5.529137396e-18 0.000000000e+00 0.000000000e+00 1.104255975e-01 5.529137396e-18
5.529137396e-18 5.529137396e-18 5.529137396e-18 5.529137396e-18 5.529137396e-18 5.529137396e-18
5.529137396e-18 5.529137396e-18 5.529137396e-18 5.529137396e-18 5.529137396e-18 5.529137396e-18

