9.532520739e-18 2.998288916e-02 1.304030494e-03 7.597361137e-03 6.277675969e-03 9.532520739e-18
8.280077512e-03 0.000000000e+00 3.986075775e-02 5.175048445e-04 9.532520739e-18 9.532520739e-18
1.581875219e-02 9.532520739e-18 3.851834087e-01 1.304030494e-03 9.532520739e-18 5.175048445e-04
5.175048445e-04 1.366373676e-01 9.027539614e-02 2.053719337e-04 9.532520739e-18 1.755905333e-03
5.175048445e-04 1.304030494e-03 9.532520739e-18 9.532520739e-18 9.532520739e-18 5.175048445e-04
8.406133481e-02 1.755905333e-03 1.304030494e-03 8.406133481e-02 1.004428155e-01 9.532520739e-18

1.888777957e-04 3.479158744e-02 1.668018738e-01 2.245178665e-02 2.059282393e-03 8.766930674e-18
4.759422213e-04 0.000000000e+00 8.766930674e-18 4.289849962e-01 4.759422213e-04 1.888777957e-04
1.167911189e-01 0.000000000e+00 0.000000000e+00 1.605923848e-02 1.888777957e-04 1.888777957e-04
1.888777957e-04 1.105546093e-01 8.650233520e-02 7.615075541e-03 8.766930674e-18 1.888777957e-04
1.888777957e-04 1.888777957e-04 8.172267591e-04 8.766930674e-18 8.766930674e-18 4.759422213e-04
1.888777957e-04 1.888777957e-04 1.888777957e-04 2.059282393e-03 8.172267591e-04 1.888777957e-04

5.528472435e-04 1.284185522e-01 1.764145566e-01 1.086803145e-01 5.383781267e-02 2.193975740e-04
5.528472435e-04 0.000000000e+00 0.000000000e+00 1.519416526e-01 1.018353329e-17 2.392031098e-03
6.939265522e-02 0.000000000e+00 0.000000000e+00 1.255489168e-01 1.018353329e-17 1.018353329e-17
1.018353329e-17 0.000000000e+00 1.018353329e-17 4.107288100e-03 1.018353329e-17 5.367294201e-03
5.528472435e-04 2.136555012e-02 3.203053614e-02 1.018353329e-17 1.018353329e-17 5.528472435e-04
1.018353329e-17 1.018353329e-17 6.706402639e-03 3.510361184e-03 1.073024422e-01 5.528472435e-04

1.397244138e-04 5.633335362e-03 1.244905235e-02 1.006063431e-01 1.397244138e-04 1.397244138e-04
8.871947255e-04 0.000000000e+00 0.000000000e+00 3.838668635e-03 6.485432787e-18 1.397244138e-04
3.418187458e-03 0.000000000e+00 0.000000000e+00 9.107347542e-02 6.485432787e-18 1.397244138e-04
1.397244138e-04 0.000000000e+00 0.000000000e+00 7.802773256e-01 6.485432787e-18 6.485432787e-18
1.397244138e-04 6.485432787e-18 0.000000000e+00 6.485432787e-18 6.485432787e-18 6.485432787e-18
1.397244138e-04 1.397244138e-04 1.397244138e-04 1.397244138e-04 1.397244138e-04 1.397244138e-04

1.200984845e-04 3.299482697e-03 2.512008549e-02 5.665447254e-03 1.200984845e-04 1.200984845e-04
4.842067477e-03 0.000000000e+00 0.000000000e+00 1.200984845e-04 1.200984845e-04 1.200984845e-04
1.119521745e-02 0.000000000e+00 0.000000000e+00 9.443206666e-01 1.200984845e-04 1.200984845e-04
1.200984845e-04 0.000000000e+00 0.000000000e+00 0.000000000e+00 1.200984845e-04 1.200984845e-04
2.248334233e-03 0.000000000e+00 0.000000000e+00 1.200984845e-04 1.200984845e-04 1.200984845e-04
1.200984845e-04 1.200984845e-04 1.026827598e-03 1.200984845e-04 1.200984845e-04 1.200984845e-04

1.052990781e-03 4.056967176e-03 7.823022643e-03 1.824129794e-01 1.808060316e-03 1.658356563e-04
1.052990781e-03 0.000000000e+00 0.000000000e+00 4.405009803e-01 1.658356563e-04 1.658356563e-04
3.124874821e-01 0.000000000e+00 0.000000000e+00 1.052990781e-03 1.658356563e-04 1.658356563e-04
0.000000000e+00 0.000000000e+00 0.000000000e+00 0.000000000e+00 3.572820907e-03 1.658356563e-04
2.892896506e-02 0.000000000e+00 0.000000000e+00 0.000000000e+00 1.658356563e-04 1.658356563e-04
6.134788468e-03 1.658356563e-04 1.417874917e-03 5.069156704e-03 4.178796683e-04 7.175292120e-04

1.127244080e-04 5.232203534e-18 1.127244080e-04 2.357770606e-02 5.232203534e-18 1.127244080e-04
6.948880944e-03 0.000000000e+00 0.000000000e+00 9.606889371e-01 1.127244080e-04 5.232203534e-18
5.232203534e-18 0.000000000e+00 0.000000000e+00 0.000000000e+00 5.232203534e-18 1.127244080e-04
0.000000000e+00 0.000000000e+00 0.000000000e+00 0.000000000e+00 5.232203534e-18 1.127244080e-04
7.373184099e-03 0.000000000e+00 0.000000000e+00 0.000000000e+00 1.127244080e-04 5.232203534e-18
1.127244080e-04 1.127244080e-04 0.000000000e+00 2.840477089e-04 5.232203534e-18 1.127244080e-04

2.770753387e-03 5.969407215e-18 3.240692821e-04 2.057711677e-03 1.286069799e-04 1.286069799e-04
5.341316456e-02 0.000000000e+00 0.000000000e+00 0.000000000e+00 3.240692821e-04 1.286069799e-04
0.000000000e+00 0.000000000e+00 0.000000000e+00 0.000000000e+00 8.166034203e-04 1.286069799e-04
0.000000000e+00 0.000000000e+00 0.000000000e+00 0.000000000e+00 8.888397742e-01 1.286069799e-04
9.905939475e-03 0.000000000e+00 0.000000000e+00 0.000000000e+00 3.240692821e-04 1.286069799e-04
5.185108514e-03 5.564500842e-04 0.000000000e+00 5.969407215e-18 3.361107078e-02 1.099574210e-03

1.107919973e-04 1.107919973e-04 1.207934519e-03 7.246787165e-03 1.107919973e-04 1.107919973e-04
9.784370609e-01 0.000000000e+00 0.000000000e+00 0.000000000e+00 1.107919973e-04 1.107919973e-04
0.000000000e+00 0.000000000e+00 0.000000000e+00 0.000000000e+00 0.000000000e+00 1.772671957e-03
0.000000000e+00 0.000000000e+00 0.000000000e+00 0.000000000e+00 1.107919973e-04 4.793691316e-04
4.466853427e-03 0.000000000e+00 0.000000000e+00 0.000000000e+00 1.107919973e-04 1.107919973e-04
4.793691316e-04 4.098548423e-03 0.000000000e+00 0.000000000e+00 7.034853325e-04 1.107919973e-04

5.573044932e-03 0.000000000e+00 1.274952435e-04 1.107441072e-01 1.274952435e-04 1.274952435e-04
8.549057931e-01 0.000000000e+00 0.000000000e+00 0.000000000e+00 1.274952435e-04 1.274952435e-04
0.000000000e+00 0.000000000e+00 0.000000000e+00 0.000000000e+00 0.000000000e+00 1.274952435e-04
0.000000000e+00 0.000000000e+00 0.000000000e+00 0.000000000e+00 0.000000000e+00 1.274952435e-04
2.746801754e-03 0.000000000e+00 0.000000000e+00 0.000000000e+00 1.274952435e-04 1.274952435e-04
1.274952435e-04 6.014377119e-03 0.000000000e+00 0.000000000e+00 1.861342827e-02 1.274952435e-04

1.268623022e-04 0.000000000e+00 0.000000000e+00 3.577782001e-01 0.000000000e+00 1.268623022e-04
6.405725900e-01 0.000000000e+00 0.000000000e+00 0.000000000e+00 1.268623022e-04 1.268623022e-04
0.000000000e+00 0.000000000e+00 0.000000000e+00 0.000000000e+00 0.000000000e+00 1.268623022e-04
0.000000000e+00 0.000000000e+00 0.000000000e+00 0.000000000e+00 0.000000000e+00 1.268623022e-04
1.268623022e-04 0.000000000e+00 0.000000000e+00 0.000000000e+00 1.268623022e-04 1.268623022e-04
1.268623022e-04 1.268623022e-04 0.000000000e+00 0.000000000e+00 1.268623022e-04 1.268623022e-04

1.010052466e-04 0.000000000e+00 0.000000000e+00 9.992929633e-01 0.000000000e+00 1.010052466e-04
1.010052466e-04 0.000000000e+00 0.000000000e+00 0.000000000e+00 0.000000000e+00 1.010052466e-04
0.000000000e+00 0.000000000e+00 0.000000000e+00 0.000000000e+00 0.000000000e+00 4.688248245e-18
0.000000000e+00 0.000000000e+00 0.000000000e+00 0.000000000e+00 0.000000000e+00 1.010052466e-04
1.010052466e-04 0.000000000e+00 0.000000000e+00 0.000000000e+00 0.000000000e+00 4.688248245e-18
4.688248245e-18 1.010052466e-04 0.000000000e+00 0.000000000e+00 4.688248245e-18 4.688248245e-18

5.268664735e-18 0.000000000e+00 0.000000000e+00 4.375821191e-02 0.000000000e+00 1.135099408e-04
1.135099408e-04 0.000000000e+00 0.000000000e+00 0.000000000e+00 0.000000000e+00 5.268664735e-18
0.000000000e+00 0.000000000e+00 0.000000000e+00 0.000000000e+00 0.000000000e+00 0.000000000e+00
0.000000000e+00 0.000000000e+00 0.000000000e+00 0.000000000e+00 0.000000000e+00 9.398535739e-01
0.000000000e+00 0.000000000e+00 0.000000000e+00 0.000000000e+00 0.000000000e+00 5.268664735e-18
1.604768432e-02 1.135099408e-04 0.000000000e+00 0.000000000e+00 5.268664735e-18 5.268664735e-18

5.350479377e-18 0.000000000e+00 0.000000000e+00 5.710118134e-02 0.000000000e+00 9.237842955e-01
5.350479377e-18 0.000000000e+00 0.000000000e+00 0.000000000e+00 0.000000000e+00 5.350479377e-18
0.000000000e+00 0.000000000e+00 0.000000000e+00 0.000000000e+00 0.000000000e+00 0.000000000e+00
0.000000000e+00 0.000000000e+00 0.000000000e+00 0.000000000e+00 0.000000000e+00 0.000000000e+00
0.000000000e+00 0.000000000e+00 0.000000000e+00 0.000000000e+00 0.000000000e+00 0.000000000e+00
1.899925055e-02 1.152725838e-04 0.000000000e+00 0.000000000e+00 5.350479377e-18 5.350479377e-18

1.150326356e-04 0.000000000e+00 0.000000000e+00 5.339341968e-18 0.000000000e+00 0.000000000e+00
2.523408400e-02 0.000000000e+00 0.000000000e+00 0.000000000e+00 0.000000000e+00 0.000000000e+00
0.000000000e+00 0.000000000e+00 0.000000000e+00 0.000000000e+00 0.000000000e+00 0.000000000e+00
0.000000000e+00 0.000000000e+00 0.000000000e+00 0.000000000e+00 0.000000000e+00 0.000000000e+00
0.000000000e+00 0.000000000e+00 0.000000000e+00 0.000000000e+00 0.000000000e+00 0.000000000e+00
9.349450569e-01 3.833662475e-02 0.000000000e+00 0.000000000e+00 1.150326356e-04 1.254169026e-03

4.040591832e-02 0.000000000e+00 0.000000000e+00 0.000000000e+00 0.000000000e+00 0.000000000e+00
7.312814866e-01 0.000000000e+00 0.000000000e+00 0.000000000e+00 0.000000000e+00 0.000000000e+00
0.000000000e+00 0.000000000e+00 0.000000000e+00 0.000000000e+00 0.000000000e+00 0.000000000e+00
0.000000000e+00 0.000000000e+00 0.000000000e+00 0.000000000e+00 0.000000000e+00 0.000000000e+00
0.000000000e+00 0.000000000e+00 0.000000000e+00 0.000000000e+00 0.000000000e+00 0.000000000e+00
1.374360031e-04 0.000000000e+00 0.000000000e+00 0.000000000e+00 6.635650182e-02 1.618186573e-01

0.000000000e+00 0.000000000e+00 0.000000000e+00 0.000000000e+00 0.000000000e+00 0.000000000e+00
8.765195584e-03 0.000000000e+00 0.000000000e+00 0.000000000e+00 0.000000000e+00 0.000000000e+00
0.000000000e+00 0.000000000e+00 0.000000000e+00 0.000000000e+00 0.000000000e+00 0.000000000e+00
0.000000000e+00 0.000000000e+00 0.000000000e+00 0.000000000e+00 0.000000000e+00 0.000000000e+00
0.000000000e+00 0.000000000e+00 0.000000000e+00 0.000000000e+00 0.000000000e+00 0.000000000e+00
0.000000000e+00 0.000000000e+00 0.000000000e+00 0.000000000e+00 4.785025275e-18 9.912348044e-01

0.000000000e+00 0.000000000e+00 0.000000000e+00 0.000000000e+00 0.000000000e+00 0.000000000e+00
1.000000000e+00 0.000000000e+00 0.000000000e+00 0.000000000e+00 0.000000000e+00 0.000000000e+00
0.000000000e+00 0.000000000e+00 0.000000000e+00 0.000000000e+00 0.000000000e+00 0.000000000e+00
0.000000000e+00 0.000000000e+00 0.000000000e+00 0.000000000e+00 0.000000000e+00 0.000000000e+00
0.000000000e+00 0.000000000e+00 0.000000000e+00 0.000000000e+00 0.000000000e+00 0.000000000e+00
0.000000000e+00 0.000000000e+00 0.000000000e+00 0.000000000e+00 0.000000000e+00 0.000000000e+00

