5.803117485e-18 1.250243762e-04 1.250243762e-04 1.250243762e-04 1.250243762e-04 1.250243762e-04
1.250243762e-04 1.250243762e-04 1.250243762e-04 5.803117485e-18 5.803117485e-18 3.150416867e-04
7.938553053e-04 1.250243762e-04 1.068943380e-03 5.803117485e-18 5.803117485e-18 2.000390019e-03
1.250243762e-04 1.363106212e-03 9.300466179e-01 6.338689780e-03 1.250243762e-04 5.409490586e-04
7.938553053e-04 1.323365930e-02 5.803117485e-18 1.377103512e-02 1.250243762e-04 1.250243762e-04
1.250243762e-04 5.409490586e-04 2.551837662e-02 1.674141195e-03 1.250243762e-04 1.250243762e-04

7.317951337e-18 7.317951337e-18 7.317951337e-18 7.317951337e-18 7.317951337e-18 7.317951337e-18
7.317951337e-18 7.317951337e-18 7.317951337e-18 7.317951337e-18 7.317951337e-18 1.001081661e-03
7.317951337e-18 7.317951337e-18 6.077829611e-02 0.000000000e+00 7.317951337e-18 1.576604822e-04
3.972795206e-04 3.785843269e-02 7.317951337e-18 5.630913008e-01 7.317951337e-18 7.317951337e-18
7.317951337e-18 7.437372335e-03 0.000000000e+00 2.157576524e-01 7.317951337e-18 7.317951337e-18
7.317951337e-18 7.317951337e-18 1.135209240e-01 7.317951337e-18 7.317951337e-18 7.317951337e-18

5.432923660e-18 5.432923660e-18 5.432923660e-18 5.432923660e-18 5.432923660e-18 5.432923660e-18
5.432923660e-18 5.432923660e-18 5.432923660e-18 5.432923660e-18 5.432923660e-18 5.432923660e-18
5.432923660e-18 5.432923660e-18 5.432923660e-18 0.000000000e+00 5.432923660e-18 5.432923660e-18
5.432923660e-18 5.432923660e-18 0.000000000e+00 0.000000000e+00 5.432923660e-18 5.432923660e-18
5.432923660e-18 1.405639089e-01 0.000000000e+00 5.432923660e-18 2.949444739e-04 5.432923660e-18
5.432923660e-18 5.432923660e-18 8.591411466e-01 5.432923660e-18 5.432923660e-18 5.432923660e-18

4.647784847e-18 4.647784847e-18 4.647784847e-18 4.647784847e-18 4.647784847e-18 4.647784847e-18
4.647784847e-18 4.647784847e-18 4.647784847e-18 4.647784847e-18 4.647784847e-18 4.647784847e-18
4.647784847e-18 0.000000000e+00 4.647784847e-18 0.000000000e+00 4.647784847e-18 4.647784847e-18
4.647784847e-18 4.647784847e-18 0.000000000e+00 0.000000000e+00 4.647784847e-18 4.647784847e-18
4.647784847e-18 4.647784847e-18 0.000000000e+00 0.000000000e+00 4.647784847e-18 4.647784847e-18
4.647784847e-18 4.647784847e-18 1.000000000e+00 4.647784847e-18 4.647784847e-18 4.647784847e-18

