1.742959381e-04 7.541347253e-04 1.900300430e-03 1.074444962e-02 2.333912945e-03 1.742959381e-04
4.391982425e-04 7.027171880e-03 1.742959381e-04 1.742959381e-04 1.742959381e-04 4.391982425e-04
8.964352795e-02 2.464142060e-02 1.074444962e-02 1.742959381e-04 1.742959381e-04 4.391982425e-04
5.102676418e-01 8.090100798e-18 2.774307869e-01 7.541347253e-04 1.742959381e-04 1.900300430e-03
1.742959381e-04 4.932715340e-02 1.742959381e-04 1.742959381e-04 1.742959381e-04 1.742959381e-04
1.742959381e-04 4.263937657e-03 4.391982425e-04 2.788735009e-03 1.106710222e-03 1.742959381e-04

5.904015671e-18 5.904015671e-18 5.904015671e-18 5.904015671e-18 5.904015671e-18 5.904015671e-18
5.904015671e-18 5.904015671e-18 5.904015671e-18 5.904015671e-18 5.904015671e-18 5.904015671e-18
5.904015671e-18 2.035170588e-03 2.921573727e-02 5.904015671e-18 5.904015671e-18 5.904015671e-18
7.935914577e-01 0.000000000e+00 5.904015671e-18 0.000000000e+00 5.904015671e-18 5.904015671e-18
5.904015671e-18 1.740701054e-01 1.087528985e-03 5.904015671e-18 5.904015671e-18 5.904015671e-18
5.904015671e-18 5.904015671e-18 5.904015671e-18 5.904015671e-18 5.904015671e-18 5.904015671e-18

4.881461499e-18 4.881461499e-18 4.881461499e-18 4.881461499e-18 4.881461499e-18 4.881461499e-18
4.881461499e-18 4.881461499e-18 4.881461499e-18 4.881461499e-18 4.881461499e-18 4.881461499e-18
4.881461499e-18 4.881461499e-18 0.000000000e+00 4.881461499e-18 4.881461499e-18 4.881461499e-18
8.991728961e-04 0.000000000e+00 0.000000000e+00 0.000000000e+00 4.881461499e-18 4.881461499e-18
4.881461499e-18 9.876756979e-01 4.881461499e-18 6.093155495e-03 4.881461499e-18 4.881461499e-18
4.881461499e-18 4.881461499e-18 5.331973753e-03 4.881461499e-18 4.881461499e-18 4.881461499e-18

5.192035442e-18 5.192035442e-18 5.192035442e-18 5.192035442e-18 5.192035442e-18 5.192035442e-18
5.192035442e-18 5.192035442e-18 0.000000000e+00 5.192035442e-18 5.192035442e-18 5.192035442e-18
2.226924404e-02 1.136416732e-02 0.000000000e+00 5.192035442e-18 5.192035442e-18 5.192035442e-18
5.192035442e-18 0.000000000e+00 0.000000000e+00 0.000000000e+00 5.192035442e-18 5.192035442e-18
7.316579509e-03 9.590500091e-01 0.000000000e+00 5.192035442e-18 5.192035442e-18 5.192035442e-18
5.192035442e-18 5.192035442e-18 5.192035442e-18 5.192035442e-18 5.192035442e-18 5.192035442e-18

3.609445831e-02 3.609445831e-02 3.609445831e-02 3.609445831e-02 3.609445831e-02 3.609445831e-02
3.609445831e-02 3.609445831e-02 0.000000000e+00 3.609445831e-02 3.609445831e-02 3.609445831e-02
3.609445831e-02 3.476385421e-02 0.000000000e+00 3.609445831e-02 3.609445831e-02 3.609445831e-02
0.000000000e+00 0.000000000e+00 0.000000000e+00 0.000000000e+00 3.609445831e-02 3.609445831e-02
3.609445831e-02 3.609445831e-02 0.000000000e+00 3.609445831e-02 3.476385421e-02 0.000000000e+00
3.476385421e-02 3.476385421e-02 3.476385421e-02 3.476385421e-02 3.476385421e-02 3.476385421e-02

