8.018173365e-18 1.727463085e-04 4.352934207e-04 1.883405247e-03 7.474298675e-04 8.018173365e-18
1.727463085e-04 0.000000000e+00 4.352934207e-04 8.018173365e-18 8.018173365e-18 8.018173365e-18
4.352934207e-04 1.303843396e-01 2.284695106e-02 4.352934207e-04 8.018173365e-18 8.018173365e-18
5.270347552e-02 8.018173365e-18 5.537174891e-01 4.352934207e-04 8.018173365e-18 1.068163390e-01
4.352934207e-04 1.091196177e-01 4.352934207e-04 8.018173365e-18 8.018173365e-18 8.018173365e-18
8.018173365e-18 1.883405247e-03 4.352934207e-04 1.330576675e-02 2.763940936e-03 8.018173365e-18

7.249732552e-18 7.249732552e-18 7.249732552e-18 7.249732552e-18 7.249732552e-18 7.249732552e-18
7.249732552e-18 0.000000000e+00 7.249732552e-18 7.249732552e-18 7.249732552e-18 7.249732552e-18
7.249732552e-18 2.877058270e-02 4.757372170e-01 7.249732552e-18 7.249732552e-18 7.249732552e-18
1.482461645e-01 0.000000000e+00 7.249732552e-18 6.113626201e-02 7.249732552e-18 7.249732552e-18
7.249732552e-18 2.861097737e-01 0.000000000e+00 7.249732552e-18 7.249732552e-18 7.249732552e-18
7.249732552e-18 7.249732552e-18 7.249732552e-18 7.249732552e-18 7.249732552e-18 7.249732552e-18

4.717990321e-18 4.717990321e-18 4.717990321e-18 4.717990321e-18 4.717990321e-18 4.717990321e-18
4.717990321e-18 0.000000000e+00 4.717990321e-18 4.717990321e-18 4.717990321e-18 4.717990321e-18
4.717990321e-18 4.717990321e-18 1.108218458e-03 1.361092891e-03 4.717990321e-18 4.717990321e-18
4.717990321e-18 0.000000000e+00 0.000000000e+00 9.975306887e-01 4.717990321e-18 4.717990321e-18
4.717990321e-18 0.000000000e+00 0.000000000e+00 4.717990321e-18 4.717990321e-18 4.717990321e-18
4.717990321e-18 4.717990321e-18 4.717990321e-18 4.717990321e-18 4.717990321e-18 4.717990321e-18

8.068130613e-18 8.068130613e-18 8.068130613e-18 8.068130613e-18 8.068130613e-18 8.068130613e-18
1.486162366e-03 0.000000000e+00 8.068130613e-18 8.068130613e-18 8.068130613e-18 8.068130613e-18
1.486162366e-03 2.327574767e-03 1.097994877e-01 9.833698889e-02 8.068130613e-18 8.068130613e-18
1.624134006e-01 0.000000000e+00 0.000000000e+00 2.449495814e-01 3.694015417e-01 8.068130613e-18
0.000000000e+00 0.000000000e+00 0.000000000e+00 0.000000000e+00 8.068130613e-18 4.380055174e-04
4.252358135e-03 8.068130613e-18 2.327574767e-03 2.781161676e-03 8.068130613e-18 8.068130613e-18

5.600180396e-18 5.600180396e-18 5.600180396e-18 5.600180396e-18 5.600180396e-18 5.600180396e-18
5.600180396e-18 0.000000000e+00 5.600180396e-18 5.600180396e-18 5.600180396e-18 5.600180396e-18
3.040245665e-04 5.600180396e-18 1.467883687e-01 2.951609711e-03 5.600180396e-18 5.600180396e-18
8.470892471e-01 0.000000000e+00 0.000000000e+00 0.000000000e+00 5.600180396e-18 5.600180396e-18
0.000000000e+00 0.000000000e+00 0.000000000e+00 0.000000000e+00 5.600180396e-18 5.600180396e-18
3.040245665e-04 0.000000000e+00 2.258700751e-03 3.040245665e-04 5.600180396e-18 5.600180396e-18

4.915563343e-18 4.915563343e-18 4.915563343e-18 4.915563343e-18 4.915563343e-18 4.915563343e-18
1.418090726e-03 0.000000000e+00 4.915563343e-18 4.915563343e-18 4.915563343e-18 4.915563343e-18
4.995779985e-03 0.000000000e+00 9.876314554e-01 1.418090726e-03 4.915563343e-18 4.915563343e-18
4.915563343e-18 0.000000000e+00 0.000000000e+00 0.000000000e+00 4.915563343e-18 4.915563343e-18
0.000000000e+00 0.000000000e+00 0.000000000e+00 0.000000000e+00 4.915563343e-18 4.915563343e-18
4.269725355e-03 0.000000000e+00 0.000000000e+00 2.668578347e-04 4.915563343e-18 4.915563343e-18

