6.023594077e-18 6.023594077e-18 1.297744004e-04 1.297744004e-04 6.023594077e-18 6.023594077e-18
6.023594077e-18 6.023594077e-18 6.023594077e-18 6.023594077e-18 6.023594077e-18 1.297744004e-04
6.023594077e-18 6.023594077e-18 6.023594077e-18 6.023594077e-18 6.023594077e-18 1.297744004e-04
1.297744004e-04 6.023594077e-18 6.023594077e-18 1.297744004e-04 6.023594077e-18 1.297744004e-04
6.023594077e-18 6.023594077e-18 1.297744004e-04 7.518792344e-03 1.297744004e-04 1.297744004e-04
6.023594077e-18 3.270109976e-04 3.188768076e-01 6.023594077e-18 6.699032546e-01 2.076390406e-03

5.584489363e-18 5.584489363e-18 5.584489363e-18 1.203141761e-04 5.584489363e-18 5.584489363e-18
5.584489363e-18 5.584489363e-18 5.584489363e-18 5.584489363e-18 5.584489363e-18 1.203141761e-04
1.203141761e-04 5.584489363e-18 3.031727262e-04 0.000000000e+00 5.584489363e-18 5.205692064e-04
1.203141761e-04 5.584489363e-18 2.943339655e-03 4.450804107e-03 5.584489363e-18 1.203141761e-04
5.584489363e-18 1.203141761e-04 5.584489363e-18 2.763457672e-02 1.203141761e-04 5.584489363e-18
5.584489363e-18 5.584489363e-18 9.189238923e-01 0.000000000e+00 4.426113191e-02 1.203141761e-04

5.640913512e-18 3.062359003e-04 5.640913512e-18 5.640913512e-18 1.215297976e-04 5.640913512e-18
5.640913512e-18 7.716661139e-04 5.640913512e-18 5.640913512e-18 1.215297976e-04 3.062359003e-04
5.258288949e-04 5.640913512e-18 1.325005787e-03 0.000000000e+00 1.325005787e-03 0.000000000e+00
1.215297976e-04 3.062359003e-04 2.275129493e-03 7.716661139e-04 5.640913512e-18 1.215297976e-04
1.215297976e-04 3.062359003e-04 0.000000000e+00 8.416427740e-02 5.640913512e-18 5.640913512e-18
1.215297976e-04 1.215297976e-04 9.025461620e-01 0.000000000e+00 1.944476761e-03 2.275129493e-03

2.111361448e-04 2.111361448e-04 9.135330423e-04 5.320297464e-04 5.320297464e-04 2.111361448e-04
2.111361448e-04 1.249695623e-01 1.710202773e-02 2.827222406e-03 4.849518304e-02 1.146223342e-02
1.361996151e-01 0.000000000e+00 2.111361448e-04 0.000000000e+00 0.000000000e+00 0.000000000e+00
1.340630953e-03 2.603144159e-02 3.114095044e-01 2.509762283e-02 3.952627913e-03 1.805188645e-03
5.320297464e-04 2.111361448e-04 0.000000000e+00 7.810597644e-03 2.111361448e-04 2.111361448e-04
2.111361448e-04 2.111361448e-04 1.019402170e-01 0.000000000e+00 2.145009525e-02 1.534852461e-01

3.609445831e-02 3.609445831e-02 3.609445831e-02 3.609445831e-02 3.609445831e-02 3.609445831e-02
3.609445831e-02 3.609445831e-02 3.609445831e-02 3.609445831e-02 0.000000000e+00 3.609445831e-02
3.609445831e-02 0.000000000e+00 0.000000000e+00 0.000000000e+00 0.000000000e+00 0.000000000e+00
3.609445831e-02 3.476385421e-02 3.609445831e-02 3.609445831e-02 3.609445831e-02 3.609445831e-02
3.609445831e-02 3.609445831e-02 0.000000000e+00 3.609445831e-02 3.476385421e-02 3.476385421e-02
3.476385421e-02 3.476385421e-02 3.476385421e-02 0.000000000e+00 3.476385421e-02 3.476385421e-02

3.917969513e-02 3.917969513e-02 3.917969513e-02 3.917969513e-02 3.917969513e-02 3.917969513e-02
3.917969513e-02 3.917969513e-02 3.917969513e-02 3.917969513e-02 0.000000000e+00 3.917969513e-02
0.000000000e+00 0.000000000e+00 0.000000000e+00 0.000000000e+00 0.000000000e+00 0.000000000e+00
3.917969513e-02 0.000000000e+00 3.784597560e-02 3.784597560e-02 3.784597560e-02 3.784597560e-02
3.784597560e-02 3.784597560e-02 0.000000000e+00 3.784597560e-02 3.784597560e-02 3.784597560e-02
3.784597560e-02 3.784597560e-02 3.784597560e-02 0.000000000e+00 3.784597560e-02 3.784597560e-02

4.211050269e-02 4.211050269e-02 4.211050269e-02 4.211050269e-02 4.211050269e-02 0.000000000e+00
4.211050269e-02 4.211050269e-02 4.211050269e-02 4.077899461e-02 0.000000000e+00 4.211050269e-02
0.000000000e+00 0.000000000e+00 0.000000000e+00 0.000000000e+00 0.000000000e+00 0.000000000e+00
4.211050269e-02 0.000000000e+00 4.211050269e-02 4.211050269e-02 4.211050269e-02 4.211050269e-02
0.000000000e+00 4.211050269e-02 0.000000000e+00 4.211050269e-02 4.077899461e-02 4.077899461e-02
4.077899461e-02 4.077899461e-02 4.077899461e-02 0.000000000e+00 4.077899461e-02 4.077899461e-02

