7.400415018e-18 7.400415018e-18 7.400415018e-18 7.400415018e-18 7.400415018e-18 7.400415018e-18
7.400415018e-18 1.012362534e-03 1.594371084e-04 1.594371084e-04 7.400415018e-18 7.400415018e-18
7.400415018e-18 7.400415018e-18 1.756148749e-02 4.265598703e-01 7.400415018e-18 7.400415018e-18
7.400415018e-18 1.159026743e-01 3.230467179e-01 1.137002774e-01 7.400415018e-18 7.400415018e-18
7.400415018e-18 1.738298717e-03 7.400415018e-18 1.594371084e-04 7.400415018e-18 7.400415018e-18
7.400415018e-18 7.400415018e-18 7.400415018e-18 7.400415018e-18 7.400415018e-18 7.400415018e-18

6.327543367e-18 6.327543367e-18 6.327543367e-18 1.363227894e-04 6.327543367e-18 6.327543367e-18
6.327543367e-18 5.898344530e-04 4.599802426e-03 2.552065459e-03 6.327543367e-18 6.327543367e-18
1.363227894e-04 0.000000000e+00 6.327543367e-18 0.000000000e+00 1.363227894e-04 6.327543367e-18
6.327543367e-18 3.530021066e-01 6.143068853e-01 2.246874968e-02 1.363227894e-04 6.327543367e-18
6.327543367e-18 5.898344530e-04 8.655957568e-04 3.435119037e-04 1.363227894e-04 6.327543367e-18
6.327543367e-18 6.327543367e-18 6.327543367e-18 6.327543367e-18 6.327543367e-18 6.327543367e-18

1.510915809e-04 1.510915809e-04 1.510915809e-04 1.284648479e-02 1.510915809e-04 1.510915809e-04
1.510915809e-04 5.964115642e-01 2.417465294e-03 0.000000000e+00 1.510915809e-04 1.510915809e-04
1.510915809e-04 0.000000000e+00 0.000000000e+00 0.000000000e+00 1.510915809e-04 1.510915809e-04
1.510915809e-04 9.593717379e-04 4.111560347e-02 2.967128032e-01 1.510915809e-04 1.510915809e-04
1.510915809e-04 1.510915809e-04 1.510915809e-04 4.525677406e-02 6.537353029e-04 1.510915809e-04
1.510915809e-04 1.510915809e-04 1.510915809e-04 1.510915809e-04 1.510915809e-04 1.510915809e-04

1.012337026e-17 1.344483146e-02 5.351974563e-02 1.692056657e-01 1.012337026e-17 1.012337026e-17
1.012337026e-17 1.276598716e-01 2.033075285e-02 0.000000000e+00 1.012337026e-17 1.012337026e-17
0.000000000e+00 0.000000000e+00 0.000000000e+00 0.000000000e+00 0.000000000e+00 1.012337026e-17
1.012337026e-17 1.012337026e-17 8.793297463e-03 8.666527715e-02 1.012337026e-17 3.804638846e-02
1.012337026e-17 7.393122627e-02 3.387885234e-02 5.335584901e-03 6.666782055e-03 1.012337026e-17
1.012337026e-17 2.550929457e-01 3.489622411e-03 9.587089139e-02 1.012337026e-17 8.068264616e-03

