7.173310368e-18 7.173310368e-18 7.173310368e-18 7.173310368e-18 7.173310368e-18 7.173310368e-18
7.173310368e-18 7.173310368e-18 1.545442870e-04 1.545442870e-04 5.717084799e-03 7.173310368e-18
7.173310368e-18 1.545442870e-04 2.525207786e-01 6.755406962e-03 7.173310368e-18 7.173310368e-18
7.173310368e-18 7.173310368e-18 1.190375791e-02 3.972487669e-01 3.214552901e-01 7.173310368e-18
7.173310368e-18 7.173310368e-18 1.545442870e-04 7.173310368e-18 3.780737591e-03 7.173310368e-18
7.173310368e-18 7.173310368e-18 7.173310368e-18 7.173310368e-18 7.173310368e-18 7.173310368e-18

5.736125470e-18 5.736125470e-18 5.736125470e-18 5.736125470e-18 3.114048005e-04 5.736125470e-18
5.736125470e-18 5.736125470e-18 5.736125470e-18 0.000000000e+00 2.313530992e-03 3.777546150e-03
5.736125470e-18 5.736125470e-18 8.827681741e-01 3.114048005e-04 0.000000000e+00 5.736125470e-18
5.736125470e-18 1.804198689e-02 7.846909265e-04 5.736125470e-18 5.347042656e-04 5.736125470e-18
5.736125470e-18 5.736125470e-18 8.983716187e-02 5.736125470e-18 5.736125470e-18 5.736125470e-18
5.736125470e-18 7.846909265e-04 5.736125470e-18 5.347042656e-04 5.736125470e-18 5.736125470e-18

6.563432142e-18 0.000000000e+00 6.563432142e-18 6.563432142e-18 6.563432142e-18 6.563432142e-18
6.563432142e-18 6.563432142e-18 6.563432142e-18 0.000000000e+00 6.563432142e-18 7.725067049e-02
6.563432142e-18 6.563432142e-18 1.238508051e-01 6.563432142e-18 0.000000000e+00 6.563432142e-18
6.563432142e-18 6.563432142e-18 6.563432142e-18 0.000000000e+00 6.563432142e-18 6.563432142e-18
6.563432142e-18 6.563432142e-18 6.563432142e-18 7.028995660e-01 6.563432142e-18 6.563432142e-18
6.563432142e-18 9.599895838e-02 6.563432142e-18 6.563432142e-18 6.563432142e-18 6.563432142e-18

5.847995129e-18 0.000000000e+00 5.847995129e-18 5.847995129e-18 5.847995129e-18 5.847995129e-18
5.847995129e-18 5.451324168e-04 5.847995129e-18 0.000000000e+00 5.847995129e-18 3.407077605e-01
7.999944805e-04 5.847995129e-18 6.575036434e-01 5.847995129e-18 0.000000000e+00 5.847995129e-18
5.847995129e-18 0.000000000e+00 5.847995129e-18 0.000000000e+00 5.847995129e-18 5.847995129e-18
5.847995129e-18 5.847995129e-18 0.000000000e+00 5.847995129e-18 5.847995129e-18 5.847995129e-18
5.847995129e-18 1.259912357e-04 5.847995129e-18 3.174780200e-04 5.847995129e-18 5.847995129e-18

