6.413307109e-18 6.413307109e-18 6.413307109e-18 6.413307109e-18 6.413307109e-18 6.413307109e-18
6.413307109e-18 6.413307109e-18 2.017194418e-02 7.241963307e-01 6.413307109e-18 6.413307109e-18
6.413307109e-18 1.023606802e-01 5.978290896e-04 1.381705132e-04 6.413307109e-18 6.413307109e-18
6.413307109e-18 1.519823633e-01 1.381705132e-04 0.000000000e+00 1.381705132e-04 6.413307109e-18
6.413307109e-18 6.413307109e-18 6.413307109e-18 1.381705132e-04 6.413307109e-18 6.413307109e-18
6.413307109e-18 6.413307109e-18 6.413307109e-18 6.413307109e-18 1.381705132e-04 6.413307109e-18

4.205283562e-04 7.746198551e-18 1.668867888e-04 7.746198551e-18 7.746198551e-18 7.746198551e-18
1.668867888e-04 0.000000000e+00 8.162059262e-02 0.000000000e+00 7.220771981e-04 1.668867888e-04
1.668867888e-04 1.874235953e-01 1.306484450e-01 4.205283562e-04 1.819520523e-03 1.668867888e-04
7.746198551e-18 5.215832871e-01 9.060008787e-03 0.000000000e+00 6.335096377e-02 4.205283562e-04
1.668867888e-04 7.746198551e-18 4.205283562e-04 1.668867888e-04 1.668867888e-04 1.668867888e-04
7.746198551e-18 7.746198551e-18 7.746198551e-18 1.668867888e-04 7.746198551e-18 4.205283562e-04

4.853913269e-18 4.853913269e-18 4.853913269e-18 4.853913269e-18 4.853913269e-18 4.853913269e-18
4.853913269e-18 0.000000000e+00 1.335990820e-02 0.000000000e+00 4.853913269e-18 4.853913269e-18
4.853913269e-18 9.862217942e-01 0.000000000e+00 0.000000000e+00 4.853913269e-18 4.853913269e-18
4.853913269e-18 4.853913269e-18 4.853913269e-18 0.000000000e+00 1.045743913e-04 1.045743913e-04
4.853913269e-18 1.045743913e-04 4.853913269e-18 4.853913269e-18 1.045743913e-04 4.853913269e-18
4.853913269e-18 4.853913269e-18 4.853913269e-18 4.853913269e-18 4.853913269e-18 4.853913269e-18

4.796892308e-18 1.033459119e-04 4.796892308e-18 4.796892308e-18 4.796892308e-18 4.796892308e-18
4.796892308e-18 0.000000000e+00 7.154428659e-03 0.000000000e+00 4.796892308e-18 4.796892308e-18
4.796892308e-18 9.923288418e-01 0.000000000e+00 0.000000000e+00 4.796892308e-18 1.033459119e-04
4.796892308e-18 0.000000000e+00 4.796892308e-18 0.000000000e+00 4.796892308e-18 1.033459119e-04
4.796892308e-18 1.033459119e-04 4.796892308e-18 4.796892308e-18 0.000000000e+00 1.033459119e-04
4.796892308e-18 4.796892308e-18 4.796892308e-18 4.796892308e-18 4.796892308e-18 4.796892308e-18

4.894587238e-03 4.489325270e-04 4.489325270e-04 4.489325270e-04 1.781589914e-04 2.850543863e-03
7.708491865e-04 0.000000000e+00 1.734962147e-02 0.000000000e+00 1.369656154e-01 8.269407852e-18
6.868049484e-02 0.000000000e+00 0.000000000e+00 0.000000000e+00 7.708491865e-04 4.489325270e-04
8.379849981e-02 0.000000000e+00 8.269407852e-18 0.000000000e+00 6.011439209e-03 5.215770914e-01
1.781589914e-04 1.407308908e-01 4.489325270e-04 1.781589914e-04 0.000000000e+00 7.182920432e-03
2.385641231e-03 1.131239082e-03 1.942418233e-03 8.269407852e-18 1.781589914e-04 0.000000000e+00

5.230422475e-18 1.126860363e-04 0.000000000e+00 5.230422475e-18 5.230422475e-18 1.126860363e-04
5.230422475e-18 0.000000000e+00 2.756726512e-03 0.000000000e+00 1.389331028e-02 5.230422475e-18
1.126860363e-04 0.000000000e+00 0.000000000e+00 0.000000000e+00 5.230422475e-18 5.230422475e-18
9.560335270e-01 0.000000000e+00 0.000000000e+00 0.000000000e+00 5.230422475e-18 2.839510182e-04
5.230422475e-18 5.230422475e-18 5.230422475e-18 5.230422475e-18 0.000000000e+00 1.126860363e-04
2.646905501e-02 1.126860363e-04 5.230422475e-18 5.230422475e-18 5.230422475e-18 0.000000000e+00

5.057117153e-18 5.057117153e-18 0.000000000e+00 5.057117153e-18 5.057117153e-18 5.057117153e-18
5.057117153e-18 0.000000000e+00 4.030491658e-03 0.000000000e+00 0.000000000e+00 5.057117153e-18
2.745425578e-04 0.000000000e+00 0.000000000e+00 0.000000000e+00 5.057117153e-18 5.057117153e-18
9.664171068e-01 0.000000000e+00 0.000000000e+00 0.000000000e+00 5.057117153e-18 1.089522863e-04
5.057117153e-18 0.000000000e+00 5.057117153e-18 5.057117153e-18 0.000000000e+00 1.089522863e-04
2.905995441e-02 5.057117153e-18 5.057117153e-18 5.057117153e-18 5.057117153e-18 0.000000000e+00

5.239277600e-18 5.239277600e-18 0.000000000e+00 5.239277600e-18 5.239277600e-18 5.239277600e-18
5.239277600e-18 0.000000000e+00 7.894475617e-02 0.000000000e+00 0.000000000e+00 5.239277600e-18
2.844317483e-04 0.000000000e+00 0.000000000e+00 0.000000000e+00 5.239277600e-18 5.239277600e-18
9.202824225e-01 0.000000000e+00 0.000000000e+00 0.000000000e+00 5.239277600e-18 5.239277600e-18
5.239277600e-18 0.000000000e+00 5.239277600e-18 5.239277600e-18 0.000000000e+00 4.883896100e-04
0.000000000e+00 0.000000000e+00 5.239277600e-18 5.239277600e-18 5.239277600e-18 0.000000000e+00

5.312238650e-02 5.312238650e-02 0.000000000e+00 5.312238650e-02 5.312238650e-02 5.312238650e-02
5.312238650e-02 0.000000000e+00 0.000000000e+00 0.000000000e+00 0.000000000e+00 5.179019457e-02
5.312238650e-02 0.000000000e+00 0.000000000e+00 0.000000000e+00 5.312238650e-02 5.312238650e-02
5.312238650e-02 0.000000000e+00 0.000000000e+00 0.000000000e+00 0.000000000e+00 5.312238650e-02
5.312238650e-02 0.000000000e+00 5.179019457e-02 5.179019457e-02 0.000000000e+00 5.179019457e-02
0.000000000e+00 0.000000000e+00 5.179019457e-02 5.179019457e-02 5.179019457e-02 0.000000000e+00

5.905838853e-02 5.905838853e-02 0.000000000e+00 5.905838853e-02 5.772752019e-02 0.000000000e+00
5.905838853e-02 0.000000000e+00 0.000000000e+00 0.000000000e+00 0.000000000e+00 0.000000000e+00
5.905838853e-02 0.000000000e+00 0.000000000e+00 0.000000000e+00 5.905838853e-02 5.905838853e-02
5.905838853e-02 0.000000000e+00 0.000000000e+00 0.000000000e+00 0.000000000e+00 5.905838853e-02
5.905838853e-02 0.000000000e+00 5.905838853e-02 5.905838853e-02 0.000000000e+00 5.905838853e-02
0.000000000e+00 0.000000000e+00 5.905838853e-02 5.772752019e-02 5.772752019e-02 0.000000000e+00

6.711073456e-02 6.711073456e-02 0.000000000e+00 6.577853088e-02 0.000000000e+00 0.000000000e+00
6.711073456e-02 0.000000000e+00 0.000000000e+00 0.000000000e+00 0.000000000e+00 0.000000000e+00
6.711073456e-02 0.000000000e+00 0.000000000e+00 0.000000000e+00 6.711073456e-02 6.711073456e-02
0.000000000e+00 0.000000000e+00 0.000000000e+00 0.000000000e+00 0.000000000e+00 6.711073456e-02
6.711073456e-02 0.000000000e+00 6.711073456e-02 6.711073456e-02 0.000000000e+00 6.577853088e-02
0.000000000e+00 0.000000000e+00 6.577853088e-02 6.577853088e-02 6.577853088e-02 0.000000000e+00

7.702545221e-02 7.702545221e-02 0.000000000e+00 0.000000000e+00 0.000000000e+00 0.000000000e+00
7.702545221e-02 0.000000000e+00 0.000000000e+00 0.000000000e+00 0.000000000e+00 0.000000000e+00
0.000000000e+00 0.000000000e+00 0.000000000e+00 0.000000000e+00 7.702545221e-02 7.702545221e-02
0.000000000e+00 0.000000000e+00 0.000000000e+00 0.000000000e+00 0.000000000e+00 7.702545221e-02
7.569457348e-02 0.000000000e+00 7.702545221e-02 7.702545221e-02 0.000000000e+00 7.702545221e-02
0.000000000e+00 0.000000000e+00 7.702545221e-02 7.702545221e-02 7.702545221e-02 0.000000000e+00

9.103012053e-02 9.103012053e-02 0.000000000e+00 0.000000000e+00 0.000000000e+00 0.000000000e+00
9.103012053e-02 0.000000000e+00 0.000000000e+00 0.000000000e+00 0.000000000e+00 0.000000000e+00
0.000000000e+00 0.000000000e+00 0.000000000e+00 0.000000000e+00 8.969879468e-02 9.103012053e-02
0.000000000e+00 0.000000000e+00 0.000000000e+00 0.000000000e+00 0.000000000e+00 9.103012053e-02
0.000000000e+00 0.000000000e+00 0.000000000e+00 9.103012053e-02 0.000000000e+00 9.103012053e-02
0.000000000e+00 0.000000000e+00 9.103012053e-02 9.103012053e-02 9.103012053e-02 0.000000000e+00

0.000000000e+00 1.122976744e-01 0.000000000e+00 0.000000000e+00 0.000000000e+00 0.000000000e+00
1.109627907e-01 0.000000000e+00 0.000000000e+00 0.000000000e+00 0.000000000e+00 0.000000000e+00
0.000000000e+00 0.000000000e+00 0.000000000e+00 0.000000000e+00 0.000000000e+00 1.109627907e-01
0.000000000e+00 0.000000000e+00 0.000000000e+00 0.000000000e+00 0.000000000e+00 1.109627907e-01
0.000000000e+00 0.000000000e+00 0.000000000e+00 1.109627907e-01 0.000000000e+00 1.109627907e-01
0.000000000e+00 0.000000000e+00 1.109627907e-01 1.109627907e-01 1.109627907e-01 0.000000000e+00

0.000000000e+00 1.430474598e-01 0.000000000e+00 0.000000000e+00 0.000000000e+00 0.000000000e+00
0.000000000e+00 0.000000000e+00 0.000000000e+00 0.000000000e+00 0.000000000e+00 0.000000000e+00
0.000000000e+00 0.000000000e+00 0.000000000e+00 0.000000000e+00 0.000000000e+00 1.430474598e-01
0.000000000e+00 0.000000000e+00 0.000000000e+00 0.000000000e+00 0.000000000e+00 1.430474598e-01
0.000000000e+00 0.000000000e+00 0.000000000e+00 0.000000000e+00 0.000000000e+00 1.417152409e-01
0.000000000e+00 0.000000000e+00 1.430474598e-01 1.430474598e-01 1.430474598e-01 0.000000000e+00

0.000000000e+00 2.000000000e-01 0.000000000e+00 0.000000000e+00 0.000000000e+00 0.000000000e+00
0.000000000e+00 0.000000000e+00 0.000000000e+00 0.000000000e+00 0.000000000e+00 0.000000000e+00
0.000000000e+00 0.000000000e+00 0.000000000e+00 0.000000000e+00 0.000000000e+00 2.000000000e-01
0.000000000e+00 0.000000000e+00 0.000000000e+00 0.000000000e+00 0.000000000e+00 2.000000000e-01
0.000000000e+00 0.000000000e+00 0.000000000e+00 0.000000000e+00 0.000000000e+00 0.000000000e+00
0.000000000e+00 0.000000000e+00 2.000000000e-01 0.000000000e+00 2.000000000e-01 0.000000000e+00

0.000000000e+00 3.342223699e-01 0.000000000e+00 0.000000000e+00 0.000000000e+00 0.000000000e+00
0.000000000e+00 0.000000000e+00 0.000000000e+00 0.000000000e+00 0.000000000e+00 0.000000000e+00
0.000000000e+00 0.000000000e+00 0.000000000e+00 0.000000000e+00 0.000000000e+00 0.000000000e+00
0.000000000e+00 0.000000000e+00 0.000000000e+00 0.000000000e+00 0.000000000e+00 0.000000000e+00
0.000000000e+00 0.000000000e+00 0.000000000e+00 0.000000000e+00 0.000000000e+00 0.000000000e+00
0.000000000e+00 0.000000000e+00 3.328888151e-01 0.000000000e+00 3.328888151e-01 0.000000000e+00

0.000000000e+00 1.000000000e+00 0.000000000e+00 0.000000000e+00 0.000000000e+00 0.000000000e+00
0.000000000e+00 0.000000000e+00 0.000000000e+00 0.000000000e+00 0.000000000e+00 0.000000000e+00
0.000000000e+00 0.000000000e+00 0.000000000e+00 0.000000000e+00 0.000000000e+00 0.000000000e+00
0.000000000e+00 0.000000000e+00 0.000000000e+00 0.000000000e+00 0.000000000e+00 0.000000000e+00
0.000000000e+00 0.000000000e+00 0.000000000e+00 0.000000000e+00 0.000000000e+00 0.000000000e+00
0.000000000e+00 0.000000000e+00 0.000000000e+00 0.000000000e+00 0.000000000e+00 0.000000000e+00

