7.840874988e-18 7.840874988e-18 7.840874988e-18 7.840874988e-18 7.840874988e-18 7.840874988e-18
7.840874988e-18 1.689265308e-04 1.689265308e-04 1.689265308e-04 7.840874988e-18 7.840874988e-18
7.840874988e-18 1.689265308e-04 2.603822282e-01 3.639411779e-03 3.422739028e-01 7.840874988e-18
7.840874988e-18 1.689265308e-04 1.716186577e-02 2.257117812e-01 5.163636548e-03 7.840874988e-18
7.840874988e-18 7.840874988e-18 1.382355583e-01 6.249129747e-03 7.840874988e-18 1.689265308e-04
7.840874988e-18 7.840874988e-18 7.840874988e-18 7.840874988e-18 1.689265308e-04 7.840874988e-18

4.713190207e-18 4.713190207e-18 4.713190207e-18 4.713190207e-18 4.713190207e-18 4.713190207e-18
4.713190207e-18 4.713190207e-18 4.713190207e-18 4.713190207e-18 2.558713306e-04 4.713190207e-18
4.713190207e-18 4.713190207e-18 1.624681677e-03 4.713190207e-18 4.713190207e-18 4.713190207e-18
4.713190207e-18 4.713190207e-18 4.713190207e-18 0.000000000e+00 9.978635757e-01 4.713190207e-18
4.713190207e-18 4.713190207e-18 4.713190207e-18 4.713190207e-18 0.000000000e+00 4.713190207e-18
4.713190207e-18 4.713190207e-18 4.713190207e-18 4.713190207e-18 2.558713306e-04 4.713190207e-18

1.913746657e-04 1.913746657e-04 1.913746657e-04 1.913746657e-04 8.280300882e-04 4.822339395e-04
1.913746657e-04 1.913746657e-04 4.681747910e-03 1.251761413e-02 1.913746657e-04 8.882825114e-18
1.913746657e-04 1.325346604e-01 5.207758647e-02 2.017344567e-01 0.000000000e+00 1.913746657e-04
1.913746657e-04 4.822339395e-04 8.882825114e-18 0.000000000e+00 0.000000000e+00 8.365328633e-03
1.913746657e-04 4.822339395e-04 2.806826532e-01 1.107627649e-01 0.000000000e+00 1.901875718e-01
1.913746657e-04 1.913746657e-04 1.913746657e-04 1.913746657e-04 8.280300882e-04 4.822339395e-04

1.175007609e-04 1.175007609e-04 5.083962657e-04 1.175007609e-04 1.175007609e-04 1.175007609e-04
1.175007609e-04 1.175007609e-04 1.175007609e-04 2.531477153e-03 1.175007609e-04 1.175007609e-04
1.175007609e-04 1.175007609e-04 7.032145359e-02 0.000000000e+00 0.000000000e+00 1.175007609e-04
1.175007609e-04 1.175007609e-04 0.000000000e+00 0.000000000e+00 0.000000000e+00 1.175007609e-04
1.175007609e-04 1.175007609e-04 1.281078314e-03 9.224200757e-01 0.000000000e+00 1.175007609e-04
1.175007609e-04 1.175007609e-04 1.175007609e-04 1.175007609e-04 1.175007609e-04 1.175007609e-04

3.609445831e-02 3.609445831e-02 3.609445831e-02 3.609445831e-02 3.609445831e-02 3.609445831e-02
3.609445831e-02 3.609445831e-02 0.000000000e+00 3.609445831e-02 3.609445831e-02 3.609445831e-02
3.609445831e-02 3.609445831e-02 3.609445831e-02 0.000000000e+00 0.000000000e+00 3.609445831e-02
3.609445831e-02 3.609445831e-02 0.000000000e+00 0.000000000e+00 0.000000000e+00 3.609445831e-02
3.609445831e-02 3.609445831e-02 3.476385421e-02 0.000000000e+00 0.000000000e+00 3.476385421e-02
3.476385421e-02 3.476385421e-02 3.476385421e-02 3.476385421e-02 3.476385421e-02 3.476385421e-02

