7.071057808e-04 4.118091978e-04 4.118091978e-04 6.045669384e-03 2.614825415e-03 7.585590279e-18
1.634265884e-04 4.118091978e-04 7.709378853e-03 2.615809222e-02 4.118091978e-04 1.037694154e-03
6.227470796e-01 4.118091978e-04 0.000000000e+00 7.585590279e-18 1.729848096e-02 1.131369249e-02
7.071057808e-04 1.634265884e-04 3.171956136e-02 2.423929119e-01 2.385915738e-02 7.585590279e-18
7.585590279e-18 7.585590279e-18 1.634265884e-04 1.634265884e-04 7.585590279e-18 7.071057808e-04
4.118091978e-04 4.118091978e-04 1.634265884e-04 1.634265884e-04 7.071057808e-04 4.118091978e-04

8.224685896e-18 2.835127778e-03 4.868116720e-03 1.092319187e-02 4.465046458e-04 1.771954861e-04
1.771954861e-04 1.107471788e-01 8.224685896e-18 0.000000000e+00 3.317233177e-03 1.771954861e-04
4.868116720e-03 1.263644087e-01 0.000000000e+00 0.000000000e+00 2.669381186e-02 7.666803411e-04
3.817561022e-03 4.465046458e-04 3.214985725e-01 3.781744511e-01 4.465046458e-04 1.771954861e-04
1.771954861e-04 8.224685896e-18 1.771954861e-04 1.771954861e-04 1.771954861e-04 7.666803411e-04
4.465046458e-04 4.465046458e-04 1.771954861e-04 1.771954861e-04 1.771954861e-04 1.771954861e-04

6.751067976e-18 2.722884126e-03 1.585772254e-03 9.235331083e-04 6.293141360e-04 3.665043569e-04
9.235331083e-04 3.558192127e-03 0.000000000e+00 0.000000000e+00 9.235331083e-04 3.665043569e-04
5.607011985e-02 6.357763607e-03 0.000000000e+00 0.000000000e+00 2.722884126e-03 3.665043569e-04
7.590382162e-01 0.000000000e+00 1.243557354e-03 3.133568173e-03 1.454473504e-04 6.293141360e-04
6.751067976e-18 6.293141360e-04 3.665043569e-04 3.665043569e-04 3.665043569e-04 6.293141360e-04
1.544269426e-01 6.293141360e-04 6.751067976e-18 1.454473504e-04 3.665043569e-04 3.665043569e-04

