7.336339378e-18 7.336339378e-18 7.336339378e-18 7.336339378e-18 7.336339378e-18 7.336339378e-18
7.336339378e-18 1.580566406e-04 3.982777770e-04 1.580566406e-04 1.580566406e-04 7.336339378e-18
7.336339378e-18 1.395830765e-01 1.094194185e-02 1.315997339e-01 1.580566406e-04 7.336339378e-18
7.336339378e-18 2.958939550e-03 5.907221772e-01 4.831372800e-03 1.580566406e-04 7.336339378e-18
7.336339378e-18 7.336339378e-18 2.958939550e-03 1.148991443e-01 1.580566406e-04 7.336339378e-18
7.336339378e-18 1.580566406e-04 7.336339378e-18 7.336339378e-18 7.336339378e-18 7.336339378e-18

5.630310298e-18 5.630310298e-18 5.630310298e-18 5.630310298e-18 5.630310298e-18 5.630310298e-18
5.630310298e-18 5.630310298e-18 5.630310298e-18 1.213013582e-04 5.630310298e-18 5.630310298e-18
5.630310298e-18 5.630310298e-18 0.000000000e+00 8.265719848e-01 5.630310298e-18 5.630310298e-18
5.630310298e-18 5.630310298e-18 5.630310298e-18 3.056602692e-04 5.630310298e-18 5.630310298e-18
3.707861186e-03 0.000000000e+00 5.630310298e-18 1.679706772e-01 1.322515176e-03 5.630310298e-18
5.630310298e-18 5.630310298e-18 5.630310298e-18 5.630310298e-18 5.630310298e-18 5.630310298e-18

1.310929380e-04 1.310929380e-04 1.310929380e-04 1.310929380e-04 1.310929380e-04 1.310929380e-04
1.310929380e-04 1.310929380e-04 1.310929380e-04 1.310929380e-04 8.323882708e-04 1.310929380e-04
1.310929380e-04 1.310929380e-04 0.000000000e+00 3.123094572e-01 1.310929380e-04 1.310929380e-04
1.310929380e-04 1.310929380e-04 1.310929380e-04 6.796743969e-01 8.323882708e-04 1.310929380e-04
1.310929380e-04 0.000000000e+00 0.000000000e+00 0.000000000e+00 1.120828854e-03 1.310929380e-04
1.120828854e-03 1.310929380e-04 8.323882708e-04 1.310929380e-04 1.310929380e-04 1.310929380e-04

5.699529492e-18 5.699529492e-18 5.699529492e-18 5.699529492e-18 5.699529492e-18 5.699529492e-18
5.699529492e-18 5.699529492e-18 5.699529492e-18 1.227926406e-04 1.227926406e-04 5.699529492e-18
5.699529492e-18 3.003972266e-03 0.000000000e+00 0.000000000e+00 5.699529492e-18 5.699529492e-18
5.699529492e-18 5.699529492e-18 0.000000000e+00 2.111157756e-01 1.227926406e-04 5.699529492e-18
5.699529492e-18 0.000000000e+00 0.000000000e+00 0.000000000e+00 1.227926406e-04 5.699529492e-18
3.094180652e-04 5.699529492e-18 7.850796635e-01 5.699529492e-18 5.699529492e-18 5.699529492e-18

5.146856417e-18 5.146856417e-18 1.466543206e-02 5.146856417e-18 5.146856417e-18 5.146856417e-18
5.146856417e-18 1.108856601e-04 1.108856601e-04 5.146856417e-18 1.208955698e-03 5.146856417e-18
2.794143546e-04 1.108856601e-04 0.000000000e+00 0.000000000e+00 0.000000000e+00 5.146856417e-18
5.146856417e-18 5.146856417e-18 0.000000000e+00 0.000000000e+00 5.146856417e-18 4.797743869e-04
1.108856601e-04 0.000000000e+00 0.000000000e+00 0.000000000e+00 7.040800539e-04 5.146856417e-18
2.794143546e-04 5.146856417e-18 9.692443843e-01 1.269500215e-02 5.146856417e-18 5.146856417e-18

