6.525807763e-18 6.525807763e-18 6.525807763e-18 6.525807763e-18 6.525807763e-18 6.525807763e-18
6.525807763e-18 6.525807763e-18 1.532860419e-03 6.525807763e-18 6.525807763e-18 6.525807763e-18
6.525807763e-18 1.041562660e-01 4.765813735e-02 7.625301976e-01 6.525807763e-18 6.525807763e-18
6.525807763e-18 0.000000000e+00 6.525807763e-18 8.145667324e-03 1.405942663e-04 6.525807763e-18
6.525807763e-18 2.632030730e-03 6.525807763e-18 7.320424628e-02 6.525807763e-18 6.525807763e-18
6.525807763e-18 6.525807763e-18 6.525807763e-18 6.525807763e-18 6.525807763e-18 6.525807763e-18

1.298663936e-04 6.027864021e-18 6.027864021e-18 6.027864021e-18 1.298663936e-04 6.027864021e-18
1.298663936e-04 6.027864021e-18 1.298663936e-04 4.162710856e-01 1.298663936e-04 6.027864021e-18
1.298663936e-04 1.298663936e-04 0.000000000e+00 8.246001989e-04 1.298663936e-04 6.027864021e-18
1.298663936e-04 0.000000000e+00 0.000000000e+00 6.027864021e-18 5.795447425e-01 8.246001989e-04
1.298663936e-04 1.298663936e-04 1.298663936e-04 3.272428058e-04 1.298663936e-04 6.027864021e-18
1.298663936e-04 1.298663936e-04 6.027864021e-18 1.298663936e-04 6.027864021e-18 1.298663936e-04

3.747653064e-04 1.487257104e-04 1.487257104e-04 1.487257104e-04 1.487257104e-04 1.487257104e-04
1.487257104e-04 5.981010381e-01 1.487257104e-04 5.298315981e-02 1.487257104e-04 1.487257104e-04
1.487257104e-04 0.000000000e+00 0.000000000e+00 3.966839533e-02 6.434987758e-04 1.487257104e-04
3.747653064e-04 0.000000000e+00 0.000000000e+00 0.000000000e+00 3.000139020e-01 3.204198298e-03
1.487257104e-04 6.434987758e-04 6.434987758e-04 3.747653064e-04 1.487257104e-04 1.487257104e-04
1.487257104e-04 1.487257104e-04 1.487257104e-04 1.487257104e-04 1.487257104e-04 1.487257104e-04

