1.017574848e-17 7.431374573e-02 1.017574848e-17 3.143216231e-01 8.193288827e-02 1.017574848e-17
1.017574848e-17 1.017574848e-17 3.930922399e-02 9.369940546e-02 1.017574848e-17 6.022932905e-03
6.022932905e-03 1.017574848e-17 7.431374573e-02 1.017574848e-17 7.431374573e-02 5.035420140e-02
1.874388896e-03 1.017574848e-17 0.000000000e+00 1.058480017e-01 5.847339067e-02 1.017574848e-17
1.017574848e-17 1.017574848e-17 4.723164052e-03 9.485524936e-04 1.017574848e-17 1.017574848e-17
2.935601384e-03 6.701275922e-03 2.390202507e-03 5.524246188e-04 9.485524936e-04 1.017574848e-17

1.399699377e-03 1.277165486e-02 9.537834607e-04 4.278510207e-02 2.951790298e-03 5.554710659e-04
1.884725559e-03 2.333314970e-02 1.196726134e-02 4.722864476e-02 1.399699377e-03 9.537834607e-04
8.109495347e-02 2.204388386e-04 2.043464778e-01 0.000000000e+00 1.697927901e-02 1.964048063e-02
9.537834607e-04 8.497942426e-02 0.000000000e+00 6.738231340e-03 8.887537054e-03 5.554710659e-04
3.527021417e-03 2.403383718e-03 3.733303952e-01 0.000000000e+00 2.204388386e-04 1.399699377e-03
3.015560894e-02 4.749210809e-03 4.749210809e-03 3.527021417e-03 9.537834607e-04 2.403383718e-03

5.207148056e-04 2.253002114e-03 1.312119089e-03 3.113038842e-02 2.253002114e-03 2.253002114e-03
1.673831041e-02 9.032857532e-03 5.055337779e-03 2.099390542e-02 1.273865296e-02 3.306332921e-03
5.848242685e-02 0.000000000e+00 0.000000000e+00 0.000000000e+00 4.452048963e-03 6.316614919e-03
7.644485785e-03 1.735372575e-01 0.000000000e+00 4.961565839e-01 8.458274754e-02 5.055337779e-03
1.312119089e-03 2.767094463e-03 2.066458076e-04 0.000000000e+00 2.066458076e-04 5.207148056e-04
6.316614919e-03 1.273865296e-02 8.331436889e-03 2.012374739e-02 2.767094463e-03 8.941044814e-04

1.214935169e-03 1.214935169e-03 1.214935169e-03 1.183137889e-01 1.214935169e-03 1.214935169e-03
1.214935169e-03 1.214935169e-03 4.794726204e-03 1.420996795e-04 1.038754958e-02 1.214935169e-03
1.549273522e-03 0.000000000e+00 0.000000000e+00 0.000000000e+00 2.273594871e-03 1.549273522e-03
5.256719178e-03 0.000000000e+00 0.000000000e+00 8.314342712e-01 1.214935169e-03 1.214935169e-03
1.214935169e-03 1.214935169e-03 0.000000000e+00 0.000000000e+00 1.214935169e-03 1.214935169e-03
1.214935169e-03 1.214935169e-03 1.214935169e-03 1.214935169e-03 1.214935169e-03 1.214935169e-03

3.832629941e-02 3.698745002e-02 3.698745002e-02 3.698745002e-02 3.698745002e-02 3.698745002e-02
3.698745002e-02 3.698745002e-02 3.698745002e-02 0.000000000e+00 3.698745002e-02 3.698745002e-02
3.698745002e-02 0.000000000e+00 0.000000000e+00 0.000000000e+00 3.698745002e-02 3.698745002e-02
3.698745002e-02 0.000000000e+00 0.000000000e+00 0.000000000e+00 3.698745002e-02 3.698745002e-02
3.698745002e-02 3.698745002e-02 0.000000000e+00 0.000000000e+00 3.698745002e-02 3.698745002e-02
3.698745002e-02 3.698745002e-02 3.698745002e-02 3.698745002e-02 3.698745002e-02 3.698745002e-02

