8.200758039e-18 8.200758039e-18 8.200758039e-18 8.200758039e-18 8.200758039e-18 8.200758039e-18
8.200758039e-18 1.766799761e-04 1.766799761e-04 7.337888385e-02 8.200758039e-18 8.200758039e-18
8.200758039e-18 8.200758039e-18 5.588162366e-02 3.344746393e-01 1.946073421e-02 8.200758039e-18
8.200758039e-18 7.766326462e-02 3.754739243e-01 8.200758039e-18 2.826879617e-03 8.200758039e-18
8.200758039e-18 8.200758039e-18 4.807881281e-02 1.223119774e-02 1.766799761e-04 8.200758039e-18
8.200758039e-18 8.200758039e-18 8.200758039e-18 8.200758039e-18 8.200758039e-18 8.200758039e-18

7.867930371e-18 7.867930371e-18 7.867930371e-18 7.867930371e-18 7.867930371e-18 7.867930371e-18
7.867930371e-18 7.867930371e-18 7.867930371e-18 2.712150741e-03 7.867930371e-18 7.867930371e-18
7.867930371e-18 7.867930371e-18 2.305992368e-01 3.374646870e-02 0.000000000e+00 7.867930371e-18
3.651969775e-03 3.419394184e-01 7.867930371e-18 0.000000000e+00 1.864539826e-01 2.712150741e-03
7.867930371e-18 7.867930371e-18 1.076317735e-03 1.969387951e-01 1.695094213e-04 7.867930371e-18
7.867930371e-18 7.867930371e-18 7.867930371e-18 7.867930371e-18 7.867930371e-18 7.867930371e-18

6.010856146e-18 6.010856146e-18 6.010856146e-18 6.010856146e-18 6.010856146e-18 6.010856146e-18
6.010856146e-18 6.010856146e-18 6.010856146e-18 6.010856146e-18 8.965021251e-03 6.010856146e-18
6.010856146e-18 6.010856146e-18 6.010856146e-18 2.424337134e-03 0.000000000e+00 6.010856146e-18
6.120254408e-01 6.010856146e-18 0.000000000e+00 0.000000000e+00 0.000000000e+00 6.010856146e-18
6.010856146e-18 6.010856146e-18 6.010856146e-18 6.010856146e-18 3.765852009e-01 6.010856146e-18
6.010856146e-18 6.010856146e-18 6.010856146e-18 6.010856146e-18 6.010856146e-18 6.010856146e-18

6.280180916e-18 2.532962931e-03 6.280180916e-18 3.409406743e-04 6.280180916e-18 6.280180916e-18
6.280180916e-18 1.317612622e-02 6.280180916e-18 6.280180916e-18 8.340697988e-03 6.280180916e-18
6.280180916e-18 6.280180916e-18 8.265634895e-01 5.854194686e-04 0.000000000e+00 6.280180916e-18
0.000000000e+00 0.000000000e+00 0.000000000e+00 0.000000000e+00 0.000000000e+00 3.409406743e-04
6.280180916e-18 3.310008190e-03 6.280180916e-18 6.030238195e-02 8.276479367e-02 6.280180916e-18
6.280180916e-18 1.156819216e-03 6.280180916e-18 6.280180916e-18 5.854194686e-04 6.280180916e-18

5.866231214e-18 5.468323295e-04 5.866231214e-18 3.184680270e-04 5.866231214e-18 5.866231214e-18
5.866231214e-18 3.303013271e-02 5.866231214e-18 5.866231214e-18 0.000000000e+00 5.866231214e-18
5.866231214e-18 0.000000000e+00 1.963191862e-02 5.866231214e-18 0.000000000e+00 5.866231214e-18
0.000000000e+00 0.000000000e+00 0.000000000e+00 0.000000000e+00 0.000000000e+00 1.263841203e-04
5.866231214e-18 8.919629394e-01 5.866231214e-18 3.370940528e-02 2.022906740e-02 5.866231214e-18
5.866231214e-18 1.263841203e-04 5.866231214e-18 5.866231214e-18 3.184680270e-04 5.866231214e-18

