1.637004407e-04 1.637004407e-04 1.637004407e-04 1.637004407e-04 1.637004407e-04 1.637004407e-04
1.637004407e-04 1.637004407e-04 5.067346992e-01 1.637004407e-04 1.637004407e-04 1.637004407e-04
4.124992621e-04 1.070747239e-02 2.647098421e-01 7.082906706e-04 7.082906706e-04 1.637004407e-04
5.003888818e-03 4.124992621e-04 0.000000000e+00 7.155638800e-03 1.602386387e-01 1.637004407e-04
4.124992621e-04 7.082906706e-04 4.124992621e-04 1.399619080e-03 1.637004407e-04 1.637004407e-04
1.637004407e-04 4.124992621e-04 3.675252428e-02 1.637004407e-04 1.637004407e-04 1.637004407e-04

4.920768961e-18 4.920768961e-18 4.920768961e-18 4.920768961e-18 4.920768961e-18 4.920768961e-18
4.920768961e-18 9.064133925e-04 9.064133925e-04 4.920768961e-18 2.671404391e-04 4.920768961e-18
9.064133925e-04 4.920768961e-18 9.900666878e-01 0.000000000e+00 2.671404391e-04 4.920768961e-18
1.696236056e-03 2.593521712e-03 0.000000000e+00 1.060147535e-04 2.284018626e-03 4.920768961e-18
4.920768961e-18 4.920768961e-18 4.920768961e-18 0.000000000e+00 4.920768961e-18 4.920768961e-18
4.920768961e-18 4.920768961e-18 4.920768961e-18 4.920768961e-18 4.920768961e-18 4.920768961e-18

1.530934540e-04 1.308930619e-03 3.857713305e-04 1.669135607e-03 3.857713305e-04 3.857713305e-04
1.308930619e-03 6.623969046e-04 4.784739856e-01 3.857713305e-04 9.720828394e-04 3.857713305e-04
3.857713305e-04 0.000000000e+00 0.000000000e+00 0.000000000e+00 1.530934540e-04 3.857713305e-04
3.857713305e-04 1.802539116e-01 0.000000000e+00 3.267353711e-01 1.669135607e-03 1.530934540e-04
1.530934540e-04 3.857713305e-04 1.530934540e-04 0.000000000e+00 1.530934540e-04 1.530934540e-04
3.857713305e-04 3.857713305e-04 1.530934540e-04 6.623969046e-04 6.623969046e-04 1.530934540e-04

1.067246011e-04 1.067246011e-04 1.067246011e-04 8.644692686e-03 1.067246011e-04 1.067246011e-04
1.067246011e-04 1.067246011e-04 2.689291428e-04 1.067246011e-04 1.067246011e-04 1.067246011e-04
1.067246011e-04 0.000000000e+00 0.000000000e+00 0.000000000e+00 1.067246011e-04 1.067246011e-04
1.067246011e-04 0.000000000e+00 0.000000000e+00 9.883115385e-01 1.067246011e-04 1.067246011e-04
1.067246011e-04 1.067246011e-04 0.000000000e+00 0.000000000e+00 1.067246011e-04 1.067246011e-04
1.067246011e-04 1.067246011e-04 1.067246011e-04 1.067246011e-04 1.067246011e-04 1.067246011e-04

3.832629941e-02 3.698745002e-02 3.698745002e-02 3.698745002e-02 3.698745002e-02 3.698745002e-02
3.698745002e-02 3.698745002e-02 3.698745002e-02 0.000000000e+00 3.698745002e-02 3.698745002e-02
3.698745002e-02 0.000000000e+00 0.000000000e+00 0.000000000e+00 3.698745002e-02 3.698745002e-02
3.698745002e-02 0.000000000e+00 0.000000000e+00 0.000000000e+00 3.698745002e-02 3.698745002e-02
3.698745002e-02 3.698745002e-02 0.000000000e+00 0.000000000e+00 3.698745002e-02 3.698745002e-02
3.698745002e-02 3.698745002e-02 3.698745002e-02 3.698745002e-02 3.698745002e-02 3.698745002e-02

