8.018173365e-18 1.727463085e-04 4.352934207e-04 1.883405247e-03 7.474298675e-04 8.018173365e-18
1.727463085e-04 0.000000000e+00 4.352934207e-04 8.018173365e-18 8.018173365e-18 8.018173365e-18
4.352934207e-04 1.303843396e-01 2.284695106e-02 4.352934207e-04 8.018173365e-18 8.018173365e-18
5.270347552e-02 8.018173365e-18 5.537174891e-01 4.352934207e-04 8.018173365e-18 1.068163390e-01
4.352934207e-04 1.091196177e-01 4.352934207e-04 8.018173365e-18 8.018173365e-18 8.018173365e-18
8.018173365e-18 1.883405247e-03 4.352934207e-04 1.330576675e-02 2.763940936e-03 8.018173365e-18

6.006738135e-18 6.006738135e-18 6.006738135e-18 6.006738135e-18 6.006738135e-18 6.006738135e-18
6.006738135e-18 0.000000000e+00 6.006738135e-18 6.006738135e-18 6.006738135e-18 6.006738135e-18
6.006738135e-18 6.104761562e-03 8.217102184e-04 6.006738135e-18 6.006738135e-18 6.006738135e-18
3.955759098e-03 0.000000000e+00 7.966821842e-01 2.422676231e-03 0.000000000e+00 6.006738135e-18
8.217102184e-04 6.006738135e-18 1.048231126e-02 6.006738135e-18 6.006738135e-18 6.006738135e-18
6.006738135e-18 1.781489573e-01 6.006738135e-18 6.006738135e-18 5.599299597e-04 6.006738135e-18

6.004448602e-18 6.004448602e-18 6.004448602e-18 6.004448602e-18 6.004448602e-18 6.004448602e-18
6.004448602e-18 0.000000000e+00 6.004448602e-18 6.004448602e-18 6.004448602e-18 6.004448602e-18
6.004448602e-18 6.004448602e-18 6.004448602e-18 6.004448602e-18 6.004448602e-18 6.004448602e-18
6.004448602e-18 0.000000000e+00 0.000000000e+00 6.004448602e-18 0.000000000e+00 6.004448602e-18
4.355481340e-01 0.000000000e+00 5.534529343e-01 6.004448602e-18 6.004448602e-18 6.004448602e-18
6.004448602e-18 6.004448602e-18 1.099893174e-02 6.004448602e-18 6.004448602e-18 6.004448602e-18

3.517249117e-02 3.517249117e-02 3.517249117e-02 3.517249117e-02 3.517249117e-02 3.517249117e-02
3.517249117e-02 0.000000000e+00 3.517249117e-02 3.517249117e-02 3.517249117e-02 3.517249117e-02
3.517249117e-02 3.517249117e-02 3.517249117e-02 3.383900824e-02 3.383900824e-02 3.383900824e-02
3.383900824e-02 0.000000000e+00 0.000000000e+00 0.000000000e+00 0.000000000e+00 3.383900824e-02
3.383900824e-02 0.000000000e+00 3.383900824e-02 3.383900824e-02 3.383900824e-02 3.383900824e-02
3.383900824e-02 0.000000000e+00 3.383900824e-02 3.383900824e-02 3.383900824e-02 3.383900824e-02

