7.152156807e-18 7.152156807e-18 7.152156807e-18 7.152156807e-18 7.152156807e-18 7.152156807e-18
7.152156807e-18 3.319737117e-03 3.882788087e-04 9.019164528e-02 7.152156807e-18 7.152156807e-18
7.152156807e-18 0.000000000e+00 7.152156807e-18 4.233296514e-03 7.152156807e-18 7.152156807e-18
7.152156807e-18 1.508300098e-01 2.133723648e-01 5.376646677e-01 7.152156807e-18 7.152156807e-18
7.152156807e-18 7.152156807e-18 7.152156807e-18 7.152156807e-18 7.152156807e-18 7.152156807e-18
7.152156807e-18 7.152156807e-18 7.152156807e-18 7.152156807e-18 7.152156807e-18 7.152156807e-18

5.998703311e-18 5.998703311e-18 5.998703311e-18 5.998703311e-18 5.998703311e-18 5.998703311e-18
5.998703311e-18 0.000000000e+00 5.998703311e-18 7.501582845e-01 5.998703311e-18 5.998703311e-18
5.998703311e-18 0.000000000e+00 0.000000000e+00 2.210885399e-01 5.998703311e-18 5.998703311e-18
5.998703311e-18 5.998703311e-18 2.254476430e-02 5.649230276e-03 5.998703311e-18 5.998703311e-18
5.591809777e-04 5.998703311e-18 5.998703311e-18 5.998703311e-18 5.998703311e-18 5.998703311e-18
5.998703311e-18 5.998703311e-18 5.998703311e-18 5.998703311e-18 5.998703311e-18 5.998703311e-18

1.345787035e-04 1.345787035e-04 1.345787035e-04 1.345787035e-04 1.345787035e-04 1.345787035e-04
3.391170828e-04 0.000000000e+00 0.000000000e+00 7.764622139e-01 1.345787035e-04 1.345787035e-04
1.345787035e-04 0.000000000e+00 0.000000000e+00 1.150631729e-03 1.345787035e-04 1.345787035e-04
1.345787035e-04 0.000000000e+00 9.969976451e-02 1.188492264e-01 1.345787035e-04 1.345787035e-04
1.345787035e-04 1.345787035e-04 1.345787035e-04 1.345787035e-04 1.345787035e-04 1.345787035e-04
1.345787035e-04 1.345787035e-04 1.345787035e-04 1.345787035e-04 1.345787035e-04 1.345787035e-04

1.040693738e-04 0.000000000e+00 1.040693738e-04 1.040693738e-04 1.040693738e-04 1.040693738e-04
1.040693738e-04 0.000000000e+00 0.000000000e+00 9.965293276e-01 1.040693738e-04 1.040693738e-04
1.040693738e-04 0.000000000e+00 0.000000000e+00 6.607993337e-04 1.040693738e-04 1.040693738e-04
1.040693738e-04 0.000000000e+00 1.040693738e-04 0.000000000e+00 1.040693738e-04 1.040693738e-04
1.040693738e-04 1.040693738e-04 1.040693738e-04 1.040693738e-04 1.040693738e-04 1.040693738e-04
1.040693738e-04 1.040693738e-04 1.040693738e-04 1.040693738e-04 1.040693738e-04 1.040693738e-04

1.188287677e-04 0.000000000e+00 1.188287677e-04 1.188287677e-04 1.188287677e-04 1.188287677e-04
0.000000000e+00 0.000000000e+00 0.000000000e+00 9.135082407e-01 1.188287677e-04 1.188287677e-04
1.188287677e-04 0.000000000e+00 0.000000000e+00 1.188287677e-04 7.585657347e-02 5.141422174e-04
1.188287677e-04 0.000000000e+00 0.000000000e+00 0.000000000e+00 1.901260283e-03 1.188287677e-04
5.605550465e-03 1.188287677e-04 1.188287677e-04 1.188287677e-04 1.188287677e-04 1.188287677e-04
1.188287677e-04 1.188287677e-04 1.188287677e-04 1.188287677e-04 1.188287677e-04 1.188287677e-04

1.623266775e-04 0.000000000e+00 1.623266775e-04 1.387873570e-03 1.387873570e-03 1.623266775e-04
0.000000000e+00 0.000000000e+00 0.000000000e+00 0.000000000e+00 3.812924742e-02 1.623266775e-04
1.623266775e-04 0.000000000e+00 0.000000000e+00 0.000000000e+00 4.864033946e-01 6.353798861e-02
1.769802891e-03 0.000000000e+00 0.000000000e+00 0.000000000e+00 7.135398132e-02 2.173638342e-03
3.274501752e-01 1.623266775e-04 1.623266775e-04 3.971124288e-03 1.623266775e-04 1.623266775e-04
1.623266775e-04 1.623266775e-04 1.623266775e-04 1.623266775e-04 1.623266775e-04 1.623266775e-04

1.702526680e-04 0.000000000e+00 0.000000000e+00 4.177817958e-02 3.647634341e-02 1.702526680e-04
0.000000000e+00 0.000000000e+00 0.000000000e+00 0.000000000e+00 2.825259802e-01 1.702526680e-04
1.702526680e-04 0.000000000e+00 0.000000000e+00 0.000000000e+00 0.000000000e+00 1.702526680e-04
2.454982513e-01 0.000000000e+00 0.000000000e+00 0.000000000e+00 1.702526680e-04 1.081037057e-03
3.695416722e-01 1.702526680e-04 4.165023984e-03 6.298187783e-03 1.702526680e-04 5.744664110e-03
1.702526680e-04 1.702526680e-04 1.702526680e-04 4.677375693e-03 1.702526680e-04 1.702526680e-04

1.287254679e-04 0.000000000e+00 0.000000000e+00 1.760939631e-02 2.773306135e-03 1.287254679e-04
0.000000000e+00 0.000000000e+00 0.000000000e+00 0.000000000e+00 1.530151668e-02 1.287254679e-04
3.091037395e-02 0.000000000e+00 0.000000000e+00 0.000000000e+00 0.000000000e+00 1.287254679e-04
8.173557726e-04 0.000000000e+00 0.000000000e+00 0.000000000e+00 0.000000000e+00 5.569627523e-04
8.943565420e-01 1.287254679e-04 1.287254679e-04 0.000000000e+00 1.287254679e-04 1.100587269e-03
1.287254679e-04 1.287254679e-04 1.287254679e-04 3.502925353e-02 1.287254679e-04 1.287254679e-04

1.646883716e-04 0.000000000e+00 0.000000000e+00 2.267118326e-01 3.033585741e-02 1.646883716e-04
0.000000000e+00 0.000000000e+00 0.000000000e+00 0.000000000e+00 1.646883716e-04 0.000000000e+00
4.660813475e-02 0.000000000e+00 0.000000000e+00 0.000000000e+00 0.000000000e+00 1.646883716e-04
8.997065038e-02 0.000000000e+00 0.000000000e+00 0.000000000e+00 0.000000000e+00 1.646883716e-04
5.229378678e-01 1.646883716e-04 0.000000000e+00 0.000000000e+00 1.646883716e-04 1.408065770e-03
1.646883716e-04 7.644157065e-18 7.644157065e-18 8.054539599e-02 1.646883716e-04 7.644157065e-18

1.219137471e-04 0.000000000e+00 0.000000000e+00 8.911948976e-03 1.632488259e-03 1.219137471e-04
0.000000000e+00 0.000000000e+00 0.000000000e+00 0.000000000e+00 0.000000000e+00 0.000000000e+00
2.982471209e-03 0.000000000e+00 0.000000000e+00 0.000000000e+00 0.000000000e+00 1.219137471e-04
7.974249034e-03 0.000000000e+00 0.000000000e+00 0.000000000e+00 0.000000000e+00 1.329191882e-03
4.990084152e-02 1.632488259e-03 0.000000000e+00 0.000000000e+00 0.000000000e+00 2.626552059e-03
1.219137471e-04 1.219137471e-04 1.219137471e-04 9.220344588e-01 1.219137471e-04 1.219137471e-04

1.812483412e-04 0.000000000e+00 0.000000000e+00 8.412802767e-02 0.000000000e+00 1.812483412e-04
0.000000000e+00 0.000000000e+00 0.000000000e+00 0.000000000e+00 0.000000000e+00 0.000000000e+00
1.760650029e-01 0.000000000e+00 0.000000000e+00 0.000000000e+00 0.000000000e+00 1.812483412e-04
1.050105904e-02 0.000000000e+00 0.000000000e+00 0.000000000e+00 0.000000000e+00 1.640284948e-01
1.855718684e-01 1.812483412e-04 0.000000000e+00 0.000000000e+00 0.000000000e+00 6.352149816e-02
1.812483412e-04 1.812483412e-04 1.812483412e-04 3.147340623e-01 0.000000000e+00 1.812483412e-04

5.778350527e-18 0.000000000e+00 0.000000000e+00 1.357288650e-03 0.000000000e+00 5.778350527e-18
0.000000000e+00 0.000000000e+00 0.000000000e+00 0.000000000e+00 0.000000000e+00 0.000000000e+00
8.451609153e-02 0.000000000e+00 0.000000000e+00 0.000000000e+00 0.000000000e+00 5.778350527e-18
0.000000000e+00 0.000000000e+00 0.000000000e+00 0.000000000e+00 0.000000000e+00 1.008375385e-02
1.008375385e-02 5.778350527e-18 0.000000000e+00 0.000000000e+00 0.000000000e+00 1.371226211e-02
5.778350527e-18 8.801223592e-01 5.778350527e-18 0.000000000e+00 0.000000000e+00 1.244907883e-04

5.309544554e-18 0.000000000e+00 0.000000000e+00 2.798428293e-03 0.000000000e+00 1.143906698e-04
0.000000000e+00 0.000000000e+00 0.000000000e+00 0.000000000e+00 0.000000000e+00 0.000000000e+00
2.568194595e-02 0.000000000e+00 0.000000000e+00 0.000000000e+00 0.000000000e+00 5.309544554e-18
0.000000000e+00 0.000000000e+00 0.000000000e+00 0.000000000e+00 0.000000000e+00 5.799564784e-03
9.515131825e-01 5.309544554e-18 0.000000000e+00 0.000000000e+00 0.000000000e+00 1.359754810e-02
4.949396830e-04 0.000000000e+00 0.000000000e+00 0.000000000e+00 0.000000000e+00 5.309544554e-18

1.309591369e-04 0.000000000e+00 0.000000000e+00 1.119684871e-03 0.000000000e+00 2.095346191e-03
0.000000000e+00 0.000000000e+00 0.000000000e+00 0.000000000e+00 0.000000000e+00 0.000000000e+00
7.525367584e-01 0.000000000e+00 0.000000000e+00 0.000000000e+00 0.000000000e+00 1.008711414e-02
0.000000000e+00 0.000000000e+00 0.000000000e+00 0.000000000e+00 0.000000000e+00 2.240326519e-01
0.000000000e+00 0.000000000e+00 0.000000000e+00 0.000000000e+00 0.000000000e+00 3.597858942e-03
5.279941546e-03 0.000000000e+00 0.000000000e+00 0.000000000e+00 0.000000000e+00 1.119684871e-03

9.721935180e-01 0.000000000e+00 0.000000000e+00 2.733882689e-04 0.000000000e+00 1.084942064e-04
0.000000000e+00 0.000000000e+00 0.000000000e+00 0.000000000e+00 0.000000000e+00 0.000000000e+00
6.688110738e-03 0.000000000e+00 0.000000000e+00 0.000000000e+00 0.000000000e+00 0.000000000e+00
0.000000000e+00 0.000000000e+00 0.000000000e+00 0.000000000e+00 0.000000000e+00 2.051950039e-02
0.000000000e+00 0.000000000e+00 0.000000000e+00 0.000000000e+00 0.000000000e+00 0.000000000e+00
1.084942064e-04 0.000000000e+00 0.000000000e+00 0.000000000e+00 0.000000000e+00 1.084942064e-04

