7.152156807e-18 7.152156807e-18 7.152156807e-18 7.152156807e-18 7.152156807e-18 7.152156807e-18
7.152156807e-18 3.319737117e-03 3.882788087e-04 9.019164528e-02 7.152156807e-18 7.152156807e-18
7.152156807e-18 0.000000000e+00 7.152156807e-18 4.233296514e-03 7.152156807e-18 7.152156807e-18
7.152156807e-18 1.508300098e-01 2.133723648e-01 5.376646677e-01 7.152156807e-18 7.152156807e-18
7.152156807e-18 7.152156807e-18 7.152156807e-18 7.152156807e-18 7.152156807e-18 7.152156807e-18
7.152156807e-18 7.152156807e-18 7.152156807e-18 7.152156807e-18 7.152156807e-18 7.152156807e-18

6.769522250e-18 6.769522250e-18 6.769522250e-18 1.458449357e-04 6.769522250e-18 6.769522250e-18
6.769522250e-18 1.458449357e-04 0.000000000e+00 1.952939277e-03 1.458449357e-04 6.769522250e-18
6.769522250e-18 0.000000000e+00 0.000000000e+00 5.880099344e-03 1.458449357e-04 6.769522250e-18
3.502120889e-02 6.310343876e-04 6.769522250e-18 9.260576175e-04 1.948712264e-01 6.769522250e-18
6.769522250e-18 1.458449357e-04 6.715944480e-01 6.769522250e-18 1.458449357e-04 6.769522250e-18
6.769522250e-18 6.769522250e-18 8.824791655e-02 6.769522250e-18 6.769522250e-18 6.769522250e-18

1.956783450e-04 1.905570518e-02 1.956783450e-04 8.553450144e-03 1.956783450e-04 3.130853519e-03
1.956783450e-04 0.000000000e+00 0.000000000e+00 5.537854667e-02 1.430417379e-02 1.956783450e-04
4.930785317e-04 0.000000000e+00 0.000000000e+00 7.428036597e-02 8.466510269e-04 1.956783450e-04
2.499889977e-02 1.657329916e-01 0.000000000e+00 6.745219432e-02 1.279911323e-02 4.930785317e-04
1.956783450e-04 1.242480043e-03 4.498422175e-01 4.930785317e-04 1.956783450e-04 1.956783450e-04
1.956783450e-04 1.956783450e-04 9.816362480e-02 1.956783450e-04 1.956783450e-04 1.956783450e-04

