6.441461623e-18 6.441461623e-18 6.441461623e-18 6.441461623e-18 6.441461623e-18 6.441461623e-18
6.441461623e-18 5.133805794e-03 1.387770838e-04 4.242047822e-03 6.441461623e-18 6.441461623e-18
6.441461623e-18 1.961987484e-02 1.798551006e-01 1.179945094e-02 6.441461623e-18 6.441461623e-18
6.441461623e-18 6.441461623e-18 2.026049932e-02 7.574420136e-01 3.496963382e-04 6.441461623e-18
6.441461623e-18 8.811795550e-04 1.387770838e-04 1.387770838e-04 6.441461623e-18 6.441461623e-18
6.441461623e-18 6.441461623e-18 6.441461623e-18 6.441461623e-18 6.441461623e-18 6.441461623e-18

6.959460707e-18 6.959460707e-18 6.959460707e-18 6.959460707e-18 6.959460707e-18 6.959460707e-18
6.959460707e-18 6.959460707e-18 9.371064732e-02 6.408347571e-02 6.959460707e-18 6.959460707e-18
6.959460707e-18 3.668026805e-03 1.651508487e-02 2.806934422e-03 6.959460707e-18 6.959460707e-18
4.911677998e-02 0.000000000e+00 6.959460707e-18 7.436334125e-01 0.000000000e+00 6.959460707e-18
6.959460707e-18 1.848606827e-02 3.778176549e-04 7.601752433e-03 6.959460707e-18 6.959460707e-18
6.959460707e-18 6.959460707e-18 6.959460707e-18 6.959460707e-18 6.959460707e-18 6.959460707e-18

4.825005650e-18 4.825005650e-18 4.825005650e-18 4.825005650e-18 4.825005650e-18 4.825005650e-18
0.000000000e+00 4.825005650e-18 4.825005650e-18 4.825005650e-18 4.825005650e-18 4.825005650e-18
4.825005650e-18 4.825005650e-18 4.825005650e-18 1.281642179e-02 4.825005650e-18 4.825005650e-18
4.825005650e-18 0.000000000e+00 0.000000000e+00 9.871835782e-01 0.000000000e+00 4.825005650e-18
4.825005650e-18 4.825005650e-18 4.825005650e-18 4.825005650e-18 4.825005650e-18 4.825005650e-18
4.825005650e-18 4.825005650e-18 4.825005650e-18 4.825005650e-18 4.825005650e-18 4.825005650e-18

6.756461392e-18 8.973245308e-03 2.329016769e-03 6.756461392e-18 6.756461392e-18 6.756461392e-18
0.000000000e+00 6.756461392e-18 1.540770256e-02 6.756461392e-18 2.329016769e-03 6.756461392e-18
0.000000000e+00 1.949171351e-03 6.756461392e-18 3.040865925e-01 6.756461392e-18 6.756461392e-18
0.000000000e+00 0.000000000e+00 0.000000000e+00 6.259101499e-01 0.000000000e+00 6.756461392e-18
6.756461392e-18 6.756461392e-18 2.329016769e-03 6.756461392e-18 6.756461392e-18 6.756461392e-18
8.433574630e-03 2.825251349e-02 6.756461392e-18 6.756461392e-18 6.756461392e-18 6.756461392e-18

