1.496681224e-04 1.496681224e-04 1.496681224e-04 1.496681224e-04 1.496681224e-04 1.496681224e-04
1.496681224e-04 3.771400358e-04 1.496681224e-04 9.503333397e-04 1.496681224e-04 1.496681224e-04
1.496681224e-04 6.974313238e-01 3.224501949e-03 5.050100543e-03 6.475763556e-04 1.496681224e-04
1.496681224e-04 1.779095706e-02 2.084694592e-01 0.000000000e+00 6.542261092e-03 1.496681224e-04
1.496681224e-04 1.496681224e-04 7.060345987e-03 4.818154996e-02 1.496681224e-04 3.771400358e-04
1.496681224e-04 1.496681224e-04 3.771400358e-04 1.496681224e-04 3.771400358e-04 1.496681224e-04

5.524694255e-04 3.217509983e-04 5.524694255e-04 3.217509983e-04 3.217509983e-04 8.107617112e-04
1.276869683e-04 2.390396375e-03 3.613643980e-02 4.308412624e-03 5.524694255e-04 3.217509983e-04
1.091708223e-03 9.167960056e-01 2.670731087e-02 3.217509983e-04 1.276869683e-04 1.276869683e-04
3.217509983e-04 1.276869683e-04 0.000000000e+00 0.000000000e+00 3.217509983e-04 8.107617112e-04
3.217509983e-04 0.000000000e+00 5.524694255e-04 1.276869683e-04 1.709794683e-03 1.276869683e-04
3.217509983e-04 2.042991493e-03 1.276869683e-04 5.524694255e-04 3.217509983e-04 3.217509983e-04

1.487752814e-03 1.104885896e-03 2.784137995e-03 1.487752814e-03 1.104885896e-03 2.330065670e-03
1.104885896e-03 6.437132570e-03 3.748902174e-03 3.817132618e-02 4.384742583e-04 5.898481608e-02
3.748902174e-03 6.868731893e-01 4.256908886e-03 4.384742583e-04 1.740086247e-04 4.735187474e-02
2.330065670e-03 0.000000000e+00 0.000000000e+00 0.000000000e+00 0.000000000e+00 7.528915927e-04
3.464218426e-02 0.000000000e+00 7.528915927e-04 1.740086247e-04 2.784137995e-03 4.384742583e-04
1.104885896e-03 8.510372317e-02 7.528915927e-04 8.208568903e-03 7.528915927e-04 1.740086247e-04

3.046074043e-04 1.208835285e-04 1.208835285e-04 1.208835285e-04 1.934136456e-03 1.208835285e-04
1.208835285e-04 7.675625613e-04 2.263030849e-03 9.308139535e-01 1.208835285e-04 5.240007823e-02
1.618693098e-03 0.000000000e+00 3.046074043e-04 1.208835285e-04 1.208835285e-04 1.208835285e-04
7.675625613e-04 0.000000000e+00 0.000000000e+00 0.000000000e+00 0.000000000e+00 0.000000000e+00
1.618693098e-03 0.000000000e+00 1.208835285e-04 1.618693098e-03 1.208835285e-04 1.208835285e-04
5.230326512e-04 1.934136456e-03 1.208835285e-04 1.317959694e-03 1.208835285e-04 1.208835285e-04

3.832629941e-02 3.698745002e-02 3.698745002e-02 3.698745002e-02 3.698745002e-02 3.698745002e-02
3.698745002e-02 3.698745002e-02 3.698745002e-02 3.698745002e-02 3.698745002e-02 3.698745002e-02
3.698745002e-02 0.000000000e+00 0.000000000e+00 3.698745002e-02 3.698745002e-02 3.698745002e-02
3.698745002e-02 0.000000000e+00 0.000000000e+00 0.000000000e+00 0.000000000e+00 0.000000000e+00
3.698745002e-02 0.000000000e+00 3.698745002e-02 0.000000000e+00 3.698745002e-02 3.698745002e-02
3.698745002e-02 3.698745002e-02 3.698745002e-02 3.698745002e-02 3.698745002e-02 3.698745002e-02

4.000000000e-02 4.000000000e-02 4.000000000e-02 4.000000000e-02 4.000000000e-02 4.000000000e-02
0.000000000e+00 4.000000000e-02 4.000000000e-02 0.000000000e+00 4.000000000e-02 4.000000000e-02
4.000000000e-02 0.000000000e+00 0.000000000e+00 4.000000000e-02 4.000000000e-02 4.000000000e-02
4.000000000e-02 0.000000000e+00 0.000000000e+00 0.000000000e+00 0.000000000e+00 0.000000000e+00
4.000000000e-02 0.000000000e+00 4.000000000e-02 0.000000000e+00 4.000000000e-02 4.000000000e-02
4.000000000e-02 4.000000000e-02 4.000000000e-02 4.000000000e-02 4.000000000e-02 4.000000000e-02

