1.798390188e-04 1.960735106e-03 7.781182427e-04 7.905188588e-02 4.520520000e-01 1.798390188e-04
1.798390188e-04 1.798390188e-04 4.531659307e-04 7.905188588e-02 8.347387814e-18 8.795523839e-02
1.798390188e-04 1.798390188e-04 1.798390188e-04 1.798390188e-04 2.316337674e-01 6.068126678e-03
4.531659307e-04 8.347387814e-18 1.798390188e-04 1.141906590e-03 1.798390188e-04 1.960735106e-03
1.798390188e-04 1.798390188e-04 1.798390188e-04 1.798390188e-04 1.798390188e-04 5.188175331e-02
1.798390188e-04 1.798390188e-04 1.798390188e-04 1.960735106e-03 1.798390188e-04 1.798390188e-04

5.670445736e-18 1.221660500e-04 5.670445736e-18 1.635866726e-03 1.221660500e-04 5.670445736e-18
5.670445736e-18 5.670445736e-18 1.221660500e-04 1.954840045e-01 0.000000000e+00 1.221660500e-04
5.670445736e-18 5.670445736e-18 5.670445736e-18 5.670445736e-18 8.015314542e-01 3.078391560e-04
5.670445736e-18 5.670445736e-18 0.000000000e+00 3.078391560e-04 1.221660500e-04 5.670445736e-18
5.670445736e-18 5.670445736e-18 5.670445736e-18 1.221660500e-04 5.670445736e-18 5.670445736e-18
5.670445736e-18 5.670445736e-18 5.670445736e-18 5.670445736e-18 5.670445736e-18 5.670445736e-18

6.334802949e-18 6.334802949e-18 6.334802949e-18 3.439060145e-04 1.364791923e-04 6.334802949e-18
6.334802949e-18 6.334802949e-18 6.334802949e-18 2.103681170e-01 0.000000000e+00 6.334802949e-18
6.334802949e-18 6.334802949e-18 6.334802949e-18 0.000000000e+00 6.334802949e-18 9.451733509e-02
6.334802949e-18 0.000000000e+00 0.000000000e+00 5.502496231e-03 6.891316664e-01 6.334802949e-18
6.334802949e-18 6.334802949e-18 6.334802949e-18 6.334802949e-18 6.334802949e-18 6.334802949e-18
6.334802949e-18 6.334802949e-18 6.334802949e-18 6.334802949e-18 6.334802949e-18 6.334802949e-18

4.647784847e-18 4.647784847e-18 4.647784847e-18 4.647784847e-18 4.647784847e-18 4.647784847e-18
4.647784847e-18 4.647784847e-18 4.647784847e-18 4.647784847e-18 0.000000000e+00 4.647784847e-18
4.647784847e-18 4.647784847e-18 4.647784847e-18 0.000000000e+00 0.000000000e+00 1.000000000e+00
4.647784847e-18 0.000000000e+00 0.000000000e+00 0.000000000e+00 4.647784847e-18 4.647784847e-18
4.647784847e-18 4.647784847e-18 4.647784847e-18 4.647784847e-18 4.647784847e-18 4.647784847e-18
4.647784847e-18 4.647784847e-18 4.647784847e-18 4.647784847e-18 4.647784847e-18 4.647784847e-18

