5.654596891e-18 5.654596891e-18 5.654596891e-18 5.654596891e-18 5.654596891e-18 5.654596891e-18
5.654596891e-18 0.000000000e+00 5.654596891e-18 1.218245970e-04 5.654596891e-18 5.654596891e-18
5.654596891e-18 5.654596891e-18 7.978296201e-01 1.949193552e-03 5.654596891e-18 5.654596891e-18
5.654596891e-18 5.654596891e-18 1.041585653e-03 1.990577761e-01 5.654596891e-18 5.654596891e-18
5.654596891e-18 5.654596891e-18 5.654596891e-18 5.654596891e-18 5.654596891e-18 5.654596891e-18
5.654596891e-18 5.654596891e-18 5.654596891e-18 5.654596891e-18 5.654596891e-18 5.654596891e-18

4.669729297e-18 4.669729297e-18 4.669729297e-18 4.669729297e-18 4.669729297e-18 4.669729297e-18
4.669729297e-18 0.000000000e+00 4.669729297e-18 4.669729297e-18 4.669729297e-18 4.669729297e-18
4.669729297e-18 4.669729297e-18 6.388099821e-04 4.669729297e-18 4.669729297e-18 4.669729297e-18
4.669729297e-18 0.000000000e+00 4.669729297e-18 9.993611900e-01 4.669729297e-18 4.669729297e-18
4.669729297e-18 4.669729297e-18 0.000000000e+00 4.669729297e-18 4.669729297e-18 4.669729297e-18
4.669729297e-18 4.669729297e-18 4.669729297e-18 4.669729297e-18 4.669729297e-18 4.669729297e-18

5.096385636e-18 5.096385636e-18 5.096385636e-18 5.096385636e-18 5.096385636e-18 5.096385636e-18
5.096385636e-18 0.000000000e+00 5.096385636e-18 5.096385636e-18 5.096385636e-18 5.096385636e-18
5.096385636e-18 5.438945183e-02 5.096385636e-18 5.096385636e-18 5.096385636e-18 5.096385636e-18
5.096385636e-18 0.000000000e+00 0.000000000e+00 9.456105482e-01 5.096385636e-18 5.096385636e-18
5.096385636e-18 0.000000000e+00 0.000000000e+00 5.096385636e-18 5.096385636e-18 5.096385636e-18
5.096385636e-18 5.096385636e-18 5.096385636e-18 5.096385636e-18 5.096385636e-18 5.096385636e-18

3.557762521e-03 1.901152605e-03 2.223601576e-04 2.424331328e-03 2.977517755e-03 3.557762521e-03
8.225809582e-03 0.000000000e+00 1.772196952e-01 3.454038773e-02 4.162749900e-03 3.557762521e-03
3.557762521e-03 2.360881734e-01 2.940874212e-02 3.557762521e-03 2.223601576e-04 4.162749900e-03
8.968372790e-02 0.000000000e+00 0.000000000e+00 1.616445329e-01 4.790604372e-03 5.603124864e-04
0.000000000e+00 0.000000000e+00 0.000000000e+00 0.000000000e+00 4.790604372e-03 9.101483013e-02
1.127357801e-02 2.223601576e-04 7.502874591e-03 2.977517755e-03 2.223601576e-04 1.059718547e-01

5.509461055e-18 5.509461055e-18 5.509461055e-18 5.509461055e-18 5.509461055e-18 5.509461055e-18
1.323890898e-01 0.000000000e+00 5.509461055e-18 5.509461055e-18 5.509461055e-18 5.509461055e-18
5.509461055e-18 7.536836707e-04 4.391007001e-03 5.509461055e-18 5.509461055e-18 5.509461055e-18
5.509461055e-18 0.000000000e+00 0.000000000e+00 0.000000000e+00 5.509461055e-18 5.509461055e-18
0.000000000e+00 0.000000000e+00 0.000000000e+00 0.000000000e+00 5.509461055e-18 5.509461055e-18
5.509461055e-18 0.000000000e+00 5.509461055e-18 5.509461055e-18 8.624662196e-01 5.509461055e-18

5.842027841e-18 5.842027841e-18 5.842027841e-18 5.842027841e-18 5.842027841e-18 5.842027841e-18
5.685461908e-01 0.000000000e+00 5.842027841e-18 5.842027841e-18 5.842027841e-18 5.842027841e-18
5.842027841e-18 0.000000000e+00 5.842027841e-18 5.842027841e-18 5.842027841e-18 5.842027841e-18
5.842027841e-18 0.000000000e+00 0.000000000e+00 0.000000000e+00 5.842027841e-18 5.842027841e-18
0.000000000e+00 0.000000000e+00 0.000000000e+00 0.000000000e+00 5.842027841e-18 5.842027841e-18
5.842027841e-18 0.000000000e+00 0.000000000e+00 5.842027841e-18 4.314538092e-01 5.842027841e-18

