4.034102739e-04 5.051454219e-01 8.540256842e-02 4.034102739e-04 1.600934733e-04 7.430880780e-18
3.301177392e-01 7.430880780e-18 2.638663862e-02 1.600934733e-04 7.430880780e-18 4.034102739e-04
3.449109325e-03 3.928522211e-02 3.916491670e-03 1.600934733e-04 1.600934733e-04 7.430880780e-18
4.034102739e-04 1.600934733e-04 1.600934733e-04 0.000000000e+00 4.034102739e-04 1.600934733e-04
4.034102739e-04 7.430880780e-18 7.430880780e-18 4.034102739e-04 6.926842292e-04 1.600934733e-04
7.430880780e-18 7.430880780e-18 4.034102739e-04 4.034102739e-04 6.926842292e-04 7.430880780e-18

2.349706822e-03 9.473424275e-02 2.349706822e-03 5.430652388e-04 5.430652388e-04 5.430652388e-04
1.656847302e-01 0.000000000e+00 1.328542907e-02 0.000000000e+00 5.430652388e-04 2.349706822e-03
1.248641419e-02 1.094772083e-01 2.793081954e-01 3.449546701e-02 9.324817703e-04 2.349706822e-03
5.430652388e-04 5.272326020e-03 1.248641419e-02 0.000000000e+00 5.272326020e-03 2.349706822e-03
1.368438652e-03 5.430652388e-04 1.575428468e-02 2.155155829e-04 2.077495770e-01 3.448249325e-03
2.155155829e-04 5.430652388e-04 5.272326020e-03 1.169998589e-02 3.448249325e-03 1.842632314e-03

1.187840463e-04 2.559124699e-03 7.542316800e-04 5.139487191e-04 1.590579943e-03 2.993170406e-04
3.263370949e-03 0.000000000e+00 1.015589310e-03 0.000000000e+00 2.559124699e-03 2.905906894e-03
1.187840463e-04 7.542316800e-04 9.639317116e-01 6.448590155e-03 1.187840463e-04 7.769538619e-03
1.187840463e-04 1.187840463e-04 2.223726958e-03 0.000000000e+00 7.542316800e-04 1.187840463e-04
1.187840463e-04 1.187840463e-04 0.000000000e+00 0.000000000e+00 2.993170406e-04 1.187840463e-04
1.187840463e-04 1.187840463e-04 1.187840463e-04 5.139487191e-04 1.187840463e-04 2.993170406e-04

1.388935382e-04 1.514317851e-03 3.499897850e-04 8.819189946e-04 3.499897850e-04 1.388935382e-04
8.819189946e-04 0.000000000e+00 1.388935382e-04 0.000000000e+00 1.187523047e-03 1.187523047e-03
3.499897850e-04 1.388935382e-04 1.294723550e-02 1.388935382e-04 0.000000000e+00 8.562073449e-03
1.388935382e-04 0.000000000e+00 1.529867895e-02 0.000000000e+00 6.009574374e-04 1.388935382e-04
1.388935382e-04 3.499897850e-04 0.000000000e+00 0.000000000e+00 1.187523047e-03 1.388935382e-04
1.388935382e-04 1.388935382e-04 1.106973064e-01 1.388935382e-04 8.272846505e-01 1.470169114e-02

3.224529984e-04 1.094090124e-03 2.756934356e-03 9.856533963e-03 1.279655572e-04 6.036563390e-03
8.125306405e-04 0.000000000e+00 8.125306405e-04 0.000000000e+00 1.713525133e-03 4.317812769e-03
1.279655572e-04 1.279655572e-04 0.000000000e+00 3.224529984e-04 0.000000000e+00 1.395173095e-03
1.279655572e-04 0.000000000e+00 2.395611769e-03 0.000000000e+00 1.279655572e-04 1.279655572e-04
1.279655572e-04 1.279655572e-04 0.000000000e+00 0.000000000e+00 1.395173095e-03 1.279655572e-04
1.279655572e-04 1.279655572e-04 5.593603185e-03 0.000000000e+00 9.156564410e-01 4.411094969e-02

4.000000000e-02 4.000000000e-02 4.000000000e-02 4.000000000e-02 0.000000000e+00 4.000000000e-02
4.000000000e-02 0.000000000e+00 4.000000000e-02 0.000000000e+00 4.000000000e-02 4.000000000e-02
4.000000000e-02 4.000000000e-02 0.000000000e+00 4.000000000e-02 0.000000000e+00 4.000000000e-02
4.000000000e-02 0.000000000e+00 0.000000000e+00 0.000000000e+00 4.000000000e-02 4.000000000e-02
4.000000000e-02 4.000000000e-02 0.000000000e+00 0.000000000e+00 4.000000000e-02 4.000000000e-02
4.000000000e-02 4.000000000e-02 4.000000000e-02 0.000000000e+00 4.000000000e-02 4.000000000e-02

