4.034102739e-04 5.051454219e-01 8.540256842e-02 4.034102739e-04 1.600934733e-04 7.430880780e-18
3.301177392e-01 7.430880780e-18 2.638663862e-02 1.600934733e-04 7.430880780e-18 4.034102739e-04
3.449109325e-03 3.928522211e-02 3.916491670e-03 1.600934733e-04 1.600934733e-04 7.430880780e-18
4.034102739e-04 1.600934733e-04 1.600934733e-04 0.000000000e+00 4.034102739e-04 1.600934733e-04
4.034102739e-04 7.430880780e-18 7.430880780e-18 4.034102739e-04 6.926842292e-04 1.600934733e-04
7.430880780e-18 7.430880780e-18 4.034102739e-04 4.034102739e-04 6.926842292e-04 7.430880780e-18

2.760965139e-03 8.070623717e-02 1.456210951e-01 5.195613829e-04 2.061880715e-04 1.309212646e-03
1.657929782e-01 0.000000000e+00 3.247258643e-01 2.061880715e-04 9.570402500e-18 2.061880715e-04
1.194600236e-02 9.955120077e-02 1.060462243e-01 5.195613829e-04 2.061880715e-04 5.195613829e-04
9.570402500e-18 0.000000000e+00 5.195613829e-04 0.000000000e+00 2.061880715e-04 5.195613829e-04
6.957196194e-03 2.760965139e-03 6.957196194e-03 1.670123379e-02 5.044139823e-03 2.061880715e-04
2.061880715e-04 5.195613829e-04 1.119361067e-02 3.299009143e-03 3.859996247e-03 2.061880715e-04

1.360112813e-04 1.162880097e-03 7.361179546e-01 3.327350197e-03 1.360112813e-04 1.360112813e-04
1.360112813e-04 0.000000000e+00 2.233921320e-01 6.313084442e-18 1.360112813e-04 1.360112813e-04
1.821261548e-03 2.914018476e-02 0.000000000e+00 8.636178037e-04 3.427269525e-04 1.360112813e-04
1.360112813e-04 0.000000000e+00 0.000000000e+00 0.000000000e+00 1.360112813e-04 5.884866358e-04
1.360112813e-04 1.360112813e-04 1.360112813e-04 1.360112813e-04 5.884866358e-04 1.360112813e-04
6.313084442e-18 6.313084442e-18 3.427269525e-04 1.360112813e-04 1.360112813e-04 1.360112813e-04

1.088469349e-04 4.709533351e-04 6.911349556e-04 1.186728041e-03 1.088469349e-04 5.052227174e-18
1.088469349e-04 0.000000000e+00 9.838355604e-01 0.000000000e+00 1.088469349e-04 1.088469349e-04
4.709533351e-04 9.254655256e-03 0.000000000e+00 6.911349556e-04 1.088469349e-04 5.052227174e-18
5.052227174e-18 0.000000000e+00 0.000000000e+00 0.000000000e+00 1.088469349e-04 6.911349556e-04
5.052227174e-18 1.088469349e-04 1.088469349e-04 1.088469349e-04 0.000000000e+00 1.088469349e-04
5.052227174e-18 5.052227174e-18 1.088469349e-04 9.306282024e-04 4.709533351e-04 5.052227174e-18

2.530021449e-03 1.581263406e-04 3.406728735e-03 5.100302235e-01 1.581263406e-04 1.581263406e-04
3.984534101e-04 0.000000000e+00 0.000000000e+00 0.000000000e+00 2.570341574e-01 1.581263406e-04
1.351961195e-03 1.849456899e-01 0.000000000e+00 1.581263406e-04 3.069083318e-02 1.581263406e-04
1.581263406e-04 0.000000000e+00 0.000000000e+00 0.000000000e+00 3.984534101e-04 1.004039677e-03
1.581263406e-04 1.581263406e-04 1.004039677e-03 1.581263406e-04 0.000000000e+00 1.581263406e-04
1.581263406e-04 1.581263406e-04 1.581263406e-04 4.833503345e-03 1.581263406e-04 0.000000000e+00

1.408070235e-04 3.033595360e-03 0.000000000e+00 8.800438969e-02 1.408070235e-04 1.408070235e-04
6.092366075e-04 0.000000000e+00 0.000000000e+00 0.000000000e+00 4.304097702e-03 1.408070235e-04
1.535180052e-03 3.381147353e-02 0.000000000e+00 0.000000000e+00 2.187230501e-02 1.408070235e-04
1.408070235e-04 0.000000000e+00 0.000000000e+00 0.000000000e+00 1.408070235e-04 3.444672186e-03
2.252912376e-03 6.535683080e-18 8.255132627e-01 1.408070235e-04 0.000000000e+00 1.408070235e-04
1.408070235e-04 8.940688690e-04 1.197204553e-02 1.203883117e-03 1.408070235e-04 0.000000000e+00

5.050925907e-18 1.088188999e-04 0.000000000e+00 4.130813612e-02 5.050925907e-18 0.000000000e+00
5.050925907e-18 0.000000000e+00 0.000000000e+00 0.000000000e+00 5.050925907e-18 1.088188999e-04
5.050925907e-18 2.742064452e-04 0.000000000e+00 0.000000000e+00 9.582000196e-01 5.050925907e-18
5.050925907e-18 0.000000000e+00 0.000000000e+00 0.000000000e+00 5.050925907e-18 5.050925907e-18
5.050925907e-18 0.000000000e+00 5.050925907e-18 5.050925907e-18 0.000000000e+00 5.050925907e-18
5.050925907e-18 5.050925907e-18 5.050925907e-18 5.050925907e-18 5.050925907e-18 0.000000000e+00

