1.946963941e-04 1.946963941e-04 1.946963941e-04 4.906041705e-04 1.946963941e-04 1.946963941e-04
4.906041705e-04 1.946963941e-04 1.946963941e-04 1.946963941e-04 1.946963941e-04 1.946963941e-04
1.946963941e-04 1.664630754e-03 1.946963941e-04 1.946963941e-04 1.946963941e-04 4.906041705e-04
2.842433384e-02 1.537940732e-01 8.558274634e-02 1.946963941e-04 1.946963941e-04 1.946963941e-04
1.747765003e-01 9.890151516e-02 1.905791152e-01 1.946963941e-04 1.946963941e-04 1.946963941e-04
1.946963941e-04 2.538852984e-01 5.951353004e-03 1.946963941e-04 4.906041705e-04 1.946963941e-04

7.601196261e-18 7.601196261e-18 7.601196261e-18 7.601196261e-18 7.601196261e-18 7.601196261e-18
7.601196261e-18 7.601196261e-18 7.601196261e-18 7.601196261e-18 7.601196261e-18 1.637628091e-04
7.601196261e-18 1.637628091e-04 0.000000000e+00 7.601196261e-18 7.601196261e-18 1.637628091e-04
4.126564208e-04 3.855708680e-01 1.001740951e-01 1.637628091e-04 7.601196261e-18 7.601196261e-18
3.201437688e-01 0.000000000e+00 7.601196261e-18 1.470078108e-01 7.601196261e-18 7.601196261e-18
7.601196261e-18 4.367911799e-02 1.637628091e-04 7.601196261e-18 2.192868889e-03 7.601196261e-18

6.003090219e-18 6.003090219e-18 6.003090219e-18 6.003090219e-18 6.003090219e-18 6.003090219e-18
6.003090219e-18 6.003090219e-18 6.003090219e-18 6.003090219e-18 6.003090219e-18 9.454274665e-03
6.003090219e-18 6.003090219e-18 0.000000000e+00 6.003090219e-18 6.003090219e-18 6.003090219e-18
6.003090219e-18 7.870466950e-01 6.003090219e-18 1.480694953e-02 6.003090219e-18 6.003090219e-18
7.493198945e-03 0.000000000e+00 0.000000000e+00 0.000000000e+00 6.003090219e-18 6.003090219e-18
6.003090219e-18 6.003090219e-18 1.811988819e-01 6.003090219e-18 6.003090219e-18 6.003090219e-18

6.095779669e-18 6.095779669e-18 6.095779669e-18 6.095779669e-18 6.095779669e-18 6.095779669e-18
6.095779669e-18 6.095779669e-18 6.095779669e-18 6.095779669e-18 6.095779669e-18 3.933742456e-02
6.095779669e-18 6.095779669e-18 0.000000000e+00 0.000000000e+00 6.095779669e-18 8.338909289e-04
6.095779669e-18 8.095794995e-03 0.000000000e+00 1.344623491e-01 4.014397722e-03 6.095779669e-18
3.212818373e-03 0.000000000e+00 0.000000000e+00 0.000000000e+00 6.095779669e-18 6.095779669e-18
6.095779669e-18 6.095779669e-18 8.100433243e-01 6.095779669e-18 6.095779669e-18 6.095779669e-18

5.080985173e-18 5.080985173e-18 5.080985173e-18 4.736340688e-04 2.758383133e-04 5.080985173e-18
5.080985173e-18 5.080985173e-18 5.080985173e-18 5.080985173e-18 3.346101141e-03 1.465813265e-03
1.094665072e-04 1.094665072e-04 0.000000000e+00 0.000000000e+00 0.000000000e+00 9.359254711e-04
5.080985173e-18 6.950689945e-04 0.000000000e+00 0.000000000e+00 1.349636743e-02 2.758383133e-04
4.736340688e-04 0.000000000e+00 0.000000000e+00 0.000000000e+00 2.758383133e-04 5.080985173e-18
5.080985173e-18 5.080985173e-18 9.780670076e-01 5.080985173e-18 5.080985173e-18 5.080985173e-18

