7.461337435e-18 7.461337435e-18 7.461337435e-18 7.461337435e-18 7.461337435e-18 7.461337435e-18
7.461337435e-18 6.955233065e-04 4.050637156e-04 1.565425028e-02 7.461337435e-18 7.461337435e-18
7.461337435e-18 4.050637156e-04 7.461337435e-18 2.599382885e-01 1.981917839e-02 7.461337435e-18
7.461337435e-18 5.174894150e-02 5.576151879e-01 4.287544052e-02 7.461337435e-18 7.461337435e-18
7.461337435e-18 7.461337435e-18 5.084306214e-02 7.461337435e-18 7.461337435e-18 7.461337435e-18
7.461337435e-18 7.461337435e-18 7.461337435e-18 7.461337435e-18 7.461337435e-18 7.461337435e-18

5.893549509e-18 5.893549509e-18 5.893549509e-18 5.893549509e-18 1.269726751e-04 5.893549509e-18
5.893549509e-18 5.893549509e-18 5.893549509e-18 7.296291619e-01 5.893549509e-18 5.893549509e-18
5.893549509e-18 5.893549509e-18 0.000000000e+00 3.488338311e-03 5.893549509e-18 5.893549509e-18
5.893549509e-18 5.893549509e-18 2.595424387e-01 0.000000000e+00 5.893549509e-18 5.893549509e-18
6.893137322e-03 5.893549509e-18 3.199510923e-04 5.893549509e-18 5.893549509e-18 5.893549509e-18
5.893549509e-18 5.893549509e-18 5.893549509e-18 5.893549509e-18 5.893549509e-18 5.893549509e-18

5.359701616e-18 5.359701616e-18 5.359701616e-18 5.359701616e-18 5.359701616e-18 5.359701616e-18
5.359701616e-18 5.359701616e-18 2.473952262e-02 0.000000000e+00 5.359701616e-18 5.359701616e-18
5.359701616e-18 9.385101315e-01 0.000000000e+00 5.359701616e-18 3.394832965e-02 2.909693697e-04
5.359701616e-18 0.000000000e+00 2.909693697e-04 0.000000000e+00 9.872654788e-04 5.359701616e-18
7.331968676e-04 5.359701616e-18 4.996151725e-04 5.359701616e-18 5.359701616e-18 5.359701616e-18
5.359701616e-18 5.359701616e-18 5.359701616e-18 5.359701616e-18 5.359701616e-18 5.359701616e-18

5.009711292e-18 5.009711292e-18 5.009711292e-18 5.009711292e-18 5.009711292e-18 5.009711292e-18
5.009711292e-18 5.009711292e-18 5.009711292e-18 0.000000000e+00 0.000000000e+00 5.009711292e-18
5.009711292e-18 9.615498680e-01 0.000000000e+00 0.000000000e+00 5.009711292e-18 3.845013198e-02
5.009711292e-18 0.000000000e+00 5.009711292e-18 0.000000000e+00 5.009711292e-18 5.009711292e-18
5.009711292e-18 5.009711292e-18 5.009711292e-18 5.009711292e-18 5.009711292e-18 5.009711292e-18
5.009711292e-18 5.009711292e-18 5.009711292e-18 5.009711292e-18 5.009711292e-18 5.009711292e-18

6.422849912e-18 6.422849912e-18 6.422849912e-18 6.422849912e-18 6.422849912e-18 6.422849912e-18
6.422849912e-18 4.785894963e-01 0.000000000e+00 0.000000000e+00 0.000000000e+00 6.422849912e-18
4.324768011e-01 6.422849912e-18 0.000000000e+00 0.000000000e+00 0.000000000e+00 8.833498404e-02
6.422849912e-18 0.000000000e+00 6.422849912e-18 0.000000000e+00 6.422849912e-18 6.422849912e-18
6.422849912e-18 5.987186409e-04 6.422849912e-18 6.422849912e-18 6.422849912e-18 6.422849912e-18
6.422849912e-18 6.422849912e-18 6.422849912e-18 6.422849912e-18 6.422849912e-18 6.422849912e-18

