7.177702691e-18 2.070695241e-03 3.896656527e-04 9.818959164e-04 3.896656527e-04 7.177702691e-18
3.896656527e-04 7.177702691e-18 7.177702691e-18 6.690837336e-04 7.177702691e-18 3.896656527e-04
3.896656527e-04 7.177702691e-18 5.065703489e-02 7.257096152e-01 1.377789263e-02 6.690837336e-04
3.896656527e-04 7.177702691e-18 1.177993249e-01 7.177702691e-18 0.000000000e+00 1.546389167e-04
6.690837336e-04 7.177702691e-18 1.322144140e-03 6.422477161e-02 1.252575225e-02 9.818959164e-04
7.177702691e-18 6.690837336e-04 3.896656527e-04 3.331594466e-03 6.690837336e-04 3.896656527e-04

6.700315897e-18 1.443539300e-04 1.443539300e-04 1.443539300e-04 3.637491102e-04 6.700315897e-18
6.700315897e-18 6.700315897e-18 6.700315897e-18 1.212257119e-01 1.932973939e-03 1.573850993e-03
6.700315897e-18 6.700315897e-18 6.902171375e-01 1.699639003e-01 6.700315897e-18 2.309662880e-03
6.700315897e-18 6.700315897e-18 3.110011145e-03 0.000000000e+00 0.000000000e+00 1.443539300e-04
6.700315897e-18 6.700315897e-18 1.443539300e-04 5.340111078e-03 0.000000000e+00 1.573850993e-03
6.700315897e-18 1.443539300e-04 6.700315897e-18 1.443539300e-04 1.234208741e-03 1.443539300e-04

6.987085075e-04 6.987085075e-04 6.987085075e-04 4.069187351e-04 2.162378651e-03 1.380684229e-03
1.614858071e-04 6.987085075e-04 1.614858071e-04 8.187270881e-03 2.583772913e-03 6.510699762e-03
6.987085075e-04 1.614858071e-04 2.661612335e-02 2.236156361e-01 0.000000000e+00 4.436522479e-03
6.987085075e-04 1.614858071e-04 9.356069041e-03 0.000000000e+00 0.000000000e+00 2.162378651e-03
6.987085075e-04 4.069187351e-04 3.709115641e-02 0.000000000e+00 0.000000000e+00 6.597239113e-01
1.614858071e-04 1.380684229e-03 3.950553418e-03 2.162378651e-03 4.069187351e-04 1.760635113e-03

