8.201760919e-18 8.201760919e-18 8.201760919e-18 8.201760919e-18 8.201760919e-18 8.201760919e-18
8.201760919e-18 8.201760919e-18 2.290052508e-01 3.307986928e-03 8.201760919e-18 8.201760919e-18
8.201760919e-18 1.767015824e-04 2.417243646e-02 3.532932635e-01 9.539621324e-02 8.201760919e-18
8.201760919e-18 8.201760919e-18 1.370871934e-01 7.723941941e-03 1.496603105e-01 8.201760919e-18
8.201760919e-18 1.767015824e-04 8.201760919e-18 8.201760919e-18 8.201760919e-18 8.201760919e-18
8.201760919e-18 8.201760919e-18 8.201760919e-18 8.201760919e-18 8.201760919e-18 8.201760919e-18

8.987677861e-18 8.987677861e-18 8.987677861e-18 4.879262224e-04 1.936336497e-04 1.936336497e-04
8.987677861e-18 8.987677861e-18 2.587242855e-01 1.380870483e-01 0.000000000e+00 4.879262224e-04
8.987677861e-18 1.236096735e-01 1.475043521e-01 0.000000000e+00 1.236096735e-01 1.936336497e-04
1.936336497e-04 8.987677861e-18 8.987677861e-18 1.612215512e-01 2.917015737e-02 8.987677861e-18
8.987677861e-18 4.879262224e-04 1.936336497e-04 1.340486631e-02 1.936336497e-04 8.987677861e-18
1.936336497e-04 8.987677861e-18 1.655544417e-03 8.987677861e-18 1.936336497e-04 8.987677861e-18

5.543268180e-18 5.543268180e-18 1.194260926e-04 5.543268180e-18 7.583084203e-04 3.009348960e-04
1.194260926e-04 5.543268180e-18 5.543268180e-18 3.009348960e-04 0.000000000e+00 1.194260926e-04
1.194260926e-04 1.089540406e-01 0.000000000e+00 0.000000000e+00 5.543268180e-18 5.543268180e-18
3.009348960e-04 1.194260926e-04 0.000000000e+00 1.599177276e-03 8.854450119e-01 5.543268180e-18
5.543268180e-18 3.009348960e-04 5.543268180e-18 3.009348960e-04 3.009348960e-04 5.543268180e-18
1.194260926e-04 5.543268180e-18 3.009348960e-04 3.009348960e-04 1.194260926e-04 5.543268180e-18

7.046000045e-04 4.103498662e-04 4.103498662e-04 4.103498662e-04 3.460775429e-01 2.180611787e-03
3.910396078e-02 1.628474523e-04 1.628474523e-04 4.103498662e-04 0.000000000e+00 7.046000045e-04
1.628474523e-04 0.000000000e+00 0.000000000e+00 0.000000000e+00 0.000000000e+00 7.046000045e-04
4.255972151e-02 3.508442005e-03 0.000000000e+00 1.127360007e-02 5.285331633e-01 1.628474523e-04
4.103498662e-04 7.046000045e-04 7.046000045e-04 5.494797385e-03 1.392326132e-03 1.034016869e-03
7.046000045e-04 1.034016869e-03 1.392326132e-03 1.392326132e-03 4.103498662e-04 7.682059067e-03

1.913116045e-04 2.561761537e-03 3.060985671e-03 1.913116045e-04 7.713200562e-03 7.713200562e-03
2.479398394e-01 4.098818459e-02 1.913116045e-04 2.252523811e-01 0.000000000e+00 1.430614746e-01
0.000000000e+00 0.000000000e+00 0.000000000e+00 0.000000000e+00 0.000000000e+00 1.635691210e-03
1.214752969e-03 2.805901634e-01 0.000000000e+00 1.251348936e-02 0.000000000e+00 1.913116045e-04
1.913116045e-04 8.277572380e-04 8.362572113e-03 5.847888953e-03 1.214752969e-03 4.680205194e-03
8.277572380e-04 1.913116045e-04 1.635691210e-03 8.277572380e-04 1.913116045e-04 1.913116045e-04

1.129348542e-04 1.129348542e-04 1.129348542e-04 1.129348542e-04 4.553248004e-03 2.845780003e-04
1.129348542e-04 1.129348542e-04 0.000000000e+00 0.000000000e+00 0.000000000e+00 1.129348542e-04
0.000000000e+00 0.000000000e+00 0.000000000e+00 0.000000000e+00 0.000000000e+00 1.129348542e-04
1.701319722e-02 1.129348542e-04 0.000000000e+00 9.697232347e-01 0.000000000e+00 1.129348542e-04
1.129348542e-04 1.129348542e-04 2.762813541e-03 2.114225670e-03 1.129348542e-04 1.129348542e-04
1.129348542e-04 1.129348542e-04 2.845780003e-04 1.231297496e-03 1.129348542e-04 1.129348542e-04

4.211050269e-02 4.211050269e-02 4.211050269e-02 4.211050269e-02 4.211050269e-02 4.211050269e-02
4.211050269e-02 4.211050269e-02 0.000000000e+00 0.000000000e+00 0.000000000e+00 4.211050269e-02
0.000000000e+00 0.000000000e+00 0.000000000e+00 0.000000000e+00 0.000000000e+00 4.211050269e-02
4.211050269e-02 0.000000000e+00 0.000000000e+00 0.000000000e+00 0.000000000e+00 4.211050269e-02
4.211050269e-02 4.211050269e-02 4.211050269e-02 4.077899461e-02 4.211050269e-02 4.077899461e-02
4.077899461e-02 4.077899461e-02 4.077899461e-02 4.077899461e-02 4.077899461e-02 4.077899461e-02

4.618203788e-02 4.618203788e-02 4.618203788e-02 4.484830177e-02 4.618203788e-02 4.618203788e-02
4.618203788e-02 0.000000000e+00 0.000000000e+00 0.000000000e+00 0.000000000e+00 4.618203788e-02
0.000000000e+00 0.000000000e+00 0.000000000e+00 0.000000000e+00 0.000000000e+00 4.618203788e-02
4.618203788e-02 0.000000000e+00 0.000000000e+00 0.000000000e+00 0.000000000e+00 4.618203788e-02
4.484830177e-02 4.484830177e-02 4.484830177e-02 0.000000000e+00 4.484830177e-02 4.484830177e-02
4.484830177e-02 4.484830177e-02 4.484830177e-02 4.484830177e-02 4.484830177e-02 4.484830177e-02

