7.461337435e-18 7.461337435e-18 7.461337435e-18 7.461337435e-18 7.461337435e-18 7.461337435e-18
7.461337435e-18 6.955233065e-04 4.050637156e-04 1.565425028e-02 7.461337435e-18 7.461337435e-18
7.461337435e-18 4.050637156e-04 7.461337435e-18 2.599382885e-01 1.981917839e-02 7.461337435e-18
7.461337435e-18 5.174894150e-02 5.576151879e-01 4.287544052e-02 7.461337435e-18 7.461337435e-18
7.461337435e-18 7.461337435e-18 5.084306214e-02 7.461337435e-18 7.461337435e-18 7.461337435e-18
7.461337435e-18 7.461337435e-18 7.461337435e-18 7.461337435e-18 7.461337435e-18 7.461337435e-18

6.178030519e-18 6.178030519e-18 6.178030519e-18 6.178030519e-18 3.353950975e-04 6.178030519e-18
6.178030519e-18 6.178030519e-18 6.178030519e-18 6.178030519e-18 6.178030519e-18 6.178030519e-18
6.178030519e-18 6.178030519e-18 0.000000000e+00 1.331016327e-04 6.178030519e-18 6.178030519e-18
6.178030519e-18 5.395126918e-01 4.293140233e-01 0.000000000e+00 6.178030519e-18 6.178030519e-18
1.331016327e-04 6.178030519e-18 3.057168655e-02 6.178030519e-18 6.178030519e-18 6.178030519e-18
6.178030519e-18 6.178030519e-18 6.178030519e-18 6.178030519e-18 6.178030519e-18 6.178030519e-18

5.030138348e-18 5.030138348e-18 5.030138348e-18 5.030138348e-18 5.030138348e-18 5.030138348e-18
5.030138348e-18 5.030138348e-18 9.598594244e-01 0.000000000e+00 5.030138348e-18 5.030138348e-18
5.030138348e-18 5.030138348e-18 0.000000000e+00 5.030138348e-18 5.030138348e-18 5.030138348e-18
5.030138348e-18 0.000000000e+00 5.030138348e-18 0.000000000e+00 5.030138348e-18 5.030138348e-18
5.030138348e-18 5.030138348e-18 3.986749772e-02 5.030138348e-18 5.030138348e-18 5.030138348e-18
5.030138348e-18 5.030138348e-18 2.730779229e-04 5.030138348e-18 5.030138348e-18 5.030138348e-18

6.138481173e-18 6.138481173e-18 6.138481173e-18 6.238654502e-03 6.138481173e-18 1.130717900e-03
6.138481173e-18 6.138481173e-18 0.000000000e+00 0.000000000e+00 1.287883324e-02 6.138481173e-18
2.115993085e-03 8.851901130e-01 0.000000000e+00 6.138481173e-18 2.766163507e-02 2.115993085e-03
6.138481173e-18 0.000000000e+00 0.000000000e+00 0.000000000e+00 6.138481173e-18 6.138481173e-18
6.138481173e-18 5.331968459e-03 3.815267399e-02 6.138481173e-18 6.138481173e-18 6.138481173e-18
4.042518952e-03 6.138481173e-18 1.514089871e-02 6.138481173e-18 6.138481173e-18 6.138481173e-18

6.959006689e-18 6.959006689e-18 6.959006689e-18 5.603239099e-02 6.959006689e-18 2.772550073e-01
6.959006689e-18 6.959006689e-18 0.000000000e+00 0.000000000e+00 6.959006689e-18 2.007603638e-03
6.959006689e-18 5.791735152e-01 0.000000000e+00 0.000000000e+00 0.000000000e+00 6.959006689e-18
6.959006689e-18 0.000000000e+00 0.000000000e+00 0.000000000e+00 6.959006689e-18 6.959006689e-18
6.959006689e-18 9.806582854e-03 7.332606391e-02 6.959006689e-18 6.959006689e-18 6.959006689e-18
6.959006689e-18 6.959006689e-18 2.398836067e-03 6.959006689e-18 6.959006689e-18 6.959006689e-18

6.495736883e-18 6.495736883e-18 6.495736883e-18 5.812266622e-02 6.495736883e-18 8.191391948e-02
6.495736883e-18 6.495736883e-18 0.000000000e+00 0.000000000e+00 0.000000000e+00 1.399464088e-04
2.373698574e-02 6.409271730e-02 0.000000000e+00 0.000000000e+00 0.000000000e+00 6.495736883e-18
6.495736883e-18 0.000000000e+00 0.000000000e+00 0.000000000e+00 6.495736883e-18 6.495736883e-18
6.495736883e-18 6.495736883e-18 0.000000000e+00 6.495736883e-18 6.495736883e-18 6.495736883e-18
7.718538184e-01 6.495736883e-18 6.495736883e-18 1.399464088e-04 6.495736883e-18 6.495736883e-18

