8.228047915e-18 8.228047915e-18 8.228047915e-18 8.228047915e-18 8.228047915e-18 8.228047915e-18
8.228047915e-18 8.228047915e-18 9.684296332e-02 2.373709304e-03 4.466871642e-04 8.228047915e-18
8.228047915e-18 6.938629661e-02 2.325798772e-01 3.797934887e-02 8.228047915e-18 8.228047915e-18
8.228047915e-18 4.466871642e-04 8.228047915e-18 4.405755209e-01 5.907761428e-02 8.228047915e-18
8.228047915e-18 4.466871642e-04 7.669937383e-04 5.907761428e-02 8.228047915e-18 8.228047915e-18
8.228047915e-18 8.228047915e-18 8.228047915e-18 8.228047915e-18 8.228047915e-18 8.228047915e-18

6.286968540e-18 6.286968540e-18 6.286968540e-18 6.286968540e-18 6.286968540e-18 6.286968540e-18
6.286968540e-18 6.286968540e-18 4.570306589e-03 6.286968540e-18 6.286968540e-18 6.286968540e-18
6.286968540e-18 3.328193155e-01 1.043291697e-02 0.000000000e+00 6.286968540e-18 6.286968540e-18
2.167178099e-03 6.286968540e-18 0.000000000e+00 6.386422441e-01 2.167178099e-03 6.286968540e-18
6.286968540e-18 3.413091632e-04 6.286968540e-18 8.859551462e-03 6.286968540e-18 6.286968540e-18
6.286968540e-18 6.286968540e-18 6.286968540e-18 6.286968540e-18 6.286968540e-18 6.286968540e-18

6.812737905e-18 1.965406560e-03 6.812737905e-18 6.812737905e-18 6.812737905e-18 6.812737905e-18
6.812737905e-18 4.952514194e-03 6.812737905e-18 6.812737905e-18 6.812737905e-18 6.812737905e-18
6.812737905e-18 6.812737905e-18 5.429710736e-03 0.000000000e+00 6.812737905e-18 6.812737905e-18
0.000000000e+00 0.000000000e+00 0.000000000e+00 6.774944118e-01 2.489538376e-02 6.812737905e-18
6.812737905e-18 8.303585598e-02 6.812737905e-18 1.949329503e-01 6.812737905e-18 6.812737905e-18
6.812737905e-18 6.923914370e-03 6.812737905e-18 6.812737905e-18 3.698523157e-04 6.812737905e-18

5.758329363e-18 5.758329363e-18 5.758329363e-18 5.758329363e-18 5.758329363e-18 5.758329363e-18
5.758329363e-18 2.272517364e-01 5.758329363e-18 5.758329363e-18 5.758329363e-18 5.758329363e-18
5.758329363e-18 0.000000000e+00 0.000000000e+00 0.000000000e+00 5.758329363e-18 5.758329363e-18
0.000000000e+00 0.000000000e+00 0.000000000e+00 2.672779727e-03 5.758329363e-18 5.758329363e-18
5.758329363e-18 5.758329363e-18 5.758329363e-18 3.408302737e-03 5.758329363e-18 5.758329363e-18
5.758329363e-18 7.666671811e-01 5.758329363e-18 5.758329363e-18 5.758329363e-18 5.758329363e-18

