1.656053724e-04 2.387970174e-01 1.355177958e-01 1.415906017e-03 6.126269534e-03 1.656053724e-04
7.812159380e-03 7.686720472e-18 5.458333880e-01 2.649685958e-03 1.656053724e-04 7.165328314e-04
2.649685958e-03 0.000000000e+00 3.718020211e-02 4.172993893e-04 1.656053724e-04 2.649685958e-03
4.172993893e-04 4.172993893e-04 7.165328314e-04 4.172993893e-04 7.686720472e-18 1.656053724e-04
1.051528569e-03 1.656053724e-04 1.656053724e-04 7.686720472e-18 7.686720472e-18 7.686720472e-18
7.686720472e-18 7.165328314e-04 1.656053724e-04 4.172993893e-04 1.275573688e-02 7.686720472e-18

6.823678802e-04 6.893748969e-03 1.577091544e-04 1.719459312e-03 1.348394302e-03 3.974021666e-04
5.321420976e-03 0.000000000e+00 0.000000000e+00 2.905027461e-02 3.974021666e-04 3.974021666e-04
1.001390710e-03 0.000000000e+00 6.308811476e-01 7.320210497e-18 1.152860912e-02 1.001390710e-03
1.719459312e-03 6.823678802e-04 2.510292281e-01 5.077013981e-02 3.974021666e-04 3.974021666e-04
1.001390710e-03 3.974021666e-04 7.320210497e-18 1.577091544e-04 7.320210497e-18 3.974021666e-04
7.320210497e-18 6.823678802e-04 3.974021666e-04 3.974021666e-04 3.974021666e-04 3.974021666e-04

3.144203407e-03 1.060916852e-01 1.211399971e-02 3.678866237e-03 1.965127129e-04 4.233738058e-03
1.965127129e-04 0.000000000e+00 0.000000000e+00 7.229301975e-02 1.965127129e-04 1.965127129e-04
2.960387706e-02 0.000000000e+00 0.000000000e+00 0.000000000e+00 7.269630381e-03 1.965127129e-04
1.965127129e-04 7.925877040e-02 4.951810072e-04 3.964112570e-01 1.247777949e-03 1.965127129e-04
1.965127129e-04 1.965127129e-04 9.610996896e-02 1.807226611e-01 1.965127129e-04 4.951810072e-04
1.965127129e-04 1.965127129e-04 8.502611274e-04 4.951810072e-04 2.631407075e-03 4.951810072e-04

2.720384321e-02 2.176263717e-01 4.753658339e-03 5.397817677e-03 9.546766577e-04 1.886490562e-03
2.954554584e-03 0.000000000e+00 0.000000000e+00 0.000000000e+00 5.559912522e-04 5.397817677e-03
1.408530511e-01 0.000000000e+00 0.000000000e+00 0.000000000e+00 9.546766577e-04 2.526108636e-02
2.430337121e-02 1.649969872e-01 0.000000000e+00 2.012976702e-01 7.732880927e-02 9.546766577e-04
3.530324395e-03 5.559912522e-04 6.744541544e-03 6.486928274e-02 5.559912522e-04 2.954554584e-03
1.886490562e-03 1.401010164e-03 4.130645998e-03 2.405634434e-03 3.530324395e-03 4.753658339e-03

4.659041671e-18 4.659041671e-18 0.000000000e+00 4.659041671e-18 4.659041671e-18 4.659041671e-18
4.659041671e-18 0.000000000e+00 0.000000000e+00 0.000000000e+00 4.659041671e-18 4.659041671e-18
2.529316958e-04 0.000000000e+00 0.000000000e+00 0.000000000e+00 4.659041671e-18 4.659041671e-18
4.659041671e-18 4.659041671e-18 0.000000000e+00 9.997470683e-01 4.659041671e-18 4.659041671e-18
4.659041671e-18 4.659041671e-18 0.000000000e+00 4.659041671e-18 4.659041671e-18 4.659041671e-18
4.659041671e-18 4.659041671e-18 4.659041671e-18 4.659041671e-18 4.659041671e-18 4.659041671e-18

7.274174324e-01 1.230651129e-01 0.000000000e+00 6.506908797e-04 6.980390410e-18 3.789538940e-04
6.980390410e-18 0.000000000e+00 0.000000000e+00 0.000000000e+00 1.503879525e-04 3.789538940e-04
4.672206252e-02 0.000000000e+00 0.000000000e+00 0.000000000e+00 6.065543558e-02 1.921282272e-02
3.789538940e-04 1.527846362e-02 0.000000000e+00 0.000000000e+00 6.980390410e-18 3.240010218e-03
6.980390410e-18 6.980390410e-18 0.000000000e+00 0.000000000e+00 6.980390410e-18 9.549039761e-04
3.789538940e-04 3.789538940e-04 6.980390410e-18 3.789538940e-04 6.980390410e-18 3.789538940e-04

4.972744519e-02 6.093342916e-01 0.000000000e+00 4.262113493e-04 1.691420861e-04 1.691420861e-04
1.148296049e-01 0.000000000e+00 0.000000000e+00 0.000000000e+00 1.691420861e-04 1.691420861e-04
1.576691364e-02 0.000000000e+00 0.000000000e+00 0.000000000e+00 1.691420861e-04 1.045876960e-01
6.620567920e-02 0.000000000e+00 0.000000000e+00 0.000000000e+00 0.000000000e+00 1.691420861e-04
7.318353028e-04 1.691420861e-04 0.000000000e+00 0.000000000e+00 1.691420861e-04 2.313831190e-02
1.691420861e-04 1.691420861e-04 1.691420861e-04 1.691420861e-04 4.646864518e-03 8.575441404e-03

9.232352793e-04 1.779765681e-02 0.000000000e+00 4.672120754e-04 4.672120754e-04 1.079822533e-04
9.788286470e-01 0.000000000e+00 0.000000000e+00 0.000000000e+00 5.012092212e-18 2.720982280e-04
0.000000000e+00 0.000000000e+00 0.000000000e+00 0.000000000e+00 0.000000000e+00 1.079822533e-04
2.720982280e-04 0.000000000e+00 0.000000000e+00 0.000000000e+00 0.000000000e+00 1.079822533e-04
5.012092212e-18 1.079822533e-04 0.000000000e+00 0.000000000e+00 5.012092212e-18 1.079822533e-04
5.012092212e-18 1.079822533e-04 5.012092212e-18 1.079822533e-04 1.079822533e-04 1.079822533e-04

5.854669742e-02 5.506482888e-02 0.000000000e+00 1.972936525e-03 4.971488516e-03 1.473383243e-04
5.854669742e-02 0.000000000e+00 0.000000000e+00 0.000000000e+00 0.000000000e+00 3.712693126e-04
0.000000000e+00 0.000000000e+00 0.000000000e+00 0.000000000e+00 0.000000000e+00 1.473383243e-04
6.476554688e-02 0.000000000e+00 0.000000000e+00 0.000000000e+00 0.000000000e+00 1.473383243e-04
1.473383243e-04 1.473383243e-04 0.000000000e+00 0.000000000e+00 1.473383243e-04 1.473383243e-04
1.473383243e-04 0.000000000e+00 7.539158825e-01 3.712693126e-04 1.473383243e-04 1.473383243e-04

5.265430142e-18 0.000000000e+00 0.000000000e+00 4.958676205e-03 3.827700094e-03 1.134402536e-04
9.653367006e-01 0.000000000e+00 0.000000000e+00 0.000000000e+00 0.000000000e+00 1.134402536e-04
0.000000000e+00 0.000000000e+00 0.000000000e+00 0.000000000e+00 0.000000000e+00 6.572434220e-03
1.249508106e-02 0.000000000e+00 0.000000000e+00 0.000000000e+00 0.000000000e+00 1.134402536e-04
5.265430142e-18 0.000000000e+00 0.000000000e+00 0.000000000e+00 5.265430142e-18 5.265430142e-18
5.265430142e-18 0.000000000e+00 5.751379033e-03 4.908274709e-04 1.134402536e-04 1.134402536e-04

0.000000000e+00 0.000000000e+00 0.000000000e+00 6.711073456e-02 6.711073456e-02 6.711073456e-02
6.577853088e-02 0.000000000e+00 0.000000000e+00 0.000000000e+00 0.000000000e+00 0.000000000e+00
0.000000000e+00 0.000000000e+00 0.000000000e+00 0.000000000e+00 0.000000000e+00 6.711073456e-02
6.711073456e-02 0.000000000e+00 0.000000000e+00 0.000000000e+00 0.000000000e+00 6.711073456e-02
6.711073456e-02 0.000000000e+00 0.000000000e+00 0.000000000e+00 6.711073456e-02 6.711073456e-02
6.711073456e-02 0.000000000e+00 6.577853088e-02 6.577853088e-02 6.577853088e-02 6.577853088e-02

