1.439980377e-04 3.628523176e-04 1.439980377e-04 6.230433239e-04 3.628523176e-04 1.439980377e-04
1.439980377e-04 6.683796837e-18 6.230433239e-04 1.439980377e-04 6.683796837e-18 3.628523176e-04
1.439980377e-04 1.231165904e-03 1.166384105e-02 5.805637082e-03 1.439980377e-04 3.628523176e-04
2.303968603e-03 3.382399548e-02 6.683796837e-18 7.859378555e-01 1.439980377e-04 1.439980377e-04
1.439980377e-04 1.439980377e-04 1.250786593e-01 1.439980377e-04 1.439980377e-04 1.439980377e-04
6.683796837e-18 3.628523176e-04 2.794866267e-02 1.439980377e-04 3.628523176e-04 6.230433239e-04

6.432952058e-18 6.432952058e-18 6.432952058e-18 1.385937507e-04 6.432952058e-18 6.432952058e-18
6.432952058e-18 6.432952058e-18 6.432952058e-18 6.432952058e-18 6.432952058e-18 6.432952058e-18
6.432952058e-18 1.511049351e-03 4.964227044e-01 0.000000000e+00 6.432952058e-18 6.432952058e-18
4.540052169e-01 6.432952058e-18 0.000000000e+00 3.998290713e-02 6.432952058e-18 6.432952058e-18
6.432952058e-18 4.676429187e-03 2.985911844e-03 6.432952058e-18 6.432952058e-18 6.432952058e-18
6.432952058e-18 1.385937507e-04 1.385937507e-04 6.432952058e-18 6.432952058e-18 6.432952058e-18

6.273094186e-18 6.273094186e-18 6.273094186e-18 6.273094186e-18 6.273094186e-18 1.351497173e-04
6.273094186e-18 6.273094186e-18 6.273094186e-18 6.273094186e-18 6.273094186e-18 6.273094186e-18
3.405559474e-04 3.405559474e-04 1.204145976e-02 0.000000000e+00 6.273094186e-18 1.351497173e-04
4.345625615e-01 0.000000000e+00 0.000000000e+00 0.000000000e+00 6.273094186e-18 6.273094186e-18
6.273094186e-18 1.204145976e-02 5.392044045e-01 6.273094186e-18 3.405559474e-04 6.273094186e-18
6.273094186e-18 6.273094186e-18 8.581472135e-04 6.273094186e-18 6.273094186e-18 6.273094186e-18

1.842511239e-04 3.969570130e-03 1.067503248e-02 1.842511239e-04 9.828957352e-02 8.691741851e-03
1.842511239e-04 1.842511239e-04 4.642837389e-04 0.000000000e+00 1.842511239e-04 3.449320039e-03
5.061957257e-03 2.467218042e-03 5.376060589e-01 0.000000000e+00 1.135813571e-02 1.169921712e-03
1.587107381e-01 0.000000000e+00 0.000000000e+00 0.000000000e+00 1.842511239e-04 2.008839069e-03
1.842511239e-04 1.030403360e-01 2.436854627e-02 0.000000000e+00 5.061957257e-03 7.972083128e-04
2.008839069e-03 1.842511239e-04 1.717533244e-02 7.972083128e-04 1.169921712e-03 1.842511239e-04

9.083170969e-04 6.189456381e-04 3.499567816e-03 0.000000000e+00 1.274543994e-02 1.223068664e-03
6.189456381e-04 9.083170969e-04 4.372689471e-03 0.000000000e+00 9.083170969e-04 1.559645276e-03
2.678022242e-03 0.000000000e+00 1.223068664e-03 0.000000000e+00 8.319996417e-01 9.083170969e-04
3.081939911e-03 0.000000000e+00 0.000000000e+00 0.000000000e+00 9.083170969e-04 9.083170969e-04
9.083170969e-04 7.766001938e-03 1.099751699e-01 0.000000000e+00 1.223068664e-03 9.083170969e-04
9.083170969e-04 9.083170969e-04 5.291910767e-03 1.223068664e-03 9.083170969e-04 9.083170969e-04

1.026177530e-17 4.181345642e-02 1.446082096e-02 0.000000000e+00 5.308790832e-02 9.565716539e-04
1.026177530e-17 5.570948733e-04 7.242304843e-02 0.000000000e+00 2.410409525e-03 3.227663280e-02
1.607162838e-01 0.000000000e+00 0.000000000e+00 0.000000000e+00 1.026177530e-17 1.095153259e-01
9.182048959e-02 0.000000000e+00 0.000000000e+00 0.000000000e+00 1.715190176e-01 2.410409525e-03
1.026177530e-17 1.137070803e-01 0.000000000e+00 0.000000000e+00 2.410409525e-03 1.026177530e-17
1.026177530e-17 9.565716539e-04 4.763094167e-03 1.236382800e-01 5.570948733e-04 1.026177530e-17

1.713962130e-04 1.741276984e-02 1.457287581e-02 0.000000000e+00 9.930252271e-03 1.868685529e-03
5.239128192e-03 1.713962130e-04 0.000000000e+00 0.000000000e+00 7.481125429e-01 1.121084470e-02
6.006865583e-02 0.000000000e+00 0.000000000e+00 0.000000000e+00 0.000000000e+00 1.320177579e-02
3.412209712e-02 0.000000000e+00 0.000000000e+00 0.000000000e+00 9.304817999e-03 6.910262292e-03
3.208666410e-03 2.662388675e-02 0.000000000e+00 0.000000000e+00 5.239128192e-03 4.192999418e-03
1.868685529e-03 1.088298115e-03 8.689724809e-03 1.527092060e-02 4.318913933e-04 1.088298115e-03

4.618203788e-02 4.618203788e-02 4.618203788e-02 0.000000000e+00 4.618203788e-02 4.618203788e-02
4.618203788e-02 0.000000000e+00 0.000000000e+00 0.000000000e+00 0.000000000e+00 4.484830177e-02
4.618203788e-02 0.000000000e+00 0.000000000e+00 0.000000000e+00 0.000000000e+00 4.618203788e-02
4.618203788e-02 0.000000000e+00 0.000000000e+00 0.000000000e+00 4.618203788e-02 4.484830177e-02
4.484830177e-02 4.484830177e-02 0.000000000e+00 0.000000000e+00 4.484830177e-02 4.484830177e-02
4.484830177e-02 4.484830177e-02 4.484830177e-02 4.484830177e-02 4.484830177e-02 4.484830177e-02

5.000000000e-02 5.000000000e-02 5.000000000e-02 0.000000000e+00 5.000000000e-02 5.000000000e-02
5.000000000e-02 0.000000000e+00 0.000000000e+00 0.000000000e+00 0.000000000e+00 0.000000000e+00
5.000000000e-02 0.000000000e+00 0.000000000e+00 0.000000000e+00 0.000000000e+00 5.000000000e-02
5.000000000e-02 0.000000000e+00 0.000000000e+00 0.000000000e+00 0.000000000e+00 5.000000000e-02
5.000000000e-02 5.000000000e-02 0.000000000e+00 0.000000000e+00 5.000000000e-02 5.000000000e-02
5.000000000e-02 5.000000000e-02 5.000000000e-02 5.000000000e-02 5.000000000e-02 5.000000000e-02

