1.337107289e-04 1.337107289e-04 1.083056904e-02 1.337107289e-04 1.337107289e-04 1.337107289e-04
1.337107289e-04 1.337107289e-04 7.564442199e-02 8.490102071e-04 6.206302263e-18 1.337107289e-04
4.511666306e-03 3.422994661e-02 6.206302263e-18 8.596708129e-01 1.337107289e-04 1.337107289e-04
1.337107289e-04 5.785327241e-04 8.745877118e-03 3.369299240e-04 6.206302263e-18 1.337107289e-04
1.337107289e-04 6.206302263e-18 1.337107289e-04 6.206302263e-18 6.206302263e-18 3.369299240e-04
6.206302263e-18 8.490102071e-04 1.337107289e-04 1.143210651e-03 1.337107289e-04 1.337107289e-04

6.839883196e-18 6.839883196e-18 1.259917257e-03 6.839883196e-18 6.839883196e-18 6.839883196e-18
6.839883196e-18 6.839883196e-18 2.470493641e-01 6.839883196e-18 6.839883196e-18 6.375932221e-04
6.839883196e-18 1.020149155e-02 0.000000000e+00 0.000000000e+00 6.839883196e-18 6.839883196e-18
6.839883196e-18 1.559794095e-02 6.839883196e-18 5.973107098e-01 3.713259889e-04 6.839883196e-18
6.839883196e-18 6.839883196e-18 1.269340639e-01 6.375932221e-04 6.839883196e-18 6.839883196e-18
6.839883196e-18 6.839883196e-18 6.839883196e-18 6.839883196e-18 6.839883196e-18 6.839883196e-18

5.164542010e-18 5.164542010e-18 5.164542010e-18 5.164542010e-18 5.164542010e-18 5.164542010e-18
5.164542010e-18 5.164542010e-18 5.164542010e-18 5.164542010e-18 5.164542010e-18 5.164542010e-18
5.164542010e-18 5.164542010e-18 0.000000000e+00 0.000000000e+00 5.164542010e-18 5.164542010e-18
5.164542010e-18 6.880089081e-02 0.000000000e+00 5.164542010e-18 5.164542010e-18 5.164542010e-18
5.164542010e-18 5.164542010e-18 9.311991092e-01 0.000000000e+00 5.164542010e-18 5.164542010e-18
5.164542010e-18 5.164542010e-18 5.164542010e-18 5.164542010e-18 5.164542010e-18 5.164542010e-18

4.647784847e-18 4.647784847e-18 4.647784847e-18 4.647784847e-18 4.647784847e-18 4.647784847e-18
4.647784847e-18 4.647784847e-18 0.000000000e+00 4.647784847e-18 4.647784847e-18 4.647784847e-18
4.647784847e-18 4.647784847e-18 0.000000000e+00 0.000000000e+00 4.647784847e-18 4.647784847e-18
4.647784847e-18 1.000000000e+00 0.000000000e+00 0.000000000e+00 4.647784847e-18 4.647784847e-18
4.647784847e-18 4.647784847e-18 4.647784847e-18 0.000000000e+00 4.647784847e-18 4.647784847e-18
4.647784847e-18 4.647784847e-18 4.647784847e-18 4.647784847e-18 4.647784847e-18 4.647784847e-18

