2.104944421e-02 1.317529705e-02 8.073550647e-02 5.567663556e-02 7.354521164e-02 1.799025296e-02
1.601963151e-02 1.206208213e-17 4.157914906e-03 1.206208213e-17 1.206208213e-17 9.408630309e-02
1.799025296e-02 5.173567351e-02 6.652663850e-02 7.496979692e-02 1.206208213e-17 5.173567351e-02
2.221854524e-03 7.640118231e-02 1.206208213e-17 7.928409889e-02 1.206208213e-17 9.613406200e-03
1.135936818e-02 8.073550647e-02 0.000000000e+00 9.408630309e-02 1.206208213e-17 1.206208213e-17
1.206208213e-17 4.864956488e-03 2.598696817e-04 1.206208213e-17 1.124390810e-03 6.548305643e-04

1.464577717e-04 6.797967578e-18 6.797967578e-18 1.252196334e-03 6.797967578e-18 6.797967578e-18
6.797967578e-18 6.797967578e-18 1.464577717e-04 6.797967578e-18 6.797967578e-18 6.336859751e-04
3.690504591e-04 2.343324348e-03 1.229924785e-01 1.282764474e-01 6.797967578e-18 9.299488837e-04
1.464577717e-04 0.000000000e+00 0.000000000e+00 7.149289526e-01 6.797967578e-18 1.464577717e-04
2.741799976e-03 6.797967578e-18 0.000000000e+00 1.252196334e-03 6.797967578e-18 1.464577717e-04
9.299488837e-04 1.871072221e-02 9.299488837e-04 6.797967578e-18 2.343324348e-03 6.336859751e-04

1.573714930e-04 1.573714930e-04 1.573714930e-04 6.809069046e-04 1.573714930e-04 3.965513134e-04
1.573714930e-04 5.767052981e-01 1.133128420e-01 9.992466943e-04 1.573714930e-04 1.573714930e-04
1.573714930e-04 0.000000000e+00 3.965513134e-04 1.803907925e-01 3.965513134e-04 1.573714930e-04
6.809069046e-04 0.000000000e+00 0.000000000e+00 1.198809202e-01 1.573714930e-04 1.573714930e-04
3.965513134e-04 0.000000000e+00 0.000000000e+00 1.573714930e-04 1.573714930e-04 1.345507339e-03
3.965513134e-04 1.345507339e-03 1.573714930e-04 1.573714930e-04 1.573714930e-04 1.573714930e-04

1.332260737e-04 1.332260737e-04 3.660138818e-03 2.131617180e-03 1.332260737e-04 1.332260737e-04
1.332260737e-04 0.000000000e+00 8.459328383e-04 2.131617180e-03 1.332260737e-04 1.332260737e-04
2.522116198e-01 0.000000000e+00 0.000000000e+00 7.301999612e-01 1.332260737e-04 1.332260737e-04
3.357086694e-04 0.000000000e+00 0.000000000e+00 4.072368150e-03 3.357086694e-04 1.332260737e-04
1.332260737e-04 0.000000000e+00 0.000000000e+00 1.332260737e-04 1.332260737e-04 1.139066908e-03
3.357086694e-04 1.332260737e-04 1.332260737e-04 1.332260737e-04 1.332260737e-04 3.357086694e-04

