7.252312263e-18 6.853748790e-01 1.562463313e-04 2.499941300e-03 6.760386123e-04 1.562463313e-04
1.562463313e-04 7.936972316e-02 6.760386123e-04 1.562463313e-04 7.252312263e-18 1.562463313e-04
7.349170566e-02 7.252312263e-18 1.323353992e-01 3.937160834e-04 7.252312263e-18 6.760386123e-04
1.703510556e-03 8.482355880e-03 1.335887341e-03 7.252312263e-18 7.252312263e-18 1.562463313e-04
2.092219354e-03 1.562463313e-04 1.562463313e-04 1.562463313e-04 7.252312263e-18 1.562463313e-04
1.562463313e-04 1.562463313e-04 2.925049194e-03 5.780048830e-03 1.562463313e-04 1.562463313e-04

5.099460356e-18 9.659886372e-01 5.099460356e-18 5.099460356e-18 1.098645429e-04 5.099460356e-18
1.098645429e-04 5.099460356e-18 2.466578138e-02 5.099460356e-18 5.099460356e-18 5.099460356e-18
2.768413005e-04 0.000000000e+00 2.768413005e-04 1.098645429e-04 5.099460356e-18 5.099460356e-18
5.099460356e-18 8.462305188e-03 0.000000000e+00 5.099460356e-18 5.099460356e-18 5.099460356e-18
5.099460356e-18 5.099460356e-18 5.099460356e-18 5.099460356e-18 5.099460356e-18 5.099460356e-18
5.099460356e-18 5.099460356e-18 5.099460356e-18 5.099460356e-18 5.099460356e-18 5.099460356e-18

5.835877449e-18 5.955994769e-01 5.835877449e-18 5.835877449e-18 5.835877449e-18 5.835877449e-18
4.042747929e-01 0.000000000e+00 5.835877449e-18 5.835877449e-18 5.835877449e-18 5.835877449e-18
5.835877449e-18 0.000000000e+00 1.257301682e-04 5.835877449e-18 5.835877449e-18 5.835877449e-18
5.835877449e-18 0.000000000e+00 0.000000000e+00 5.835877449e-18 5.835877449e-18 5.835877449e-18
5.835877449e-18 5.835877449e-18 5.835877449e-18 5.835877449e-18 5.835877449e-18 5.835877449e-18
5.835877449e-18 5.835877449e-18 5.835877449e-18 5.835877449e-18 5.835877449e-18 5.835877449e-18

4.647784847e-18 4.647784847e-18 4.647784847e-18 4.647784847e-18 4.647784847e-18 4.647784847e-18
1.000000000e+00 0.000000000e+00 0.000000000e+00 4.647784847e-18 4.647784847e-18 4.647784847e-18
4.647784847e-18 0.000000000e+00 4.647784847e-18 4.647784847e-18 4.647784847e-18 4.647784847e-18
4.647784847e-18 0.000000000e+00 0.000000000e+00 0.000000000e+00 4.647784847e-18 4.647784847e-18
4.647784847e-18 4.647784847e-18 4.647784847e-18 4.647784847e-18 4.647784847e-18 4.647784847e-18
4.647784847e-18 4.647784847e-18 4.647784847e-18 4.647784847e-18 4.647784847e-18 4.647784847e-18

