8.200758039e-18 8.200758039e-18 8.200758039e-18 8.200758039e-18 8.200758039e-18 8.200758039e-18
8.200758039e-18 1.766799761e-04 1.766799761e-04 7.337888385e-02 8.200758039e-18 8.200758039e-18
8.200758039e-18 8.200758039e-18 5.588162366e-02 3.344746393e-01 1.946073421e-02 8.200758039e-18
8.200758039e-18 7.766326462e-02 3.754739243e-01 8.200758039e-18 2.826879617e-03 8.200758039e-18
8.200758039e-18 8.200758039e-18 4.807881281e-02 1.223119774e-02 1.766799761e-04 8.200758039e-18
8.200758039e-18 8.200758039e-18 8.200758039e-18 8.200758039e-18 8.200758039e-18 8.200758039e-18

8.528440399e-18 8.528440399e-18 8.528440399e-18 8.528440399e-18 8.528440399e-18 8.528440399e-18
8.528440399e-18 8.528440399e-18 4.412073433e-02 2.460369523e-03 8.528440399e-18 8.528440399e-18
8.528440399e-18 0.000000000e+00 3.838376673e-01 1.743938234e-01 8.528440399e-18 8.528440399e-18
2.460369523e-03 1.087538433e-01 8.528440399e-18 0.000000000e+00 1.247398278e-01 2.460369523e-03
8.528440399e-18 8.528440399e-18 4.315899130e-02 1.136140040e-01 8.528440399e-18 8.528440399e-18
8.528440399e-18 8.528440399e-18 8.528440399e-18 8.528440399e-18 8.528440399e-18 8.528440399e-18

5.778390136e-18 5.778390136e-18 5.778390136e-18 5.778390136e-18 5.778390136e-18 5.778390136e-18
5.778390136e-18 1.244916416e-04 5.778390136e-18 3.045536256e-03 1.244916416e-04 5.778390136e-18
5.778390136e-18 0.000000000e+00 1.357297954e-03 8.786066662e-01 5.778390136e-18 5.778390136e-18
5.778390136e-18 0.000000000e+00 0.000000000e+00 0.000000000e+00 6.481997478e-02 1.244916416e-04
5.778390136e-18 5.778390136e-18 5.778390136e-18 3.805379698e-03 5.778390136e-18 5.778390136e-18
4.799167015e-02 5.778390136e-18 5.778390136e-18 5.778390136e-18 5.778390136e-18 5.778390136e-18

1.752747275e-02 1.131086874e-02 9.667019600e-03 1.037435158e-03 2.038653094e-02 2.641016888e-02
9.667019600e-03 0.000000000e+00 5.865740813e-03 2.745090592e-02 5.165740935e-03 6.587302645e-03
6.041887250e-04 0.000000000e+00 1.068632229e-01 3.615928022e-01 1.942156881e-02 2.956207544e-02
8.869945832e-03 0.000000000e+00 0.000000000e+00 0.000000000e+00 1.157663272e-01 7.449176226e-02
2.537958650e-02 0.000000000e+00 4.488721233e-03 5.383151638e-02 1.522460185e-03 1.037435158e-03
2.537958650e-02 5.165740935e-03 6.587302645e-03 1.037435158e-03 5.165740935e-03 1.215637504e-02

6.961011933e-04 0.000000000e+00 5.088530592e-18 9.373153492e-04 5.088530592e-18 5.088530592e-18
5.088530592e-18 0.000000000e+00 2.762479417e-04 5.088530592e-18 2.762479417e-04 5.088530592e-18
5.088530592e-18 0.000000000e+00 5.088530592e-18 0.000000000e+00 5.088530592e-18 5.088530592e-18
5.088530592e-18 0.000000000e+00 0.000000000e+00 0.000000000e+00 5.088530592e-18 3.042782712e-02
5.088530592e-18 0.000000000e+00 5.088530592e-18 9.653339216e-01 5.088530592e-18 5.088530592e-18
2.052338863e-03 5.088530592e-18 5.088530592e-18 5.088530592e-18 5.088530592e-18 5.088530592e-18

5.267387428e-04 0.000000000e+00 5.267387428e-04 7.730013369e-04 1.947841312e-03 3.067657839e-04
5.650674052e-18 0.000000000e+00 5.267387428e-04 5.650674052e-18 2.242471484e-02 5.650674052e-18
7.730013369e-04 0.000000000e+00 2.362860314e-02 0.000000000e+00 5.650674052e-18 3.067657839e-04
5.267387428e-04 0.000000000e+00 0.000000000e+00 0.000000000e+00 0.000000000e+00 0.000000000e+00
3.067657839e-04 0.000000000e+00 7.730013369e-04 9.374094917e-01 1.947841312e-03 5.650674052e-18
5.321476538e-03 5.267387428e-04 5.267387428e-04 3.067657839e-04 3.067657839e-04 3.067657839e-04

4.211050269e-02 0.000000000e+00 4.211050269e-02 4.211050269e-02 4.211050269e-02 4.211050269e-02
4.211050269e-02 0.000000000e+00 4.211050269e-02 4.211050269e-02 4.211050269e-02 4.211050269e-02
4.077899461e-02 0.000000000e+00 0.000000000e+00 0.000000000e+00 0.000000000e+00 4.211050269e-02
4.211050269e-02 0.000000000e+00 0.000000000e+00 0.000000000e+00 0.000000000e+00 0.000000000e+00
4.211050269e-02 0.000000000e+00 4.211050269e-02 4.211050269e-02 4.211050269e-02 4.077899461e-02
4.077899461e-02 4.077899461e-02 4.077899461e-02 4.077899461e-02 4.077899461e-02 4.077899461e-02

4.618203788e-02 0.000000000e+00 4.618203788e-02 4.618203788e-02 4.618203788e-02 4.618203788e-02
4.618203788e-02 0.000000000e+00 4.618203788e-02 0.000000000e+00 4.618203788e-02 4.618203788e-02
0.000000000e+00 0.000000000e+00 0.000000000e+00 0.000000000e+00 0.000000000e+00 4.618203788e-02
4.484830177e-02 0.000000000e+00 0.000000000e+00 0.000000000e+00 0.000000000e+00 0.000000000e+00
4.484830177e-02 0.000000000e+00 4.484830177e-02 4.484830177e-02 4.484830177e-02 4.484830177e-02
4.484830177e-02 4.484830177e-02 4.484830177e-02 4.484830177e-02 4.484830177e-02 4.484830177e-02

5.000000000e-02 0.000000000e+00 5.000000000e-02 5.000000000e-02 5.000000000e-02 5.000000000e-02
5.000000000e-02 0.000000000e+00 5.000000000e-02 0.000000000e+00 0.000000000e+00 5.000000000e-02
0.000000000e+00 0.000000000e+00 0.000000000e+00 0.000000000e+00 0.000000000e+00 5.000000000e-02
5.000000000e-02 0.000000000e+00 0.000000000e+00 0.000000000e+00 0.000000000e+00 0.000000000e+00
0.000000000e+00 0.000000000e+00 5.000000000e-02 5.000000000e-02 5.000000000e-02 5.000000000e-02
5.000000000e-02 5.000000000e-02 5.000000000e-02 5.000000000e-02 5.000000000e-02 5.000000000e-02

