9.817828025e-18 5.329937070e-04 4.557032093e-03 1.343059982e-03 5.174546977e-03 9.817828025e-18
1.343059982e-03 0.000000000e+00 1.581721934e-01 5.190441969e-02 9.817828025e-18 1.971713273e-02
8.527899311e-03 1.791492346e-01 9.817828025e-18 1.960775158e-01 9.817828025e-18 1.808459385e-03
9.817828025e-18 3.385572400e-02 1.508415092e-01 1.596487086e-01 9.817828025e-18 9.151882314e-04
6.465566113e-03 9.817828025e-18 5.329937070e-04 9.817828025e-18 9.817828025e-18 3.384299085e-03
9.817828025e-18 1.343059982e-03 9.817828025e-18 9.978044289e-03 3.384299085e-03 1.343059982e-03

1.279619939e-02 2.208624773e-04 2.261309665e-01 7.452339874e-03 5.403131274e-03 5.565385685e-04
2.566016084e-01 0.000000000e+00 1.107974485e-01 8.170405623e-03 9.556164388e-04 1.444638064e-02
5.565385685e-04 0.000000000e+00 0.000000000e+00 3.535129200e-02 1.499422857e-01 6.751180852e-03
2.208624773e-04 2.408002534e-03 3.960196289e-02 7.235072809e-02 1.402389315e-03 1.041882186e-02
1.888347618e-03 2.208624773e-04 5.565385685e-04 2.208624773e-04 9.556164388e-04 2.957463039e-03
9.556164388e-04 1.402389315e-03 5.565385685e-04 7.452339874e-03 1.788986066e-02 2.408002534e-03

3.696375357e-04 0.000000000e+00 2.417759959e-02 1.254188298e-03 6.412114966e-03 1.466907532e-04
2.073868496e-02 0.000000000e+00 8.208713776e-01 1.466907532e-04 1.466907532e-04 1.466907532e-04
4.949638178e-03 0.000000000e+00 0.000000000e+00 3.912562781e-02 1.599328731e-03 1.466907532e-04
1.466907532e-04 1.466907532e-04 0.000000000e+00 6.537801307e-02 1.466907532e-04 1.466907532e-04
1.466907532e-04 2.746161565e-03 2.746161565e-03 1.466907532e-04 1.466907532e-04 1.466907532e-04
3.696375357e-04 4.949638178e-03 3.696375357e-04 6.346940275e-04 1.254188298e-03 1.466907532e-04

1.152121745e-01 0.000000000e+00 7.053433032e-03 1.907402018e-03 4.806351905e-03 4.408395645e-04
8.120334208e-18 0.000000000e+00 0.000000000e+00 3.275145384e-03 8.120334208e-18 1.749472971e-04
3.749626204e-01 0.000000000e+00 0.000000000e+00 4.572198175e-02 4.408395645e-04 4.408395645e-04
3.296567312e-01 0.000000000e+00 0.000000000e+00 1.070156727e-01 8.120334208e-18 1.749472971e-04
4.408395645e-04 2.342634980e-03 4.408395645e-04 8.120334208e-18 8.120334208e-18 1.749472971e-04
8.120334208e-18 3.769125258e-03 1.749472971e-04 1.749472971e-04 7.569529923e-04 4.408395645e-04

5.844012575e-03 0.000000000e+00 2.904555424e-04 1.152673584e-04 2.904555424e-04 1.152673584e-04
0.000000000e+00 0.000000000e+00 0.000000000e+00 5.350236836e-18 5.350236836e-18 5.350236836e-18
9.617421838e-01 0.000000000e+00 0.000000000e+00 1.122505814e-02 5.350236836e-18 5.350236836e-18
5.437546876e-03 0.000000000e+00 0.000000000e+00 6.257674965e-03 5.350236836e-18 5.350236836e-18
5.350236836e-18 7.105640779e-03 0.000000000e+00 1.152673584e-04 5.350236836e-18 5.350236836e-18
5.350236836e-18 4.987328944e-04 5.350236836e-18 7.319021040e-04 1.152673584e-04 1.152673584e-04

9.801883466e-03 0.000000000e+00 1.272560399e-04 1.272560399e-04 3.113163891e-03 1.272560399e-04
0.000000000e+00 0.000000000e+00 0.000000000e+00 1.272560399e-04 5.906702138e-18 1.272560399e-04
2.382329070e-03 0.000000000e+00 0.000000000e+00 1.740838139e-02 5.906702138e-18 5.906702138e-18
9.215196774e-01 0.000000000e+00 0.000000000e+00 1.512684669e-02 5.906702138e-18 5.906702138e-18
7.844681436e-03 5.906702138e-18 0.000000000e+00 5.506049067e-04 1.272560399e-04 5.906702138e-18
3.496123232e-03 0.000000000e+00 0.000000000e+00 6.003093086e-03 1.186242311e-02 1.272560399e-04

2.841358130e-03 0.000000000e+00 1.318841617e-04 1.318841617e-04 1.318841617e-04 1.318841617e-04
0.000000000e+00 0.000000000e+00 0.000000000e+00 1.318841617e-04 1.318841617e-04 1.318841617e-04
8.025737278e-01 0.000000000e+00 0.000000000e+00 1.175050794e-02 1.318841617e-04 1.318841617e-04
1.646209244e-01 0.000000000e+00 0.000000000e+00 0.000000000e+00 1.318841617e-04 1.318841617e-04
8.129981380e-03 0.000000000e+00 0.000000000e+00 1.318841617e-04 1.318841617e-04 1.318841617e-04
1.318841617e-04 0.000000000e+00 0.000000000e+00 7.641026446e-03 3.323272630e-04 1.318841617e-04

2.021011566e-02 0.000000000e+00 1.639204611e-04 4.863339312e-01 4.130536788e-04 1.639204611e-04
0.000000000e+00 0.000000000e+00 0.000000000e+00 1.639204611e-04 7.092426436e-04 1.639204611e-04
1.329713111e-01 0.000000000e+00 0.000000000e+00 0.000000000e+00 1.639204611e-04 1.639204611e-04
4.130536788e-04 0.000000000e+00 0.000000000e+00 0.000000000e+00 1.639204611e-04 1.639204611e-04
2.203453041e-01 0.000000000e+00 0.000000000e+00 0.000000000e+00 1.639204611e-04 1.639204611e-04
1.639204611e-04 0.000000000e+00 0.000000000e+00 8.310706942e-03 1.283262355e-01 1.639204611e-04

