6.506263402e-18 6.506263402e-18 6.506263402e-18 6.506263402e-18 6.506263402e-18 6.506263402e-18
6.506263402e-18 6.506263402e-18 0.000000000e+00 3.532143200e-04 1.401731958e-04 6.506263402e-18
6.506263402e-18 6.612438537e-03 1.401731958e-04 2.302278809e-01 6.506263402e-18 6.506263402e-18
6.506263402e-18 6.064941941e-04 6.506263402e-18 6.780092718e-01 7.477600864e-02 6.506263402e-18
6.506263402e-18 1.401731958e-04 3.532143200e-04 8.640957768e-03 6.506263402e-18 6.506263402e-18
6.506263402e-18 6.506263402e-18 6.506263402e-18 6.506263402e-18 6.506263402e-18 6.506263402e-18

6.933304226e-18 1.493735114e-04 6.933304226e-18 1.493735114e-04 1.493735114e-04 6.933304226e-18
9.484626766e-04 0.000000000e+00 0.000000000e+00 4.773008016e-01 6.529383120e-03 6.933304226e-18
6.933304226e-18 6.463016479e-04 1.277125558e-03 4.256242850e-01 1.493735114e-04 6.933304226e-18
1.493735114e-04 3.763976626e-04 0.000000000e+00 5.935540407e-02 2.390875392e-02 6.933304226e-18
6.933304226e-18 1.493735114e-04 1.493735114e-04 2.389976182e-03 1.493735114e-04 6.933304226e-18
1.493735114e-04 6.933304226e-18 1.493735114e-04 1.493735114e-04 6.933304226e-18 6.933304226e-18

1.281040712e-04 1.281040712e-04 0.000000000e+00 1.281040712e-04 1.281040712e-04 1.281040712e-04
4.322486506e-03 0.000000000e+00 0.000000000e+00 0.000000000e+00 3.009062898e-02 1.281040712e-04
1.281040712e-04 1.281040712e-04 1.281040712e-04 1.281040712e-04 5.542741249e-04 1.281040712e-04
1.281040712e-04 6.833768097e-02 0.000000000e+00 5.542741249e-04 8.134101494e-04 1.281040712e-04
1.281040712e-04 1.281040712e-04 8.838070020e-01 3.228020317e-04 1.281040712e-04 1.281040712e-04
1.281040712e-04 1.281040712e-04 8.379151574e-03 1.281040712e-04 1.281040712e-04 1.281040712e-04

1.685435419e-04 1.441027013e-03 0.000000000e+00 1.837583644e-03 1.685435419e-04 1.685435419e-04
1.685435419e-04 0.000000000e+00 0.000000000e+00 0.000000000e+00 5.330817327e-02 1.685435419e-04
1.685435419e-04 0.000000000e+00 0.000000000e+00 1.685435419e-04 7.292455525e-04 1.685435419e-04
7.408673005e-02 3.161102630e-01 0.000000000e+00 1.070184783e-03 1.441027013e-03 1.685435419e-04
1.685435419e-04 7.292455525e-04 4.046730440e-01 1.685435419e-04 1.685435419e-04 1.685435419e-04
1.685435419e-04 1.685435419e-04 1.415396923e-01 1.685435419e-04 1.685435419e-04 1.685435419e-04

