1.337107289e-04 1.337107289e-04 1.083056904e-02 1.337107289e-04 1.337107289e-04 1.337107289e-04
1.337107289e-04 1.337107289e-04 7.564442199e-02 8.490102071e-04 6.206302263e-18 1.337107289e-04
4.511666306e-03 3.422994661e-02 6.206302263e-18 8.596708129e-01 1.337107289e-04 1.337107289e-04
1.337107289e-04 5.785327241e-04 8.745877118e-03 3.369299240e-04 6.206302263e-18 1.337107289e-04
1.337107289e-04 6.206302263e-18 1.337107289e-04 6.206302263e-18 6.206302263e-18 3.369299240e-04
6.206302263e-18 8.490102071e-04 1.337107289e-04 1.143210651e-03 1.337107289e-04 1.337107289e-04

6.123499404e-18 6.123499404e-18 9.133025471e-03 1.438361380e-03 1.319267954e-04 6.123499404e-18
6.123499404e-18 1.319267954e-04 6.017142879e-01 6.123499404e-18 1.127958234e-03 1.319267954e-04
1.319267954e-04 1.319267954e-04 0.000000000e+00 3.849346644e-01 1.319267954e-04 1.319267954e-04
1.319267954e-04 6.123499404e-18 3.324346932e-04 0.000000000e+00 6.123499404e-18 1.319267954e-04
6.123499404e-18 6.123499404e-18 6.123499404e-18 6.123499404e-18 1.319267954e-04 6.123499404e-18
6.123499404e-18 6.123499404e-18 6.123499404e-18 6.123499404e-18 6.123499404e-18 6.123499404e-18

6.453405584e-18 6.453405584e-18 1.838830802e-02 3.503447561e-04 6.453405584e-18 6.453405584e-18
6.453405584e-18 6.453405584e-18 5.888455062e-01 0.000000000e+00 6.453405584e-18 6.453405584e-18
1.390344086e-04 2.561035703e-02 0.000000000e+00 3.613467381e-01 6.453405584e-18 6.453405584e-18
6.453405584e-18 0.000000000e+00 6.453405584e-18 0.000000000e+00 6.453405584e-18 6.453405584e-18
6.453405584e-18 1.390344086e-04 4.691297860e-03 6.453405584e-18 6.453405584e-18 6.453405584e-18
6.453405584e-18 6.453405584e-18 3.503447561e-04 1.390344086e-04 6.453405584e-18 6.453405584e-18

6.015831198e-18 6.015831198e-18 6.015831198e-18 2.013256965e-02 6.015831198e-18 6.015831198e-18
6.015831198e-18 6.015831198e-18 0.000000000e+00 0.000000000e+00 6.015831198e-18 6.015831198e-18
6.015831198e-18 3.356122531e-01 0.000000000e+00 6.015831198e-18 6.442551773e-01 6.015831198e-18
6.015831198e-18 0.000000000e+00 0.000000000e+00 0.000000000e+00 6.015831198e-18 6.015831198e-18
6.015831198e-18 6.015831198e-18 6.015831198e-18 6.015831198e-18 6.015831198e-18 6.015831198e-18
6.015831198e-18 6.015831198e-18 6.015831198e-18 6.015831198e-18 6.015831198e-18 6.015831198e-18

5.429776786e-18 5.429776786e-18 5.429776786e-18 8.876383087e-01 5.429776786e-18 5.429776786e-18
5.429776786e-18 5.429776786e-18 0.000000000e+00 0.000000000e+00 5.429776786e-18 1.566436147e-03
5.429776786e-18 1.075814197e-01 0.000000000e+00 0.000000000e+00 0.000000000e+00 5.429776786e-18
5.429776786e-18 0.000000000e+00 0.000000000e+00 0.000000000e+00 3.213835457e-03 5.429776786e-18
5.429776786e-18 5.429776786e-18 5.429776786e-18 5.429776786e-18 5.429776786e-18 5.429776786e-18
5.429776786e-18 5.429776786e-18 5.429776786e-18 5.429776786e-18 5.429776786e-18 5.429776786e-18

5.034824687e-18 5.034824687e-18 5.034824687e-18 9.719946174e-01 5.034824687e-18 5.034824687e-18
5.034824687e-18 5.034824687e-18 0.000000000e+00 0.000000000e+00 0.000000000e+00 5.499490898e-03
5.034824687e-18 2.105339528e-02 0.000000000e+00 0.000000000e+00 0.000000000e+00 5.034824687e-18
5.034824687e-18 0.000000000e+00 0.000000000e+00 0.000000000e+00 5.034824687e-18 5.034824687e-18
1.452496428e-03 5.034824687e-18 0.000000000e+00 5.034824687e-18 5.034824687e-18 5.034824687e-18
5.034824687e-18 5.034824687e-18 5.034824687e-18 5.034824687e-18 5.034824687e-18 5.034824687e-18

