1.544289600e-04 1.544289600e-04 1.544289600e-04 1.544289600e-04 1.544289600e-04 1.544289600e-04
1.544289600e-04 3.891365947e-04 1.320349035e-03 2.226810308e-01 1.544289600e-04 1.544289600e-04
1.544289600e-04 6.681753034e-04 1.768015789e-02 7.284930620e-03 1.250874575e-02 1.544289600e-04
1.544289600e-04 6.590332248e-01 6.320973015e-02 0.000000000e+00 3.891365947e-04 6.681753034e-04
1.544289600e-04 1.544289600e-04 2.470863359e-03 1.544289600e-04 1.544289600e-04 3.891365947e-04
1.544289600e-04 1.544289600e-04 1.544289600e-04 7.829491335e-03 3.891365947e-04 1.544289600e-04

1.329196367e-04 1.329196367e-04 1.329196367e-04 3.349364964e-04 1.329196367e-04 1.329196367e-04
1.329196367e-04 1.329196367e-04 1.329196367e-04 2.563184083e-01 1.329196367e-04 1.329196367e-04
1.329196367e-04 1.329196367e-04 0.000000000e+00 3.251716881e-03 7.224272050e-01 1.329196367e-04
1.329196367e-04 1.350379335e-02 1.329196367e-04 0.000000000e+00 1.329196367e-04 1.329196367e-04
1.329196367e-04 1.329196367e-04 0.000000000e+00 1.329196367e-04 1.329196367e-04 1.329196367e-04
1.329196367e-04 1.329196367e-04 1.329196367e-04 5.751098666e-04 1.329196367e-04 1.329196367e-04

4.708586665e-18 4.708586665e-18 4.708586665e-18 4.708586665e-18 4.708586665e-18 4.708586665e-18
4.708586665e-18 4.708586665e-18 1.358380031e-03 9.982358463e-01 0.000000000e+00 4.708586665e-18
4.708586665e-18 4.708586665e-18 0.000000000e+00 4.708586665e-18 0.000000000e+00 4.708586665e-18
4.708586665e-18 1.014434245e-04 4.708586665e-18 0.000000000e+00 4.708586665e-18 1.014434245e-04
4.708586665e-18 4.708586665e-18 0.000000000e+00 4.708586665e-18 4.708586665e-18 4.708586665e-18
4.708586665e-18 1.014434245e-04 4.708586665e-18 1.014434245e-04 4.708586665e-18 4.708586665e-18

