8.200758039e-18 8.200758039e-18 8.200758039e-18 8.200758039e-18 8.200758039e-18 8.200758039e-18
8.200758039e-18 1.766799761e-04 1.766799761e-04 7.337888385e-02 8.200758039e-18 8.200758039e-18
8.200758039e-18 8.200758039e-18 5.588162366e-02 3.344746393e-01 1.946073421e-02 8.200758039e-18
8.200758039e-18 7.766326462e-02 3.754739243e-01 8.200758039e-18 2.826879617e-03 8.200758039e-18
8.200758039e-18 8.200758039e-18 4.807881281e-02 1.223119774e-02 1.766799761e-04 8.200758039e-18
8.200758039e-18 8.200758039e-18 8.200758039e-18 8.200758039e-18 8.200758039e-18 8.200758039e-18

7.165482011e-18 7.165482011e-18 7.165482011e-18 7.165482011e-18 7.165482011e-18 7.165482011e-18
7.165482011e-18 7.165482011e-18 7.165482011e-18 7.165482011e-18 7.165482011e-18 3.890022120e-04
7.165482011e-18 7.165482011e-18 1.721822936e-01 4.549797473e-01 7.165482011e-18 7.165482011e-18
7.165482011e-18 7.165482011e-18 1.079685547e-01 0.000000000e+00 7.165482011e-18 7.165482011e-18
7.165482011e-18 0.000000000e+00 2.640914000e-01 7.165482011e-18 7.165482011e-18 7.165482011e-18
7.165482011e-18 3.890022120e-04 7.165482011e-18 7.165482011e-18 7.165482011e-18 7.165482011e-18

5.202763565e-18 5.202763565e-18 5.202763565e-18 5.202763565e-18 5.202763565e-18 5.202763565e-18
5.202763565e-18 5.202763565e-18 5.202763565e-18 9.583572426e-04 5.202763565e-18 5.202763565e-18
5.202763565e-18 5.202763565e-18 5.202763565e-18 9.509779419e-01 0.000000000e+00 5.202763565e-18
5.202763565e-18 5.202763565e-18 6.909781769e-03 0.000000000e+00 5.202763565e-18 5.202763565e-18
5.202763565e-18 0.000000000e+00 0.000000000e+00 5.202763565e-18 1.222087843e-03 5.202763565e-18
5.202763565e-18 5.202763565e-18 5.202763565e-18 3.993183121e-02 5.202763565e-18 5.202763565e-18

5.279444778e-18 5.279444778e-18 5.279444778e-18 5.279444778e-18 5.279444778e-18 5.279444778e-18
5.279444778e-18 5.279444778e-18 5.279444778e-18 5.279444778e-18 8.314604510e-03 5.279444778e-18
5.279444778e-18 5.279444778e-18 5.279444778e-18 0.000000000e+00 0.000000000e+00 5.279444778e-18
5.279444778e-18 5.279444778e-18 9.273378127e-01 0.000000000e+00 5.279444778e-18 5.279444778e-18
5.279444778e-18 0.000000000e+00 0.000000000e+00 0.000000000e+00 6.434758278e-02 5.279444778e-18
5.279444778e-18 5.279444778e-18 5.279444778e-18 5.279444778e-18 5.279444778e-18 5.279444778e-18

4.734172832e-18 4.734172832e-18 4.734172832e-18 4.734172832e-18 4.458368935e-03 4.734172832e-18
4.734172832e-18 4.734172832e-18 4.734172832e-18 4.734172832e-18 4.734172832e-18 4.734172832e-18
4.734172832e-18 4.734172832e-18 4.734172832e-18 0.000000000e+00 0.000000000e+00 4.734172832e-18
4.734172832e-18 4.734172832e-18 0.000000000e+00 0.000000000e+00 0.000000000e+00 4.734172832e-18
4.734172832e-18 0.000000000e+00 0.000000000e+00 0.000000000e+00 9.955416311e-01 4.734172832e-18
4.734172832e-18 4.734172832e-18 4.734172832e-18 4.734172832e-18 4.734172832e-18 4.734172832e-18

