9.817828025e-18 5.329937070e-04 4.557032093e-03 1.343059982e-03 5.174546977e-03 9.817828025e-18
1.343059982e-03 0.000000000e+00 1.581721934e-01 5.190441969e-02 9.817828025e-18 1.971713273e-02
8.527899311e-03 1.791492346e-01 9.817828025e-18 1.960775158e-01 9.817828025e-18 1.808459385e-03
9.817828025e-18 3.385572400e-02 1.508415092e-01 1.596487086e-01 9.817828025e-18 9.151882314e-04
6.465566113e-03 9.817828025e-18 5.329937070e-04 9.817828025e-18 9.817828025e-18 3.384299085e-03
9.817828025e-18 1.343059982e-03 9.817828025e-18 9.978044289e-03 3.384299085e-03 1.343059982e-03

5.124240777e-18 4.776662254e-04 1.103984209e-04 5.124240777e-18 1.103984209e-04 1.103984209e-04
9.806732299e-01 0.000000000e+00 5.993348371e-03 2.781865888e-04 5.124240777e-18 5.124240777e-18
5.124240777e-18 0.000000000e+00 0.000000000e+00 2.066741725e-03 5.124240777e-18 2.781865888e-04
1.478292073e-03 3.032991475e-03 2.066741725e-03 2.378461877e-03 5.124240777e-18 5.124240777e-18
5.124240777e-18 5.124240777e-18 5.124240777e-18 5.124240777e-18 5.124240777e-18 1.103984209e-04
5.124240777e-18 5.124240777e-18 5.124240777e-18 2.781865888e-04 2.781865888e-04 2.781865888e-04

1.225973612e-02 1.375995854e-04 1.397924650e-02 2.964493200e-03 6.491032726e-03 3.467292281e-04
8.945443564e-01 0.000000000e+00 0.000000000e+00 1.005859071e-02 1.375995854e-04 1.375995854e-04
0.000000000e+00 0.000000000e+00 0.000000000e+00 3.780292923e-03 3.467292281e-04 3.467292281e-04
3.780292923e-03 2.808506748e-02 1.005859071e-02 4.642884067e-03 1.375995854e-04 1.375995854e-04
3.467292281e-04 1.375995854e-04 3.467292281e-04 1.375995854e-04 1.375995854e-04 1.375995854e-04
1.375995854e-04 3.467292281e-04 1.375995854e-04 2.964493200e-03 2.201593366e-03 5.953588286e-04

4.457916506e-04 0.000000000e+00 1.030315557e-04 1.030315557e-04 4.457916506e-04 4.782301182e-18
9.961156073e-01 0.000000000e+00 0.000000000e+00 4.782301182e-18 4.782301182e-18 4.782301182e-18
0.000000000e+00 0.000000000e+00 0.000000000e+00 4.457916506e-04 4.782301182e-18 4.782301182e-18
1.928828449e-03 4.782301182e-18 0.000000000e+00 1.030315557e-04 4.782301182e-18 4.782301182e-18
4.782301182e-18 4.782301182e-18 1.030315557e-04 4.782301182e-18 4.782301182e-18 4.782301182e-18
4.782301182e-18 1.030315557e-04 4.782301182e-18 1.030315557e-04 4.782301182e-18 4.782301182e-18

