6.441461623e-18 6.441461623e-18 6.441461623e-18 6.441461623e-18 6.441461623e-18 6.441461623e-18
6.441461623e-18 5.133805794e-03 1.387770838e-04 4.242047822e-03 6.441461623e-18 6.441461623e-18
6.441461623e-18 1.961987484e-02 1.798551006e-01 1.179945094e-02 6.441461623e-18 6.441461623e-18
6.441461623e-18 6.441461623e-18 2.026049932e-02 7.574420136e-01 3.496963382e-04 6.441461623e-18
6.441461623e-18 8.811795550e-04 1.387770838e-04 1.387770838e-04 6.441461623e-18 6.441461623e-18
6.441461623e-18 6.441461623e-18 6.441461623e-18 6.441461623e-18 6.441461623e-18 6.441461623e-18

7.600801040e-18 4.126349649e-04 7.600801040e-18 7.600801040e-18 7.600801040e-18 7.600801040e-18
7.600801040e-18 1.281961507e-01 1.839056214e-01 7.600801040e-18 7.600801040e-18 7.600801040e-18
7.600801040e-18 7.600801040e-18 0.000000000e+00 7.600801040e-18 7.600801040e-18 7.600801040e-18
7.600801040e-18 0.000000000e+00 3.870724803e-01 3.342343215e-02 7.600801040e-18 7.600801040e-18
7.600801040e-18 2.647969256e-01 7.600801040e-18 7.600801040e-18 7.600801040e-18 7.600801040e-18
7.600801040e-18 2.192754871e-03 7.600801040e-18 7.600801040e-18 7.600801040e-18 7.600801040e-18

5.686209266e-18 1.225056650e-04 1.225056650e-04 5.686209266e-18 1.225056650e-04 5.686209266e-18
5.686209266e-18 0.000000000e+00 3.086949321e-04 3.086949321e-04 5.686209266e-18 1.225056650e-04
5.686209266e-18 0.000000000e+00 0.000000000e+00 1.225056650e-04 5.686209266e-18 1.225056650e-04
1.225056650e-04 0.000000000e+00 8.526343018e-01 1.347516200e-01 5.686209266e-18 5.686209266e-18
5.686209266e-18 9.435986321e-03 1.225056650e-04 1.225056650e-04 1.225056650e-04 5.686209266e-18
5.686209266e-18 1.335645399e-03 5.686209266e-18 5.686209266e-18 5.686209266e-18 5.686209266e-18

0.000000000e+00 3.575514043e-04 1.418943689e-04 1.418943689e-04 3.575514043e-04 1.418943689e-04
1.418943689e-04 0.000000000e+00 2.270309901e-03 3.575514043e-04 1.418943689e-04 1.418943689e-04
1.418943689e-04 0.000000000e+00 0.000000000e+00 1.418943689e-04 3.575514043e-04 1.418943689e-04
9.009730814e-04 0.000000000e+00 3.575514043e-04 0.000000000e+00 1.547035078e-03 1.418943689e-04
1.418943689e-04 3.674294764e-01 2.006058697e-02 5.933390775e-01 1.418943689e-04 1.418943689e-04
1.418943689e-04 5.249124085e-03 1.418943689e-04 3.575514043e-04 4.787798615e-03 1.418943689e-04

0.000000000e+00 5.034368043e-18 0.000000000e+00 5.034368043e-18 5.034368043e-18 5.034368043e-18
5.034368043e-18 0.000000000e+00 1.084621716e-04 5.034368043e-18 5.034368043e-18 5.034368043e-18
5.034368043e-18 0.000000000e+00 0.000000000e+00 5.034368043e-18 5.034368043e-18 5.034368043e-18
9.620697428e-01 0.000000000e+00 5.034368043e-18 0.000000000e+00 5.034368043e-18 5.034368043e-18
5.034368043e-18 5.034368043e-18 1.084621716e-04 1.084621716e-04 0.000000000e+00 5.034368043e-18
5.034368043e-18 3.738794639e-02 5.034368043e-18 5.034368043e-18 1.084621716e-04 1.084621716e-04

0.000000000e+00 3.917969513e-02 0.000000000e+00 3.917969513e-02 3.917969513e-02 3.917969513e-02
3.917969513e-02 0.000000000e+00 3.917969513e-02 3.917969513e-02 3.917969513e-02 3.917969513e-02
3.917969513e-02 0.000000000e+00 0.000000000e+00 3.917969513e-02 3.917969513e-02 3.784597560e-02
3.784597560e-02 0.000000000e+00 3.784597560e-02 0.000000000e+00 3.784597560e-02 3.784597560e-02
3.784597560e-02 0.000000000e+00 3.784597560e-02 3.784597560e-02 0.000000000e+00 3.784597560e-02
3.784597560e-02 0.000000000e+00 3.784597560e-02 3.784597560e-02 3.784597560e-02 3.784597560e-02

0.000000000e+00 4.211050269e-02 0.000000000e+00 4.211050269e-02 4.211050269e-02 4.211050269e-02
4.211050269e-02 0.000000000e+00 4.211050269e-02 4.211050269e-02 4.211050269e-02 4.211050269e-02
4.211050269e-02 0.000000000e+00 0.000000000e+00 4.211050269e-02 4.211050269e-02 4.211050269e-02
4.211050269e-02 0.000000000e+00 0.000000000e+00 0.000000000e+00 4.211050269e-02 4.211050269e-02
4.077899461e-02 0.000000000e+00 0.000000000e+00 4.077899461e-02 0.000000000e+00 4.077899461e-02
4.077899461e-02 0.000000000e+00 4.077899461e-02 4.077899461e-02 4.077899461e-02 4.077899461e-02

