4.797614235e-04 1.318551270e-01 1.208923033e-03 7.004186663e-02 1.854104702e-02 8.837280979e-18
8.837280979e-18 0.000000000e+00 8.837280979e-18 2.316371915e-01 8.837280979e-18 4.797614235e-04
1.618810597e-02 2.347402858e-02 3.587622241e-01 1.228189244e-01 8.837280979e-18 4.797614235e-04
4.797614235e-04 8.837280979e-18 4.101902471e-03 4.797614235e-04 8.837280979e-18 1.033614654e-02
7.676182775e-03 8.837280979e-18 8.837280979e-18 8.837280979e-18 8.837280979e-18 4.797614235e-04
8.837280979e-18 8.837280979e-18 8.837280979e-18 4.797614235e-04 8.837280979e-18 8.837280979e-18

9.978684725e-04 3.690044564e-03 2.540291282e-02 2.149842453e-02 3.691432913e-02 5.811456026e-04
9.978684725e-04 0.000000000e+00 0.000000000e+00 2.343032249e-02 1.868085060e-02 9.978684725e-04
3.367006971e-02 0.000000000e+00 2.878750467e-01 9.439887490e-02 5.811456026e-04 5.811456026e-04
7.049680448e-03 2.053501862e-01 5.781391252e-02 2.306277853e-04 3.088225574e-03 1.971839827e-03
6.027391999e-02 2.306277853e-04 6.151346754e-02 1.464395156e-03 2.306277853e-04 1.971839827e-03
5.811456026e-04 3.691432913e-02 1.971839827e-03 9.978684725e-04 7.049680448e-03 9.978684725e-04

1.700880289e-04 1.079991664e-03 9.854459472e-03 2.721408461e-03 1.079991664e-03 1.700880289e-04
1.079991664e-03 0.000000000e+00 0.000000000e+00 1.854422759e-03 7.359281595e-04 4.285949757e-04
6.250715698e-01 0.000000000e+00 0.000000000e+00 1.727986662e-02 1.700880289e-04 1.700880289e-04
1.854422759e-03 1.700880289e-04 1.502082435e-01 1.854422759e-03 1.700880289e-04 1.700880289e-04
2.483168185e-02 0.000000000e+00 1.006735561e-01 1.454232191e-03 7.359281595e-04 4.285949757e-04
1.700880289e-04 4.720836560e-02 1.700880289e-04 4.285949757e-04 7.434851694e-03 1.700880289e-04

1.604603753e-04 4.919233357e-01 6.942717219e-04 1.604603753e-04 1.604603753e-04 1.604603753e-04
0.000000000e+00 0.000000000e+00 0.000000000e+00 4.043348090e-04 1.604603753e-04 4.043348090e-04
1.604603753e-04 0.000000000e+00 0.000000000e+00 5.935939724e-03 1.604603753e-04 1.604603753e-04
3.585466080e-01 0.000000000e+00 2.877150481e-02 1.371916911e-03 1.604603753e-04 1.604603753e-04
8.662804241e-02 0.000000000e+00 4.904848603e-03 1.749455114e-03 1.371916911e-03 1.604603753e-04
1.604603753e-04 1.235944400e-02 6.942717219e-04 4.043348090e-04 1.749455114e-03 1.604603753e-04

