8.200758039e-18 8.200758039e-18 8.200758039e-18 8.200758039e-18 8.200758039e-18 8.200758039e-18
8.200758039e-18 1.766799761e-04 1.766799761e-04 7.337888385e-02 8.200758039e-18 8.200758039e-18
8.200758039e-18 8.200758039e-18 5.588162366e-02 3.344746393e-01 1.946073421e-02 8.200758039e-18
8.200758039e-18 7.766326462e-02 3.754739243e-01 8.200758039e-18 2.826879617e-03 8.200758039e-18
8.200758039e-18 8.200758039e-18 4.807881281e-02 1.223119774e-02 1.766799761e-04 8.200758039e-18
8.200758039e-18 8.200758039e-18 8.200758039e-18 8.200758039e-18 8.200758039e-18 8.200758039e-18

6.484036734e-18 6.484036734e-18 6.484036734e-18 6.484036734e-18 6.484036734e-18 6.484036734e-18
6.484036734e-18 1.396943367e-04 8.870037483e-04 6.484036734e-18 6.484036734e-18 6.484036734e-18
6.484036734e-18 6.484036734e-18 3.725953072e-02 0.000000000e+00 8.093527740e-03 6.484036734e-18
6.484036734e-18 1.396943367e-04 2.306278863e-01 0.000000000e+00 1.194369778e-03 6.484036734e-18
6.484036734e-18 6.044222913e-04 1.538688434e-02 6.484036734e-18 7.037964068e-01 6.484036734e-18
6.484036734e-18 6.484036734e-18 6.484036734e-18 1.870579569e-03 6.484036734e-18 6.484036734e-18

4.664809276e-18 4.664809276e-18 4.664809276e-18 4.664809276e-18 4.664809276e-18 4.664809276e-18
4.664809276e-18 4.664809276e-18 4.664809276e-18 4.664809276e-18 4.664809276e-18 4.664809276e-18
4.664809276e-18 4.664809276e-18 9.996462549e-01 0.000000000e+00 0.000000000e+00 4.664809276e-18
4.664809276e-18 4.664809276e-18 4.664809276e-18 0.000000000e+00 4.664809276e-18 4.664809276e-18
4.664809276e-18 4.664809276e-18 2.532448096e-04 0.000000000e+00 4.664809276e-18 4.664809276e-18
4.664809276e-18 4.664809276e-18 4.664809276e-18 4.664809276e-18 4.664809276e-18 1.005002693e-04

8.529359646e-18 8.529359646e-18 8.529359646e-18 8.529359646e-18 8.529359646e-18 8.529359646e-18
8.529359646e-18 8.529359646e-18 8.529359646e-18 8.529359646e-18 8.529359646e-18 8.529359646e-18
8.529359646e-18 1.609475099e-01 0.000000000e+00 0.000000000e+00 0.000000000e+00 3.096402612e-01
4.495451750e-03 8.529359646e-18 8.529359646e-18 0.000000000e+00 8.529359646e-18 5.617040607e-03
5.048450339e-03 2.265611250e-02 1.979065765e-01 0.000000000e+00 0.000000000e+00 6.760136655e-02
1.343289970e-02 8.529359646e-18 8.529359646e-18 3.440116152e-03 8.529359646e-18 2.092142149e-01

