9.806657486e-18 9.806657486e-18 9.806657486e-18 9.806657486e-18 9.806657486e-18 9.806657486e-18
9.806657486e-18 9.806657486e-18 9.806657486e-18 2.112780308e-04 9.806657486e-18 7.041207518e-02
1.195267175e-01 9.806657486e-18 5.184536382e-02 9.806657486e-02 7.282955501e-02 9.806657486e-18
9.806657486e-18 9.806657486e-18 7.772487910e-02 9.806657486e-18 2.840043376e-01 5.323872768e-04
1.969469895e-02 9.806657486e-18 9.806657486e-18 8.521401331e-02 0.000000000e+00 9.141469475e-04
9.806657486e-18 9.806657486e-18 9.806657486e-18 1.302420574e-02 1.046582349e-01 1.341531873e-03

6.625073431e-18 6.625073431e-18 6.625073431e-18 9.062972970e-04 6.625073431e-18 6.625073431e-18
6.175693056e-04 6.625073431e-18 6.625073431e-18 1.344175343e-01 6.625073431e-18 6.625073431e-18
6.625073431e-18 6.625073431e-18 7.126986829e-01 6.625073431e-18 1.260503480e-01 3.596643207e-04
6.625073431e-18 6.625073431e-18 1.156136330e-02 0.000000000e+00 0.000000000e+00 6.625073431e-18
3.596643207e-04 6.625073431e-18 6.625073431e-18 7.748732891e-03 0.000000000e+00 6.625073431e-18
6.625073431e-18 6.625073431e-18 6.625073431e-18 6.625073431e-18 5.280143290e-03 6.625073431e-18

4.305645100e-04 2.288033025e-03 1.460914864e-03 1.084954579e-03 1.862944438e-03 4.305645100e-04
4.305645100e-04 1.708696390e-04 7.393099904e-04 4.835748319e-02 1.460914864e-03 1.708696390e-04
1.708696390e-04 1.708696390e-04 1.313616847e-01 0.000000000e+00 1.125268180e-01 1.708696390e-04
1.708696390e-04 1.708696390e-04 4.742530350e-02 0.000000000e+00 0.000000000e+00 1.708696390e-04
1.084954579e-03 1.708696390e-04 4.557466475e-02 0.000000000e+00 0.000000000e+00 5.979709657e-01
1.708696390e-04 4.305645100e-04 7.393099904e-04 1.460914864e-03 7.393099904e-04 4.305645100e-04

