7.908028948e-18 7.908028948e-18 7.908028948e-18 7.908028948e-18 7.908028948e-18 7.908028948e-18
7.908028948e-18 6.302651045e-03 7.908028948e-18 2.569342920e-01 2.281387042e-03 7.908028948e-18
7.908028948e-18 1.456671387e-03 1.064833243e-01 1.121999647e-01 7.908028948e-18 7.908028948e-18
7.908028948e-18 7.908028948e-18 3.963948406e-01 1.156654819e-01 2.281387042e-03 7.908028948e-18
7.908028948e-18 7.908028948e-18 7.908028948e-18 7.908028948e-18 7.908028948e-18 7.908028948e-18
7.908028948e-18 7.908028948e-18 7.908028948e-18 7.908028948e-18 7.908028948e-18 7.908028948e-18

5.137416088e-18 5.137416088e-18 5.137416088e-18 9.410704065e-03 5.137416088e-18 5.137416088e-18
5.137416088e-18 2.789018547e-04 0.000000000e+00 4.788943880e-04 5.137416088e-18 5.137416088e-18
5.137416088e-18 5.137416088e-18 1.106822744e-04 0.000000000e+00 5.137416088e-18 5.137416088e-18
2.259105023e-02 2.789018547e-04 9.660399241e-01 4.788943880e-04 5.137416088e-18 5.137416088e-18
5.137416088e-18 1.106822744e-04 5.137416088e-18 1.106822744e-04 5.137416088e-18 5.137416088e-18
5.137416088e-18 5.137416088e-18 5.137416088e-18 5.137416088e-18 1.106822744e-04 5.137416088e-18

7.283022294e-18 4.562874816e-01 7.283022294e-18 6.789013084e-04 7.283022294e-18 7.283022294e-18
1.660849293e-02 7.283022294e-18 0.000000000e+00 1.295207251e-01 2.813453529e-02 7.283022294e-18
7.283022294e-18 0.000000000e+00 7.283022294e-18 0.000000000e+00 7.283022294e-18 7.283022294e-18
1.270954466e-02 3.534885163e-01 0.000000000e+00 7.283022294e-18 7.283022294e-18 7.283022294e-18
7.283022294e-18 2.101078890e-03 7.283022294e-18 7.283022294e-18 7.283022294e-18 1.569079588e-04
7.283022294e-18 7.283022294e-18 1.569079588e-04 7.283022294e-18 1.569079588e-04 7.283022294e-18

4.702727393e-18 4.702727393e-18 4.702727393e-18 1.013171903e-04 4.702727393e-18 4.702727393e-18
4.702727393e-18 0.000000000e+00 0.000000000e+00 9.983393587e-01 4.702727393e-18 4.702727393e-18
4.702727393e-18 0.000000000e+00 4.702727393e-18 0.000000000e+00 4.702727393e-18 4.702727393e-18
1.356689689e-03 1.013171903e-04 0.000000000e+00 4.702727393e-18 4.702727393e-18 4.702727393e-18
4.702727393e-18 4.702727393e-18 0.000000000e+00 4.702727393e-18 4.702727393e-18 4.702727393e-18
4.702727393e-18 4.702727393e-18 1.013171903e-04 4.702727393e-18 4.702727393e-18 4.702727393e-18

