6.468507115e-18 1.393597612e-04 6.468507115e-18 3.409266678e-03 1.393597612e-04 6.468507115e-18
1.393597612e-04 6.468507115e-18 1.393597612e-04 5.208299632e-02 8.848793262e-04 1.393597612e-04
1.393597612e-04 6.468507115e-18 7.750300650e-01 6.468507115e-18 1.458459893e-01 7.565611817e-03
1.393597612e-04 6.468507115e-18 1.866099430e-03 1.073417136e-02 3.511645933e-04 1.393597612e-04
1.393597612e-04 6.468507115e-18 6.468507115e-18 1.393597612e-04 6.468507115e-18 6.468507115e-18
1.393597612e-04 1.393597612e-04 1.393597612e-04 1.393597612e-04 1.393597612e-04 1.393597612e-04

5.498990644e-18 5.498990644e-18 5.498990644e-18 1.184721621e-04 1.184721621e-04 5.498990644e-18
5.498990644e-18 5.498990644e-18 5.498990644e-18 1.478797498e-01 5.498990644e-18 5.498990644e-18
5.498990644e-18 5.498990644e-18 1.184721621e-04 0.000000000e+00 8.506334388e-01 1.012922737e-03
5.498990644e-18 5.498990644e-18 5.498990644e-18 0.000000000e+00 1.184721621e-04 5.498990644e-18
5.498990644e-18 5.498990644e-18 5.498990644e-18 5.498990644e-18 5.498990644e-18 5.498990644e-18
5.498990644e-18 5.498990644e-18 5.498990644e-18 5.498990644e-18 5.498990644e-18 5.498990644e-18

4.738904296e-18 4.738904296e-18 4.738904296e-18 4.738904296e-18 4.738904296e-18 4.738904296e-18
4.738904296e-18 4.738904296e-18 4.738904296e-18 4.738904296e-18 0.000000000e+00 4.738904296e-18
4.738904296e-18 4.738904296e-18 4.738904296e-18 0.000000000e+00 9.951837619e-01 4.816238054e-03
4.738904296e-18 4.738904296e-18 0.000000000e+00 0.000000000e+00 4.738904296e-18 4.738904296e-18
4.738904296e-18 4.738904296e-18 4.738904296e-18 4.738904296e-18 4.738904296e-18 4.738904296e-18
4.738904296e-18 4.738904296e-18 4.738904296e-18 4.738904296e-18 4.738904296e-18 4.738904296e-18

4.704020959e-18 4.704020959e-18 4.704020959e-18 4.704020959e-18 4.704020959e-18 4.704020959e-18
4.704020959e-18 4.704020959e-18 4.704020959e-18 1.013450594e-04 0.000000000e+00 4.704020959e-18
1.013450594e-04 4.704020959e-18 1.013450594e-04 0.000000000e+00 9.986139692e-01 6.435010155e-04
4.704020959e-18 0.000000000e+00 0.000000000e+00 0.000000000e+00 0.000000000e+00 4.704020959e-18
4.384946050e-04 4.704020959e-18 4.704020959e-18 4.704020959e-18 4.704020959e-18 4.704020959e-18
4.704020959e-18 4.704020959e-18 4.704020959e-18 4.704020959e-18 4.704020959e-18 4.704020959e-18

1.210563653e-04 7.686600062e-04 1.035017364e-03 9.805565585e-03 1.210563653e-04 5.237804723e-04
7.686600062e-04 1.210563653e-04 1.035017364e-03 2.608080327e-03 0.000000000e+00 1.319844085e-03
3.700372400e-03 5.237804723e-04 9.594595678e-01 0.000000000e+00 0.000000000e+00 4.880686810e-03
0.000000000e+00 0.000000000e+00 0.000000000e+00 0.000000000e+00 0.000000000e+00 5.237804723e-04
1.936901844e-03 1.035017364e-03 1.210563653e-04 3.050429256e-04 5.237804723e-04 1.210563653e-04
2.266266483e-03 2.266266483e-03 7.686600062e-04 7.686600062e-04 2.266266483e-03 3.050429256e-04

2.168508632e-04 1.932080211e-02 1.418398521e-02 1.060569030e-01 1.256377687e-02 4.059611752e-03
2.168508632e-04 9.382591927e-04 0.000000000e+00 1.255077368e-01 0.000000000e+00 9.382591927e-04
2.519408501e-01 1.978359772e-01 2.168508632e-04 0.000000000e+00 0.000000000e+00 8.022003256e-03
0.000000000e+00 0.000000000e+00 0.000000000e+00 0.000000000e+00 0.000000000e+00 9.382591927e-04
1.198673646e-01 5.551382097e-02 0.000000000e+00 4.535704380e-02 2.168508632e-04 2.168508632e-04
8.022003256e-03 9.478938750e-03 1.854048800e-03 5.304992025e-03 1.099425881e-02 2.168508632e-04

5.484163570e-18 5.484163570e-18 5.484163570e-18 1.010191567e-03 5.484163570e-18 2.977262042e-04
8.701615806e-01 5.484163570e-18 0.000000000e+00 5.112171394e-04 0.000000000e+00 5.484163570e-18
5.484163570e-18 1.272489474e-01 0.000000000e+00 0.000000000e+00 0.000000000e+00 2.977262042e-04
0.000000000e+00 0.000000000e+00 0.000000000e+00 0.000000000e+00 0.000000000e+00 5.484163570e-18
1.181527224e-04 0.000000000e+00 0.000000000e+00 5.484163570e-18 5.484163570e-18 5.484163570e-18
5.484163570e-18 1.181527224e-04 5.484163570e-18 1.181527224e-04 1.181527224e-04 5.484163570e-18

4.618203788e-02 4.618203788e-02 4.618203788e-02 4.618203788e-02 4.618203788e-02 4.618203788e-02
4.618203788e-02 4.484830177e-02 0.000000000e+00 4.618203788e-02 0.000000000e+00 4.618203788e-02
0.000000000e+00 0.000000000e+00 0.000000000e+00 0.000000000e+00 0.000000000e+00 4.618203788e-02
0.000000000e+00 0.000000000e+00 0.000000000e+00 0.000000000e+00 0.000000000e+00 4.484830177e-02
4.484830177e-02 0.000000000e+00 0.000000000e+00 4.484830177e-02 4.484830177e-02 4.484830177e-02
4.484830177e-02 4.484830177e-02 4.484830177e-02 4.484830177e-02 4.484830177e-02 4.484830177e-02

