6.780781716e-18 6.780781716e-18 6.780781716e-18 6.780781716e-18 6.780781716e-18 6.780781716e-18
6.780781716e-18 6.780781716e-18 6.320839609e-04 6.780781716e-18 6.780781716e-18 6.780781716e-18
6.780781716e-18 1.011334337e-02 2.734868463e-03 3.431479677e-02 6.780781716e-18 6.780781716e-18
6.780781716e-18 6.780781716e-18 6.780781716e-18 6.663009126e-01 3.681174669e-04 6.780781716e-18
6.780781716e-18 9.620645978e-02 0.000000000e+00 1.893294175e-01 6.780781716e-18 6.780781716e-18
6.780781716e-18 6.780781716e-18 6.780781716e-18 6.780781716e-18 6.780781716e-18 6.780781716e-18

6.065603506e-18 6.065603506e-18 6.065603506e-18 6.065603506e-18 6.065603506e-18 6.065603506e-18
6.065603506e-18 6.065603506e-18 6.065603506e-18 6.065603506e-18 6.065603506e-18 6.065603506e-18
6.065603506e-18 2.815403750e-03 8.297628878e-04 4.188772917e-01 6.065603506e-18 6.065603506e-18
6.065603506e-18 0.000000000e+00 0.000000000e+00 5.718082087e-01 6.065603506e-18 6.065603506e-18
6.065603506e-18 6.065603506e-18 0.000000000e+00 3.590175505e-03 6.065603506e-18 6.065603506e-18
1.749865780e-03 6.065603506e-18 6.065603506e-18 3.292916203e-04 6.065603506e-18 6.065603506e-18

6.493225428e-18 6.493225428e-18 8.104997284e-03 6.493225428e-18 6.493225428e-18 6.493225428e-18
6.493225428e-18 6.493225428e-18 2.250291447e-01 6.493225428e-18 6.493225428e-18 6.493225428e-18
6.493225428e-18 0.000000000e+00 6.493225428e-18 6.906863509e-01 6.493225428e-18 6.493225428e-18
6.493225428e-18 0.000000000e+00 0.000000000e+00 7.594522531e-03 6.493225428e-18 6.493225428e-18
6.493225428e-18 0.000000000e+00 0.000000000e+00 6.493225428e-18 6.493225428e-18 6.493225428e-18
6.149249645e-02 6.493225428e-18 6.493225428e-18 7.092488092e-03 6.493225428e-18 6.493225428e-18

1.656408569e-02 2.721480286e-03 7.461112075e-01 7.894995317e-18 7.894995317e-18 4.161106107e-03
7.894995317e-18 0.000000000e+00 7.894995317e-18 1.446202979e-02 8.623627948e-03 8.023833044e-03
7.789904549e-02 0.000000000e+00 0.000000000e+00 1.243383849e-02 1.656408569e-02 7.359475825e-04
2.803468317e-02 0.000000000e+00 0.000000000e+00 1.585551002e-02 7.359475825e-04 7.359475825e-04
7.894995317e-18 0.000000000e+00 0.000000000e+00 7.894995317e-18 7.435047919e-03 3.664532211e-03
4.672975867e-03 2.277626970e-03 3.184260254e-03 2.097108218e-02 2.277626970e-03 1.854471702e-03

