1.404935970e-04 1.404935970e-04 1.404935970e-04 1.404935970e-04 3.540216804e-04 1.404935970e-04
1.404935970e-04 6.521135109e-18 1.404935970e-04 1.201203357e-03 1.404935970e-04 1.404935970e-04
1.404935970e-04 6.521135109e-18 6.078804896e-04 1.794876868e-02 3.437004588e-03 1.404935970e-04
1.404935970e-04 3.540216804e-04 7.878131145e-01 6.521135109e-18 1.438449539e-01 4.740533783e-03
3.540216804e-04 6.521135109e-18 1.404935970e-04 2.867575611e-02 1.404935970e-04 1.404935970e-04
1.404935970e-04 6.521135109e-18 1.404935970e-04 8.139834807e-03 1.404935970e-04 6.521135109e-18

6.326861052e-18 6.326861052e-18 1.363080893e-04 0.000000000e+00 2.180929429e-03 6.326861052e-18
6.326861052e-18 6.326861052e-18 6.326861052e-18 1.620285820e-02 5.897708497e-04 5.897708497e-04
3.434748620e-04 6.326861052e-18 8.655024174e-04 5.554119227e-01 6.326861052e-18 3.434748620e-04
6.326861052e-18 6.326861052e-18 3.434748620e-04 0.000000000e+00 4.192325863e-01 2.936668761e-03
6.326861052e-18 6.326861052e-18 6.326861052e-18 3.434748620e-04 6.326861052e-18 1.363080893e-04
6.326861052e-18 6.326861052e-18 6.326861052e-18 3.434748620e-04 6.326861052e-18 6.326861052e-18

7.699600451e-18 7.699600451e-18 1.658828631e-04 0.000000000e+00 1.658828631e-04 7.699600451e-18
7.699600451e-18 7.699600451e-18 0.000000000e+00 7.825249548e-03 7.177334642e-04 4.179986222e-04
7.699600451e-18 7.699600451e-18 2.149841906e-01 8.217138140e-02 0.000000000e+00 7.177334642e-04
7.699600451e-18 7.699600451e-18 4.759006288e-01 0.000000000e+00 1.862961283e-01 1.899148457e-02
7.699600451e-18 4.179986222e-04 7.699600451e-18 1.022582675e-02 1.658828631e-04 7.699600451e-18
7.699600451e-18 7.699600451e-18 4.179986222e-04 4.179986222e-04 7.699600451e-18 7.699600451e-18

8.645819795e-18 8.645819795e-18 1.862685409e-04 0.000000000e+00 1.862685409e-04 4.693673113e-04
1.862685409e-04 0.000000000e+00 0.000000000e+00 1.289499471e-02 1.862685409e-04 8.059371693e-04
1.862685409e-04 8.645819795e-18 2.533982067e-01 5.169930794e-02 0.000000000e+00 8.059371693e-04
1.862685409e-04 3.487087608e-03 1.837199857e-01 0.000000000e+00 2.236899140e-01 8.059371693e-04
7.509876980e-03 2.384283411e-01 0.000000000e+00 8.786910161e-03 1.862685409e-04 1.862685409e-04
8.645819795e-18 8.645819795e-18 6.890665870e-03 5.117382041e-03 8.645819795e-18 8.645819795e-18

