4.775958158e-18 4.775958158e-18 4.775958158e-18 4.775958158e-18 4.775958158e-18 4.775958158e-18
4.775958158e-18 0.000000000e+00 4.775958158e-18 4.775958158e-18 4.775958158e-18 4.775958158e-18
4.775958158e-18 4.775958158e-18 9.920745309e-01 4.775958158e-18 4.775958158e-18 4.775958158e-18
4.775958158e-18 4.775958158e-18 4.775958158e-18 7.925469103e-03 4.775958158e-18 4.775958158e-18
4.775958158e-18 4.775958158e-18 4.775958158e-18 4.775958158e-18 4.775958158e-18 4.775958158e-18
4.775958158e-18 4.775958158e-18 4.775958158e-18 4.775958158e-18 4.775958158e-18 4.775958158e-18

1.072370913e-04 1.072370913e-04 1.072370913e-04 1.072370913e-04 1.072370913e-04 1.072370913e-04
1.072370913e-04 0.000000000e+00 1.072370913e-04 1.072370913e-04 1.072370913e-04 1.072370913e-04
9.168642335e-04 1.072370913e-04 0.000000000e+00 1.072370913e-04 1.072370913e-04 1.072370913e-04
1.072370913e-04 1.072370913e-04 1.072370913e-04 9.888517585e-01 1.072370913e-04 1.072370913e-04
1.072370913e-04 1.072370913e-04 0.000000000e+00 1.072370913e-04 1.072370913e-04 1.072370913e-04
1.072370913e-04 1.072370913e-04 1.072370913e-04 7.014264528e-03 1.072370913e-04 1.072370913e-04

4.213377426e-04 1.672079940e-04 1.011742851e-01 1.672079940e-04 3.412835715e-02 1.672079940e-04
1.672079940e-04 0.000000000e+00 0.000000000e+00 1.672079940e-04 1.672079940e-04 1.672079940e-04
1.169433636e-01 1.672079940e-04 0.000000000e+00 7.234669724e-04 1.672079940e-04 1.672079940e-04
1.672079940e-04 0.000000000e+00 1.672079940e-04 5.292655637e-01 1.672079940e-04 1.672079940e-04
4.213377426e-04 1.672079940e-04 0.000000000e+00 1.672079940e-04 2.287373182e-02 1.672079940e-04
1.672079940e-04 1.672079940e-04 1.672079940e-04 1.903699803e-01 1.672079940e-04 1.672079940e-04

1.508187313e-03 1.126309887e-04 2.755379841e-03 4.873259852e-04 1.126309887e-04 2.838123071e-04
1.126309887e-04 0.000000000e+00 0.000000000e+00 0.000000000e+00 1.126309887e-04 1.126309887e-04
2.426561092e-03 1.126309887e-04 0.000000000e+00 4.923301793e-03 1.126309887e-04 1.126309887e-04
1.126309887e-04 0.000000000e+00 0.000000000e+00 9.772465640e-01 1.126309887e-04 1.126309887e-04
2.838123071e-04 7.151621999e-04 0.000000000e+00 6.114550799e-03 1.126309887e-04 1.126309887e-04
1.126309887e-04 1.126309887e-04 1.126309887e-04 1.227984534e-03 1.126309887e-04 1.126309887e-04

