5.622379495e-18 1.320652293e-03 2.231242781e-02 7.691306960e-04 2.609677388e-03 1.211304943e-04
3.327835247e-03 3.327835247e-03 5.622379495e-18 1.386790576e-02 1.211304943e-04 1.211304943e-04
7.691306960e-04 3.052297190e-04 9.448385674e-01 1.938087908e-03 1.211304943e-04 1.211304943e-04
3.052297190e-04 1.211304943e-04 3.052297190e-04 1.211304943e-04 5.622379495e-18 2.267654234e-03
5.241012099e-04 5.622379495e-18 5.622379495e-18 5.622379495e-18 5.622379495e-18 1.211304943e-04
5.622379495e-18 5.622379495e-18 1.211304943e-04 1.211304943e-04 5.622379495e-18 5.622379495e-18

1.208171355e-04 5.607834670e-18 1.191640966e-01 9.786187974e-03 5.607834670e-18 5.607834670e-18
7.671409919e-04 8.689535859e-01 0.000000000e+00 1.208171355e-04 1.208171355e-04 5.607834670e-18
1.208171355e-04 1.208171355e-04 1.208171355e-04 1.208171355e-04 5.607834670e-18 5.607834670e-18
1.208171355e-04 5.607834670e-18 1.208171355e-04 0.000000000e+00 5.607834670e-18 1.208171355e-04
1.208171355e-04 5.607834670e-18 5.607834670e-18 5.607834670e-18 5.607834670e-18 5.607834670e-18
5.607834670e-18 5.607834670e-18 5.607834670e-18 5.607834670e-18 5.607834670e-18 5.607834670e-18

5.344935217e-18 0.000000000e+00 9.417603042e-01 5.344935217e-18 5.344935217e-18 5.344935217e-18
1.151531385e-04 0.000000000e+00 0.000000000e+00 1.842450215e-03 5.344935217e-18 5.344935217e-18
1.151531385e-04 3.133590072e-02 5.344935217e-18 2.480899162e-03 5.344935217e-18 5.344935217e-18
5.344935217e-18 5.344935217e-18 2.235013945e-02 0.000000000e+00 5.344935217e-18 5.344935217e-18
5.344935217e-18 5.344935217e-18 5.344935217e-18 5.344935217e-18 5.344935217e-18 5.344935217e-18
5.344935217e-18 5.344935217e-18 5.344935217e-18 5.344935217e-18 5.344935217e-18 5.344935217e-18

5.818705415e-18 0.000000000e+00 5.664059474e-02 1.366767693e-03 5.818705415e-18 5.818705415e-18
5.818705415e-18 0.000000000e+00 0.000000000e+00 8.451301940e-01 5.818705415e-18 5.818705415e-18
5.818705415e-18 0.000000000e+00 0.000000000e+00 5.818705415e-18 1.366767693e-03 5.818705415e-18
5.818705415e-18 5.818705415e-18 9.549567590e-02 0.000000000e+00 5.818705415e-18 5.818705415e-18
5.818705415e-18 5.818705415e-18 5.818705415e-18 5.818705415e-18 5.818705415e-18 5.818705415e-18
5.818705415e-18 5.818705415e-18 5.818705415e-18 5.818705415e-18 5.818705415e-18 5.818705415e-18

3.609445831e-02 0.000000000e+00 3.609445831e-02 3.609445831e-02 0.000000000e+00 3.609445831e-02
3.609445831e-02 0.000000000e+00 0.000000000e+00 3.609445831e-02 3.609445831e-02 3.609445831e-02
3.609445831e-02 0.000000000e+00 0.000000000e+00 0.000000000e+00 3.609445831e-02 3.609445831e-02
3.609445831e-02 3.609445831e-02 3.476385421e-02 0.000000000e+00 3.609445831e-02 3.609445831e-02
3.609445831e-02 3.609445831e-02 3.609445831e-02 3.609445831e-02 3.609445831e-02 3.476385421e-02
3.476385421e-02 3.476385421e-02 3.476385421e-02 3.476385421e-02 3.476385421e-02 3.476385421e-02

