7.499495623e-18 7.499495623e-18 7.499495623e-18 7.499495623e-18 7.499495623e-18 7.499495623e-18
7.499495623e-18 0.000000000e+00 3.480957514e-03 3.201650993e-01 7.499495623e-18 7.499495623e-18
7.499495623e-18 7.499495623e-18 7.499495623e-18 3.419045246e-01 2.585147765e-03 7.499495623e-18
7.499495623e-18 2.003981790e-01 1.264875197e-01 1.025916570e-03 7.499495623e-18 7.499495623e-18
7.499495623e-18 7.499495623e-18 3.952655547e-03 7.499495623e-18 7.499495623e-18 7.499495623e-18
7.499495623e-18 7.499495623e-18 7.499495623e-18 7.499495623e-18 7.499495623e-18 7.499495623e-18

3.561018042e-04 3.561018042e-04 1.413190947e-04 1.413190947e-04 1.413190947e-04 3.561018042e-04
3.561018042e-04 0.000000000e+00 1.372776526e-01 1.540763022e-03 1.413190947e-04 1.413190947e-04
1.413190947e-04 0.000000000e+00 0.000000000e+00 3.561018042e-04 6.114522106e-04 1.413190947e-04
3.561018042e-04 7.600001969e-01 7.164825998e-03 1.413190947e-04 3.561018042e-04 1.413190947e-04
3.561018042e-04 1.892335920e-03 8.457616854e-02 6.114522106e-04 3.561018042e-04 1.413190947e-04
3.561018042e-04 1.413190947e-04 3.561018042e-04 3.561018042e-04 3.561018042e-04 1.413190947e-04

1.257776861e-04 1.257776861e-04 1.257776861e-04 1.257776861e-04 1.257776861e-04 1.257776861e-04
1.257776861e-04 0.000000000e+00 0.000000000e+00 8.146790175e-01 1.257776861e-04 1.257776861e-04
0.000000000e+00 0.000000000e+00 0.000000000e+00 5.933354192e-03 1.257776861e-04 1.257776861e-04
1.257776861e-04 1.751929922e-01 7.986385250e-04 1.257776861e-04 1.257776861e-04 1.257776861e-04
1.257776861e-04 1.257776861e-04 1.257776861e-04 1.257776861e-04 1.257776861e-04 1.257776861e-04
1.257776861e-04 1.257776861e-04 1.257776861e-04 1.257776861e-04 1.257776861e-04 1.257776861e-04

1.065465373e-04 0.000000000e+00 1.065465373e-04 1.065465373e-04 1.065465373e-04 1.065465373e-04
6.765283412e-04 0.000000000e+00 0.000000000e+00 9.922408959e-01 1.065465373e-04 1.065465373e-04
0.000000000e+00 0.000000000e+00 0.000000000e+00 1.994631557e-03 4.610000927e-04 1.065465373e-04
1.065465373e-04 1.065465373e-04 0.000000000e+00 1.065465373e-04 1.065465373e-04 1.065465373e-04
9.109600794e-04 1.065465373e-04 1.065465373e-04 4.610000927e-04 1.065465373e-04 1.065465373e-04
1.065465373e-04 9.109600794e-04 1.065465373e-04 1.065465373e-04 1.065465373e-04 1.065465373e-04

