1.404935970e-04 1.404935970e-04 1.404935970e-04 1.404935970e-04 3.540216804e-04 1.404935970e-04
1.404935970e-04 6.521135109e-18 1.404935970e-04 1.201203357e-03 1.404935970e-04 1.404935970e-04
1.404935970e-04 6.521135109e-18 6.078804896e-04 1.794876868e-02 3.437004588e-03 1.404935970e-04
1.404935970e-04 3.540216804e-04 7.878131145e-01 6.521135109e-18 1.438449539e-01 4.740533783e-03
3.540216804e-04 6.521135109e-18 1.404935970e-04 2.867575611e-02 1.404935970e-04 1.404935970e-04
1.404935970e-04 6.521135109e-18 1.404935970e-04 8.139834807e-03 1.404935970e-04 6.521135109e-18

1.587052322e-04 3.999121255e-04 3.563104580e-02 1.356910648e-03 1.730319273e-03 3.999121255e-04
7.366444334e-18 6.866776587e-04 1.098684254e-02 1.160142285e-02 7.366444334e-18 6.866776587e-04
3.419200577e-03 2.539283715e-03 7.366444334e-18 2.512790067e-01 0.000000000e+00 7.366444334e-18
7.366444334e-18 7.366444334e-18 6.365491755e-01 0.000000000e+00 9.194969741e-03 1.587052322e-04
7.366444334e-18 7.366444334e-18 1.587052322e-04 1.007715410e-03 7.366444334e-18 2.125145312e-03
7.366444334e-18 2.125145312e-03 1.356910648e-03 2.390832691e-02 2.539283715e-03 7.366444334e-18

1.246228889e-04 1.246228889e-04 1.246228889e-04 5.784482096e-18 3.140300021e-04 5.784482096e-18
5.784482096e-18 1.246228889e-04 3.140300021e-04 2.333034497e-03 0.000000000e+00 3.140300021e-04
1.246228889e-04 5.784482096e-18 0.000000000e+00 1.358728907e-03 0.000000000e+00 3.140300021e-04
5.784482096e-18 3.140300021e-04 6.095026529e-02 0.000000000e+00 2.927292691e-02 5.784482096e-18
3.140300021e-04 3.140300021e-04 1.246228889e-04 8.993874654e-01 5.784482096e-18 2.684918750e-03
5.784482096e-18 1.246228889e-04 5.784482096e-18 3.140300021e-04 3.140300021e-04 3.140300021e-04

4.444312621e-03 1.195171771e-02 1.670922419e-02 5.046553100e-03 0.000000000e+00 3.300587494e-03
8.925507928e-04 1.763726633e-03 5.667344269e-03 5.479491184e-01 0.000000000e+00 6.408851767e-02
2.762286073e-03 5.046553100e-03 0.000000000e+00 1.837956652e-02 0.000000000e+00 1.309839015e-03
5.198099576e-04 2.249087064e-03 2.183516712e-02 0.000000000e+00 7.709564296e-02 1.588921339e-02
5.198099576e-04 8.925507928e-04 5.046553100e-03 2.916417817e-02 0.000000000e+00 4.210460656e-02
8.925507928e-04 5.667344269e-03 2.762286073e-03 9.320503374e-02 1.195171771e-02 8.925507928e-04

