6.851136000e-18 9.372222214e-04 2.362540563e-02 1.476032507e-04 3.719368851e-04 6.851136000e-18
1.476032507e-04 3.719368851e-04 4.751682109e-02 6.386421745e-04 6.851136000e-18 1.609277438e-03
7.904268777e-01 3.936901080e-02 6.851136000e-18 4.096765815e-02 3.719368851e-04 6.851136000e-18
6.851136000e-18 1.476032507e-04 5.003401761e-02 0.000000000e+00 9.372222214e-04 3.719368851e-04
6.851136000e-18 6.851136000e-18 1.476032507e-04 3.719368851e-04 3.719368851e-04 3.719368851e-04
6.851136000e-18 6.851136000e-18 6.851136000e-18 3.719368851e-04 3.719368851e-04 6.851136000e-18

4.784596910e-18 4.784596910e-18 1.030810156e-04 4.784596910e-18 4.784596910e-18 4.784596910e-18
4.784596910e-18 4.784596910e-18 1.030810156e-04 4.784596910e-18 4.784596910e-18 1.030810156e-04
1.030810156e-04 1.030810156e-04 0.000000000e+00 4.460056514e-04 0.000000000e+00 4.784596910e-18
4.784596910e-18 1.030810156e-04 9.965937893e-01 0.000000000e+00 4.460056514e-04 1.030810156e-04
4.784596910e-18 1.030810156e-04 4.784596910e-18 1.030810156e-04 1.030810156e-04 4.784596910e-18
4.784596910e-18 4.784596910e-18 1.380308224e-03 1.030810156e-04 4.784596910e-18 4.784596910e-18

5.104129787e-18 5.104129787e-18 1.099651428e-04 1.099651428e-04 1.099651428e-04 1.099651428e-04
5.104129787e-18 1.099651428e-04 5.104129787e-18 5.104129787e-18 5.104129787e-18 5.104129787e-18
6.982351332e-04 9.711348625e-01 0.000000000e+00 1.099651428e-04 0.000000000e+00 1.099651428e-04
1.099651428e-04 5.104129787e-18 0.000000000e+00 0.000000000e+00 1.099651428e-04 1.099651428e-04
1.099651428e-04 2.412245565e-02 0.000000000e+00 9.401887455e-04 5.104129787e-18 5.104129787e-18
5.104129787e-18 1.198919553e-03 1.099651428e-04 4.757915397e-04 1.099651428e-04 5.104129787e-18

1.957486572e-04 8.469552502e-04 8.469552502e-04 4.217276976e-03 2.134193496e-03 7.892091318e-03
4.932557074e-04 9.234118957e-03 1.242926497e-03 1.957486572e-04 4.932557074e-04 1.019218869e-01
3.131978515e-03 3.826736558e-01 0.000000000e+00 7.201193922e-02 0.000000000e+00 1.957486572e-04
5.377830620e-03 0.000000000e+00 0.000000000e+00 0.000000000e+00 0.000000000e+00 2.063452278e-01
2.134193496e-03 1.587901560e-01 0.000000000e+00 1.280371228e-02 4.932557074e-04 1.957486572e-04
1.957486572e-04 1.134116976e-02 4.217276976e-03 7.892091318e-03 1.242926497e-03 1.242926497e-03

