7.461337435e-18 7.461337435e-18 7.461337435e-18 7.461337435e-18 7.461337435e-18 7.461337435e-18
7.461337435e-18 6.955233065e-04 4.050637156e-04 1.565425028e-02 7.461337435e-18 7.461337435e-18
7.461337435e-18 4.050637156e-04 7.461337435e-18 2.599382885e-01 1.981917839e-02 7.461337435e-18
7.461337435e-18 5.174894150e-02 5.576151879e-01 4.287544052e-02 7.461337435e-18 7.461337435e-18
7.461337435e-18 7.461337435e-18 5.084306214e-02 7.461337435e-18 7.461337435e-18 7.461337435e-18
7.461337435e-18 7.461337435e-18 7.461337435e-18 7.461337435e-18 7.461337435e-18 7.461337435e-18

4.821301409e-18 4.821301409e-18 1.661948641e-03 4.821301409e-18 4.821301409e-18 4.821301409e-18
4.821301409e-18 4.821301409e-18 4.821301409e-18 2.237849878e-03 4.821301409e-18 4.821301409e-18
4.821301409e-18 4.821301409e-18 0.000000000e+00 1.944558272e-03 4.821301409e-18 4.821301409e-18
4.821301409e-18 4.821301409e-18 9.932675519e-01 0.000000000e+00 4.821301409e-18 4.821301409e-18
4.821301409e-18 4.821301409e-18 8.880913127e-04 4.821301409e-18 4.821301409e-18 4.821301409e-18
4.821301409e-18 4.821301409e-18 4.821301409e-18 4.821301409e-18 4.821301409e-18 4.821301409e-18

4.761642016e-18 4.761642016e-18 2.585016994e-04 4.761642016e-18 1.025864674e-04 4.761642016e-18
4.761642016e-18 2.585016994e-04 0.000000000e+00 9.958835254e-01 4.761642016e-18 4.761642016e-18
4.761642016e-18 4.761642016e-18 0.000000000e+00 2.585016994e-04 4.761642016e-18 4.761642016e-18
4.761642016e-18 4.761642016e-18 0.000000000e+00 0.000000000e+00 1.025864674e-04 4.761642016e-18
3.135796551e-03 4.761642016e-18 4.761642016e-18 4.761642016e-18 4.761642016e-18 4.761642016e-18
4.761642016e-18 4.761642016e-18 4.761642016e-18 4.761642016e-18 4.761642016e-18 4.761642016e-18

5.342869516e-18 5.342869516e-18 4.980461351e-04 5.342869516e-18 5.342869516e-18 5.342869516e-18
5.342869516e-18 5.342869516e-18 0.000000000e+00 0.000000000e+00 5.342869516e-18 5.342869516e-18
5.342869516e-18 9.413963344e-01 0.000000000e+00 5.342869516e-18 1.734066874e-02 7.308942687e-04
5.342869516e-18 0.000000000e+00 0.000000000e+00 0.000000000e+00 3.705606996e-02 2.479940349e-03
4.980461351e-04 5.342869516e-18 5.342869516e-18 5.342869516e-18 5.342869516e-18 5.342869516e-18
5.342869516e-18 5.342869516e-18 5.342869516e-18 5.342869516e-18 5.342869516e-18 5.342869516e-18

5.171152677e-18 2.807333585e-04 1.491825686e-03 5.171152677e-18 5.171152677e-18 5.171152677e-18
5.171152677e-18 5.171152677e-18 0.000000000e+00 0.000000000e+00 5.171152677e-18 5.171152677e-18
9.525344673e-04 9.652114740e-01 0.000000000e+00 0.000000000e+00 1.324313160e-02 1.783216383e-02
5.171152677e-18 0.000000000e+00 0.000000000e+00 0.000000000e+00 0.000000000e+00 5.171152677e-18
7.074037356e-04 5.171152677e-18 5.171152677e-18 5.171152677e-18 5.171152677e-18 5.171152677e-18
5.171152677e-18 5.171152677e-18 5.171152677e-18 2.807333585e-04 5.171152677e-18 5.171152677e-18

4.794022397e-18 4.794022397e-18 4.794022397e-18 4.794022397e-18 4.794022397e-18 4.794022397e-18
4.794022397e-18 4.794022397e-18 0.000000000e+00 0.000000000e+00 4.794022397e-18 0.000000000e+00
4.794022397e-18 9.903721703e-01 0.000000000e+00 0.000000000e+00 4.794022397e-18 9.627829668e-03
4.794022397e-18 0.000000000e+00 0.000000000e+00 0.000000000e+00 0.000000000e+00 0.000000000e+00
4.794022397e-18 4.794022397e-18 4.794022397e-18 4.794022397e-18 4.794022397e-18 4.794022397e-18
4.794022397e-18 4.794022397e-18 4.794022397e-18 4.794022397e-18 4.794022397e-18 4.794022397e-18

5.156596838e-18 5.156596838e-18 5.156596838e-18 5.156596838e-18 5.156596838e-18 5.156596838e-18
5.156596838e-18 5.156596838e-18 0.000000000e+00 0.000000000e+00 0.000000000e+00 0.000000000e+00
9.496542714e-01 5.156596838e-18 0.000000000e+00 0.000000000e+00 0.000000000e+00 4.614028589e-02
1.487626472e-03 0.000000000e+00 0.000000000e+00 0.000000000e+00 0.000000000e+00 0.000000000e+00
5.156596838e-18 2.717816254e-03 5.156596838e-18 5.156596838e-18 5.156596838e-18 5.156596838e-18
5.156596838e-18 5.156596838e-18 5.156596838e-18 5.156596838e-18 5.156596838e-18 5.156596838e-18

