8.228047915e-18 8.228047915e-18 8.228047915e-18 8.228047915e-18 8.228047915e-18 8.228047915e-18
8.228047915e-18 8.228047915e-18 9.684296332e-02 2.373709304e-03 4.466871642e-04 8.228047915e-18
8.228047915e-18 6.938629661e-02 2.325798772e-01 3.797934887e-02 8.228047915e-18 8.228047915e-18
8.228047915e-18 4.466871642e-04 8.228047915e-18 4.405755209e-01 5.907761428e-02 8.228047915e-18
8.228047915e-18 4.466871642e-04 7.669937383e-04 5.907761428e-02 8.228047915e-18 8.228047915e-18
8.228047915e-18 8.228047915e-18 8.228047915e-18 8.228047915e-18 8.228047915e-18 8.228047915e-18

6.286968540e-18 6.286968540e-18 6.286968540e-18 6.286968540e-18 6.286968540e-18 6.286968540e-18
6.286968540e-18 6.286968540e-18 4.570306589e-03 6.286968540e-18 6.286968540e-18 6.286968540e-18
6.286968540e-18 3.328193155e-01 1.043291697e-02 0.000000000e+00 6.286968540e-18 6.286968540e-18
2.167178099e-03 6.286968540e-18 0.000000000e+00 6.386422441e-01 2.167178099e-03 6.286968540e-18
6.286968540e-18 3.413091632e-04 6.286968540e-18 8.859551462e-03 6.286968540e-18 6.286968540e-18
6.286968540e-18 6.286968540e-18 6.286968540e-18 6.286968540e-18 6.286968540e-18 6.286968540e-18

4.959043806e-18 4.959043806e-18 4.959043806e-18 4.959043806e-18 4.959043806e-18 4.959043806e-18
2.692183174e-04 4.959043806e-18 4.959043806e-18 2.692183174e-04 4.959043806e-18 4.959043806e-18
4.959043806e-18 9.796044121e-01 1.709429761e-03 0.000000000e+00 4.959043806e-18 4.959043806e-18
2.692183174e-04 0.000000000e+00 0.000000000e+00 0.000000000e+00 4.959043806e-18 4.959043806e-18
4.959043806e-18 2.692183174e-04 4.959043806e-18 4.959043806e-18 4.959043806e-18 4.959043806e-18
4.959043806e-18 4.959043806e-18 4.959043806e-18 4.959043806e-18 1.760928491e-02 4.959043806e-18

1.177008628e-02 4.276300187e-02 2.531103157e-03 1.004468954e-03 1.177008628e-02 1.014783523e-02
5.092620563e-02 7.869448546e-02 1.004468954e-03 0.000000000e+00 6.377980295e-03 1.095144732e-02
2.457310850e-02 4.724599682e-01 4.738416059e-02 0.000000000e+00 1.984882720e-03 1.014783523e-02
2.965875892e-02 0.000000000e+00 0.000000000e+00 0.000000000e+00 3.108652890e-03 9.359834190e-03
1.345035988e-02 5.332254391e-02 5.679347275e-03 0.000000000e+00 2.531103157e-03 6.377980295e-03
1.607150326e-02 1.345035988e-02 6.377980295e-03 4.346084750e-03 3.389278309e-02 1.788158353e-02

3.894277202e-03 5.088937259e-03 3.831747259e-02 0.000000000e+00 6.358597272e-03 1.853392979e-02
2.201855272e-02 8.386810428e-03 7.290380710e-02 0.000000000e+00 7.695293615e-03 3.328307924e-03
1.778539529e-03 0.000000000e+00 2.080192453e-04 0.000000000e+00 4.383126804e-01 3.894277202e-03
6.358597272e-03 0.000000000e+00 0.000000000e+00 0.000000000e+00 1.778539529e-03 2.785485506e-03
4.481638781e-03 5.714942226e-03 2.481789256e-01 0.000000000e+00 2.267976325e-03 1.360631844e-02
5.088937259e-03 4.350980153e-02 2.267976325e-03 5.088937259e-03 7.018983646e-03 2.113343800e-02

1.031599102e-17 8.960610484e-03 2.208726680e-01 0.000000000e+00 8.960610484e-03 2.071759291e-02
8.960610484e-03 1.889680278e-02 1.962746937e-01 0.000000000e+00 1.257346395e-01 1.031599102e-17
1.031599102e-17 0.000000000e+00 0.000000000e+00 0.000000000e+00 1.031599102e-17 1.624666780e-02
8.960610484e-03 0.000000000e+00 0.000000000e+00 0.000000000e+00 1.031599102e-01 1.031599102e-17
6.793633154e-03 1.031599102e-01 0.000000000e+00 0.000000000e+00 1.126805842e-02 1.031599102e-01
3.556020627e-03 1.980196488e-02 2.222512892e-04 7.499201155e-03 6.793633154e-03 1.031599102e-17

2.072650560e-02 6.236160059e-03 8.225319198e-03 0.000000000e+00 2.224305577e-03 2.247146257e-02
6.236160059e-03 2.040137555e-04 0.000000000e+00 0.000000000e+00 3.144654424e-01 8.917805831e-03
3.264220087e-03 0.000000000e+00 0.000000000e+00 0.000000000e+00 0.000000000e+00 1.571413866e-02
2.072650560e-02 0.000000000e+00 0.000000000e+00 0.000000000e+00 3.898132294e-01 2.040137555e-04
1.182002813e-02 7.547117805e-03 0.000000000e+00 0.000000000e+00 8.106737785e-02 1.652511419e-02
6.883830442e-03 8.917805831e-03 1.986743079e-02 1.734616576e-02 4.990947833e-03 5.604898837e-03

4.618203788e-02 4.618203788e-02 4.618203788e-02 0.000000000e+00 4.618203788e-02 4.618203788e-02
4.618203788e-02 0.000000000e+00 0.000000000e+00 0.000000000e+00 0.000000000e+00 4.484830177e-02
4.618203788e-02 0.000000000e+00 0.000000000e+00 0.000000000e+00 0.000000000e+00 4.618203788e-02
4.618203788e-02 0.000000000e+00 0.000000000e+00 0.000000000e+00 4.618203788e-02 4.484830177e-02
4.484830177e-02 4.484830177e-02 0.000000000e+00 0.000000000e+00 4.484830177e-02 4.484830177e-02
4.484830177e-02 4.484830177e-02 4.484830177e-02 4.484830177e-02 4.484830177e-02 4.484830177e-02

5.000000000e-02 5.000000000e-02 5.000000000e-02 0.000000000e+00 5.000000000e-02 5.000000000e-02
5.000000000e-02 0.000000000e+00 0.000000000e+00 0.000000000e+00 0.000000000e+00 0.000000000e+00
5.000000000e-02 0.000000000e+00 0.000000000e+00 0.000000000e+00 0.000000000e+00 5.000000000e-02
5.000000000e-02 0.000000000e+00 0.000000000e+00 0.000000000e+00 0.000000000e+00 5.000000000e-02
5.000000000e-02 5.000000000e-02 0.000000000e+00 0.000000000e+00 5.000000000e-02 5.000000000e-02
5.000000000e-02 5.000000000e-02 5.000000000e-02 5.000000000e-02 5.000000000e-02 5.000000000e-02

