8.200758039e-18 8.200758039e-18 8.200758039e-18 8.200758039e-18 8.200758039e-18 8.200758039e-18
8.200758039e-18 1.766799761e-04 1.766799761e-04 7.337888385e-02 8.200758039e-18 8.200758039e-18
8.200758039e-18 8.200758039e-18 5.588162366e-02 3.344746393e-01 1.946073421e-02 8.200758039e-18
8.200758039e-18 7.766326462e-02 3.754739243e-01 8.200758039e-18 2.826879617e-03 8.200758039e-18
8.200758039e-18 8.200758039e-18 4.807881281e-02 1.223119774e-02 1.766799761e-04 8.200758039e-18
8.200758039e-18 8.200758039e-18 8.200758039e-18 8.200758039e-18 8.200758039e-18 8.200758039e-18

1.646124360e-03 7.008003465e-18 7.008003465e-18 7.008003465e-18 7.008003465e-18 7.008003465e-18
7.008003465e-18 1.777688724e-01 7.008003465e-18 1.345214805e-02 7.008003465e-18 7.008003465e-18
7.008003465e-18 7.008003465e-18 7.008003465e-18 3.625495924e-02 0.000000000e+00 7.008003465e-18
7.008003465e-18 7.008003465e-18 1.836893321e-01 0.000000000e+00 7.008003465e-18 7.008003465e-18
7.008003465e-18 7.008003465e-18 3.804529613e-04 7.008003465e-18 5.864276579e-01 7.008003465e-18
7.008003465e-18 7.008003465e-18 7.008003465e-18 7.008003465e-18 7.008003465e-18 3.804529613e-04

6.735037317e-18 6.735037317e-18 6.735037317e-18 6.735037317e-18 1.004511690e-02 6.735037317e-18
6.735037317e-18 8.588454142e-02 6.735037317e-18 2.273033322e-01 0.000000000e+00 6.735037317e-18
6.735037317e-18 6.735037317e-18 0.000000000e+00 6.735037317e-18 0.000000000e+00 6.735037317e-18
6.735037317e-18 6.735037317e-18 6.735037317e-18 0.000000000e+00 6.380651421e-01 6.735037317e-18
6.735037317e-18 6.735037317e-18 6.735037317e-18 6.735037317e-18 6.735037317e-18 6.735037317e-18
6.735037317e-18 6.735037317e-18 6.735037317e-18 6.735037317e-18 6.735037317e-18 3.870186738e-02

2.353397511e-02 1.075215010e-17 1.032422905e-01 1.075215010e-17 0.000000000e+00 3.274968504e-02
1.075215010e-17 2.441879843e-01 1.470873444e-03 9.760511632e-02 0.000000000e+00 1.075215010e-17
3.063713343e-02 1.075215010e-17 0.000000000e+00 1.075215010e-17 0.000000000e+00 1.075215010e-17
2.316480518e-04 1.092761349e-02 9.067179530e-02 0.000000000e+00 8.569398333e-03 1.257579105e-02
5.081537399e-02 2.316480518e-04 1.032422905e-01 1.075215010e-17 0.000000000e+00 1.876349219e-02
8.252403511e-02 2.316480518e-04 2.316480518e-04 2.451962959e-02 1.075215010e-17 6.303693020e-02

