3.786860130e-04 1.502816439e-04 1.502816439e-04 3.786860130e-04 1.502816439e-04 3.786860130e-04
1.502816439e-04 1.502816439e-04 9.542289582e-04 3.676457223e-03 4.128708915e-03 1.502816439e-04
1.502816439e-04 6.502309089e-04 6.569079212e-03 7.638966262e-01 8.599774945e-02 6.502309089e-04
1.502816439e-04 3.786860130e-04 2.012349099e-03 0.000000000e+00 1.502816439e-04 1.502816439e-04
1.502816439e-04 1.502816439e-04 4.584969142e-02 7.633979227e-02 3.676457223e-03 1.502816439e-04
1.502816439e-04 1.502816439e-04 1.502816439e-04 6.502309089e-04 6.502309089e-04 3.786860130e-04

1.457298871e-04 1.457298871e-04 1.457298871e-04 1.457298871e-04 1.457298871e-04 1.457298871e-04
1.457298871e-04 1.457298871e-04 4.454576602e-03 9.253271044e-04 1.457298871e-04 6.305366012e-04
3.672163047e-04 9.253271044e-04 5.767877427e-01 3.759759417e-01 0.000000000e+00 1.457298871e-04
1.457298871e-04 3.565104043e-03 6.305366012e-04 0.000000000e+00 0.000000000e+00 4.003657856e-03
6.305366012e-04 9.253271044e-04 3.672163047e-04 2.195364156e-02 4.454576602e-03 1.457298871e-04
1.457298871e-04 1.457298871e-04 1.457298871e-04 9.253271044e-04 1.457298871e-04 1.457298871e-04

1.334766968e-04 1.334766968e-04 1.334766968e-04 1.334766968e-04 1.334766968e-04 1.334766968e-04
1.334766968e-04 2.875668259e-03 5.667433626e-01 1.334766968e-04 3.363401999e-04 1.334766968e-04
1.334766968e-04 1.334766968e-04 0.000000000e+00 1.334766968e-04 0.000000000e+00 1.334766968e-04
1.334766968e-04 1.334766968e-04 1.334766968e-04 0.000000000e+00 0.000000000e+00 5.775201258e-04
1.334766968e-04 1.141209705e-03 0.000000000e+00 8.475241956e-04 4.238308907e-01 5.775201258e-04
1.334766968e-04 1.334766968e-04 1.334766968e-04 1.334766968e-04 1.334766968e-04 1.334766968e-04

1.047899869e-04 1.047899869e-04 1.047899869e-04 1.047899869e-04 1.047899869e-04 1.047899869e-04
1.047899869e-04 1.047899869e-04 9.951454206e-01 1.047899869e-04 1.047899869e-04 1.047899869e-04
1.047899869e-04 1.047899869e-04 0.000000000e+00 0.000000000e+00 0.000000000e+00 1.047899869e-04
1.047899869e-04 1.047899869e-04 1.047899869e-04 0.000000000e+00 0.000000000e+00 1.047899869e-04
1.047899869e-04 4.533999408e-04 0.000000000e+00 1.047899869e-04 0.000000000e+00 1.676639791e-03
1.047899869e-04 1.047899869e-04 1.047899869e-04 1.047899869e-04 1.047899869e-04 1.047899869e-04

