5.667076796e-18 5.667076796e-18 5.667076796e-18 5.667076796e-18 5.667076796e-18 5.667076796e-18
5.667076796e-18 5.667076796e-18 2.741130778e-02 3.076562618e-04 5.667076796e-18 5.667076796e-18
5.667076796e-18 0.000000000e+00 9.052213819e-01 3.732073897e-03 5.667076796e-18 5.667076796e-18
5.667076796e-18 1.220934684e-04 1.292342672e-02 4.997440373e-02 5.667076796e-18 5.667076796e-18
5.667076796e-18 5.667076796e-18 5.667076796e-18 3.076562618e-04 5.667076796e-18 5.667076796e-18
5.667076796e-18 5.667076796e-18 5.667076796e-18 5.667076796e-18 5.667076796e-18 5.667076796e-18

4.011929228e-04 1.592135169e-04 4.011929228e-04 7.510634177e-03 1.592135169e-04 4.011929228e-04
1.592135169e-04 0.000000000e+00 0.000000000e+00 1.592135169e-04 2.547416270e-03 1.592135169e-04
1.592135169e-04 0.000000000e+00 1.487632103e-01 1.592135169e-04 8.072066609e-03 1.592135169e-04
2.131951508e-03 1.592135169e-04 6.167207941e-01 1.678323105e-01 6.419086764e-03 1.592135169e-04
6.888768790e-04 1.592135169e-04 1.592135169e-04 3.492580379e-02 1.592135169e-04 1.592135169e-04
1.592135169e-04 1.592135169e-04 1.592135169e-04 1.592135169e-04 1.592135169e-04 1.592135169e-04

1.315235282e-03 9.614428236e-18 9.614428236e-18 4.650440800e-02 9.614428236e-18 8.962279182e-04
8.230826951e-02 0.000000000e+00 0.000000000e+00 1.185326365e-01 9.871663837e-02 9.614428236e-18
1.677806275e-02 0.000000000e+00 0.000000000e+00 0.000000000e+00 9.614428236e-18 2.071365772e-04
6.785436058e-02 9.614428236e-18 9.614428236e-18 8.354365561e-02 7.259446137e-02 9.614428236e-18
9.614428236e-18 3.279606643e-01 9.614428236e-18 7.620132276e-02 9.614428236e-18 9.614428236e-18
8.962279182e-04 9.614428236e-18 5.690692561e-03 9.614428236e-18 9.614428236e-18 9.614428236e-18

8.144254302e-18 8.144254302e-18 8.144254302e-18 2.807402239e-03 8.144254302e-18 4.421381471e-04
8.144254302e-18 0.000000000e+00 0.000000000e+00 0.000000000e+00 4.795571741e-01 8.144254302e-18
1.336622176e-01 0.000000000e+00 0.000000000e+00 0.000000000e+00 8.144254302e-18 8.144254302e-18
1.147682538e-02 9.472734304e-02 0.000000000e+00 1.004074201e-01 4.421381471e-04 8.144254302e-18
8.144254302e-18 1.155515554e-01 8.144254302e-18 6.048364772e-02 8.144254302e-18 8.144254302e-18
4.421381471e-04 8.144254302e-18 8.144254302e-18 8.144254302e-18 8.144254302e-18 8.144254302e-18

5.787128763e-18 5.787128763e-18 0.000000000e+00 5.026778965e-03 5.787128763e-18 5.787128763e-18
1.065998233e-03 0.000000000e+00 0.000000000e+00 0.000000000e+00 4.586719625e-02 5.787128763e-18
2.735035408e-02 0.000000000e+00 0.000000000e+00 0.000000000e+00 5.787128763e-18 5.787128763e-18
7.223630757e-03 5.394586383e-04 0.000000000e+00 9.059330880e-01 5.787128763e-18 5.787128763e-18
5.787128763e-18 4.206948476e-03 0.000000000e+00 5.787128763e-18 5.787128763e-18 5.787128763e-18
1.994878554e-03 5.787128763e-18 5.787128763e-18 5.787128763e-18 7.916680788e-04 5.787128763e-18

5.421183672e-18 5.421183672e-18 0.000000000e+00 3.208749271e-03 5.421183672e-18 5.421183672e-18
5.421183672e-18 0.000000000e+00 0.000000000e+00 0.000000000e+00 3.563345514e-02 5.421183672e-18
8.085541500e-03 0.000000000e+00 0.000000000e+00 0.000000000e+00 9.448426663e-01 5.053463438e-04
2.186506642e-03 5.421183672e-18 0.000000000e+00 0.000000000e+00 5.421183672e-18 5.421183672e-18
2.943071293e-04 1.868733786e-03 0.000000000e+00 0.000000000e+00 5.421183672e-18 1.167958617e-04
7.416074945e-04 5.421183672e-18 2.516290560e-03 5.421183672e-18 5.421183672e-18 5.421183672e-18

7.429202944e-04 1.717040540e-04 0.000000000e+00 4.487436933e-02 4.326671040e-04 4.326671040e-04
4.326671040e-04 0.000000000e+00 0.000000000e+00 0.000000000e+00 1.541365663e-01 1.717040540e-04
4.953489756e-02 0.000000000e+00 0.000000000e+00 0.000000000e+00 1.005024150e-01 1.188672471e-02
5.885968061e-01 0.000000000e+00 0.000000000e+00 0.000000000e+00 0.000000000e+00 1.717040540e-04
7.429202944e-04 8.705332236e-03 0.000000000e+00 0.000000000e+00 1.717040540e-04 4.326671040e-04
9.321530181e-03 4.326671040e-04 2.667170534e-02 1.717040540e-04 1.090252784e-03 1.717040540e-04

1.327719273e-04 6.162726949e-18 0.000000000e+00 3.647661987e-03 1.327719273e-04 9.013810992e-02
1.327719273e-04 0.000000000e+00 0.000000000e+00 0.000000000e+00 6.162726949e-18 6.162726949e-18
0.000000000e+00 0.000000000e+00 0.000000000e+00 0.000000000e+00 0.000000000e+00 1.327719273e-04
7.861606276e-01 0.000000000e+00 0.000000000e+00 0.000000000e+00 0.000000000e+00 6.162726949e-18
1.327719273e-04 1.162895689e-01 0.000000000e+00 0.000000000e+00 6.162726949e-18 6.162726949e-18
1.327719273e-04 6.162726949e-18 2.124350836e-03 6.162726949e-18 8.430491880e-04 6.162726949e-18

1.205891375e-04 5.597251940e-18 0.000000000e+00 1.614751050e-03 5.597251940e-18 7.376465873e-02
1.205891375e-04 0.000000000e+00 0.000000000e+00 0.000000000e+00 0.000000000e+00 5.597251940e-18
0.000000000e+00 0.000000000e+00 0.000000000e+00 0.000000000e+00 0.000000000e+00 5.597251940e-18
3.312962477e-03 0.000000000e+00 0.000000000e+00 0.000000000e+00 0.000000000e+00 5.597251940e-18
5.597251940e-18 9.030310763e-01 0.000000000e+00 0.000000000e+00 5.597251940e-18 5.597251940e-18
1.540587315e-02 0.000000000e+00 1.314750030e-03 5.597251940e-18 1.314750030e-03 5.597251940e-18

2.910339491e-01 0.000000000e+00 0.000000000e+00 1.171799012e-01 7.553821661e-18 4.245125624e-01
1.627421543e-04 0.000000000e+00 0.000000000e+00 0.000000000e+00 0.000000000e+00 7.553821661e-18
0.000000000e+00 0.000000000e+00 0.000000000e+00 0.000000000e+00 0.000000000e+00 1.627421543e-04
2.682319476e-02 0.000000000e+00 0.000000000e+00 0.000000000e+00 0.000000000e+00 7.553821661e-18
1.627421543e-04 0.000000000e+00 0.000000000e+00 0.000000000e+00 1.627421543e-04 1.627421543e-04
1.343366009e-01 0.000000000e+00 4.974596543e-03 1.627421543e-04 1.627421543e-04 7.553821661e-18

0.000000000e+00 0.000000000e+00 0.000000000e+00 6.711073456e-02 6.711073456e-02 6.711073456e-02
6.577853088e-02 0.000000000e+00 0.000000000e+00 0.000000000e+00 0.000000000e+00 0.000000000e+00
0.000000000e+00 0.000000000e+00 0.000000000e+00 0.000000000e+00 0.000000000e+00 6.711073456e-02
6.711073456e-02 0.000000000e+00 0.000000000e+00 0.000000000e+00 0.000000000e+00 6.711073456e-02
6.711073456e-02 0.000000000e+00 0.000000000e+00 0.000000000e+00 6.711073456e-02 6.711073456e-02
6.711073456e-02 0.000000000e+00 6.577853088e-02 6.577853088e-02 6.577853088e-02 6.577853088e-02

