1.057116728e-17 5.588713731e-02 2.807966425e-02 5.738912537e-04 2.508581227e-02 1.057116728e-17
6.961680399e-03 2.508581227e-02 1.799028194e-01 1.071235057e-01 1.057116728e-17 5.588713731e-02
1.057116728e-17 0.000000000e+00 1.057116728e-17 1.348024979e-01 1.057116728e-17 7.850721919e-02
5.738912537e-04 7.203407156e-02 1.423430593e-01 7.850721919e-02 1.057116728e-17 1.057116728e-17
1.057116728e-17 1.057116728e-17 2.277488950e-04 1.057116728e-17 1.057116728e-17 5.738912537e-04
1.057116728e-17 1.446115342e-03 5.738912537e-04 4.263631129e-03 9.854122377e-04 5.738912537e-04

4.157914809e-04 1.650069586e-04 6.670824858e-01 1.079293034e-02 1.410789651e-03 1.799025254e-03
4.157914809e-04 0.000000000e+00 4.157914809e-04 3.451324905e-02 3.554967156e-03 4.157914809e-04
5.043825610e-03 0.000000000e+00 0.000000000e+00 2.059655815e-01 8.365791965e-03 4.157914809e-04
7.139436452e-04 3.089054747e-03 2.641104657e-02 7.212749032e-03 4.157914809e-04 4.036694097e-03
4.157914809e-04 4.157914809e-04 1.650069586e-04 4.157914809e-04 4.157914809e-04 3.554967156e-03
4.157914809e-04 4.157914809e-04 4.157914809e-04 3.089054747e-03 7.212749032e-03 4.157914809e-04

3.988384777e-04 3.988384777e-04 4.325929680e-01 1.005009987e-03 6.848341289e-04 3.988384777e-04
1.353267738e-03 0.000000000e+00 0.000000000e+00 2.166043030e-01 1.582791548e-04 1.582791548e-04
6.848341289e-04 0.000000000e+00 0.000000000e+00 1.812095638e-02 3.988384777e-04 3.988384777e-04
3.988384777e-04 0.000000000e+00 3.192853926e-01 2.532466476e-03 3.988384777e-04 3.988384777e-04
1.582791548e-04 3.988384777e-04 1.582791548e-04 1.582791548e-04 3.988384777e-04 3.988384777e-04
1.582791548e-04 1.582791548e-04 1.582791548e-04 3.988384777e-04 6.848341289e-04 3.988384777e-04

1.500213383e-04 3.670089165e-03 7.077008364e-03 1.282664400e-03 7.077008364e-03 3.780300842e-04
6.491046322e-04 0.000000000e+00 0.000000000e+00 7.149679891e-02 1.500213383e-04 3.780300842e-04
0.000000000e+00 0.000000000e+00 0.000000000e+00 1.303105804e-01 1.500213383e-04 1.500213383e-04
7.507735947e-01 0.000000000e+00 0.000000000e+00 9.248045189e-03 1.500213383e-04 1.500213383e-04
9.525761211e-04 1.500213383e-04 1.282664400e-03 1.500213383e-04 1.500213383e-04 3.780300842e-04
1.500213383e-04 6.491046322e-04 6.048481347e-03 6.491046322e-04 5.549766540e-03 6.491046322e-04

5.216059094e-18 5.216059094e-18 9.634875527e-01 1.640620839e-02 2.103774478e-03 1.123765866e-04
1.123765866e-04 0.000000000e+00 0.000000000e+00 5.216059094e-18 9.608063001e-04 5.216059094e-18
0.000000000e+00 0.000000000e+00 0.000000000e+00 0.000000000e+00 5.216059094e-18 5.216059094e-18
1.486261789e-02 0.000000000e+00 0.000000000e+00 1.504780737e-03 5.216059094e-18 5.216059094e-18
5.216059094e-18 0.000000000e+00 1.123765866e-04 5.216059094e-18 5.216059094e-18 1.123765866e-04
5.216059094e-18 5.216059094e-18 1.123765866e-04 1.123765866e-04 5.216059094e-18 5.216059094e-18

