7.872857597e-18 7.872857597e-18 7.872857597e-18 7.872857597e-18 7.872857597e-18 7.872857597e-18
7.872857597e-18 7.872857597e-18 1.026310653e-01 7.872857597e-18 7.872857597e-18 7.872857597e-18
7.872857597e-18 0.000000000e+00 1.957428841e-01 4.521656937e-01 7.872857597e-18 7.872857597e-18
7.872857597e-18 1.139981065e-01 7.872857597e-18 1.109437507e-02 1.197916331e-01 7.872857597e-18
7.872857597e-18 1.450192769e-03 4.274044671e-04 2.271240460e-03 7.872857597e-18 7.872857597e-18
7.872857597e-18 7.872857597e-18 4.274044671e-04 7.872857597e-18 7.872857597e-18 7.872857597e-18

1.005201588e-17 2.385384477e-02 1.005201588e-17 3.673248500e-02 1.005201588e-17 2.018745194e-02
1.005201588e-17 1.005201588e-17 8.093662059e-02 1.267600634e-01 2.217300726e-01 1.005201588e-17
4.665732467e-03 0.000000000e+00 0.000000000e+00 2.361138702e-03 1.005201588e-17 1.005201588e-17
3.465025875e-03 1.991629089e-01 0.000000000e+00 1.499229624e-02 1.097972090e-02 1.005201588e-17
1.005201588e-17 1.470241534e-01 1.005201588e-17 3.673248500e-02 1.841325388e-02 1.005201588e-17
5.200274627e-02 1.005201588e-17 1.005201588e-17 1.005201588e-17 1.005201588e-17 1.005201588e-17

1.877564263e-03 1.877564263e-03 1.093468974e-03 1.472379682e-03 1.472379682e-03 1.877564263e-03
1.877564263e-03 0.000000000e+00 2.755369156e-03 1.472379682e-03 2.990401602e-01 1.472379682e-03
1.472379682e-03 0.000000000e+00 0.000000000e+00 0.000000000e+00 1.093468974e-03 1.472379682e-03
2.305988816e-03 4.690094682e-01 0.000000000e+00 9.977434137e-03 2.755369156e-03 1.472379682e-03
1.877564263e-03 1.750208613e-01 1.472379682e-03 2.305988816e-03 1.093468974e-03 1.877564263e-03
2.305988816e-03 1.877564263e-03 1.877564263e-03 1.093468974e-03 1.472379682e-03 1.877564263e-03

3.142585787e-03 1.247135996e-03 1.247135996e-03 1.253830376e-01 4.949262480e-04 1.679295658e-03
3.676973545e-03 0.000000000e+00 0.000000000e+00 1.210776734e-02 6.434104737e-02 2.630053277e-03
0.000000000e+00 0.000000000e+00 0.000000000e+00 0.000000000e+00 1.247135996e-03 1.247135996e-03
1.679295658e-03 1.777511496e-01 0.000000000e+00 4.174068860e-01 1.679295658e-03 8.498236877e-04
3.237260153e-02 1.267011195e-01 1.679295658e-03 7.265890324e-03 8.498236877e-04 1.679295658e-03
1.679295658e-03 3.676973545e-03 1.679295658e-03 1.247135996e-03 1.679295658e-03 1.679295658e-03

