1.404935970e-04 1.404935970e-04 1.404935970e-04 1.404935970e-04 3.540216804e-04 1.404935970e-04
1.404935970e-04 6.521135109e-18 1.404935970e-04 1.201203357e-03 1.404935970e-04 1.404935970e-04
1.404935970e-04 6.521135109e-18 6.078804896e-04 1.794876868e-02 3.437004588e-03 1.404935970e-04
1.404935970e-04 3.540216804e-04 7.878131145e-01 6.521135109e-18 1.438449539e-01 4.740533783e-03
3.540216804e-04 6.521135109e-18 1.404935970e-04 2.867575611e-02 1.404935970e-04 1.404935970e-04
1.404935970e-04 6.521135109e-18 1.404935970e-04 8.139834807e-03 1.404935970e-04 6.521135109e-18

7.578928075e-18 7.578928075e-18 7.578928075e-18 7.578928075e-18 1.632830556e-04 7.578928075e-18
7.578928075e-18 7.578928075e-18 4.114475177e-04 7.578928075e-18 7.578928075e-18 7.578928075e-18
7.578928075e-18 0.000000000e+00 3.935673317e-01 1.696455890e-01 7.578928075e-18 7.578928075e-18
7.578928075e-18 8.397940492e-02 7.578928075e-18 0.000000000e+00 2.086023746e-02 7.578928075e-18
7.578928075e-18 7.578928075e-18 3.177590629e-01 1.257686067e-02 7.578928075e-18 7.578928075e-18
7.578928075e-18 7.578928075e-18 1.036782777e-03 7.578928075e-18 7.578928075e-18 7.578928075e-18

7.381147835e-18 7.381147835e-18 7.381147835e-18 7.381147835e-18 1.590220095e-04 7.381147835e-18
7.381147835e-18 7.381147835e-18 7.381147835e-18 7.381147835e-18 7.381147835e-18 7.381147835e-18
7.381147835e-18 0.000000000e+00 3.165860177e-02 1.025818507e-01 7.381147835e-18 7.381147835e-18
7.381147835e-18 0.000000000e+00 0.000000000e+00 0.000000000e+00 2.851359722e-02 1.590220095e-04
2.977011985e-03 7.381147835e-18 5.695937630e-01 2.240926876e-01 7.381147835e-18 7.381147835e-18
7.381147835e-18 7.381147835e-18 3.986373340e-02 4.007103543e-04 7.381147835e-18 7.381147835e-18

1.806310410e-02 1.287285990e-03 1.482000668e-02 1.889832851e-02 4.959660716e-03 4.367789712e-03
3.243757433e-03 0.000000000e+00 1.561563029e-02 1.733358496e-03 3.243757433e-03 3.243757433e-03
9.563680550e-03 0.000000000e+00 5.697855887e-01 2.499562611e-02 8.771827058e-04 3.243757433e-03
2.210361911e-03 0.000000000e+00 0.000000000e+00 0.000000000e+00 1.889832851e-02 4.367789712e-03
2.590040270e-02 0.000000000e+00 5.407380972e-02 1.501917855e-01 8.771827058e-04 3.795349141e-03
2.714724575e-03 1.287285990e-03 2.145920561e-02 6.197066989e-03 6.840677274e-03 3.243757433e-03

4.725824767e-18 0.000000000e+00 4.725824767e-18 4.725824767e-18 4.725824767e-18 4.725824767e-18
4.725824767e-18 0.000000000e+00 4.725824767e-18 4.725824767e-18 4.725824767e-18 4.725824767e-18
4.725824767e-18 0.000000000e+00 1.110058708e-03 0.000000000e+00 6.464837345e-04 4.725824767e-18
4.725824767e-18 0.000000000e+00 0.000000000e+00 0.000000000e+00 4.725824767e-18 1.018148082e-04
1.018148082e-04 0.000000000e+00 4.725824767e-18 9.978361983e-01 1.018148082e-04 4.725824767e-18
4.725824767e-18 4.725824767e-18 4.725824767e-18 1.018148082e-04 4.725824767e-18 4.725824767e-18

4.844242353e-18 0.000000000e+00 2.629859356e-04 4.515656192e-04 4.844242353e-18 4.844242353e-18
4.844242353e-18 0.000000000e+00 4.844242353e-18 4.844242353e-18 2.629859356e-04 4.844242353e-18
4.844242353e-18 0.000000000e+00 2.629859356e-04 0.000000000e+00 4.844242353e-18 2.867262956e-03
4.844242353e-18 0.000000000e+00 0.000000000e+00 0.000000000e+00 0.000000000e+00 0.000000000e+00
4.844242353e-18 0.000000000e+00 4.844242353e-18 9.924932882e-01 3.190193301e-03 4.844242353e-18
4.844242353e-18 4.844242353e-18 1.043660377e-04 1.043660377e-04 4.844242353e-18 4.844242353e-18

4.211050269e-02 0.000000000e+00 4.211050269e-02 4.211050269e-02 4.211050269e-02 4.211050269e-02
4.211050269e-02 0.000000000e+00 4.211050269e-02 4.211050269e-02 4.211050269e-02 4.211050269e-02
4.077899461e-02 0.000000000e+00 0.000000000e+00 0.000000000e+00 0.000000000e+00 4.211050269e-02
4.211050269e-02 0.000000000e+00 0.000000000e+00 0.000000000e+00 0.000000000e+00 0.000000000e+00
4.211050269e-02 0.000000000e+00 4.211050269e-02 4.211050269e-02 4.211050269e-02 4.077899461e-02
4.077899461e-02 4.077899461e-02 4.077899461e-02 4.077899461e-02 4.077899461e-02 4.077899461e-02

4.618203788e-02 0.000000000e+00 4.618203788e-02 4.618203788e-02 4.618203788e-02 4.618203788e-02
4.618203788e-02 0.000000000e+00 4.618203788e-02 0.000000000e+00 4.618203788e-02 4.618203788e-02
0.000000000e+00 0.000000000e+00 0.000000000e+00 0.000000000e+00 0.000000000e+00 4.618203788e-02
4.484830177e-02 0.000000000e+00 0.000000000e+00 0.000000000e+00 0.000000000e+00 0.000000000e+00
4.484830177e-02 0.000000000e+00 4.484830177e-02 4.484830177e-02 4.484830177e-02 4.484830177e-02
4.484830177e-02 4.484830177e-02 4.484830177e-02 4.484830177e-02 4.484830177e-02 4.484830177e-02

5.000000000e-02 0.000000000e+00 5.000000000e-02 5.000000000e-02 5.000000000e-02 5.000000000e-02
5.000000000e-02 0.000000000e+00 5.000000000e-02 0.000000000e+00 0.000000000e+00 5.000000000e-02
0.000000000e+00 0.000000000e+00 0.000000000e+00 0.000000000e+00 0.000000000e+00 5.000000000e-02
5.000000000e-02 0.000000000e+00 0.000000000e+00 0.000000000e+00 0.000000000e+00 0.000000000e+00
0.000000000e+00 0.000000000e+00 5.000000000e-02 5.000000000e-02 5.000000000e-02 5.000000000e-02
5.000000000e-02 5.000000000e-02 5.000000000e-02 5.000000000e-02 5.000000000e-02 5.000000000e-02

