1.544289600e-04 1.544289600e-04 1.544289600e-04 1.544289600e-04 1.544289600e-04 1.544289600e-04
1.544289600e-04 3.891365947e-04 1.320349035e-03 2.226810308e-01 1.544289600e-04 1.544289600e-04
1.544289600e-04 6.681753034e-04 1.768015789e-02 7.284930620e-03 1.250874575e-02 1.544289600e-04
1.544289600e-04 6.590332248e-01 6.320973015e-02 0.000000000e+00 3.891365947e-04 6.681753034e-04
1.544289600e-04 1.544289600e-04 2.470863359e-03 1.544289600e-04 1.544289600e-04 3.891365947e-04
1.544289600e-04 1.544289600e-04 1.544289600e-04 7.829491335e-03 3.891365947e-04 1.544289600e-04

3.435925951e-04 6.329029715e-18 8.657990863e-04 3.435925951e-04 1.363548117e-04 6.329029715e-18
6.329029715e-18 1.825861599e-03 5.899730059e-04 2.714594475e-02 1.363548117e-04 1.363548117e-04
3.335754252e-03 1.165817241e-03 0.000000000e+00 5.899730059e-04 0.000000000e+00 1.363548117e-04
6.329029715e-18 8.918823772e-03 8.913529015e-01 0.000000000e+00 1.363548117e-04 5.960312492e-03
1.327861339e-02 2.578877439e-02 5.899730059e-04 5.044198246e-03 3.435925951e-04 6.329029715e-18
3.435925951e-04 6.329029715e-18 5.899730059e-04 9.967597204e-03 5.899730059e-04 3.435925951e-04

1.385563685e-04 1.385563685e-04 1.385563685e-04 1.385563685e-04 1.385563685e-04 1.385563685e-04
1.385563685e-04 1.385563685e-04 1.385563685e-04 3.389612655e-03 1.385563685e-04 1.385563685e-04
1.510641783e-03 1.385563685e-04 0.000000000e+00 1.349300716e-02 0.000000000e+00 1.385563685e-04
1.385563685e-04 5.469306760e-01 0.000000000e+00 0.000000000e+00 1.385563685e-04 1.855341585e-03
1.385563685e-04 1.510641783e-03 0.000000000e+00 4.275237840e-01 1.385563685e-04 1.385563685e-04
1.385563685e-04 1.385563685e-04 1.385563685e-04 5.994985889e-04 1.385563685e-04 1.385563685e-04

1.332716770e-04 1.332716770e-04 3.358235823e-04 1.332716770e-04 1.332716770e-04 1.332716770e-04
1.332716770e-04 4.073762119e-03 1.762614500e-02 2.923508337e-02 5.766330564e-04 1.332716770e-04
8.872128968e-01 1.332716770e-04 0.000000000e+00 3.340862448e-02 0.000000000e+00 1.332716770e-04
3.358235823e-04 0.000000000e+00 0.000000000e+00 0.000000000e+00 0.000000000e+00 3.358235823e-04
5.766330564e-04 3.260329118e-03 0.000000000e+00 1.702613181e-02 3.661391681e-03 1.332716770e-04
1.332716770e-04 1.332716770e-04 1.332716770e-04 1.332716770e-04 3.358235823e-04 1.332716770e-04

1.194114418e-04 1.194114418e-04 1.194114418e-04 5.166633020e-04 1.194114418e-04 1.194114418e-04
1.194114418e-04 1.194114418e-04 8.025606284e-02 5.166633020e-04 1.194114418e-04 1.194114418e-04
6.054116077e-03 1.194114418e-04 0.000000000e+00 9.090534525e-01 0.000000000e+00 1.194114418e-04
0.000000000e+00 0.000000000e+00 0.000000000e+00 0.000000000e+00 0.000000000e+00 3.008979783e-04
1.194114418e-04 0.000000000e+00 0.000000000e+00 1.194114418e-04 1.194114418e-04 1.194114418e-04
5.166633020e-04 1.194114418e-04 5.166633020e-04 1.194114418e-04 1.194114418e-04 1.194114418e-04

1.357740079e-04 1.357740079e-04 1.357740079e-04 1.099769464e-02 1.357740079e-04 1.357740079e-04
1.357740079e-04 5.874600135e-04 8.326470558e-01 6.470684134e-02 1.357740079e-04 1.357740079e-04
1.160851438e-03 0.000000000e+00 0.000000000e+00 0.000000000e+00 0.000000000e+00 3.421290611e-04
0.000000000e+00 0.000000000e+00 0.000000000e+00 0.000000000e+00 0.000000000e+00 1.357740079e-04
1.357740079e-04 0.000000000e+00 0.000000000e+00 1.265644232e-02 3.421290611e-04 1.357740079e-04
8.621112116e-04 3.421290611e-04 7.242924247e-02 1.357740079e-04 1.160851438e-03 1.357740079e-04

