9.532520739e-18 2.998288916e-02 1.304030494e-03 7.597361137e-03 6.277675969e-03 9.532520739e-18
8.280077512e-03 0.000000000e+00 3.986075775e-02 5.175048445e-04 9.532520739e-18 9.532520739e-18
1.581875219e-02 9.532520739e-18 3.851834087e-01 1.304030494e-03 9.532520739e-18 5.175048445e-04
5.175048445e-04 1.366373676e-01 9.027539614e-02 2.053719337e-04 9.532520739e-18 1.755905333e-03
5.175048445e-04 1.304030494e-03 9.532520739e-18 9.532520739e-18 9.532520739e-18 5.175048445e-04
8.406133481e-02 1.755905333e-03 1.304030494e-03 8.406133481e-02 1.004428155e-01 9.532520739e-18

1.888777957e-04 3.479158744e-02 1.668018738e-01 2.245178665e-02 2.059282393e-03 8.766930674e-18
4.759422213e-04 0.000000000e+00 8.766930674e-18 4.289849962e-01 4.759422213e-04 1.888777957e-04
1.167911189e-01 0.000000000e+00 0.000000000e+00 1.605923848e-02 1.888777957e-04 1.888777957e-04
1.888777957e-04 1.105546093e-01 8.650233520e-02 7.615075541e-03 8.766930674e-18 1.888777957e-04
1.888777957e-04 1.888777957e-04 8.172267591e-04 8.766930674e-18 8.766930674e-18 4.759422213e-04
1.888777957e-04 1.888777957e-04 1.888777957e-04 2.059282393e-03 8.172267591e-04 1.888777957e-04

8.354539994e-18 1.142884995e-03 7.867820398e-03 2.795928822e-02 1.962415097e-03 4.535542108e-04
4.535542108e-04 0.000000000e+00 0.000000000e+00 2.880973260e-02 8.354539994e-18 4.535542108e-04
7.045299153e-02 0.000000000e+00 0.000000000e+00 1.752823286e-02 8.354539994e-18 7.787849473e-04
4.403311971e-03 8.354539994e-18 0.000000000e+00 1.077216597e-01 8.354539994e-18 7.787849473e-04
4.535542108e-04 2.275291391e-01 4.936754026e-01 4.535542108e-04 8.354539994e-18 7.787849473e-04
4.535542108e-04 7.787849473e-04 1.142884995e-03 2.410201000e-03 7.787849473e-04 7.787849473e-04

1.574140762e-04 3.966586163e-04 1.716242157e-03 4.324659240e-03 6.810911513e-04 1.574140762e-04
1.574140762e-04 0.000000000e+00 0.000000000e+00 9.995170806e-04 1.574140762e-04 3.966586163e-04
1.254580627e-01 0.000000000e+00 0.000000000e+00 4.454945061e-02 1.574140762e-04 1.574140762e-04
5.156568130e-01 0.000000000e+00 0.000000000e+00 0.000000000e+00 1.574140762e-04 1.574140762e-04
1.574140762e-04 2.993874207e-01 1.574140762e-04 9.995170806e-04 1.574140762e-04 1.574140762e-04
1.574140762e-04 3.966586163e-04 1.574140762e-04 2.518625219e-03 1.574140762e-04 1.574140762e-04

1.802165497e-04 1.802165497e-04 6.666783462e-03 2.422508465e-01 4.541172490e-04 4.541172490e-04
1.802165497e-04 0.000000000e+00 0.000000000e+00 1.927155739e-01 1.802165497e-04 1.802165497e-04
6.524773804e-02 0.000000000e+00 0.000000000e+00 1.144303762e-03 1.802165497e-04 1.144303762e-03
1.802165497e-04 0.000000000e+00 0.000000000e+00 0.000000000e+00 0.000000000e+00 1.144303762e-03
7.265875983e-03 1.126353435e-01 0.000000000e+00 3.571110344e-01 4.541172490e-04 1.802165497e-04
1.802165497e-04 2.413193003e-03 1.964851221e-03 4.951114828e-03 1.802165497e-04 1.802165497e-04

