8.345550472e-18 8.345550472e-18 8.345550472e-18 8.345550472e-18 8.345550472e-18 8.345550472e-18
8.345550472e-18 8.345550472e-18 8.345550472e-18 1.826648393e-02 8.345550472e-18 8.345550472e-18
8.345550472e-18 8.345550472e-18 1.141655246e-03 1.574790632e-01 3.045043893e-01 8.345550472e-18
8.345550472e-18 1.548761297e-01 1.977726097e-01 8.345550472e-18 1.384903306e-02 8.345550472e-18
8.345550472e-18 8.345550472e-18 1.497030283e-01 2.407607614e-03 0.000000000e+00 8.345550472e-18
8.345550472e-18 8.345550472e-18 8.345550472e-18 8.345550472e-18 8.345550472e-18 8.345550472e-18

6.620810557e-18 6.620810557e-18 6.620810557e-18 6.620810557e-18 6.620810557e-18 6.620810557e-18
6.620810557e-18 6.620810557e-18 6.620810557e-18 2.902917317e-01 6.620810557e-18 6.620810557e-18
6.620810557e-18 6.620810557e-18 6.620810557e-18 6.620810557e-18 4.802575348e-01 6.620810557e-18
6.620810557e-18 6.620810557e-18 6.620810557e-18 0.000000000e+00 0.000000000e+00 6.620810557e-18
6.620810557e-18 6.620810557e-18 6.620810557e-18 2.294507335e-01 0.000000000e+00 6.620810557e-18
6.620810557e-18 6.620810557e-18 6.620810557e-18 6.620810557e-18 6.620810557e-18 6.620810557e-18

1.733335246e-04 1.733335246e-04 1.733335246e-04 1.068512177e-02 1.733335246e-04 1.733335246e-04
1.733335246e-04 1.733335246e-04 1.733335246e-04 4.604171938e-01 1.733335246e-04 1.733335246e-04
1.733335246e-04 2.773336393e-03 3.278255533e-02 0.000000000e+00 1.748584440e-01 1.118139168e-01
1.733335246e-04 1.733335246e-04 1.889807502e-03 0.000000000e+00 0.000000000e+00 1.733335246e-04
1.733335246e-04 4.367731126e-04 1.906603523e-01 0.000000000e+00 0.000000000e+00 1.733335246e-04
1.733335246e-04 1.733335246e-04 1.004249508e-02 1.733335246e-04 1.733335246e-04 1.733335246e-04

