7.908028948e-18 7.908028948e-18 7.908028948e-18 7.908028948e-18 7.908028948e-18 7.908028948e-18
7.908028948e-18 6.302651045e-03 7.908028948e-18 2.569342920e-01 2.281387042e-03 7.908028948e-18
7.908028948e-18 1.456671387e-03 1.064833243e-01 1.121999647e-01 7.908028948e-18 7.908028948e-18
7.908028948e-18 7.908028948e-18 3.963948406e-01 1.156654819e-01 2.281387042e-03 7.908028948e-18
7.908028948e-18 7.908028948e-18 7.908028948e-18 7.908028948e-18 7.908028948e-18 7.908028948e-18
7.908028948e-18 7.908028948e-18 7.908028948e-18 7.908028948e-18 7.908028948e-18 7.908028948e-18

6.818410093e-18 6.818410093e-18 6.818410093e-18 1.468981924e-04 6.818410093e-18 6.818410093e-18
6.818410093e-18 2.832742534e-01 0.000000000e+00 8.888522154e-02 1.468981924e-04 6.818410093e-18
6.818410093e-18 1.967042930e-03 6.818410093e-18 5.783068057e-01 1.468981924e-04 6.818410093e-18
6.818410093e-18 3.701602495e-04 4.646202521e-02 0.000000000e+00 1.468981924e-04 6.818410093e-18
6.818410093e-18 6.818410093e-18 6.818410093e-18 6.818410093e-18 6.818410093e-18 1.468981924e-04
6.818410093e-18 6.818410093e-18 6.818410093e-18 6.818410093e-18 6.818410093e-18 6.818410093e-18

5.396991531e-18 0.000000000e+00 1.267710450e-03 5.396991531e-18 5.396991531e-18 5.396991531e-18
5.396991531e-18 0.000000000e+00 0.000000000e+00 1.162746578e-04 5.396991531e-18 5.396991531e-18
5.396991531e-18 5.396991531e-18 5.396991531e-18 1.009977534e-01 5.396991531e-18 5.396991531e-18
5.396991531e-18 1.162746578e-04 8.953252375e-01 0.000000000e+00 5.396991531e-18 5.396991531e-18
5.396991531e-18 5.396991531e-18 2.176749312e-03 5.396991531e-18 5.396991531e-18 5.396991531e-18
5.396991531e-18 5.396991531e-18 5.396991531e-18 5.396991531e-18 5.396991531e-18 5.396991531e-18

4.828531068e-18 0.000000000e+00 3.179846578e-03 4.828531068e-18 4.828531068e-18 4.828531068e-18
4.828531068e-18 0.000000000e+00 0.000000000e+00 4.828531068e-18 4.828531068e-18 4.828531068e-18
4.828531068e-18 0.000000000e+00 0.000000000e+00 4.828531068e-18 1.947474184e-03 4.828531068e-18
4.828531068e-18 4.828531068e-18 9.920147156e-01 0.000000000e+00 2.857963589e-03 4.828531068e-18
4.828531068e-18 4.828531068e-18 4.828531068e-18 4.828531068e-18 4.828531068e-18 4.828531068e-18
4.828531068e-18 4.828531068e-18 4.828531068e-18 4.828531068e-18 4.828531068e-18 4.828531068e-18

3.609445831e-02 0.000000000e+00 3.609445831e-02 3.609445831e-02 0.000000000e+00 3.609445831e-02
3.609445831e-02 0.000000000e+00 0.000000000e+00 3.609445831e-02 3.609445831e-02 3.609445831e-02
3.609445831e-02 0.000000000e+00 0.000000000e+00 0.000000000e+00 3.609445831e-02 3.609445831e-02
3.609445831e-02 3.609445831e-02 3.476385421e-02 0.000000000e+00 3.609445831e-02 3.609445831e-02
3.609445831e-02 3.609445831e-02 3.609445831e-02 3.609445831e-02 3.609445831e-02 3.476385421e-02
3.476385421e-02 3.476385421e-02 3.476385421e-02 3.476385421e-02 3.476385421e-02 3.476385421e-02

