5.639409848e-18 5.639409848e-18 5.639409848e-18 5.639409848e-18 5.639409848e-18 5.639409848e-18
5.639409848e-18 0.000000000e+00 5.639409848e-18 3.061542688e-04 5.639409848e-18 5.639409848e-18
5.639409848e-18 1.033025479e-02 8.932938175e-01 8.001255304e-02 5.639409848e-18 5.639409848e-18
5.639409848e-18 5.639409848e-18 3.713853727e-03 1.234336665e-02 5.639409848e-18 5.639409848e-18
5.639409848e-18 5.639409848e-18 5.639409848e-18 5.639409848e-18 5.639409848e-18 5.639409848e-18
5.639409848e-18 5.639409848e-18 5.639409848e-18 5.639409848e-18 5.639409848e-18 5.639409848e-18

1.520963107e-04 1.520963107e-04 1.520963107e-04 1.520963107e-04 1.520963107e-04 1.520963107e-04
1.520963107e-04 0.000000000e+00 0.000000000e+00 2.575869849e-01 1.520963107e-04 1.520963107e-04
1.520963107e-04 6.580825163e-04 0.000000000e+00 4.348649012e-01 1.520963107e-04 1.520963107e-04
1.520963107e-04 9.657513745e-04 7.174891753e-03 2.946427879e-01 1.520963107e-04 1.520963107e-04
1.520963107e-04 1.520963107e-04 1.520963107e-04 1.520963107e-04 1.520963107e-04 1.520963107e-04
1.520963107e-04 1.520963107e-04 1.520963107e-04 1.520963107e-04 1.520963107e-04 1.520963107e-04

1.528498493e-04 2.549484394e-01 0.000000000e+00 1.528498493e-04 1.528498493e-04 1.528498493e-04
3.851574852e-04 0.000000000e+00 0.000000000e+00 1.306847829e-03 1.528498493e-04 1.528498493e-04
4.199265587e-03 0.000000000e+00 0.000000000e+00 5.099775308e-01 1.528498493e-04 1.528498493e-04
1.528498493e-04 1.528498493e-04 1.238083779e-02 2.129012171e-01 1.528498493e-04 1.528498493e-04
1.528498493e-04 3.851574852e-04 1.528498493e-04 1.528498493e-04 1.528498493e-04 1.528498493e-04
1.528498493e-04 1.528498493e-04 1.528498493e-04 1.528498493e-04 1.528498493e-04 1.528498493e-04

