6.851136000e-18 9.372222214e-04 2.362540563e-02 1.476032507e-04 3.719368851e-04 6.851136000e-18
1.476032507e-04 3.719368851e-04 4.751682109e-02 6.386421745e-04 6.851136000e-18 1.609277438e-03
7.904268777e-01 3.936901080e-02 6.851136000e-18 4.096765815e-02 3.719368851e-04 6.851136000e-18
6.851136000e-18 1.476032507e-04 5.003401761e-02 0.000000000e+00 9.372222214e-04 3.719368851e-04
6.851136000e-18 6.851136000e-18 1.476032507e-04 3.719368851e-04 3.719368851e-04 3.719368851e-04
6.851136000e-18 6.851136000e-18 6.851136000e-18 3.719368851e-04 3.719368851e-04 6.851136000e-18

4.784596910e-18 4.784596910e-18 1.030810156e-04 4.784596910e-18 4.784596910e-18 4.784596910e-18
4.784596910e-18 4.784596910e-18 1.030810156e-04 4.784596910e-18 4.784596910e-18 1.030810156e-04
1.030810156e-04 1.030810156e-04 0.000000000e+00 4.460056514e-04 0.000000000e+00 4.784596910e-18
4.784596910e-18 1.030810156e-04 9.965937893e-01 0.000000000e+00 4.460056514e-04 1.030810156e-04
4.784596910e-18 1.030810156e-04 4.784596910e-18 1.030810156e-04 1.030810156e-04 4.784596910e-18
4.784596910e-18 4.784596910e-18 1.380308224e-03 1.030810156e-04 4.784596910e-18 4.784596910e-18

1.325764901e-04 1.325764901e-04 9.178002524e-03 1.325764901e-04 3.340718213e-04 3.340718213e-04
1.325764901e-04 1.325764901e-04 8.418082396e-04 8.418082396e-04 1.325764901e-04 1.445444822e-03
1.073869570e-02 2.856273894e-03 0.000000000e+00 9.178862942e-01 0.000000000e+00 9.178002524e-03
8.418082396e-04 1.346893183e-02 0.000000000e+00 0.000000000e+00 1.325764901e-04 4.904426111e-03
1.325764901e-04 1.775267914e-03 0.000000000e+00 1.073869570e-02 3.340718213e-04 1.325764901e-04
1.325764901e-04 1.445444822e-03 9.691400220e-03 1.133513046e-03 1.325764901e-04 5.736251578e-04

1.993442775e-04 1.993442775e-04 3.869084647e-02 8.625125958e-04 8.625125958e-04 1.993442775e-04
3.096520848e-02 4.294742267e-03 1.265757263e-03 1.993442775e-04 1.993442775e-04 3.189508440e-03
4.146401902e-01 2.818267735e-02 0.000000000e+00 4.270917107e-02 0.000000000e+00 3.731875262e-03
1.993442775e-04 0.000000000e+00 0.000000000e+00 0.000000000e+00 0.000000000e+00 7.374378962e-03
2.973163291e-01 1.694914577e-02 0.000000000e+00 9.403736396e-03 8.713694606e-03 1.993442775e-04
1.993442775e-04 1.941270395e-02 2.910289285e-02 6.726272957e-03 3.381174490e-02 1.993442775e-04

1.668100309e-04 1.668100309e-04 1.059177674e-03 1.668100309e-04 1.668100309e-04 1.668100309e-04
1.834847548e-01 1.938025995e-01 7.217450861e-04 1.668100309e-04 1.668100309e-04 1.668100309e-04
3.651086598e-01 1.668100309e-04 0.000000000e+00 1.418293800e-02 0.000000000e+00 1.668100309e-04
0.000000000e+00 0.000000000e+00 0.000000000e+00 0.000000000e+00 0.000000000e+00 1.668100309e-04
2.377968748e-01 0.000000000e+00 0.000000000e+00 1.668100309e-04 1.668100309e-04 1.668100309e-04
1.668100309e-04 1.668100309e-04 1.668100309e-04 4.203349385e-04 4.203349385e-04 1.668100309e-04

1.557767706e-04 3.925328648e-04 1.557767706e-04 3.101252941e-02 3.356108785e-03 6.280525837e-03
1.557767706e-04 1.331872654e-03 4.071181883e-02 8.812788523e-02 1.557767706e-04 2.085931695e-03
7.327690942e-01 0.000000000e+00 0.000000000e+00 0.000000000e+00 0.000000000e+00 6.809281024e-03
0.000000000e+00 0.000000000e+00 0.000000000e+00 0.000000000e+00 0.000000000e+00 1.557767706e-04
7.913119664e-02 0.000000000e+00 0.000000000e+00 1.557767706e-04 1.557767706e-04 1.557767706e-04
1.331872654e-03 6.740069415e-04 3.925328648e-04 1.698391067e-03 2.492428330e-03 1.557767706e-04

