6.440241398e-18 6.440241398e-18 6.440241398e-18 6.440241398e-18 6.440241398e-18 6.440241398e-18
6.440241398e-18 6.440241398e-18 0.000000000e+00 3.496300941e-04 6.440241398e-18 6.440241398e-18
6.440241398e-18 3.775738281e-02 5.403784715e-01 1.123881438e-02 6.440241398e-18 6.440241398e-18
6.440241398e-18 3.496300941e-04 2.220012717e-03 4.075673076e-01 1.387507948e-04 6.440241398e-18
6.440241398e-18 6.440241398e-18 6.440241398e-18 6.440241398e-18 6.440241398e-18 6.440241398e-18
6.440241398e-18 6.440241398e-18 6.440241398e-18 6.440241398e-18 6.440241398e-18 6.440241398e-18

3.848354749e-04 3.848354749e-04 1.057263958e-02 1.527220594e-04 1.527220594e-04 1.527220594e-04
1.527220594e-04 0.000000000e+00 0.000000000e+00 1.527220594e-04 1.305755241e-03 1.527220594e-04
9.697246311e-04 5.153146461e-03 0.000000000e+00 7.319224747e-01 2.045027528e-03 1.527220594e-04
1.527220594e-04 2.813164387e-02 7.469294058e-02 1.293504592e-01 4.195754797e-03 1.527220594e-04
1.527220594e-04 1.527220594e-04 6.675754138e-03 3.848354749e-04 1.527220594e-04 1.527220594e-04
1.527220594e-04 3.848354749e-04 3.848354749e-04 3.848354749e-04 3.848354749e-04 1.527220594e-04

3.975975656e-04 3.975975656e-04 3.975975656e-04 4.293750378e-02 3.975975656e-04 1.577866985e-04
1.577866985e-04 0.000000000e+00 0.000000000e+00 0.000000000e+00 6.897138561e-03 1.577866985e-04
4.334896344e-03 0.000000000e+00 0.000000000e+00 6.972728754e-01 1.349057295e-03 1.577866985e-04
1.370556781e-01 1.349057295e-03 3.975975656e-04 8.316245521e-02 8.565979879e-03 1.577866985e-04
6.827033941e-04 2.112845670e-03 1.577866985e-04 6.361561049e-03 1.577866985e-04 1.577866985e-04
3.975975656e-04 3.975975656e-04 3.399411368e-03 1.577866985e-04 1.577866985e-04 1.577866985e-04

