1.057116728e-17 5.588713731e-02 2.807966425e-02 5.738912537e-04 2.508581227e-02 1.057116728e-17
6.961680399e-03 2.508581227e-02 1.799028194e-01 1.071235057e-01 1.057116728e-17 5.588713731e-02
1.057116728e-17 0.000000000e+00 1.057116728e-17 1.348024979e-01 1.057116728e-17 7.850721919e-02
5.738912537e-04 7.203407156e-02 1.423430593e-01 7.850721919e-02 1.057116728e-17 1.057116728e-17
1.057116728e-17 1.057116728e-17 2.277488950e-04 1.057116728e-17 1.057116728e-17 5.738912537e-04
1.057116728e-17 1.446115342e-03 5.738912537e-04 4.263631129e-03 9.854122377e-04 5.738912537e-04

4.258498747e-03 1.533485369e-01 7.312146252e-03 1.255075482e-03 2.646796655e-03 9.174657428e-18
4.258498747e-03 9.174657428e-18 0.000000000e+00 3.935117306e-02 4.980770350e-04 1.689986348e-03
1.292886216e-02 0.000000000e+00 0.000000000e+00 1.156962117e-01 1.255075482e-03 2.155054169e-03
9.174657428e-18 1.315078219e-01 3.846626486e-01 1.196014096e-01 9.174657428e-18 3.162592037e-03
1.255075482e-03 9.174657428e-18 1.689986348e-03 9.174657428e-18 9.174657428e-18 2.155054169e-03
9.174657428e-18 2.646796655e-03 9.174657428e-18 2.646796655e-03 3.162592037e-03 8.552338138e-04

3.762570078e-04 6.020112125e-03 3.762570078e-04 1.276648313e-03 6.930713342e-18 3.762570078e-04
1.627969523e-03 0.000000000e+00 0.000000000e+00 3.377611761e-01 6.930713342e-18 6.930713342e-18
3.762570078e-04 0.000000000e+00 0.000000000e+00 6.930713342e-18 1.211256314e-01 3.762570078e-04
3.762570078e-04 3.216952166e-03 0.000000000e+00 5.240801693e-01 6.930713342e-18 6.930713342e-18
3.762570078e-04 6.930713342e-18 6.930713342e-18 3.762570078e-04 6.930713342e-18 6.930713342e-18
3.762570078e-04 3.762570078e-04 3.762570078e-04 6.930713342e-18 3.762570078e-04 3.762570078e-04

1.298291042e-03 2.033337365e-03 9.641813123e-04 1.655568121e-03 9.641813123e-04 9.641813123e-04
1.655568121e-03 0.000000000e+00 0.000000000e+00 4.974311998e-02 9.641813123e-04 9.641813123e-04
1.298291042e-03 0.000000000e+00 0.000000000e+00 0.000000000e+00 1.478748486e-02 9.641813123e-04
7.294235917e-01 0.000000000e+00 0.000000000e+00 1.752396223e-01 6.570126442e-04 9.641813123e-04
9.641813123e-04 3.826356074e-04 1.298291042e-03 6.570126442e-04 6.570126442e-04 9.641813123e-04
1.298291042e-03 5.123689095e-03 9.641813123e-04 1.518490414e-04 2.033337365e-03 9.641813123e-04

4.324406563e-04 3.697315603e-03 1.716141882e-04 1.254507326e-02 4.324406563e-04 4.324406563e-04
4.856819660e-02 0.000000000e+00 0.000000000e+00 4.198331916e-03 1.716141882e-04 2.298002924e-03
5.790604513e-03 0.000000000e+00 0.000000000e+00 0.000000000e+00 8.700776071e-03 3.212747070e-03
6.846860504e-01 0.000000000e+00 0.000000000e+00 0.000000000e+00 1.871062052e-03 1.716141882e-04
2.269721995e-02 0.000000000e+00 1.716141882e-04 3.589523296e-02 1.716141882e-04 1.716141882e-04
1.089682171e-03 9.486215623e-02 5.331656356e-02 1.390074924e-02 1.716141882e-04 1.716141882e-04

4.763568698e-18 4.763568698e-18 4.763568698e-18 4.763568698e-18 4.763568698e-18 4.763568698e-18
4.763568698e-18 0.000000000e+00 0.000000000e+00 4.763568698e-18 4.763568698e-18 4.763568698e-18
1.026279765e-04 0.000000000e+00 0.000000000e+00 0.000000000e+00 4.763568698e-18 4.763568698e-18
6.326487786e-03 0.000000000e+00 0.000000000e+00 0.000000000e+00 0.000000000e+00 4.763568698e-18
4.763568698e-18 0.000000000e+00 0.000000000e+00 4.763568698e-18 4.763568698e-18 4.763568698e-18
4.763568698e-18 4.763568698e-18 9.935708842e-01 4.763568698e-18 4.763568698e-18 4.763568698e-18

