6.349892577e-18 6.349892577e-18 6.349892577e-18 6.349892577e-18 6.349892577e-18 6.349892577e-18
6.349892577e-18 5.919177787e-04 6.453515910e-03 5.919177787e-04 2.060903479e-02 6.349892577e-18
6.349892577e-18 6.349892577e-18 7.426879412e-03 3.142213767e-02 8.600149081e-01 6.349892577e-18
6.349892577e-18 0.000000000e+00 3.346750152e-03 1.108114736e-02 6.349892577e-18 6.349892577e-18
6.349892577e-18 6.349892577e-18 6.349892577e-18 7.926085836e-03 4.953024787e-02 6.349892577e-18
6.349892577e-18 1.368042885e-04 6.349892577e-18 6.349892577e-18 8.686530856e-04 6.349892577e-18

4.670668047e-04 4.670668047e-04 8.603444102e-18 8.603444102e-18 8.603444102e-18 8.603444102e-18
8.603444102e-18 9.181734704e-02 6.496094986e-02 3.505628650e-02 7.255197472e-02 8.603444102e-18
1.853555843e-04 0.000000000e+00 4.670668047e-04 5.862560793e-02 1.584767954e-03 8.603444102e-18
8.603444102e-18 0.000000000e+00 4.976806824e-01 8.603444102e-18 0.000000000e+00 5.449418223e-02
8.603444102e-18 1.176934598e-03 8.019870354e-04 1.170845888e-01 1.176934598e-03 8.603444102e-18
8.603444102e-18 4.670668047e-04 4.670668047e-04 4.670668047e-04 8.603444102e-18 8.603444102e-18

4.436829572e-04 1.118010995e-03 4.436829572e-04 4.436829572e-04 4.436829572e-04 7.618353004e-04
4.436829572e-04 4.601688620e-02 2.357744856e-03 1.863737194e-02 8.926972987e-03 1.760756983e-04
7.618353004e-04 0.000000000e+00 7.098927315e-03 9.619164326e-02 8.926972987e-03 1.760756983e-04
1.760756983e-04 0.000000000e+00 0.000000000e+00 0.000000000e+00 0.000000000e+00 8.926972987e-03
7.696583425e-03 6.599030017e-01 1.118010995e-03 8.611468257e-02 3.243342092e-02 1.760756983e-04
1.760756983e-04 2.357744856e-03 4.307477321e-03 4.436829572e-04 2.357744856e-03 4.436829572e-04

2.787144989e-04 3.380991174e-03 5.133964965e-18 5.133964965e-18 1.106079222e-04 5.133964965e-18
9.796717934e-01 0.000000000e+00 1.106079222e-04 2.070663747e-03 2.787144989e-04 5.133964965e-18
5.133964965e-18 0.000000000e+00 5.133964965e-18 5.217745684e-03 4.785726848e-04 5.133964965e-18
0.000000000e+00 0.000000000e+00 0.000000000e+00 0.000000000e+00 0.000000000e+00 2.382975446e-03
4.785726848e-04 2.787144989e-04 5.133964965e-18 3.380991174e-03 1.769726755e-03 5.133964965e-18
5.133964965e-18 5.133964965e-18 5.133964965e-18 5.133964965e-18 1.106079222e-04 5.133964965e-18

3.987840203e-04 1.582575434e-04 7.345664460e-18 1.353082963e-03 3.987840203e-04 7.345664460e-18
2.426158663e-01 0.000000000e+00 0.000000000e+00 1.095584995e-02 6.847406217e-04 7.345664460e-18
0.000000000e+00 0.000000000e+00 7.345664460e-18 7.345664460e-18 6.763968213e-02 7.345664460e-18
0.000000000e+00 0.000000000e+00 0.000000000e+00 0.000000000e+00 0.000000000e+00 7.345664460e-18
2.165747278e-01 7.345664460e-18 7.345664460e-18 7.345664460e-18 4.586631830e-01 7.345664460e-18
7.345664460e-18 7.345664460e-18 1.582575434e-04 3.987840203e-04 7.345664460e-18 7.345664460e-18

