7.905539270e-18 1.703196805e-04 7.905539270e-18 2.645666322e-02 2.280668795e-03 7.905539270e-18
4.291787013e-04 7.905539270e-18 7.369304579e-04 6.869442820e-02 7.905539270e-18 4.291787013e-04
1.081462560e-03 7.905539270e-18 5.036443858e-01 7.905539270e-18 8.011121750e-02 1.179088733e-02
1.703196805e-04 0.000000000e+00 4.542797879e-02 2.554392069e-01 4.291787013e-04 7.905539270e-18
7.905539270e-18 7.905539270e-18 7.905539270e-18 1.703196805e-04 7.905539270e-18 7.905539270e-18
7.905539270e-18 1.081462560e-03 7.905539270e-18 7.905539270e-18 1.456212784e-03 7.905539270e-18

3.287546084e-02 3.406546693e-02 2.666467025e-04 1.059553506e-01 4.267952419e-02 1.447581013e-02
1.544881872e-02 2.666467025e-04 8.150683333e-03 2.596680256e-02 6.719075868e-04 3.169612846e-02
2.267150021e-02 0.000000000e+00 1.956868763e-01 0.000000000e+00 5.043086904e-02 9.864109759e-03
8.997190822e-03 0.000000000e+00 9.499221631e-02 9.653993613e-02 6.523186533e-03 7.325622674e-03
1.643740005e-02 6.719075868e-04 1.165560388e-02 4.991827431e-03 2.666467025e-04 8.150683333e-03
1.643740005e-02 9.499221631e-02 9.864109759e-03 5.744729059e-03 1.949199220e-02 5.744729059e-03

1.581896287e-04 1.581896287e-04 1.581896287e-04 5.271944265e-02 1.581896287e-04 3.986128862e-04
1.581896287e-04 2.236436040e-02 5.851937585e-03 9.751578349e-03 1.581896287e-04 1.581896287e-04
4.835437895e-03 0.000000000e+00 0.000000000e+00 0.000000000e+00 1.352502300e-03 1.352502300e-03
1.581896287e-04 0.000000000e+00 1.581896287e-04 7.145733335e-01 3.986128862e-04 1.581896287e-04
3.986128862e-04 0.000000000e+00 1.339813069e-01 1.352502300e-03 1.581896287e-04 1.581896287e-04
1.581896287e-04 3.986128862e-04 3.633406779e-02 1.581896287e-04 1.156373201e-02 1.581896287e-04

