6.468507115e-18 1.393597612e-04 6.468507115e-18 3.409266678e-03 1.393597612e-04 6.468507115e-18
1.393597612e-04 6.468507115e-18 1.393597612e-04 5.208299632e-02 8.848793262e-04 1.393597612e-04
1.393597612e-04 6.468507115e-18 7.750300650e-01 6.468507115e-18 1.458459893e-01 7.565611817e-03
1.393597612e-04 6.468507115e-18 1.866099430e-03 1.073417136e-02 3.511645933e-04 1.393597612e-04
1.393597612e-04 6.468507115e-18 6.468507115e-18 1.393597612e-04 6.468507115e-18 6.468507115e-18
1.393597612e-04 1.393597612e-04 1.393597612e-04 1.393597612e-04 1.393597612e-04 1.393597612e-04

4.756701839e-18 4.756701839e-18 4.756701839e-18 1.024800345e-04 4.756701839e-18 4.756701839e-18
4.756701839e-18 4.756701839e-18 4.756701839e-18 8.761919702e-04 1.024800345e-04 2.507049121e-03
4.756701839e-18 4.756701839e-18 4.756701839e-18 0.000000000e+00 9.962068388e-01 4.756701839e-18
4.756701839e-18 4.756701839e-18 0.000000000e+00 4.756701839e-18 1.024800345e-04 1.024800345e-04
4.756701839e-18 4.756701839e-18 4.756701839e-18 4.756701839e-18 4.756701839e-18 4.756701839e-18
4.756701839e-18 4.756701839e-18 4.756701839e-18 4.756701839e-18 4.756701839e-18 4.756701839e-18

5.295368892e-18 1.140852644e-04 5.295368892e-18 2.561337912e-02 5.295368892e-18 5.295368892e-18
5.295368892e-18 1.140852644e-04 5.295368892e-18 2.679772259e-02 1.140852644e-04 1.140852644e-04
1.140852644e-04 5.295368892e-18 0.000000000e+00 0.000000000e+00 9.460685126e-01 0.000000000e+00
5.295368892e-18 1.140852644e-04 0.000000000e+00 4.936182706e-04 1.140852644e-04 1.140852644e-04
5.295368892e-18 5.295368892e-18 5.295368892e-18 5.295368892e-18 5.295368892e-18 1.140852644e-04
5.295368892e-18 5.295368892e-18 5.295368892e-18 5.295368892e-18 5.295368892e-18 5.295368892e-18

7.840484828e-18 1.689181250e-04 7.840484828e-18 5.822769092e-02 7.840484828e-18 6.248818791e-03
7.840484828e-18 1.689181250e-04 0.000000000e+00 1.192990563e-01 1.689181250e-04 2.703706865e-02
5.163379607e-03 7.383713107e-03 0.000000000e+00 0.000000000e+00 6.739296154e-01 0.000000000e+00
7.840484828e-18 8.564086661e-03 0.000000000e+00 2.865101834e-02 1.505012993e-02 3.619041985e-02
9.786678276e-03 1.689181250e-04 7.840484828e-18 1.841667621e-03 7.840484828e-18 1.689181250e-04
1.689181250e-04 1.444229653e-03 0.000000000e+00 1.689181250e-04 7.840484828e-18 7.840484828e-18

6.485509848e-18 1.397260740e-04 6.485509848e-18 1.131781199e-02 6.485509848e-18 6.485509848e-18
6.485509848e-18 6.485509848e-18 0.000000000e+00 6.742933471e-01 6.485509848e-18 6.485509848e-18
1.397260740e-04 2.235617184e-03 0.000000000e+00 0.000000000e+00 7.995738930e-02 0.000000000e+00
6.485509848e-18 6.485509848e-18 0.000000000e+00 6.485509848e-18 0.000000000e+00 1.397260740e-04
6.045596105e-04 1.397260740e-04 0.000000000e+00 2.306802828e-01 6.485509848e-18 6.485509848e-18
6.485509848e-18 6.485509848e-18 0.000000000e+00 3.520876437e-04 6.485509848e-18 6.485509848e-18

5.479482254e-18 5.479482254e-18 5.479482254e-18 5.479482254e-18 5.479482254e-18 5.479482254e-18
5.479482254e-18 5.479482254e-18 0.000000000e+00 5.479482254e-18 5.479482254e-18 5.479482254e-18
5.479482254e-18 5.479482254e-18 0.000000000e+00 0.000000000e+00 0.000000000e+00 0.000000000e+00
5.479482254e-18 5.479482254e-18 0.000000000e+00 0.000000000e+00 0.000000000e+00 5.479482254e-18
5.479482254e-18 5.479482254e-18 0.000000000e+00 5.479482254e-18 1.625115043e-01 5.479482254e-18
5.479482254e-18 5.479482254e-18 0.000000000e+00 8.374884957e-01 5.479482254e-18 5.479482254e-18

5.751748386e-18 5.751748386e-18 5.751748386e-18 8.639711950e-01 5.751748386e-18 5.751748386e-18
5.751748386e-18 5.751748386e-18 0.000000000e+00 5.751748386e-18 6.294746565e-02 5.751748386e-18
5.751748386e-18 5.751748386e-18 0.000000000e+00 0.000000000e+00 0.000000000e+00 0.000000000e+00
5.751748386e-18 5.751748386e-18 0.000000000e+00 0.000000000e+00 0.000000000e+00 4.584108533e-03
5.751748386e-18 5.751748386e-18 0.000000000e+00 0.000000000e+00 6.849723083e-02 5.751748386e-18
5.751748386e-18 5.751748386e-18 0.000000000e+00 0.000000000e+00 5.751748386e-18 5.751748386e-18

