7.312828517e-18 7.312828517e-18 7.312828517e-18 7.312828517e-18 7.312828517e-18 7.312828517e-18
7.312828517e-18 7.312828517e-18 3.375484299e-02 6.816797544e-04 7.312828517e-18 7.312828517e-18
7.312828517e-18 2.083714428e-02 1.222292563e-01 7.312828517e-18 3.970014111e-04 7.312828517e-18
7.312828517e-18 7.312828517e-18 5.795947429e-02 6.740513025e-01 4.806724190e-02 7.312828517e-18
7.312828517e-18 7.312828517e-18 7.312828517e-18 4.202205662e-02 7.312828517e-18 7.312828517e-18
7.312828517e-18 7.312828517e-18 7.312828517e-18 7.312828517e-18 7.312828517e-18 7.312828517e-18

6.224694847e-18 6.224694847e-18 6.224694847e-18 6.224694847e-18 6.224694847e-18 6.224694847e-18
6.224694847e-18 6.224694847e-18 6.224694847e-18 5.650609960e-02 6.224694847e-18 6.224694847e-18
6.224694847e-18 6.224694847e-18 6.101890627e-01 0.000000000e+00 6.224694847e-18 6.224694847e-18
6.224694847e-18 6.224694847e-18 6.224694847e-18 6.224694847e-18 6.224694847e-18 6.224694847e-18
6.224694847e-18 6.224694847e-18 6.224694847e-18 3.333048377e-01 6.224694847e-18 6.224694847e-18
6.224694847e-18 6.224694847e-18 6.224694847e-18 6.224694847e-18 6.224694847e-18 0.000000000e+00

8.998827937e-18 8.998827937e-18 8.388435204e-04 8.998827937e-18 8.998827937e-18 4.885315416e-04
8.998827937e-18 8.998827937e-18 6.241237907e-02 0.000000000e+00 1.768737561e-01 8.998827937e-18
8.998827937e-18 8.998827937e-18 1.572693403e-01 0.000000000e+00 2.652157246e-02 8.998827937e-18
2.113753218e-03 4.055112126e-02 8.998827937e-18 0.000000000e+00 9.725839572e-02 4.553943259e-02
8.998827937e-18 4.885315416e-04 8.998827937e-18 3.500732878e-01 8.998827937e-18 8.998827937e-18
8.998827937e-18 8.998827937e-18 8.998827937e-18 3.957105487e-02 8.998827937e-18 0.000000000e+00

7.251413694e-18 7.251413694e-18 7.251413694e-18 7.251413694e-18 7.251413694e-18 0.000000000e+00
7.251413694e-18 7.251413694e-18 7.251413694e-18 0.000000000e+00 3.109646590e-01 7.251413694e-18
7.251413694e-18 7.251413694e-18 7.251413694e-18 0.000000000e+00 7.251413694e-18 7.251413694e-18
7.251413694e-18 1.391938390e-02 0.000000000e+00 0.000000000e+00 2.820952074e-01 7.251413694e-18
7.251413694e-18 7.251413694e-18 7.251413694e-18 4.679498844e-02 7.251413694e-18 7.251413694e-18
3.462257613e-01 7.251413694e-18 7.251413694e-18 7.251413694e-18 7.251413694e-18 0.000000000e+00

7.979591275e-18 7.979591275e-18 7.514715478e-03 7.979591275e-18 7.979591275e-18 0.000000000e+00
7.979591275e-18 2.750641321e-03 7.979591275e-18 0.000000000e+00 3.467921894e-01 7.979591275e-18
0.000000000e+00 7.979591275e-18 7.979591275e-18 0.000000000e+00 7.979591275e-18 7.979591275e-18
7.979591275e-18 3.771207721e-02 0.000000000e+00 0.000000000e+00 2.241783278e-01 7.979591275e-18
7.979591275e-18 0.000000000e+00 7.979591275e-18 4.771546902e-02 7.979591275e-18 7.979591275e-18
2.779932307e-01 7.979591275e-18 7.979591275e-18 5.534334905e-02 7.979591275e-18 0.000000000e+00

