7.312828517e-18 7.312828517e-18 7.312828517e-18 7.312828517e-18 7.312828517e-18 7.312828517e-18
7.312828517e-18 7.312828517e-18 3.375484299e-02 6.816797544e-04 7.312828517e-18 7.312828517e-18
7.312828517e-18 2.083714428e-02 1.222292563e-01 7.312828517e-18 3.970014111e-04 7.312828517e-18
7.312828517e-18 7.312828517e-18 5.795947429e-02 6.740513025e-01 4.806724190e-02 7.312828517e-18
7.312828517e-18 7.312828517e-18 7.312828517e-18 4.202205662e-02 7.312828517e-18 7.312828517e-18
7.312828517e-18 7.312828517e-18 7.312828517e-18 7.312828517e-18 7.312828517e-18 7.312828517e-18

7.274608614e-18 7.274608614e-18 7.274608614e-18 7.274608614e-18 7.274608614e-18 7.274608614e-18
7.274608614e-18 7.274608614e-18 7.274608614e-18 5.292748618e-01 7.274608614e-18 7.274608614e-18
7.274608614e-18 7.274608614e-18 0.000000000e+00 0.000000000e+00 7.274608614e-18 7.274608614e-18
7.274608614e-18 6.415022081e-02 2.402690023e-01 7.274608614e-18 7.274608614e-18 7.274608614e-18
7.274608614e-18 7.274608614e-18 7.274608614e-18 1.021556942e-01 7.274608614e-18 7.274608614e-18
7.274608614e-18 7.274608614e-18 7.274608614e-18 6.415022081e-02 7.274608614e-18 7.274608614e-18

6.404785350e-18 6.404785350e-18 6.404785350e-18 6.404785350e-18 6.404785350e-18 6.404785350e-18
6.404785350e-18 6.404785350e-18 6.404785350e-18 7.405049520e-01 6.404785350e-18 6.404785350e-18
6.404785350e-18 6.404785350e-18 0.000000000e+00 0.000000000e+00 6.404785350e-18 6.404785350e-18
6.404785350e-18 6.404785350e-18 0.000000000e+00 0.000000000e+00 6.404785350e-18 6.404785350e-18
6.404785350e-18 6.404785350e-18 1.119341734e-01 9.840338269e-02 6.404785350e-18 6.404785350e-18
6.404785350e-18 6.404785350e-18 6.404785350e-18 4.915749185e-02 6.404785350e-18 6.404785350e-18

5.158835770e-18 5.158835770e-18 5.158835770e-18 9.600541193e-01 5.158835770e-18 5.158835770e-18
5.158835770e-18 4.111560779e-03 0.000000000e+00 5.158835770e-18 5.158835770e-18 5.158835770e-18
5.158835770e-18 5.158835770e-18 0.000000000e+00 0.000000000e+00 5.158835770e-18 5.158835770e-18
5.158835770e-18 5.158835770e-18 0.000000000e+00 0.000000000e+00 5.158835770e-18 5.158835770e-18
5.158835770e-18 5.158835770e-18 0.000000000e+00 2.727348414e-02 5.158835770e-18 5.158835770e-18
5.158835770e-18 5.158835770e-18 8.560835785e-03 5.158835770e-18 5.158835770e-18 5.158835770e-18

