6.851136000e-18 9.372222214e-04 2.362540563e-02 1.476032507e-04 3.719368851e-04 6.851136000e-18
1.476032507e-04 3.719368851e-04 4.751682109e-02 6.386421745e-04 6.851136000e-18 1.609277438e-03
7.904268777e-01 3.936901080e-02 6.851136000e-18 4.096765815e-02 3.719368851e-04 6.851136000e-18
6.851136000e-18 1.476032507e-04 5.003401761e-02 0.000000000e+00 9.372222214e-04 3.719368851e-04
6.851136000e-18 6.851136000e-18 1.476032507e-04 3.719368851e-04 3.719368851e-04 3.719368851e-04
6.851136000e-18 6.851136000e-18 6.851136000e-18 3.719368851e-04 3.719368851e-04 6.851136000e-18

4.784596910e-18 4.784596910e-18 1.030810156e-04 4.784596910e-18 4.784596910e-18 4.784596910e-18
4.784596910e-18 4.784596910e-18 1.030810156e-04 4.784596910e-18 4.784596910e-18 1.030810156e-04
1.030810156e-04 1.030810156e-04 0.000000000e+00 4.460056514e-04 0.000000000e+00 4.784596910e-18
4.784596910e-18 1.030810156e-04 9.965937893e-01 0.000000000e+00 4.460056514e-04 1.030810156e-04
4.784596910e-18 1.030810156e-04 4.784596910e-18 1.030810156e-04 1.030810156e-04 4.784596910e-18
4.784596910e-18 4.784596910e-18 1.380308224e-03 1.030810156e-04 4.784596910e-18 4.784596910e-18

5.104129787e-18 5.104129787e-18 1.099651428e-04 1.099651428e-04 1.099651428e-04 1.099651428e-04
5.104129787e-18 1.099651428e-04 5.104129787e-18 5.104129787e-18 5.104129787e-18 5.104129787e-18
6.982351332e-04 9.711348625e-01 0.000000000e+00 1.099651428e-04 0.000000000e+00 1.099651428e-04
1.099651428e-04 5.104129787e-18 0.000000000e+00 0.000000000e+00 1.099651428e-04 1.099651428e-04
1.099651428e-04 2.412245565e-02 0.000000000e+00 9.401887455e-04 5.104129787e-18 5.104129787e-18
5.104129787e-18 1.198919553e-03 1.099651428e-04 4.757915397e-04 1.099651428e-04 5.104129787e-18

4.872945499e-18 4.872945499e-18 1.049844283e-04 9.786330844e-03 4.872945499e-18 4.542412397e-04
4.872945499e-18 1.049844283e-04 4.872945499e-18 4.872945499e-18 4.872945499e-18 4.872945499e-18
1.049844283e-04 9.887095836e-01 0.000000000e+00 1.049844283e-04 0.000000000e+00 4.872945499e-18
1.049844283e-04 0.000000000e+00 0.000000000e+00 0.000000000e+00 1.049844283e-04 4.872945499e-18
0.000000000e+00 1.049844283e-04 0.000000000e+00 1.049844283e-04 4.872945499e-18 4.872945499e-18
4.872945499e-18 1.049844283e-04 4.872945499e-18 1.049844283e-04 4.872945499e-18 4.872945499e-18

1.929184247e-04 4.861239685e-04 4.719514093e-03 2.293209372e-02 0.000000000e+00 9.100607425e-03
4.861239685e-04 9.799834558e-02 4.861239685e-04 0.000000000e+00 1.929184247e-04 1.929184247e-04
7.437027325e-02 5.050664115e-01 0.000000000e+00 1.189243030e-02 0.000000000e+00 8.432809098e-03
1.718848915e-02 0.000000000e+00 0.000000000e+00 0.000000000e+00 7.136666226e-03 1.929184247e-04
0.000000000e+00 3.553587767e-02 0.000000000e+00 1.649429330e-03 1.929184247e-04 1.442630435e-01
1.929184247e-04 5.249767992e-02 8.347095455e-04 3.086694796e-03 1.929184247e-04 4.861239685e-04

4.000000000e-02 4.000000000e-02 4.000000000e-02 4.000000000e-02 0.000000000e+00 4.000000000e-02
4.000000000e-02 4.000000000e-02 4.000000000e-02 0.000000000e+00 4.000000000e-02 4.000000000e-02
4.000000000e-02 4.000000000e-02 0.000000000e+00 0.000000000e+00 0.000000000e+00 4.000000000e-02
4.000000000e-02 0.000000000e+00 0.000000000e+00 0.000000000e+00 4.000000000e-02 0.000000000e+00
0.000000000e+00 4.000000000e-02 0.000000000e+00 4.000000000e-02 4.000000000e-02 4.000000000e-02
4.000000000e-02 4.000000000e-02 4.000000000e-02 4.000000000e-02 4.000000000e-02 4.000000000e-02

