5.639409848e-18 5.639409848e-18 5.639409848e-18 5.639409848e-18 5.639409848e-18 5.639409848e-18
5.639409848e-18 0.000000000e+00 5.639409848e-18 3.061542688e-04 5.639409848e-18 5.639409848e-18
5.639409848e-18 1.033025479e-02 8.932938175e-01 8.001255304e-02 5.639409848e-18 5.639409848e-18
5.639409848e-18 5.639409848e-18 3.713853727e-03 1.234336665e-02 5.639409848e-18 5.639409848e-18
5.639409848e-18 5.639409848e-18 5.639409848e-18 5.639409848e-18 5.639409848e-18 5.639409848e-18
5.639409848e-18 5.639409848e-18 5.639409848e-18 5.639409848e-18 5.639409848e-18 5.639409848e-18

5.379551691e-18 1.551946711e-03 5.379551691e-18 5.379551691e-18 5.379551691e-18 5.379551691e-18
5.379551691e-18 0.000000000e+00 0.000000000e+00 9.909218939e-04 5.379551691e-18 5.379551691e-18
5.379551691e-18 0.000000000e+00 9.390525849e-01 3.665735309e-02 5.379551691e-18 5.379551691e-18
5.379551691e-18 5.379551691e-18 1.745972339e-02 4.287470027e-03 5.379551691e-18 5.379551691e-18
5.379551691e-18 5.379551691e-18 5.379551691e-18 5.379551691e-18 5.379551691e-18 5.379551691e-18
5.379551691e-18 5.379551691e-18 5.379551691e-18 5.379551691e-18 5.379551691e-18 5.379551691e-18

1.388134380e-04 1.388134380e-04 1.388134380e-04 1.388134380e-04 1.388134380e-04 1.388134380e-04
1.388134380e-04 0.000000000e+00 0.000000000e+00 8.814103901e-04 3.497879451e-04 1.388134380e-04
3.497879451e-04 0.000000000e+00 0.000000000e+00 3.089049428e-01 1.351804130e-02 1.388134380e-04
1.388134380e-04 0.000000000e+00 6.006108640e-04 6.606493416e-01 3.497879451e-04 3.497879451e-04
3.497879451e-04 1.388134380e-04 4.243159075e-03 1.186838200e-03 5.135150653e-03 3.497879451e-04
1.388134380e-04 1.388134380e-04 1.388134380e-04 3.497879451e-04 1.388134380e-04 3.497879451e-04

7.724636551e-01 0.000000000e+00 6.019657698e-18 1.296895937e-04 6.019657698e-18 6.019657698e-18
6.019657698e-18 0.000000000e+00 0.000000000e+00 5.611342823e-04 6.019657698e-18 6.019657698e-18
0.000000000e+00 0.000000000e+00 0.000000000e+00 1.827576553e-01 6.019657698e-18 1.296895937e-04
3.267972981e-04 0.000000000e+00 3.267972981e-04 4.248406811e-02 6.019657698e-18 6.019657698e-18
6.019657698e-18 6.019657698e-18 5.611342823e-04 6.019657698e-18 6.019657698e-18 6.019657698e-18
6.019657698e-18 1.296895937e-04 6.019657698e-18 1.296895937e-04 6.019657698e-18 6.019657698e-18

2.887428432e-01 0.000000000e+00 6.763465767e-18 1.457144527e-04 6.763465767e-18 6.763465767e-18
0.000000000e+00 0.000000000e+00 0.000000000e+00 1.180287067e-02 1.457144527e-04 6.763465767e-18
0.000000000e+00 0.000000000e+00 0.000000000e+00 6.763465767e-18 6.763465767e-18 1.457144527e-04
5.859912533e-01 0.000000000e+00 0.000000000e+00 9.531027974e-03 1.019110260e-01 6.763465767e-18
6.763465767e-18 6.763465767e-18 1.457144527e-04 3.671774125e-04 6.763465767e-18 6.763465767e-18
6.763465767e-18 6.763465767e-18 1.457144527e-04 9.252291022e-04 6.763465767e-18 6.763465767e-18

6.665038778e-18 0.000000000e+00 6.665038778e-18 6.665038778e-18 6.665038778e-18 6.665038778e-18
0.000000000e+00 0.000000000e+00 0.000000000e+00 2.444164953e-01 6.665038778e-18 6.665038778e-18
0.000000000e+00 0.000000000e+00 0.000000000e+00 0.000000000e+00 6.665038778e-18 6.665038778e-18
4.161649253e-01 0.000000000e+00 0.000000000e+00 3.394185794e-01 0.000000000e+00 6.665038778e-18
6.665038778e-18 6.665038778e-18 6.665038778e-18 6.665038778e-18 6.665038778e-18 6.665038778e-18
6.665038778e-18 6.665038778e-18 6.665038778e-18 6.665038778e-18 6.665038778e-18 6.665038778e-18

1.490096578e-02 0.000000000e+00 5.413809319e-18 0.000000000e+00 5.413809319e-18 5.046589289e-04
0.000000000e+00 0.000000000e+00 0.000000000e+00 0.000000000e+00 5.046589289e-04 5.413809319e-18
0.000000000e+00 0.000000000e+00 0.000000000e+00 0.000000000e+00 5.413809319e-18 1.166369860e-04
9.420828150e-01 0.000000000e+00 0.000000000e+00 2.263814028e-02 0.000000000e+00 1.166369860e-04
5.413809319e-18 5.413809319e-18 1.166369860e-04 1.166369860e-04 1.166369860e-04 5.413809319e-18
5.413809319e-18 5.413809319e-18 1.166369860e-04 1.866893916e-02 5.413809319e-18 5.413809319e-18

4.812654667e-02 0.000000000e+00 4.812654667e-02 0.000000000e+00 4.812654667e-02 4.812654667e-02
0.000000000e+00 0.000000000e+00 0.000000000e+00 0.000000000e+00 4.812654667e-02 4.812654667e-02
0.000000000e+00 0.000000000e+00 0.000000000e+00 0.000000000e+00 4.812654667e-02 4.812654667e-02
4.679436166e-02 0.000000000e+00 0.000000000e+00 0.000000000e+00 0.000000000e+00 4.812654667e-02
0.000000000e+00 4.812654667e-02 4.812654667e-02 4.812654667e-02 4.812654667e-02 4.679436166e-02
4.679436166e-02 4.679436166e-02 4.679436166e-02 4.679436166e-02 4.679436166e-02 4.679436166e-02

