7.312828517e-18 7.312828517e-18 7.312828517e-18 7.312828517e-18 7.312828517e-18 7.312828517e-18
7.312828517e-18 7.312828517e-18 3.375484299e-02 6.816797544e-04 7.312828517e-18 7.312828517e-18
7.312828517e-18 2.083714428e-02 1.222292563e-01 7.312828517e-18 3.970014111e-04 7.312828517e-18
7.312828517e-18 7.312828517e-18 5.795947429e-02 6.740513025e-01 4.806724190e-02 7.312828517e-18
7.312828517e-18 7.312828517e-18 7.312828517e-18 4.202205662e-02 7.312828517e-18 7.312828517e-18
7.312828517e-18 7.312828517e-18 7.312828517e-18 7.312828517e-18 7.312828517e-18 7.312828517e-18

8.086626311e-18 8.086626311e-18 8.086626311e-18 7.538108441e-04 8.086626311e-18 1.994610497e-02
1.106234919e-03 8.086626311e-18 1.770641809e-01 1.489569302e-03 8.086626311e-18 8.086626311e-18
1.742210825e-04 1.341936107e-02 1.876338430e-01 0.000000000e+00 5.878566319e-03 8.086626311e-18
8.086626311e-18 8.086626311e-18 0.000000000e+00 3.025313703e-01 2.831961391e-01 8.086626311e-18
8.086626311e-18 1.742210825e-04 8.086626311e-18 5.878566319e-03 8.086626311e-18 8.086626311e-18
8.086626311e-18 8.086626311e-18 8.086626311e-18 7.538108441e-04 8.086626311e-18 8.086626311e-18

5.363411730e-18 5.363411730e-18 5.363411730e-18 1.155512029e-04 5.363411730e-18 2.911707857e-04
5.363411730e-18 3.174554584e-03 9.085659107e-01 5.363411730e-18 0.000000000e+00 1.155512029e-04
5.363411730e-18 5.363411730e-18 1.155512029e-04 0.000000000e+00 5.363411730e-18 5.363411730e-18
5.363411730e-18 2.911707857e-04 0.000000000e+00 0.000000000e+00 8.721498831e-02 5.363411730e-18
5.363411730e-18 5.363411730e-18 5.363411730e-18 5.363411730e-18 5.363411730e-18 5.363411730e-18
5.363411730e-18 5.363411730e-18 5.363411730e-18 1.155512029e-04 5.363411730e-18 5.363411730e-18

5.331879552e-18 5.331879552e-18 5.331879552e-18 9.482092466e-01 5.331879552e-18 1.837949803e-03
2.474839259e-03 3.828304439e-02 5.331879552e-18 0.000000000e+00 0.000000000e+00 5.021254400e-03
5.331879552e-18 5.331879552e-18 0.000000000e+00 0.000000000e+00 5.331879552e-18 5.331879552e-18
5.331879552e-18 5.331879552e-18 0.000000000e+00 0.000000000e+00 2.810200092e-03 5.331879552e-18
5.331879552e-18 5.331879552e-18 5.331879552e-18 5.331879552e-18 5.331879552e-18 1.148718627e-04
5.331879552e-18 5.331879552e-18 2.894589557e-04 1.148718627e-04 1.148718627e-04 7.293908628e-04

