6.549092682e-18 6.549092682e-18 6.549092682e-18 3.555394510e-04 6.549092682e-18 6.549092682e-18
1.410959246e-04 6.549092682e-18 6.549092682e-18 6.549092682e-18 6.549092682e-18 3.555394510e-04
8.370988227e-01 1.410959246e-04 1.410959246e-04 1.410959246e-04 6.549092682e-18 1.410959246e-04
1.930165098e-02 3.095144605e-02 4.148192814e-02 0.000000000e+00 6.549092682e-18 1.410959246e-04
2.879869553e-02 6.549092682e-18 1.433445243e-02 8.959032767e-04 6.549092682e-18 1.410959246e-04
6.549092682e-18 2.393196067e-02 8.959032767e-04 6.549092682e-18 6.104866100e-04 6.549092682e-18

1.649383995e-04 1.649383995e-04 1.649383995e-04 1.649383995e-04 1.047293556e-03 1.649383995e-04
1.649383995e-04 1.649383995e-04 1.649383995e-04 1.649383995e-04 1.649383995e-04 1.649383995e-04
5.041729942e-03 4.635588203e-01 1.798277774e-03 1.649383995e-04 1.649383995e-04 1.649383995e-04
2.849934211e-01 1.649383995e-04 0.000000000e+00 0.000000000e+00 4.156187230e-04 1.649383995e-04
1.336001036e-02 0.000000000e+00 1.221910983e-01 7.136470075e-04 1.649383995e-04 1.649383995e-04
1.649383995e-04 1.030864997e-01 1.649383995e-04 1.649383995e-04 1.649383995e-04 1.649383995e-04

4.681804375e-18 4.681804375e-18 4.681804375e-18 4.681804375e-18 4.681804375e-18 4.681804375e-18
4.681804375e-18 4.681804375e-18 4.681804375e-18 4.681804375e-18 4.681804375e-18 4.681804375e-18
4.681804375e-18 0.000000000e+00 1.008664176e-04 1.008664176e-04 4.681804375e-18 4.681804375e-18
4.681804375e-18 0.000000000e+00 0.000000000e+00 0.000000000e+00 4.681804375e-18 4.681804375e-18
4.681804375e-18 0.000000000e+00 9.992609771e-01 4.681804375e-18 4.681804375e-18 4.681804375e-18
4.681804375e-18 4.364236422e-04 1.008664176e-04 4.681804375e-18 4.681804375e-18 4.681804375e-18

1.888859198e-04 1.888859198e-04 1.614951897e-03 4.759626927e-04 1.888859198e-04 8.172619098e-04
9.594992114e-02 4.759626927e-04 2.529280361e-03 1.888859198e-04 1.888859198e-04 2.059370967e-03
3.022174716e-03 0.000000000e+00 1.888859198e-04 2.135890908e-01 1.888859198e-04 1.888859198e-04
8.172619098e-04 0.000000000e+00 0.000000000e+00 0.000000000e+00 1.888859198e-04 1.888859198e-04
1.888859198e-04 0.000000000e+00 0.000000000e+00 0.000000000e+00 1.888859198e-04 4.069423780e-03
1.888859198e-04 2.770324949e-01 1.492042783e-01 1.848915160e-01 6.080664496e-02 1.888859198e-04

5.829553615e-18 5.829553615e-18 5.829553615e-18 5.829553615e-18 5.829553615e-18 5.829553615e-18
5.829553615e-18 5.829553615e-18 5.829553615e-18 5.829553615e-18 5.829553615e-18 5.829553615e-18
5.829553615e-18 0.000000000e+00 0.000000000e+00 5.829553615e-18 0.000000000e+00 5.829553615e-18
5.829553615e-18 0.000000000e+00 0.000000000e+00 0.000000000e+00 5.829553615e-18 5.829553615e-18
3.937803115e-01 0.000000000e+00 0.000000000e+00 0.000000000e+00 5.829553615e-18 5.829553615e-18
5.829553615e-18 5.829553615e-18 6.060940946e-01 1.255939254e-04 5.829553615e-18 5.829553615e-18

