6.468507115e-18 1.393597612e-04 6.468507115e-18 3.409266678e-03 1.393597612e-04 6.468507115e-18
1.393597612e-04 6.468507115e-18 1.393597612e-04 5.208299632e-02 8.848793262e-04 1.393597612e-04
1.393597612e-04 6.468507115e-18 7.750300650e-01 6.468507115e-18 1.458459893e-01 7.565611817e-03
1.393597612e-04 6.468507115e-18 1.866099430e-03 1.073417136e-02 3.511645933e-04 1.393597612e-04
1.393597612e-04 6.468507115e-18 6.468507115e-18 1.393597612e-04 6.468507115e-18 6.468507115e-18
1.393597612e-04 1.393597612e-04 1.393597612e-04 1.393597612e-04 1.393597612e-04 1.393597612e-04

4.976268907e-18 4.976268907e-18 4.976268907e-18 2.701534398e-04 4.976268907e-18 1.072104636e-04
4.976268907e-18 4.976268907e-18 4.976268907e-18 9.166365701e-04 1.072104636e-04 9.552150826e-03
1.072104636e-04 4.976268907e-18 0.000000000e+00 0.000000000e+00 9.844060902e-01 4.976268907e-18
4.976268907e-18 4.976268907e-18 4.976268907e-18 2.309779419e-03 6.807440109e-04 1.435603673e-03
4.976268907e-18 4.976268907e-18 4.976268907e-18 4.976268907e-18 4.976268907e-18 1.072104636e-04
4.976268907e-18 4.976268907e-18 4.976268907e-18 4.976268907e-18 4.976268907e-18 4.976268907e-18

7.962544339e-18 7.962544339e-18 7.962544339e-18 5.243762339e-03 7.962544339e-18 1.670580683e-02
7.962544339e-18 7.962544339e-18 7.962544339e-18 4.196708236e-03 7.962544339e-18 5.425838733e-02
2.297114185e-03 7.962544339e-18 0.000000000e+00 0.000000000e+00 2.333722543e-01 0.000000000e+00
7.962544339e-18 2.191610265e-02 7.962544339e-18 3.940226727e-02 5.533206635e-01 9.939035840e-03
7.962544339e-18 7.962544339e-18 0.000000000e+00 5.233782578e-02 7.962544339e-18 2.297114185e-03
7.962544339e-18 7.962544339e-18 7.962544339e-18 7.962544339e-18 7.962544339e-18 4.712957518e-03

5.636040716e-18 5.636040716e-18 5.636040716e-18 5.636040716e-18 5.636040716e-18 5.636040716e-18
5.636040716e-18 5.636040716e-18 5.636040716e-18 5.636040716e-18 5.636040716e-18 5.636040716e-18
5.636040716e-18 5.636040716e-18 0.000000000e+00 0.000000000e+00 5.636040716e-18 0.000000000e+00
5.636040716e-18 0.000000000e+00 0.000000000e+00 5.636040716e-18 7.647743970e-01 5.636040716e-18
5.636040716e-18 5.636040716e-18 0.000000000e+00 2.352256030e-01 5.636040716e-18 5.636040716e-18
5.636040716e-18 5.636040716e-18 5.636040716e-18 5.636040716e-18 5.636040716e-18 5.636040716e-18

3.609445831e-02 3.609445831e-02 3.609445831e-02 3.609445831e-02 3.609445831e-02 3.609445831e-02
3.609445831e-02 3.609445831e-02 3.609445831e-02 0.000000000e+00 3.609445831e-02 3.609445831e-02
3.609445831e-02 3.609445831e-02 0.000000000e+00 0.000000000e+00 3.609445831e-02 0.000000000e+00
3.609445831e-02 0.000000000e+00 0.000000000e+00 0.000000000e+00 3.609445831e-02 3.609445831e-02
3.609445831e-02 3.609445831e-02 0.000000000e+00 3.476385421e-02 3.609445831e-02 3.476385421e-02
3.476385421e-02 3.476385421e-02 3.476385421e-02 3.476385421e-02 3.476385421e-02 3.476385421e-02

