8.228047915e-18 8.228047915e-18 8.228047915e-18 8.228047915e-18 8.228047915e-18 8.228047915e-18
8.228047915e-18 8.228047915e-18 9.684296332e-02 2.373709304e-03 4.466871642e-04 8.228047915e-18
8.228047915e-18 6.938629661e-02 2.325798772e-01 3.797934887e-02 8.228047915e-18 8.228047915e-18
8.228047915e-18 4.466871642e-04 8.228047915e-18 4.405755209e-01 5.907761428e-02 8.228047915e-18
8.228047915e-18 4.466871642e-04 7.669937383e-04 5.907761428e-02 8.228047915e-18 8.228047915e-18
8.228047915e-18 8.228047915e-18 8.228047915e-18 8.228047915e-18 8.228047915e-18 8.228047915e-18

6.085026585e-18 6.085026585e-18 6.085026585e-18 6.085026585e-18 6.085026585e-18 6.085026585e-18
4.007316240e-03 6.085026585e-18 0.000000000e+00 6.085026585e-18 6.085026585e-18 6.085026585e-18
6.085026585e-18 6.085026585e-18 6.085026585e-18 3.710176762e-02 6.085026585e-18 6.085026585e-18
6.085026585e-18 1.429324420e-03 0.000000000e+00 8.210306287e-01 6.085026585e-18 6.085026585e-18
6.085026585e-18 6.085026585e-18 6.085026585e-18 1.148233768e-01 6.085026585e-18 6.085026585e-18
6.085026585e-18 6.085026585e-18 6.085026585e-18 6.085026585e-18 2.160758627e-02 6.085026585e-18

6.187552886e-18 6.187552886e-18 6.187552886e-18 6.187552886e-18 6.187552886e-18 6.187552886e-18
6.758604896e-03 6.187552886e-18 0.000000000e+00 6.187552886e-18 6.187552886e-18 6.187552886e-18
6.187552886e-18 0.000000000e+00 6.187552886e-18 0.000000000e+00 6.187552886e-18 6.187552886e-18
6.187552886e-18 1.785046953e-03 0.000000000e+00 6.021726906e-01 6.187552886e-18 1.453407034e-03
6.187552886e-18 6.187552886e-18 6.187552886e-18 3.759529907e-01 6.187552886e-18 6.187552886e-18
6.187552886e-18 6.187552886e-18 6.187552886e-18 6.187552886e-18 1.187725975e-02 6.187552886e-18

6.979881425e-18 6.979881425e-18 6.979881425e-18 6.979881425e-18 6.979881425e-18 6.979881425e-18
2.156035660e-01 6.979881425e-18 0.000000000e+00 6.979881425e-18 6.979881425e-18 6.979881425e-18
6.979881425e-18 0.000000000e+00 6.979881425e-18 0.000000000e+00 6.979881425e-18 3.690090048e-02
6.979881425e-18 6.979881425e-18 0.000000000e+00 3.695007130e-01 0.000000000e+00 6.979881425e-18
6.979881425e-18 6.979881425e-18 0.000000000e+00 6.979881425e-18 6.979881425e-18 6.979881425e-18
6.979881425e-18 6.979881425e-18 6.979881425e-18 6.979881425e-18 3.779948205e-01 6.979881425e-18

7.430278782e-18 7.430278782e-18 7.430278782e-18 5.795744501e-02 7.430278782e-18 7.430278782e-18
5.243960466e-02 7.430278782e-18 0.000000000e+00 7.430278782e-18 7.430278782e-18 7.430278782e-18
7.430278782e-18 0.000000000e+00 7.430278782e-18 0.000000000e+00 7.430278782e-18 4.576928400e-01
1.558908771e-02 7.430278782e-18 0.000000000e+00 3.329707344e-01 0.000000000e+00 7.430278782e-18
7.430278782e-18 7.430278782e-18 0.000000000e+00 0.000000000e+00 7.430278782e-18 7.430278782e-18
7.430278782e-18 7.430278782e-18 8.335028822e-02 7.430278782e-18 0.000000000e+00 7.430278782e-18

