5.606873397e-18 5.606873397e-18 5.606873397e-18 5.606873397e-18 5.606873397e-18 5.606873397e-18
5.606873397e-18 1.207964255e-04 1.317010034e-03 3.318657329e-03 5.606873397e-18 5.606873397e-18
5.606873397e-18 5.606873397e-18 5.606873397e-18 9.304332326e-03 1.932742808e-03 5.606873397e-18
5.606873397e-18 2.344544831e-02 9.226071697e-01 3.752865871e-02 0.000000000e+00 5.606873397e-18
5.606873397e-18 5.606873397e-18 3.043879185e-04 5.606873397e-18 1.207964255e-04 5.606873397e-18
5.606873397e-18 5.606873397e-18 5.606873397e-18 5.606873397e-18 5.606873397e-18 5.606873397e-18

5.986574739e-18 5.986574739e-18 1.727066773e-03 5.986574739e-18 5.986574739e-18 5.986574739e-18
5.986574739e-18 5.986574739e-18 7.970558976e-01 1.092390577e-01 5.986574739e-18 5.986574739e-18
5.986574739e-18 5.986574739e-18 0.000000000e+00 5.986574739e-18 5.986574739e-18 5.986574739e-18
5.986574739e-18 5.986574739e-18 5.986574739e-18 0.000000000e+00 0.000000000e+00 5.986574739e-18
5.986574739e-18 5.986574739e-18 9.197797786e-02 5.986574739e-18 5.986574739e-18 5.986574739e-18
5.986574739e-18 5.986574739e-18 5.986574739e-18 5.986574739e-18 5.986574739e-18 5.986574739e-18

1.086726437e-02 1.172784841e-02 1.914929550e-02 5.356178029e-03 1.721088988e-02 1.260452464e-02
1.260452464e-02 6.830146176e-03 2.715562514e-01 1.075680618e-03 1.626143191e-02 3.514796182e-02
4.654199726e-03 4.579467798e-02 0.000000000e+00 6.497398131e-02 8.388655986e-03 8.388655986e-03
7.599402955e-03 2.215060882e-02 0.000000000e+00 0.000000000e+00 0.000000000e+00 2.034433873e-01
1.002339812e-02 3.977788181e-03 1.047527907e-01 2.486117613e-04 0.000000000e+00 1.172784841e-02
8.388655986e-03 6.081983681e-03 2.215060882e-02 3.400961055e-02 2.486117613e-04 1.260452464e-02

4.892901895e-18 4.892901895e-18 4.892901895e-18 4.892901895e-18 4.892901895e-18 4.892901895e-18
4.892901895e-18 4.892901895e-18 4.892901895e-18 4.892901895e-18 4.892901895e-18 4.892901895e-18
4.892901895e-18 9.803168784e-01 0.000000000e+00 4.892901895e-18 0.000000000e+00 1.941749404e-02
4.892901895e-18 4.892901895e-18 0.000000000e+00 0.000000000e+00 0.000000000e+00 4.892901895e-18
4.892901895e-18 4.892901895e-18 0.000000000e+00 2.656275820e-04 0.000000000e+00 4.892901895e-18
4.892901895e-18 4.892901895e-18 4.892901895e-18 4.892901895e-18 4.892901895e-18 4.892901895e-18

