1.404935970e-04 1.404935970e-04 1.404935970e-04 1.404935970e-04 3.540216804e-04 1.404935970e-04
1.404935970e-04 6.521135109e-18 1.404935970e-04 1.201203357e-03 1.404935970e-04 1.404935970e-04
1.404935970e-04 6.521135109e-18 6.078804896e-04 1.794876868e-02 3.437004588e-03 1.404935970e-04
1.404935970e-04 3.540216804e-04 7.878131145e-01 6.521135109e-18 1.438449539e-01 4.740533783e-03
3.540216804e-04 6.521135109e-18 1.404935970e-04 2.867575611e-02 1.404935970e-04 1.404935970e-04
1.404935970e-04 6.521135109e-18 1.404935970e-04 8.139834807e-03 1.404935970e-04 6.521135109e-18

7.554292714e-18 7.554292714e-18 7.554292714e-18 7.554292714e-18 7.554292714e-18 4.101101045e-04
7.554292714e-18 7.554292714e-18 4.101101045e-04 4.101101045e-04 7.554292714e-18 7.554292714e-18
7.554292714e-18 4.101101045e-04 0.000000000e+00 4.605775617e-01 4.101101045e-04 7.554292714e-18
7.554292714e-18 2.896417921e-01 7.554292714e-18 0.000000000e+00 1.366763189e-01 2.179337686e-03
7.554292714e-18 7.554292714e-18 5.331483986e-02 5.239364324e-02 7.554292714e-18 7.554292714e-18
7.554292714e-18 7.554292714e-18 1.391512615e-03 1.774443366e-03 7.554292714e-18 7.554292714e-18

6.326420099e-04 6.786768276e-18 6.786768276e-18 6.786768276e-18 6.786768276e-18 3.684424674e-04
3.684424674e-04 6.786768276e-18 3.684424674e-04 6.786768276e-18 6.786768276e-18 6.786768276e-18
1.250133405e-03 3.577008191e-03 0.000000000e+00 3.160399886e-01 6.326420099e-04 6.786768276e-18
6.391384076e-03 0.000000000e+00 0.000000000e+00 0.000000000e+00 5.880101985e-01 9.284168406e-04
6.786768276e-18 3.684424674e-04 4.933635594e-03 7.520176409e-02 6.786768276e-18 6.786768276e-18
9.284168406e-04 6.786768276e-18 6.786768276e-18 6.786768276e-18 6.786768276e-18 6.786768276e-18

1.491415178e-04 6.452978700e-04 1.997082220e-03 7.561419968e-03 6.922536037e-18 1.032476592e-02
6.922536037e-18 6.922536037e-18 1.275142041e-03 0.000000000e+00 6.452978700e-04 6.452978700e-04
5.032331856e-03 1.275142041e-03 0.000000000e+00 6.140674123e-01 1.997082220e-03 6.922536037e-18
1.275142041e-03 0.000000000e+00 0.000000000e+00 0.000000000e+00 3.156007432e-01 9.469896091e-04
0.000000000e+00 6.922536037e-18 2.386264285e-03 3.195331553e-02 6.922536037e-18 6.922536037e-18
1.275142041e-03 6.922536037e-18 6.922536037e-18 9.469896091e-04 6.922536037e-18 6.922536037e-18

6.000067513e-18 6.000067513e-18 6.000067513e-18 2.784984637e-03 0.000000000e+00 6.553816414e-03
6.000067513e-18 6.000067513e-18 6.000067513e-18 0.000000000e+00 0.000000000e+00 6.000067513e-18
6.000067513e-18 6.000067513e-18 0.000000000e+00 8.699104651e-01 3.172086754e-02 6.000067513e-18
6.000067513e-18 0.000000000e+00 0.000000000e+00 0.000000000e+00 6.000067513e-18 1.258843463e-02
0.000000000e+00 6.000067513e-18 6.000067513e-18 6.648461290e-02 9.956818742e-03 6.000067513e-18
6.000067513e-18 6.000067513e-18 6.000067513e-18 6.000067513e-18 6.000067513e-18 6.000067513e-18

6.222514432e-18 6.222514432e-18 8.512280005e-04 2.888235350e-03 0.000000000e+00 4.097859358e-03
6.222514432e-18 6.222514432e-18 8.512280005e-04 0.000000000e+00 0.000000000e+00 6.222514432e-18
6.222514432e-18 6.222514432e-18 0.000000000e+00 7.672444767e-01 6.222514432e-18 6.222514432e-18
6.222514432e-18 0.000000000e+00 0.000000000e+00 0.000000000e+00 0.000000000e+00 0.000000000e+00
0.000000000e+00 6.222514432e-18 6.222514432e-18 1.312250189e-01 9.284195363e-02 6.222514432e-18
6.222514432e-18 6.222514432e-18 6.222514432e-18 6.222514432e-18 6.222514432e-18 6.222514432e-18

5.283609163e-18 5.283609163e-18 5.283609163e-18 1.821310539e-03 0.000000000e+00 2.868384359e-04
5.283609163e-18 5.283609163e-18 0.000000000e+00 0.000000000e+00 0.000000000e+00 5.283609163e-18
5.283609163e-18 5.283609163e-18 0.000000000e+00 9.468653514e-01 0.000000000e+00 4.925220642e-04
5.283609163e-18 0.000000000e+00 0.000000000e+00 0.000000000e+00 0.000000000e+00 0.000000000e+00
0.000000000e+00 5.283609163e-18 5.283609163e-18 2.614568554e-02 2.438829207e-02 5.283609163e-18
5.283609163e-18 5.283609163e-18 5.283609163e-18 5.283609163e-18 5.283609163e-18 5.283609163e-18

