6.023466138e-18 6.023466138e-18 6.023466138e-18 1.297716440e-04 6.023466138e-18 6.023466138e-18
6.023466138e-18 6.023466138e-18 6.023466138e-18 6.023466138e-18 6.023466138e-18 1.297716440e-04
3.270040520e-04 6.023466138e-18 0.000000000e+00 3.270040520e-04 6.023466138e-18 1.297716440e-04
3.270040520e-04 6.023466138e-18 2.583534702e-02 8.987208788e-02 1.297716440e-04 1.297716440e-04
6.023466138e-18 6.023466138e-18 5.232064831e-03 6.023466138e-18 2.795845316e-03 1.657898488e-02
6.023466138e-18 6.023466138e-18 1.297716440e-04 8.576664848e-01 1.297716440e-04 1.297716440e-04

9.669652774e-04 3.159567821e-02 1.810231948e-02 5.467298509e-03 2.992585678e-03 1.419043999e-03
1.133062869e-02 7.703756060e-02 3.471518162e-02 4.814847538e-03 9.669652774e-04 1.419043999e-03
4.674474472e-02 2.234854257e-04 0.000000000e+00 0.000000000e+00 5.960844425e-02 1.419043999e-03
4.226778028e-02 1.213265553e-02 3.708631394e-01 1.578374161e-01 2.234854257e-04 7.540843377e-03
2.234854257e-04 2.234854257e-04 6.139846794e-03 0.000000000e+00 4.814847538e-03 1.419043999e-03
1.910773512e-03 2.234854257e-04 2.234854257e-04 9.013757826e-02 3.575766811e-03 1.419043999e-03

1.610350524e-04 1.610350524e-04 1.610350524e-04 1.610350524e-04 1.610350524e-04 1.610350524e-04
1.610350524e-04 1.376830331e-03 4.057829047e-04 1.610350524e-04 1.610350524e-04 1.376830331e-03
1.022508847e-03 0.000000000e+00 0.000000000e+00 0.000000000e+00 1.610350524e-04 6.967582055e-04
8.164417788e-03 4.057829047e-04 0.000000000e+00 1.709769942e-01 1.610350524e-04 1.610350524e-04
1.610350524e-04 5.884608340e-01 1.610350524e-04 0.000000000e+00 1.053313217e-02 1.610350524e-04
6.967582055e-04 1.610350524e-04 7.775053485e-02 1.352342043e-01 1.610350524e-04 1.610350524e-04

1.941244057e-04 8.399275223e-04 1.941244057e-04 1.941244057e-04 1.941244057e-04 1.659740322e-03
1.053869413e-02 3.105990492e-03 1.232613143e-03 1.941244057e-04 1.941244057e-04 2.116484731e-03
3.292637725e-02 0.000000000e+00 0.000000000e+00 0.000000000e+00 1.941244057e-04 1.232613143e-03
3.122662837e-01 1.196677284e-02 0.000000000e+00 9.010456739e-02 1.941244057e-04 1.941244057e-04
3.105990492e-03 0.000000000e+00 0.000000000e+00 0.000000000e+00 1.914683654e-01 1.941244057e-04
1.941244057e-04 4.969584787e-02 2.655584516e-02 2.562549671e-01 1.941244057e-04 2.599426403e-03

