6.468507115e-18 1.393597612e-04 6.468507115e-18 3.409266678e-03 1.393597612e-04 6.468507115e-18
1.393597612e-04 6.468507115e-18 1.393597612e-04 5.208299632e-02 8.848793262e-04 1.393597612e-04
1.393597612e-04 6.468507115e-18 7.750300650e-01 6.468507115e-18 1.458459893e-01 7.565611817e-03
1.393597612e-04 6.468507115e-18 1.866099430e-03 1.073417136e-02 3.511645933e-04 1.393597612e-04
1.393597612e-04 6.468507115e-18 6.468507115e-18 1.393597612e-04 6.468507115e-18 6.468507115e-18
1.393597612e-04 1.393597612e-04 1.393597612e-04 1.393597612e-04 1.393597612e-04 1.393597612e-04

6.150931478e-18 6.150931478e-18 6.150931478e-18 8.393672509e-01 6.150931478e-18 6.150931478e-18
6.150931478e-18 6.150931478e-18 5.733712269e-04 6.150931478e-18 3.750360449e-02 6.150931478e-18
6.150931478e-18 6.150931478e-18 1.235290861e-02 0.000000000e+00 8.282362595e-02 4.902255033e-03
6.150931478e-18 6.150931478e-18 0.000000000e+00 2.247698382e-02 6.150931478e-18 6.150931478e-18
6.150931478e-18 6.150931478e-18 6.150931478e-18 6.150931478e-18 6.150931478e-18 6.150931478e-18
6.150931478e-18 6.150931478e-18 6.150931478e-18 6.150931478e-18 6.150931478e-18 6.150931478e-18

5.839145316e-18 5.839145316e-18 5.839145316e-18 1.258005723e-04 5.839145316e-18 5.839145316e-18
5.839145316e-18 5.839145316e-18 3.077557650e-03 0.000000000e+00 5.839145316e-18 5.839145316e-18
5.839145316e-18 5.839145316e-18 5.839145316e-18 0.000000000e+00 6.722373521e-01 5.839145316e-18
5.839145316e-18 5.839145316e-18 0.000000000e+00 3.245592896e-01 5.839145316e-18 5.839145316e-18
5.839145316e-18 0.000000000e+00 5.839145316e-18 5.839145316e-18 5.839145316e-18 5.839145316e-18
5.839145316e-18 5.839145316e-18 5.839145316e-18 5.839145316e-18 5.839145316e-18 5.839145316e-18

4.995818035e-18 4.995818035e-18 4.995818035e-18 1.076316368e-04 4.995818035e-18 4.995818035e-18
4.995818035e-18 4.995818035e-18 2.305989440e-02 0.000000000e+00 4.995818035e-18 3.981636634e-03
4.995818035e-18 4.995818035e-18 0.000000000e+00 0.000000000e+00 9.728508373e-01 4.995818035e-18
4.995818035e-18 4.995818035e-18 0.000000000e+00 0.000000000e+00 4.995818035e-18 4.995818035e-18
4.995818035e-18 0.000000000e+00 4.995818035e-18 4.995818035e-18 4.995818035e-18 4.995818035e-18
4.995818035e-18 4.995818035e-18 4.995818035e-18 4.995818035e-18 4.995818035e-18 4.995818035e-18

4.758918853e-18 4.758918853e-18 4.758918853e-18 4.758918853e-18 4.758918853e-18 4.758918853e-18
4.758918853e-18 4.758918853e-18 1.025277987e-04 0.000000000e+00 0.000000000e+00 4.758918853e-18
4.758918853e-18 4.758918853e-18 0.000000000e+00 0.000000000e+00 9.939572773e-01 0.000000000e+00
4.758918853e-18 4.758918853e-18 0.000000000e+00 0.000000000e+00 5.940194871e-03 4.758918853e-18
4.758918853e-18 0.000000000e+00 4.758918853e-18 4.758918853e-18 4.758918853e-18 4.758918853e-18
4.758918853e-18 4.758918853e-18 4.758918853e-18 4.758918853e-18 4.758918853e-18 4.758918853e-18

5.536877096e-18 5.536877096e-18 8.992136943e-01 6.911260717e-03 5.536877096e-18 5.536877096e-18
5.536877096e-18 8.424787841e-02 5.536877096e-18 0.000000000e+00 0.000000000e+00 5.536877096e-18
5.536877096e-18 5.214309176e-03 0.000000000e+00 0.000000000e+00 0.000000000e+00 0.000000000e+00
5.536877096e-18 5.536877096e-18 0.000000000e+00 0.000000000e+00 4.412857419e-03 5.536877096e-18
5.536877096e-18 0.000000000e+00 5.536877096e-18 0.000000000e+00 5.536877096e-18 5.536877096e-18
5.536877096e-18 5.536877096e-18 5.536877096e-18 5.536877096e-18 5.536877096e-18 5.536877096e-18

6.743358491e-18 6.743358491e-18 6.467527013e-01 1.921449867e-02 6.743358491e-18 6.743358491e-18
6.743358491e-18 1.520430871e-01 0.000000000e+00 0.000000000e+00 0.000000000e+00 6.743358491e-18
3.660858217e-04 1.119027379e-02 0.000000000e+00 0.000000000e+00 0.000000000e+00 0.000000000e+00
6.743358491e-18 1.452812546e-04 0.000000000e+00 0.000000000e+00 1.699219862e-01 0.000000000e+00
6.743358491e-18 0.000000000e+00 6.743358491e-18 0.000000000e+00 6.743358491e-18 6.743358491e-18
6.743358491e-18 6.743358491e-18 6.743358491e-18 3.660858217e-04 6.743358491e-18 6.743358491e-18

