7.336339378e-18 7.336339378e-18 7.336339378e-18 7.336339378e-18 7.336339378e-18 7.336339378e-18
7.336339378e-18 1.580566406e-04 3.982777770e-04 1.580566406e-04 1.580566406e-04 7.336339378e-18
7.336339378e-18 1.395830765e-01 1.094194185e-02 1.315997339e-01 1.580566406e-04 7.336339378e-18
7.336339378e-18 2.958939550e-03 5.907221772e-01 4.831372800e-03 1.580566406e-04 7.336339378e-18
7.336339378e-18 7.336339378e-18 2.958939550e-03 1.148991443e-01 1.580566406e-04 7.336339378e-18
7.336339378e-18 1.580566406e-04 7.336339378e-18 7.336339378e-18 7.336339378e-18 7.336339378e-18

6.441579103e-18 6.441579103e-18 6.441579103e-18 6.441579103e-18 6.441579103e-18 6.441579103e-18
6.441579103e-18 6.441579103e-18 6.441579103e-18 6.441579103e-18 6.441579103e-18 6.441579103e-18
6.441579103e-18 1.235688913e-01 6.441579103e-18 3.497027159e-04 6.441579103e-18 6.441579103e-18
6.441579103e-18 6.441579103e-18 0.000000000e+00 1.858330968e-03 6.441579103e-18 6.441579103e-18
6.268945238e-01 0.000000000e+00 6.441579103e-18 2.469788485e-01 3.497027159e-04 6.441579103e-18
6.441579103e-18 6.441579103e-18 6.441579103e-18 6.441579103e-18 6.441579103e-18 6.441579103e-18

1.231756674e-04 1.231756674e-04 1.231756674e-04 1.231756674e-04 1.231756674e-04 1.231756674e-04
1.231756674e-04 1.231756674e-04 7.821167361e-04 1.231756674e-04 1.231756674e-04 1.231756674e-04
1.231756674e-04 7.698479213e-02 1.231756674e-04 5.329501602e-04 3.103832324e-04 1.231756674e-04
1.231756674e-04 1.231756674e-04 0.000000000e+00 1.342950251e-03 1.855593595e-02 1.231756674e-04
8.980370647e-01 0.000000000e+00 0.000000000e+00 0.000000000e+00 1.231756674e-04 1.231756674e-04
3.103832324e-04 1.231756674e-04 1.231756674e-04 1.231756674e-04 3.103832324e-04 1.231756674e-04

1.158150483e-04 1.158150483e-04 1.158150483e-04 1.262699455e-03 2.918356344e-04 2.918356344e-04
1.158150483e-04 1.158150483e-04 2.020319128e-02 1.158150483e-04 0.000000000e+00 1.158150483e-04
7.353797178e-04 0.000000000e+00 1.158150483e-04 9.902047340e-04 1.158150483e-04 1.158150483e-04
1.158150483e-04 2.918356344e-04 0.000000000e+00 2.918356344e-04 5.871780249e-03 1.158150483e-04
9.618868687e-01 0.000000000e+00 0.000000000e+00 0.000000000e+00 1.158150483e-04 1.158150483e-04
7.353797178e-04 1.158150483e-04 1.158150483e-04 1.158150483e-04 5.062482726e-03 1.158150483e-04

