7.461337435e-18 7.461337435e-18 7.461337435e-18 7.461337435e-18 7.461337435e-18 7.461337435e-18
7.461337435e-18 6.955233065e-04 4.050637156e-04 1.565425028e-02 7.461337435e-18 7.461337435e-18
7.461337435e-18 4.050637156e-04 7.461337435e-18 2.599382885e-01 1.981917839e-02 7.461337435e-18
7.461337435e-18 5.174894150e-02 5.576151879e-01 4.287544052e-02 7.461337435e-18 7.461337435e-18
7.461337435e-18 7.461337435e-18 5.084306214e-02 7.461337435e-18 7.461337435e-18 7.461337435e-18
7.461337435e-18 7.461337435e-18 7.461337435e-18 7.461337435e-18 7.461337435e-18 7.461337435e-18

6.400588989e-18 6.400588989e-18 6.400588989e-18 6.400588989e-18 6.400588989e-18 6.400588989e-18
6.400588989e-18 6.400588989e-18 6.400588989e-18 6.400588989e-18 6.400588989e-18 6.400588989e-18
2.206344153e-03 1.197787887e-01 0.000000000e+00 6.400588989e-18 2.430217509e-01 6.400588989e-18
6.400588989e-18 6.400588989e-18 6.349931162e-01 0.000000000e+00 6.400588989e-18 6.400588989e-18
6.400588989e-18 6.400588989e-18 6.400588989e-18 6.400588989e-18 6.400588989e-18 6.400588989e-18
6.400588989e-18 6.400588989e-18 6.400588989e-18 6.400588989e-18 6.400588989e-18 6.400588989e-18

6.737584025e-18 6.737584025e-18 6.737584025e-18 6.737584025e-18 6.737584025e-18 6.737584025e-18
6.737584025e-18 6.737584025e-18 6.737584025e-18 1.413578028e-02 6.737584025e-18 6.737584025e-18
2.322509560e-03 9.461437860e-02 0.000000000e+00 0.000000000e+00 6.367308339e-01 1.582604981e-03
6.737584025e-18 6.737584025e-18 0.000000000e+00 0.000000000e+00 2.421167696e-01 3.127309478e-03
5.369813550e-03 6.737584025e-18 6.737584025e-18 6.737584025e-18 6.737584025e-18 6.737584025e-18
6.737584025e-18 6.737584025e-18 6.737584025e-18 6.737584025e-18 6.737584025e-18 6.737584025e-18

1.608736203e-04 1.608736203e-04 1.608736203e-04 1.608736203e-04 1.608736203e-04 1.608736203e-04
1.608736203e-04 1.608736203e-04 6.960597290e-04 2.274381482e-02 1.608736203e-04 1.608736203e-04
1.444142223e-01 1.538825700e-01 0.000000000e+00 0.000000000e+00 2.651522259e-02 1.608736203e-04
1.608736203e-04 0.000000000e+00 0.000000000e+00 0.000000000e+00 0.000000000e+00 6.197691869e-01
1.771971467e-02 1.608736203e-04 4.917480407e-03 1.608736203e-04 6.960597290e-04 1.608736203e-04
1.608736203e-04 5.428196359e-03 1.608736203e-04 1.608736203e-04 1.608736203e-04 1.608736203e-04

5.143474156e-18 5.143474156e-18 5.143474156e-18 5.143474156e-18 5.143474156e-18 5.143474156e-18
5.143474156e-18 5.143474156e-18 5.143474156e-18 9.643239432e-01 5.143474156e-18 5.143474156e-18
5.143474156e-18 1.933057972e-02 0.000000000e+00 0.000000000e+00 5.143474156e-18 1.032963323e-02
5.143474156e-18 0.000000000e+00 0.000000000e+00 0.000000000e+00 0.000000000e+00 6.015843867e-03
5.143474156e-18 5.143474156e-18 5.143474156e-18 0.000000000e+00 0.000000000e+00 5.143474156e-18
5.143474156e-18 5.143474156e-18 5.143474156e-18 5.143474156e-18 5.143474156e-18 5.143474156e-18

