6.413307109e-18 6.413307109e-18 6.413307109e-18 6.413307109e-18 6.413307109e-18 6.413307109e-18
6.413307109e-18 6.413307109e-18 2.017194418e-02 7.241963307e-01 6.413307109e-18 6.413307109e-18
6.413307109e-18 1.023606802e-01 5.978290896e-04 1.381705132e-04 6.413307109e-18 6.413307109e-18
6.413307109e-18 1.519823633e-01 1.381705132e-04 0.000000000e+00 1.381705132e-04 6.413307109e-18
6.413307109e-18 6.413307109e-18 6.413307109e-18 1.381705132e-04 6.413307109e-18 6.413307109e-18
6.413307109e-18 6.413307109e-18 6.413307109e-18 6.413307109e-18 1.381705132e-04 6.413307109e-18

4.205283562e-04 7.746198551e-18 1.668867888e-04 7.746198551e-18 7.746198551e-18 7.746198551e-18
1.668867888e-04 0.000000000e+00 8.162059262e-02 0.000000000e+00 7.220771981e-04 1.668867888e-04
1.668867888e-04 1.874235953e-01 1.306484450e-01 4.205283562e-04 1.819520523e-03 1.668867888e-04
7.746198551e-18 5.215832871e-01 9.060008787e-03 0.000000000e+00 6.335096377e-02 4.205283562e-04
1.668867888e-04 7.746198551e-18 4.205283562e-04 1.668867888e-04 1.668867888e-04 1.668867888e-04
7.746198551e-18 7.746198551e-18 7.746198551e-18 1.668867888e-04 7.746198551e-18 4.205283562e-04

1.229105492e-04 1.229105492e-04 1.229105492e-04 1.229105492e-04 1.229105492e-04 1.229105492e-04
1.229105492e-04 0.000000000e+00 1.418434915e-01 0.000000000e+00 3.097151764e-04 1.229105492e-04
1.229105492e-04 3.097151764e-04 0.000000000e+00 0.000000000e+00 8.509646650e-01 1.229105492e-04
1.229105492e-04 3.376738949e-03 1.229105492e-04 0.000000000e+00 1.229105492e-04 1.229105492e-04
1.229105492e-04 1.229105492e-04 1.229105492e-04 1.229105492e-04 1.229105492e-04 1.229105492e-04
1.229105492e-04 1.229105492e-04 1.229105492e-04 1.229105492e-04 1.229105492e-04 1.229105492e-04

1.275140981e-04 2.606491512e-01 1.275140981e-04 1.275140981e-04 1.275140981e-04 1.275140981e-04
5.517214595e-04 0.000000000e+00 1.275140981e-04 0.000000000e+00 1.275140981e-04 1.275140981e-04
1.275140981e-04 1.275140981e-04 0.000000000e+00 0.000000000e+00 1.275140981e-04 1.275140981e-04
1.390250961e-03 0.000000000e+00 1.275140981e-04 0.000000000e+00 0.000000000e+00 1.275140981e-04
1.275140981e-04 1.275140981e-04 1.275140981e-04 1.275140981e-04 1.275140981e-04 7.342210240e-01
1.275140981e-04 1.275140981e-04 1.275140981e-04 1.275140981e-04 1.275140981e-04 1.275140981e-04

