7.312828517e-18 7.312828517e-18 7.312828517e-18 7.312828517e-18 7.312828517e-18 7.312828517e-18
7.312828517e-18 7.312828517e-18 3.375484299e-02 6.816797544e-04 7.312828517e-18 7.312828517e-18
7.312828517e-18 2.083714428e-02 1.222292563e-01 7.312828517e-18 3.970014111e-04 7.312828517e-18
7.312828517e-18 7.312828517e-18 5.795947429e-02 6.740513025e-01 4.806724190e-02 7.312828517e-18
7.312828517e-18 7.312828517e-18 7.312828517e-18 4.202205662e-02 7.312828517e-18 7.312828517e-18
7.312828517e-18 7.312828517e-18 7.312828517e-18 7.312828517e-18 7.312828517e-18 7.312828517e-18

6.876472210e-18 6.876472210e-18 6.876472210e-18 6.876472210e-18 6.876472210e-18 6.876472210e-18
6.876472210e-18 6.876472210e-18 6.876472210e-18 6.876472210e-18 6.876472210e-18 6.876472210e-18
6.876472210e-18 1.955650209e-01 6.876472210e-18 0.000000000e+00 2.875434530e-02 5.480506589e-03
6.876472210e-18 6.876472210e-18 0.000000000e+00 2.087706645e-01 6.876472210e-18 6.876472210e-18
6.876472210e-18 6.876472210e-18 6.876472210e-18 5.614294628e-01 6.876472210e-18 6.876472210e-18
6.876472210e-18 6.876472210e-18 6.876472210e-18 6.876472210e-18 6.876472210e-18 6.876472210e-18

5.450423528e-18 5.450423528e-18 5.450423528e-18 1.174258153e-04 5.450423528e-18 5.450423528e-18
5.450423528e-18 5.450423528e-18 5.539368505e-03 2.958945129e-04 5.450423528e-18 5.450423528e-18
5.450423528e-18 0.000000000e+00 0.000000000e+00 0.000000000e+00 9.365986184e-01 2.529862499e-03
1.174258153e-04 5.080719947e-04 0.000000000e+00 2.943637430e-02 2.958945129e-04 5.450423528e-18
5.450423528e-18 5.450423528e-18 5.450423528e-18 2.456106362e-02 5.450423528e-18 5.450423528e-18
5.450423528e-18 5.450423528e-18 5.450423528e-18 5.450423528e-18 5.450423528e-18 5.450423528e-18

1.281201248e-04 1.281201248e-04 1.281201248e-04 1.396858303e-03 1.281201248e-04 1.281201248e-04
0.000000000e+00 1.281201248e-04 1.194297049e-02 1.281201248e-04 1.281201248e-04 1.281201248e-04
1.281201248e-04 0.000000000e+00 0.000000000e+00 0.000000000e+00 8.621889212e-01 5.165479749e-03
1.103604643e-01 8.135120836e-04 0.000000000e+00 1.281201248e-04 3.916292817e-03 1.281201248e-04
1.281201248e-04 1.281201248e-04 1.281201248e-04 0.000000000e+00 1.396858303e-03 1.281201248e-04
1.281201248e-04 1.281201248e-04 1.281201248e-04 1.281201248e-04 1.281201248e-04 1.281201248e-04

2.009639522e-03 4.644687400e-04 1.843245416e-04 3.450694475e-03 1.843245416e-04 4.644687400e-04
0.000000000e+00 6.818751152e-03 6.818751152e-03 2.009639522e-03 1.843245416e-04 1.843245416e-04
4.043427279e-02 0.000000000e+00 0.000000000e+00 0.000000000e+00 5.852889421e-01 7.324362629e-02
7.214840349e-02 1.417055860e-01 0.000000000e+00 3.450694475e-03 1.000667566e-02 7.975259728e-04
5.634312950e-03 0.000000000e+00 1.170387885e-03 0.000000000e+00 2.272577982e-02 9.345186304e-03
1.575952663e-03 1.170387885e-03 2.009639522e-03 2.009639522e-03 0.000000000e+00 4.509275218e-03

0.000000000e+00 3.917969513e-02 3.917969513e-02 3.917969513e-02 3.917969513e-02 3.917969513e-02
0.000000000e+00 3.917969513e-02 3.917969513e-02 3.917969513e-02 3.917969513e-02 3.917969513e-02
3.917969513e-02 0.000000000e+00 0.000000000e+00 0.000000000e+00 3.917969513e-02 3.784597560e-02
3.784597560e-02 3.784597560e-02 0.000000000e+00 3.784597560e-02 3.784597560e-02 3.784597560e-02
3.784597560e-02 0.000000000e+00 0.000000000e+00 0.000000000e+00 3.784597560e-02 3.784597560e-02
3.784597560e-02 3.784597560e-02 3.784597560e-02 3.784597560e-02 0.000000000e+00 3.784597560e-02

