7.928621647e-18 7.928621647e-18 7.928621647e-18 7.928621647e-18 7.928621647e-18 7.928621647e-18
7.928621647e-18 0.000000000e+00 2.733071603e-03 1.984579324e-01 7.928621647e-18 7.928621647e-18
7.928621647e-18 7.928621647e-18 9.112306774e-02 4.751120651e-01 3.197822642e-03 7.928621647e-18
7.928621647e-18 1.697574003e-01 2.734099899e-02 7.928621647e-18 1.084620185e-03 7.928621647e-18
7.928621647e-18 7.928621647e-18 1.663463537e-02 1.182531404e-02 2.733071603e-03 7.928621647e-18
7.928621647e-18 7.928621647e-18 7.928621647e-18 7.928621647e-18 7.928621647e-18 7.928621647e-18

6.289712079e-18 6.289712079e-18 6.289712079e-18 6.289712079e-18 6.289712079e-18 6.289712079e-18
6.289712079e-18 0.000000000e+00 6.289712079e-18 2.536807101e-03 6.289712079e-18 6.289712079e-18
6.289712079e-18 6.289712079e-18 4.827429076e-02 1.799676061e-01 6.289712079e-18 6.289712079e-18
6.289712079e-18 6.289712079e-18 7.442605571e-01 0.000000000e+00 6.289712079e-18 6.289712079e-18
6.289712079e-18 0.000000000e+00 2.496073893e-02 6.289712079e-18 6.289712079e-18 6.289712079e-18
6.289712079e-18 6.289712079e-18 6.289712079e-18 6.289712079e-18 6.289712079e-18 6.289712079e-18

5.980259124e-18 5.980259124e-18 5.980259124e-18 5.980259124e-18 5.980259124e-18 5.980259124e-18
5.980259124e-18 0.000000000e+00 5.980259124e-18 3.410006110e-01 5.980259124e-18 5.980259124e-18
5.980259124e-18 5.980259124e-18 6.476680058e-01 5.980259124e-18 5.980259124e-18 5.980259124e-18
5.980259124e-18 0.000000000e+00 0.000000000e+00 0.000000000e+00 5.980259124e-18 5.980259124e-18
5.980259124e-18 0.000000000e+00 5.980259124e-18 8.919386661e-03 5.980259124e-18 5.980259124e-18
5.980259124e-18 5.980259124e-18 5.980259124e-18 2.411996546e-03 5.980259124e-18 5.980259124e-18

5.345860598e-18 5.345860598e-18 2.902179637e-04 7.313034430e-04 2.902179637e-04 5.345860598e-18
5.345860598e-18 0.000000000e+00 2.902179637e-04 2.645373377e-02 5.345860598e-18 5.345860598e-18
5.345860598e-18 7.313034430e-04 9.847159416e-04 0.000000000e+00 5.345860598e-18 2.902179637e-04
2.902179637e-04 0.000000000e+00 0.000000000e+00 0.000000000e+00 9.550893410e-01 5.345860598e-18
7.313034430e-04 0.000000000e+00 0.000000000e+00 2.902179637e-04 1.255700200e-03 5.345860598e-18
2.902179637e-04 5.345860598e-18 5.345860598e-18 1.170085509e-02 5.345860598e-18 2.902179637e-04

