6.059467246e-18 6.059467246e-18 6.059467246e-18 6.059467246e-18 6.059467246e-18 6.059467246e-18
6.059467246e-18 6.059467246e-18 3.289584928e-04 3.289584928e-04 6.158351154e-03 6.059467246e-18
6.059467246e-18 0.000000000e+00 9.037523326e-03 4.404924711e-03 6.059467246e-18 6.059467246e-18
6.059467246e-18 6.059467246e-18 2.089542108e-02 5.109887497e-02 8.722219802e-01 6.059467246e-18
6.059467246e-18 6.059467246e-18 6.059467246e-18 6.059467246e-18 3.552500758e-02 6.059467246e-18
6.059467246e-18 6.059467246e-18 6.059467246e-18 6.059467246e-18 6.059467246e-18 6.059467246e-18

3.839304885e-04 1.523629154e-04 3.727372993e-03 9.674442084e-04 1.302684602e-03 7.072060065e-18
7.072060065e-18 7.072060065e-18 0.000000000e+00 2.437806645e-03 5.141028224e-03 1.523629154e-04
1.523629154e-04 0.000000000e+00 7.302012720e-01 5.636388922e-03 0.000000000e+00 1.523629154e-04
9.674442084e-04 7.072060065e-18 5.252095204e-02 1.356634154e-01 4.563757950e-02 7.072060065e-18
3.839304885e-04 7.072060065e-18 4.185887981e-03 3.839304885e-04 9.392391389e-03 7.072060065e-18
7.072060065e-18 1.523629154e-04 1.523629154e-04 7.072060065e-18 1.523629154e-04 7.072060065e-18

1.055490009e-03 1.662292600e-04 3.111937151e-03 7.004084918e-02 7.192322363e-04 1.662292600e-04
1.662292600e-04 0.000000000e+00 0.000000000e+00 3.111937151e-03 9.630892407e-03 1.662292600e-04
1.150771578e-02 0.000000000e+00 0.000000000e+00 1.662292600e-04 0.000000000e+00 1.903114262e-02
2.225895944e-03 1.662292600e-04 5.178717388e-01 3.353225799e-01 9.630892407e-03 1.662292600e-04
4.188714875e-04 7.192322363e-04 2.225895944e-03 7.841590245e-03 4.188714875e-04 1.662292600e-04
1.055490009e-03 1.812351668e-03 4.188714875e-04 1.662292600e-04 1.662292600e-04 1.662292600e-04

