7.364978510e-18 7.364978510e-18 7.364978510e-18 7.364978510e-18 7.364978510e-18 7.364978510e-18
7.364978510e-18 7.364978510e-18 1.007514888e-03 3.998325483e-04 1.586736520e-04 7.364978510e-18
7.364978510e-18 3.998325483e-04 1.401279720e-01 4.336711688e-01 3.998325483e-04 7.364978510e-18
7.364978510e-18 3.998325483e-04 1.893067943e-01 2.327211988e-01 1.007514888e-03 7.364978510e-18
7.364978510e-18 7.364978510e-18 7.364978510e-18 3.998325483e-04 7.364978510e-18 7.364978510e-18
7.364978510e-18 7.364978510e-18 7.364978510e-18 7.364978510e-18 7.364978510e-18 7.364978510e-18

1.913053931e-03 1.379317084e-02 2.237521452e-04 5.638200753e-04 2.996157190e-03 0.000000000e+00
2.237521452e-04 1.353880444e-01 1.010963110e-01 1.635638103e-02 6.147174416e-03 5.638200753e-04
2.237521452e-04 1.251308308e-01 2.704616474e-01 6.951462228e-02 9.158458828e-02 5.638200753e-04
2.237521452e-04 1.548990889e-02 0.000000000e+00 9.972319555e-02 1.812392376e-02 2.237521452e-04
4.188808957e-03 5.638200753e-04 1.420737562e-03 1.214713529e-02 1.420737562e-03 5.638200753e-04
2.237521452e-04 4.820593835e-03 5.638200753e-04 2.237521452e-04 1.913053931e-03 1.420737562e-03

3.426019625e-03 5.882720190e-03 0.000000000e+00 6.545271513e-03 2.266496835e-02 0.000000000e+00
3.426019625e-03 2.355307889e-01 5.882720190e-03 7.628192901e-02 5.395642804e-04 5.395642804e-04
5.238337113e-03 2.947685302e-01 1.691420364e-01 1.085612074e-02 9.264703748e-04 5.395642804e-04
2.141262266e-04 2.141262266e-04 0.000000000e+00 0.000000000e+00 7.014404886e-02 3.631898261e-02
1.010105038e-02 1.085612074e-02 9.359840016e-03 4.613209706e-03 2.141262266e-04 2.141262266e-04
1.830753485e-03 1.010105038e-02 5.395642804e-04 2.334559055e-03 2.141262266e-04 5.395642804e-04

9.924554120e-04 4.338199961e-02 0.000000000e+00 7.011438587e-03 6.998094641e-02 0.000000000e+00
4.294105174e-03 4.001329487e-02 2.526511159e-02 6.301699060e-03 7.513984559e-02 2.293767164e-04
9.924554120e-04 2.682806350e-01 1.572856359e-01 1.342595786e-01 5.507938867e-02 2.293767164e-04
2.293767164e-04 0.000000000e+00 0.000000000e+00 0.000000000e+00 2.500830929e-03 0.000000000e+00
5.779931067e-04 3.071473114e-03 6.301699060e-03 5.872043939e-02 3.071473114e-03 7.011438587e-03
5.779931067e-04 2.427921185e-02 2.500830929e-03 2.293767164e-04 1.961143339e-03 2.293767164e-04

1.283696360e-04 1.283696360e-04 0.000000000e+00 4.132508602e-02 5.554231572e-04 0.000000000e+00
1.283696360e-04 2.053914177e-03 1.283696360e-04 2.403176430e-03 4.331447193e-03 1.283696360e-04
1.283696360e-04 7.913328919e-03 1.304154210e-02 0.000000000e+00 6.968976030e-03 5.554231572e-04
1.283696360e-04 0.000000000e+00 0.000000000e+00 0.000000000e+00 0.000000000e+00 0.000000000e+00
1.283696360e-04 1.399578655e-03 1.718935958e-03 9.138282504e-01 1.283696360e-04 1.283696360e-04
1.283696360e-04 8.150963811e-04 3.234712132e-04 1.283696360e-04 1.097544950e-03 1.283696360e-04

5.130174211e-18 2.069134835e-03 0.000000000e+00 5.130174211e-18 0.000000000e+00 0.000000000e+00
1.105262529e-04 2.785087051e-04 5.130174211e-18 9.775190527e-01 0.000000000e+00 5.130174211e-18
1.105262529e-04 1.122876736e-02 2.069134835e-03 0.000000000e+00 2.785087051e-04 1.105262529e-04
5.130174211e-18 0.000000000e+00 0.000000000e+00 0.000000000e+00 0.000000000e+00 0.000000000e+00
5.130174211e-18 1.480003809e-03 2.785087051e-04 3.378494759e-03 1.105262529e-04 1.105262529e-04
5.130174211e-18 2.785087051e-04 1.105262529e-04 5.130174211e-18 4.782193221e-04 5.130174211e-18

