7.499495623e-18 7.499495623e-18 7.499495623e-18 7.499495623e-18 7.499495623e-18 7.499495623e-18
7.499495623e-18 0.000000000e+00 3.480957514e-03 3.201650993e-01 7.499495623e-18 7.499495623e-18
7.499495623e-18 7.499495623e-18 7.499495623e-18 3.419045246e-01 2.585147765e-03 7.499495623e-18
7.499495623e-18 2.003981790e-01 1.264875197e-01 1.025916570e-03 7.499495623e-18 7.499495623e-18
7.499495623e-18 7.499495623e-18 3.952655547e-03 7.499495623e-18 7.499495623e-18 7.499495623e-18
7.499495623e-18 7.499495623e-18 7.499495623e-18 7.499495623e-18 7.499495623e-18 7.499495623e-18

5.628959467e-18 5.628959467e-18 5.628959467e-18 5.628959467e-18 5.628959467e-18 5.628959467e-18
5.628959467e-18 0.000000000e+00 5.628959467e-18 5.628959467e-18 5.628959467e-18 5.628959467e-18
1.212722555e-04 5.628959467e-18 0.000000000e+00 8.219692873e-01 1.322197876e-03 5.628959467e-18
5.628959467e-18 0.000000000e+00 1.728802710e-01 5.628959467e-18 5.628959467e-18 5.628959467e-18
5.628959467e-18 5.628959467e-18 3.706971592e-03 5.628959467e-18 5.628959467e-18 5.628959467e-18
5.628959467e-18 5.628959467e-18 5.628959467e-18 5.628959467e-18 5.628959467e-18 5.628959467e-18

5.097605978e-18 5.097605978e-18 5.097605978e-18 5.097605978e-18 5.097605978e-18 5.097605978e-18
5.097605978e-18 0.000000000e+00 0.000000000e+00 2.366099099e-03 5.097605978e-18 5.097605978e-18
1.098245916e-04 0.000000000e+00 0.000000000e+00 9.557243506e-01 1.098245916e-04 5.097605978e-18
5.097605978e-18 0.000000000e+00 4.168990112e-02 5.097605978e-18 5.097605978e-18 5.097605978e-18
5.097605978e-18 5.097605978e-18 5.097605978e-18 5.097605978e-18 5.097605978e-18 5.097605978e-18
5.097605978e-18 5.097605978e-18 5.097605978e-18 5.097605978e-18 5.097605978e-18 5.097605978e-18

1.569429127e-04 1.569429127e-04 1.569429127e-04 1.569429127e-04 1.569429127e-04 1.569429127e-04
0.000000000e+00 0.000000000e+00 0.000000000e+00 0.000000000e+00 6.790525452e-04 1.569429127e-04
3.449438595e-01 0.000000000e+00 0.000000000e+00 3.506868839e-01 4.614091190e-02 1.569429127e-04
1.569429127e-04 0.000000000e+00 2.537826623e-01 1.569429127e-04 1.569429127e-04 1.569429127e-04
1.569429127e-04 1.569429127e-04 1.569429127e-04 1.569429127e-04 1.569429127e-04 1.569429127e-04
1.569429127e-04 1.569429127e-04 1.569429127e-04 1.569429127e-04 1.569429127e-04 1.569429127e-04

1.246666782e-04 5.394013894e-04 0.000000000e+00 1.246666782e-04 1.359206330e-03 1.246666782e-04
0.000000000e+00 0.000000000e+00 0.000000000e+00 0.000000000e+00 1.319579746e-02 3.141403443e-04
4.206502022e-03 0.000000000e+00 0.000000000e+00 0.000000000e+00 2.685862163e-03 1.246666782e-04
1.481905087e-02 0.000000000e+00 9.289297649e-01 2.734745158e-02 3.141403443e-04 1.246666782e-04
5.394013894e-04 3.141403443e-04 1.065885106e-03 2.333854266e-03 1.246666782e-04 1.246666782e-04
1.246666782e-04 1.246666782e-04 1.246666782e-04 1.246666782e-04 5.394013894e-04 1.246666782e-04

