6.468507115e-18 1.393597612e-04 6.468507115e-18 3.409266678e-03 1.393597612e-04 6.468507115e-18
1.393597612e-04 6.468507115e-18 1.393597612e-04 5.208299632e-02 8.848793262e-04 1.393597612e-04
1.393597612e-04 6.468507115e-18 7.750300650e-01 6.468507115e-18 1.458459893e-01 7.565611817e-03
1.393597612e-04 6.468507115e-18 1.866099430e-03 1.073417136e-02 3.511645933e-04 1.393597612e-04
1.393597612e-04 6.468507115e-18 6.468507115e-18 1.393597612e-04 6.468507115e-18 6.468507115e-18
1.393597612e-04 1.393597612e-04 1.393597612e-04 1.393597612e-04 1.393597612e-04 1.393597612e-04

6.121642082e-18 1.127616113e-03 6.121642082e-18 8.374288571e-04 1.318867806e-04 6.121642082e-18
6.121642082e-18 5.706409580e-04 1.127616113e-03 8.374288571e-04 6.121642082e-18 6.121642082e-18
1.318867806e-04 6.121642082e-18 3.415152493e-01 0.000000000e+00 3.323338622e-04 8.374288571e-04
6.121642082e-18 1.318867806e-04 6.482144908e-01 2.110188490e-03 6.121642082e-18 6.121642082e-18
5.706409580e-04 0.000000000e+00 1.318867806e-04 6.121642082e-18 6.121642082e-18 6.121642082e-18
1.127616113e-03 1.318867806e-04 6.121642082e-18 1.318867806e-04 6.121642082e-18 6.121642082e-18

5.638111301e-18 5.638111301e-18 5.638111301e-18 5.638111301e-18 5.638111301e-18 5.638111301e-18
5.638111301e-18 5.638111301e-18 7.636128822e-01 5.638111301e-18 5.638111301e-18 5.638111301e-18
5.638111301e-18 0.000000000e+00 5.638111301e-18 0.000000000e+00 5.638111301e-18 5.638111301e-18
5.638111301e-18 5.638111301e-18 2.363871178e-01 0.000000000e+00 5.638111301e-18 5.638111301e-18
5.638111301e-18 0.000000000e+00 5.638111301e-18 5.638111301e-18 5.638111301e-18 5.638111301e-18
5.638111301e-18 5.638111301e-18 5.638111301e-18 5.638111301e-18 5.638111301e-18 5.638111301e-18

6.109185923e-18 6.109185923e-18 6.109185923e-18 6.109185923e-18 6.109185923e-18 6.109185923e-18
6.109185923e-18 1.982780397e-02 5.531938539e-01 6.109185923e-18 6.109185923e-18 6.109185923e-18
6.109185923e-18 0.000000000e+00 0.000000000e+00 0.000000000e+00 0.000000000e+00 6.109185923e-18
6.109185923e-18 1.125321669e-03 4.258530205e-01 0.000000000e+00 6.109185923e-18 6.109185923e-18
6.109185923e-18 0.000000000e+00 6.109185923e-18 6.109185923e-18 6.109185923e-18 6.109185923e-18
6.109185923e-18 6.109185923e-18 6.109185923e-18 6.109185923e-18 6.109185923e-18 6.109185923e-18

