8.200758039e-18 8.200758039e-18 8.200758039e-18 8.200758039e-18 8.200758039e-18 8.200758039e-18
8.200758039e-18 1.766799761e-04 1.766799761e-04 7.337888385e-02 8.200758039e-18 8.200758039e-18
8.200758039e-18 8.200758039e-18 5.588162366e-02 3.344746393e-01 1.946073421e-02 8.200758039e-18
8.200758039e-18 7.766326462e-02 3.754739243e-01 8.200758039e-18 2.826879617e-03 8.200758039e-18
8.200758039e-18 8.200758039e-18 4.807881281e-02 1.223119774e-02 1.766799761e-04 8.200758039e-18
8.200758039e-18 8.200758039e-18 8.200758039e-18 8.200758039e-18 8.200758039e-18 8.200758039e-18

7.151092687e-18 7.151092687e-18 7.151092687e-18 7.151092687e-18 7.151092687e-18 7.151092687e-18
7.151092687e-18 7.151092687e-18 7.151092687e-18 2.808738742e-01 7.151092687e-18 7.151092687e-18
7.151092687e-18 7.151092687e-18 0.000000000e+00 4.586124094e-01 7.151092687e-18 7.151092687e-18
2.884224664e-03 1.694663842e-01 7.151092687e-18 0.000000000e+00 8.816310749e-02 7.151092687e-18
7.151092687e-18 7.151092687e-18 7.151092687e-18 7.151092687e-18 7.151092687e-18 7.151092687e-18
7.151092687e-18 7.151092687e-18 7.151092687e-18 7.151092687e-18 7.151092687e-18 7.151092687e-18

6.181113951e-18 6.181113951e-18 6.181113951e-18 6.181113951e-18 6.181113951e-18 6.181113951e-18
6.181113951e-18 6.181113951e-18 6.181113951e-18 5.530747774e-02 6.181113951e-18 6.181113951e-18
6.181113951e-18 3.355624920e-04 0.000000000e+00 2.416164382e-01 6.181113951e-18 6.181113951e-18
1.331680632e-04 0.000000000e+00 0.000000000e+00 0.000000000e+00 7.010000520e-01 1.138570925e-03
6.181113951e-18 6.181113951e-18 1.331680632e-04 3.355624920e-04 6.181113951e-18 6.181113951e-18
6.181113951e-18 6.181113951e-18 6.181113951e-18 6.181113951e-18 6.181113951e-18 6.181113951e-18

1.089143776e-04 5.055357588e-18 2.744470339e-04 1.089143776e-04 1.089143776e-04 2.744470339e-04
1.089143776e-04 1.089143776e-04 1.089143776e-04 0.000000000e+00 3.329224002e-03 1.089143776e-04
1.089143776e-04 1.187463350e-03 0.000000000e+00 2.744470339e-04 4.712451429e-04 1.089143776e-04
1.187463350e-03 0.000000000e+00 0.000000000e+00 0.000000000e+00 9.872780904e-01 2.346489133e-03
0.000000000e+00 4.712451429e-04 1.089143776e-04 6.915631903e-04 1.089143776e-04 1.089143776e-04
1.089143776e-04 1.089143776e-04 5.055357588e-18 4.712451429e-04 1.089143776e-04 1.089143776e-04

4.659284791e-18 4.659284791e-18 4.659284791e-18 4.659284791e-18 0.000000000e+00 4.659284791e-18
4.659284791e-18 4.659284791e-18 1.003812479e-04 0.000000000e+00 0.000000000e+00 1.003812479e-04
4.659284791e-18 4.659284791e-18 0.000000000e+00 4.659284791e-18 4.659284791e-18 4.659284791e-18
4.659284791e-18 0.000000000e+00 0.000000000e+00 0.000000000e+00 4.659284791e-18 9.997992375e-01
0.000000000e+00 4.659284791e-18 4.659284791e-18 4.659284791e-18 4.659284791e-18 4.659284791e-18
4.659284791e-18 4.659284791e-18 4.659284791e-18 4.659284791e-18 4.659284791e-18 4.659284791e-18

5.111815994e-18 1.101307371e-04 2.775120677e-04 1.101307371e-04 0.000000000e+00 1.101307371e-04
5.111815994e-18 5.111815994e-18 9.416045568e-04 0.000000000e+00 0.000000000e+00 8.050605717e-03
9.416045568e-04 1.101307371e-04 0.000000000e+00 9.782953844e-01 5.111815994e-18 1.101307371e-04
1.474707648e-03 0.000000000e+00 0.000000000e+00 0.000000000e+00 0.000000000e+00 0.000000000e+00
0.000000000e+00 1.101307371e-04 8.050605717e-03 5.111815994e-18 6.992865915e-04 5.111815994e-18
1.101307371e-04 1.101307371e-04 1.101307371e-04 5.111815994e-18 2.775120677e-04 5.111815994e-18

5.062159559e-18 1.090609216e-04 2.748163017e-04 1.090609216e-04 0.000000000e+00 1.090609216e-04
5.062159559e-18 2.668042502e-03 0.000000000e+00 0.000000000e+00 0.000000000e+00 1.090609216e-04
1.189061079e-03 5.062159559e-18 0.000000000e+00 5.062159559e-18 0.000000000e+00 1.090609216e-04
4.718792020e-04 0.000000000e+00 0.000000000e+00 0.000000000e+00 0.000000000e+00 0.000000000e+00
0.000000000e+00 5.062159559e-18 2.171219127e-02 5.062159559e-18 9.730296441e-01 5.062159559e-18
5.062159559e-18 5.062159559e-18 5.062159559e-18 5.062159559e-18 1.090609216e-04 5.062159559e-18

