6.468507115e-18 1.393597612e-04 6.468507115e-18 3.409266678e-03 1.393597612e-04 6.468507115e-18
1.393597612e-04 6.468507115e-18 1.393597612e-04 5.208299632e-02 8.848793262e-04 1.393597612e-04
1.393597612e-04 6.468507115e-18 7.750300650e-01 6.468507115e-18 1.458459893e-01 7.565611817e-03
1.393597612e-04 6.468507115e-18 1.866099430e-03 1.073417136e-02 3.511645933e-04 1.393597612e-04
1.393597612e-04 6.468507115e-18 6.468507115e-18 1.393597612e-04 6.468507115e-18 6.468507115e-18
1.393597612e-04 1.393597612e-04 1.393597612e-04 1.393597612e-04 1.393597612e-04 1.393597612e-04

7.757193357e-18 7.757193357e-18 1.671236647e-04 1.671236647e-04 7.757193357e-18 7.757193357e-18
7.757193357e-18 7.757193357e-18 5.665097716e-02 3.597112829e-01 7.757193357e-18 7.757193357e-18
7.883782307e-03 4.913403323e-02 7.757193357e-18 0.000000000e+00 1.524691811e-01 5.108527708e-03
7.757193357e-18 3.600570207e-03 0.000000000e+00 3.642717798e-01 7.757193357e-18 7.757193357e-18
7.757193357e-18 7.757193357e-18 1.671236647e-04 1.671236647e-04 7.757193357e-18 7.757193357e-18
7.757193357e-18 7.757193357e-18 7.757193357e-18 1.671236647e-04 1.671236647e-04 1.671236647e-04

6.266648395e-03 7.848328671e-04 5.737163062e-18 1.236034313e-04 5.737163062e-18 5.737163062e-18
5.737163062e-18 5.737163062e-18 1.804525046e-02 1.804525046e-02 5.737163062e-18 5.737163062e-18
1.255732587e-02 0.000000000e+00 0.000000000e+00 0.000000000e+00 9.240708246e-01 7.848328671e-04
1.977654900e-03 3.114611297e-04 0.000000000e+00 1.690871155e-02 5.737163062e-18 5.737163062e-18
5.737163062e-18 5.737163062e-18 5.737163062e-18 5.737163062e-18 5.737163062e-18 5.737163062e-18
1.236034313e-04 5.737163062e-18 5.737163062e-18 5.737163062e-18 5.737163062e-18 5.737163062e-18

2.925236086e-03 1.195741609e-04 5.550140901e-18 1.195741609e-04 5.550140901e-18 5.550140901e-18
0.000000000e+00 5.550140901e-18 1.114634159e-02 1.114634159e-02 5.550140901e-18 5.550140901e-18
3.655065340e-03 0.000000000e+00 0.000000000e+00 0.000000000e+00 9.492166258e-01 1.195741609e-04
1.303684021e-03 3.013080047e-04 0.000000000e+00 1.265676146e-02 1.195741609e-04 5.550140901e-18
5.550140901e-18 5.550140901e-18 1.303684021e-03 0.000000000e+00 5.550140901e-18 1.195741609e-04
5.550140901e-18 5.550140901e-18 3.013080047e-04 4.423428592e-03 5.550140901e-18 1.022344695e-03

1.542793643e-04 2.181153931e-02 3.887596373e-04 6.675280405e-04 1.542793643e-04 1.542793643e-04
0.000000000e+00 1.766303108e-02 4.032047591e-02 1.311752445e-02 1.542793643e-04 1.542793643e-04
8.138831164e-01 0.000000000e+00 0.000000000e+00 0.000000000e+00 3.305409036e-02 1.682065259e-03
5.707284465e-03 5.707284465e-03 0.000000000e+00 6.220154196e-03 3.887596373e-04 1.542793643e-04
1.542793643e-04 0.000000000e+00 1.833909253e-02 0.000000000e+00 1.542793643e-04 1.319070010e-03
3.774256580e-03 1.542793643e-04 3.887596373e-04 1.249662851e-02 0.000000000e+00 1.682065259e-03

0.000000000e+00 3.917969513e-02 3.917969513e-02 3.917969513e-02 3.917969513e-02 3.917969513e-02
0.000000000e+00 3.917969513e-02 3.917969513e-02 3.917969513e-02 3.917969513e-02 3.917969513e-02
3.917969513e-02 0.000000000e+00 0.000000000e+00 0.000000000e+00 3.917969513e-02 3.784597560e-02
3.784597560e-02 3.784597560e-02 0.000000000e+00 3.784597560e-02 3.784597560e-02 3.784597560e-02
3.784597560e-02 0.000000000e+00 0.000000000e+00 0.000000000e+00 3.784597560e-02 3.784597560e-02
3.784597560e-02 3.784597560e-02 3.784597560e-02 3.784597560e-02 0.000000000e+00 3.784597560e-02

