1.337107289e-04 1.337107289e-04 1.083056904e-02 1.337107289e-04 1.337107289e-04 1.337107289e-04
1.337107289e-04 1.337107289e-04 7.564442199e-02 8.490102071e-04 6.206302263e-18 1.337107289e-04
4.511666306e-03 3.422994661e-02 6.206302263e-18 8.596708129e-01 1.337107289e-04 1.337107289e-04
1.337107289e-04 5.785327241e-04 8.745877118e-03 3.369299240e-04 6.206302263e-18 1.337107289e-04
1.337107289e-04 6.206302263e-18 1.337107289e-04 6.206302263e-18 6.206302263e-18 3.369299240e-04
6.206302263e-18 8.490102071e-04 1.337107289e-04 1.143210651e-03 1.337107289e-04 1.337107289e-04

1.509952897e-04 7.008580507e-18 7.008580507e-18 7.008580507e-18 7.008580507e-18 7.008580507e-18
7.008580507e-18 7.008580507e-18 2.674116123e-01 5.032180417e-02 7.008580507e-18 1.509952897e-04
1.646259902e-03 9.639067636e-02 0.000000000e+00 7.008580507e-18 1.283829768e-02 1.509952897e-04
7.008580507e-18 7.008580507e-18 5.706363731e-01 0.000000000e+00 1.509952897e-04 7.008580507e-18
7.008580507e-18 7.008580507e-18 1.509952897e-04 7.008580507e-18 7.008580507e-18 7.008580507e-18
7.008580507e-18 7.008580507e-18 7.008580507e-18 7.008580507e-18 7.008580507e-18 7.008580507e-18

5.024218507e-18 5.024218507e-18 5.024218507e-18 4.683424519e-04 5.024218507e-18 5.024218507e-18
5.024218507e-18 5.024218507e-18 8.767724019e-03 1.082435064e-04 5.024218507e-18 5.024218507e-18
1.449436651e-03 9.811968325e-01 0.000000000e+00 0.000000000e+00 6.672656370e-03 6.873034238e-04
5.024218507e-18 5.024218507e-18 0.000000000e+00 0.000000000e+00 1.082435064e-04 5.024218507e-18
5.024218507e-18 1.082435064e-04 1.082435064e-04 1.082435064e-04 5.024218507e-18 5.024218507e-18
5.024218507e-18 1.082435064e-04 5.024218507e-18 1.082435064e-04 5.024218507e-18 5.024218507e-18

1.882796772e-04 1.882796772e-04 1.882796772e-04 3.524737596e-03 1.882796772e-04 1.882796772e-04
1.882796772e-04 1.882796772e-04 1.500577593e-01 4.620181438e-02 1.882796772e-04 1.882796772e-04
2.576598814e-01 2.365084810e-01 0.000000000e+00 0.000000000e+00 2.561341401e-01 5.755210967e-03
1.882796772e-04 0.000000000e+00 0.000000000e+00 0.000000000e+00 0.000000000e+00 1.303422161e-02
1.882796772e-04 2.521162459e-03 2.521162459e-03 1.882796772e-04 2.521162459e-03 1.882796772e-04
1.882796772e-04 1.195501431e-03 2.052761272e-03 1.231517421e-02 5.172634273e-03 1.882796772e-04

4.897951758e-18 4.897951758e-18 4.897951758e-18 1.055231718e-04 4.897951758e-18 4.897951758e-18
4.897951758e-18 4.897951758e-18 4.897951758e-18 9.882430477e-01 1.055231718e-04 4.897951758e-18
1.055231718e-04 2.273427819e-03 0.000000000e+00 0.000000000e+00 4.897951758e-18 8.127911519e-03
4.897951758e-18 0.000000000e+00 0.000000000e+00 0.000000000e+00 0.000000000e+00 1.055231718e-04
4.897951758e-18 4.897951758e-18 4.897951758e-18 0.000000000e+00 0.000000000e+00 4.897951758e-18
4.897951758e-18 4.897951758e-18 1.055231718e-04 4.565722474e-04 2.659017307e-04 1.055231718e-04

