1.544289600e-04 1.544289600e-04 1.544289600e-04 1.544289600e-04 1.544289600e-04 1.544289600e-04
1.544289600e-04 3.891365947e-04 1.320349035e-03 2.226810308e-01 1.544289600e-04 1.544289600e-04
1.544289600e-04 6.681753034e-04 1.768015789e-02 7.284930620e-03 1.250874575e-02 1.544289600e-04
1.544289600e-04 6.590332248e-01 6.320973015e-02 0.000000000e+00 3.891365947e-04 6.681753034e-04
1.544289600e-04 1.544289600e-04 2.470863359e-03 1.544289600e-04 1.544289600e-04 3.891365947e-04
1.544289600e-04 1.544289600e-04 1.544289600e-04 7.829491335e-03 3.891365947e-04 1.544289600e-04

3.435925951e-04 6.329029715e-18 8.657990863e-04 3.435925951e-04 1.363548117e-04 6.329029715e-18
6.329029715e-18 1.825861599e-03 5.899730059e-04 2.714594475e-02 1.363548117e-04 1.363548117e-04
3.335754252e-03 1.165817241e-03 0.000000000e+00 5.899730059e-04 0.000000000e+00 1.363548117e-04
6.329029715e-18 8.918823772e-03 8.913529015e-01 0.000000000e+00 1.363548117e-04 5.960312492e-03
1.327861339e-02 2.578877439e-02 5.899730059e-04 5.044198246e-03 3.435925951e-04 6.329029715e-18
3.435925951e-04 6.329029715e-18 5.899730059e-04 9.967597204e-03 5.899730059e-04 3.435925951e-04

3.533693293e-04 1.402347113e-04 6.067603562e-04 1.402347113e-04 1.198989916e-03 1.402347113e-04
1.402347113e-04 8.904349128e-04 1.402347113e-04 1.167609954e-01 1.402347113e-04 1.402347113e-04
1.365644887e-02 3.533693293e-04 0.000000000e+00 1.402347113e-04 0.000000000e+00 1.402347113e-04
1.402347113e-04 3.430671265e-03 0.000000000e+00 0.000000000e+00 1.402347113e-04 1.605509638e-02
8.124835641e-03 8.156199315e-01 0.000000000e+00 1.877815465e-03 1.402347113e-04 1.402347113e-04
1.402347113e-04 1.402347113e-04 1.402347113e-04 1.854705674e-02 1.402347113e-04 1.402347113e-04

6.898871024e-04 1.594470002e-04 4.873872410e-03 4.017812637e-04 4.873872410e-03 1.594470002e-04
1.594470002e-04 3.416124752e-02 1.594470002e-04 4.527750507e-01 1.594470002e-04 1.738406565e-03
3.435181483e-03 1.594470002e-04 0.000000000e+00 1.594470002e-04 0.000000000e+00 1.594470002e-04
6.898871024e-04 0.000000000e+00 0.000000000e+00 0.000000000e+00 1.594470002e-04 4.873872410e-03
0.000000000e+00 4.017812637e-04 0.000000000e+00 6.969713315e-03 1.594470002e-04 1.594470002e-04
6.898871024e-04 4.220055614e-01 1.594470002e-04 5.865729987e-02 1.594470002e-04 6.898871024e-04

1.496128790e-04 1.496128790e-04 2.394706714e-02 7.037160860e-02 0.000000000e+00 1.496128790e-04
1.496128790e-04 2.393806064e-03 2.003393991e-03 0.000000000e+00 1.496128790e-04 2.253859922e-02
2.059587429e-01 1.496128790e-04 0.000000000e+00 1.496128790e-04 0.000000000e+00 1.496128790e-04
1.496128790e-04 0.000000000e+00 0.000000000e+00 0.000000000e+00 1.496128790e-04 1.496128790e-04
0.000000000e+00 1.496128790e-04 0.000000000e+00 1.496128790e-04 1.496128790e-04 6.473373314e-04
1.496128790e-04 1.496128790e-04 1.496128790e-04 6.692968001e-01 1.496128790e-04 1.496128790e-04

4.000000000e-02 4.000000000e-02 4.000000000e-02 4.000000000e-02 0.000000000e+00 4.000000000e-02
4.000000000e-02 4.000000000e-02 4.000000000e-02 0.000000000e+00 4.000000000e-02 4.000000000e-02
4.000000000e-02 4.000000000e-02 0.000000000e+00 0.000000000e+00 0.000000000e+00 4.000000000e-02
4.000000000e-02 0.000000000e+00 0.000000000e+00 0.000000000e+00 4.000000000e-02 0.000000000e+00
0.000000000e+00 4.000000000e-02 0.000000000e+00 4.000000000e-02 4.000000000e-02 4.000000000e-02
4.000000000e-02 4.000000000e-02 4.000000000e-02 4.000000000e-02 4.000000000e-02 4.000000000e-02

