1.001493000e-17 1.370023153e-03 2.352427524e-03 9.335614815e-04 2.283844363e-02 1.001493000e-17
1.001493000e-17 2.157651262e-04 1.001493000e-17 4.039285937e-03 1.096039708e-01 6.224607499e-02
2.157651262e-04 0.000000000e+00 5.068151463e-02 2.625049791e-01 1.001493000e-17 1.334166910e-01
9.335614815e-04 1.001493000e-17 1.411296831e-02 1.220652104e-01 7.937558998e-02 2.157651262e-04
2.157651262e-04 1.001493000e-17 1.844765879e-03 1.001493000e-17 2.157651262e-04 1.844765879e-03
1.001493000e-17 3.452242019e-03 5.436940486e-04 1.192672082e-01 5.278430793e-03 2.157651262e-04

5.469550738e-18 2.538740563e-03 5.098549754e-04 5.098549754e-04 1.284754032e-03 1.178378985e-04
7.482240161e-04 5.469550738e-18 0.000000000e+00 2.969328976e-04 2.882760542e-03 2.969328976e-04
5.098549754e-04 0.000000000e+00 9.502934492e-01 3.334907377e-02 0.000000000e+00 3.601992397e-03
5.469550738e-18 5.469550738e-18 1.178378985e-04 5.098549754e-04 2.969328976e-04 2.969328976e-04
1.178378985e-04 5.469550738e-18 5.469550738e-18 5.469550738e-18 1.178378985e-04 2.969328976e-04
5.469550738e-18 2.969328976e-04 2.969328976e-04 1.178378985e-04 2.969328976e-04 2.969328976e-04

2.698392241e-03 1.167526515e-02 7.454686280e-03 1.552168349e-02 8.719053967e-04 8.719053967e-04
2.197063926e-03 0.000000000e+00 0.000000000e+00 3.534001644e-01 1.721275849e-01 8.719053967e-04
9.506143507e-03 0.000000000e+00 0.000000000e+00 2.015151457e-04 0.000000000e+00 9.603759043e-02
3.772515551e-03 1.279541417e-03 2.032879957e-01 8.369344844e-02 1.395048635e-02 1.722930260e-03
5.077863478e-04 2.015151457e-04 2.015151457e-04 1.722930260e-03 5.077863478e-04 8.719053967e-04
2.015151457e-04 3.224242330e-03 1.722930260e-03 3.224242330e-03 2.698392241e-03 3.772515551e-03

