7.312828517e-18 7.312828517e-18 7.312828517e-18 7.312828517e-18 7.312828517e-18 7.312828517e-18
7.312828517e-18 7.312828517e-18 3.375484299e-02 6.816797544e-04 7.312828517e-18 7.312828517e-18
7.312828517e-18 2.083714428e-02 1.222292563e-01 7.312828517e-18 3.970014111e-04 7.312828517e-18
7.312828517e-18 7.312828517e-18 5.795947429e-02 6.740513025e-01 4.806724190e-02 7.312828517e-18
7.312828517e-18 7.312828517e-18 7.312828517e-18 4.202205662e-02 7.312828517e-18 7.312828517e-18
7.312828517e-18 7.312828517e-18 7.312828517e-18 7.312828517e-18 7.312828517e-18 7.312828517e-18

6.379978649e-18 6.379978649e-18 6.379978649e-18 6.379978649e-18 6.379978649e-18 6.379978649e-18
6.379978649e-18 6.379978649e-18 6.379978649e-18 6.379978649e-18 6.379978649e-18 6.379978649e-18
6.379978649e-18 6.379978649e-18 6.314391288e-01 0.000000000e+00 5.947223114e-04 6.379978649e-18
6.379978649e-18 6.379978649e-18 8.727688025e-04 1.056711336e-01 6.379978649e-18 6.379978649e-18
6.379978649e-18 0.000000000e+00 6.379978649e-18 2.614222465e-01 6.379978649e-18 6.379978649e-18
6.379978649e-18 6.379978649e-18 6.379978649e-18 6.379978649e-18 6.379978649e-18 6.379978649e-18

5.304613336e-18 5.304613336e-18 5.304613336e-18 5.304613336e-18 5.304613336e-18 5.304613336e-18
5.304613336e-18 5.304613336e-18 5.304613336e-18 5.304613336e-18 5.304613336e-18 5.304613336e-18
1.042632321e-01 0.000000000e+00 5.304613336e-18 0.000000000e+00 8.957367679e-01 5.304613336e-18
5.304613336e-18 5.304613336e-18 5.304613336e-18 0.000000000e+00 5.304613336e-18 5.304613336e-18
5.304613336e-18 0.000000000e+00 5.304613336e-18 5.304613336e-18 5.304613336e-18 5.304613336e-18
5.304613336e-18 5.304613336e-18 5.304613336e-18 5.304613336e-18 5.304613336e-18 5.304613336e-18

6.419634913e-18 6.419634913e-18 6.419634913e-18 6.419634913e-18 6.419634913e-18 6.419634913e-18
6.419634913e-18 6.419634913e-18 6.419634913e-18 1.182506861e-03 6.419634913e-18 1.182506861e-03
1.102297128e-01 0.000000000e+00 0.000000000e+00 0.000000000e+00 0.000000000e+00 6.419634913e-18
6.419634913e-18 6.419634913e-18 7.755509570e-01 0.000000000e+00 4.227673763e-03 5.984189484e-04
6.419634913e-18 0.000000000e+00 9.389573191e-02 8.525906613e-03 6.419634913e-18 6.419634913e-18
5.984189484e-04 5.984189484e-04 2.212909465e-03 6.419634913e-18 5.984189484e-04 5.984189484e-04

