6.237453564e-18 6.237453564e-18 6.237453564e-18 6.237453564e-18 6.237453564e-18 6.237453564e-18
1.343818634e-04 6.237453564e-18 1.343818634e-04 5.814365540e-04 6.237453564e-18 6.237453564e-18
6.237453564e-18 1.343818634e-04 0.000000000e+00 9.302984864e-03 5.814365540e-04 6.237453564e-18
6.237453564e-18 3.386210767e-04 1.128513581e-01 3.386210767e-04 1.343818634e-04 6.237453564e-18
6.237453564e-18 3.017018571e-02 8.130292052e-01 6.237453564e-18 3.226862342e-02 6.237453564e-18
6.237453564e-18 6.237453564e-18 6.237453564e-18 6.237453564e-18 6.237453564e-18 6.237453564e-18

4.120444379e-04 7.075097049e-04 7.075097049e-04 4.120444379e-04 4.120444379e-04 7.075097049e-04
7.075097049e-04 1.635199435e-04 3.061216704e-03 1.635199435e-04 7.589923439e-18 1.635199435e-04
7.589923439e-18 4.120444379e-04 0.000000000e+00 0.000000000e+00 4.120444379e-04 7.075097049e-04
4.186110554e-02 1.008016489e-02 2.547844799e-01 1.635199435e-04 1.635199435e-04 1.635199435e-04
1.635199435e-04 5.078028913e-01 1.674205747e-01 0.000000000e+00 4.120444379e-04 7.075097049e-04
4.120444379e-04 7.075097049e-04 5.517488577e-03 1.635199435e-04 1.635199435e-04 1.635199435e-04

1.664831264e-04 1.664831264e-04 1.664831264e-04 1.617220436e-01 1.664831264e-04 1.664831264e-04
6.615412027e-02 5.369847039e-01 1.664831264e-04 1.423410708e-03 1.664831264e-04 1.664831264e-04
1.664831264e-04 0.000000000e+00 0.000000000e+00 0.000000000e+00 1.664831264e-04 1.057101960e-03
1.793001648e-01 1.664831264e-04 0.000000000e+00 1.664831264e-04 1.423410708e-03 1.664831264e-04
1.664831264e-04 3.398040646e-02 7.203306526e-04 0.000000000e+00 4.195111908e-04 1.664831264e-04
1.664831264e-04 1.664831264e-04 1.348513324e-02 1.664831264e-04 1.664831264e-04 1.664831264e-04

1.657554034e-04 1.657554034e-04 1.657554034e-04 5.618716887e-02 1.657554034e-04 1.657554034e-04
1.657554034e-04 1.657554034e-04 0.000000000e+00 3.721388569e-02 1.657554034e-04 1.657554034e-04
1.657554034e-04 0.000000000e+00 0.000000000e+00 0.000000000e+00 1.747283326e-01 0.000000000e+00
3.240391382e-01 1.657554034e-04 0.000000000e+00 1.657554034e-04 1.657554034e-04 1.657554034e-04
1.657554034e-04 3.103066198e-03 1.657554034e-04 0.000000000e+00 3.103066198e-03 1.657554034e-04
1.657554034e-04 1.657554034e-04 3.979787234e-01 1.657554034e-04 1.657554034e-04 1.657554034e-04

