1.101153714e-17 6.517628605e-03 2.372363761e-04 3.176718030e-03 1.101153714e-17 5.977982080e-04
8.776128227e-03 4.486849641e-02 0.000000000e+00 7.370386131e-02 1.101153714e-17 8.866247469e-02
1.202779680e-02 1.190115473e-01 1.101153714e-17 1.774036964e-01 1.026462184e-03 1.037002595e-02
5.977982080e-04 7.105990292e-02 7.503484086e-02 7.771453418e-02 1.101153714e-17 2.511114608e-02
7.906314482e-02 1.101153714e-17 5.977982080e-04 1.101153714e-17 1.101153714e-17 3.176718030e-03
1.101153714e-17 1.026462184e-03 5.977982080e-04 1.160270010e-01 2.586522626e-03 1.026462184e-03

6.175951466e-18 5.757035145e-04 1.330568408e-04 5.757035145e-04 5.757035145e-04 5.757035145e-04
2.128909453e-03 8.586454435e-01 0.000000000e+00 3.352822292e-04 1.330568408e-04 3.352822292e-04
5.757035145e-04 0.000000000e+00 0.000000000e+00 2.866622736e-03 2.866622736e-03 3.352822292e-04
8.448582764e-04 6.175951466e-18 9.949897138e-02 2.129710438e-02 6.175951466e-18 5.757035145e-04
3.352822292e-04 8.448582764e-04 2.490924439e-03 6.175951466e-18 6.175951466e-18 5.757035145e-04
6.175951466e-18 5.757035145e-04 5.757035145e-04 5.757035145e-04 5.757035145e-04 5.757035145e-04

2.707004303e-03 6.464733937e-01 1.446535077e-03 4.263264629e-04 4.138972526e-03 1.844607474e-03
1.691877689e-04 0.000000000e+00 0.000000000e+00 1.507415444e-02 4.263264629e-04 1.446535077e-03
1.370420928e-02 0.000000000e+00 0.000000000e+00 1.577117206e-02 2.265511912e-03 1.844607474e-03
3.167322671e-03 0.000000000e+00 2.329057527e-01 2.391924345e-02 1.844607474e-03 1.844607474e-03
1.446535077e-03 1.844607474e-03 3.645039985e-03 1.844607474e-03 1.446535077e-03 1.844607474e-03
1.446535077e-03 3.167322671e-03 1.844607474e-03 3.645039985e-03 4.138972526e-03 2.265511912e-03

