4.797614235e-04 1.318551270e-01 1.208923033e-03 7.004186663e-02 1.854104702e-02 8.837280979e-18
8.837280979e-18 0.000000000e+00 8.837280979e-18 2.316371915e-01 8.837280979e-18 4.797614235e-04
1.618810597e-02 2.347402858e-02 3.587622241e-01 1.228189244e-01 8.837280979e-18 4.797614235e-04
4.797614235e-04 8.837280979e-18 4.101902471e-03 4.797614235e-04 8.837280979e-18 1.033614654e-02
7.676182775e-03 8.837280979e-18 8.837280979e-18 8.837280979e-18 8.837280979e-18 4.797614235e-04
8.837280979e-18 8.837280979e-18 8.837280979e-18 4.797614235e-04 8.837280979e-18 8.837280979e-18

1.951575400e-04 1.130692196e-02 2.127748708e-03 1.351036215e-02 9.894415326e-03 4.917661853e-04
7.219498222e-03 0.000000000e+00 0.000000000e+00 1.203046026e-02 1.668573496e-03 4.917661853e-04
5.183872370e-01 0.000000000e+00 1.597008556e-01 3.499291392e-02 4.917661853e-04 4.917661853e-04
8.443976345e-04 1.951575400e-04 1.418696125e-01 1.951575400e-04 4.917661853e-04 4.917661853e-04
1.203046026e-02 7.868258964e-03 2.613260606e-03 2.319825596e-02 4.917661853e-04 1.668573496e-03
1.951575400e-04 1.351036215e-02 7.219498222e-03 2.613260606e-03 1.130692196e-02 1.951575400e-04

1.551503264e-04 7.866064350e-03 3.909543244e-04 3.342612454e-03 1.551503264e-04 1.551503264e-04
1.541879315e-01 0.000000000e+00 0.000000000e+00 3.909543244e-04 1.551503264e-04 1.551503264e-04
1.551503264e-04 0.000000000e+00 0.000000000e+00 3.011321687e-02 1.551503264e-04 1.551503264e-04
5.798600951e-01 0.000000000e+00 2.186367393e-01 1.326516632e-03 1.551503264e-04 1.551503264e-04
3.909543244e-04 1.551503264e-04 1.551503264e-04 1.551503264e-04 1.551503264e-04 1.551503264e-04
1.551503264e-04 3.909543244e-04 1.551503264e-04 1.551503264e-04 1.551503264e-04 1.551503264e-04

8.747001006e-01 0.000000000e+00 2.992790609e-04 7.541359773e-04 2.992790609e-04 5.512767437e-18
5.512767437e-18 0.000000000e+00 0.000000000e+00 1.187689741e-04 5.512767437e-18 5.512767437e-18
0.000000000e+00 0.000000000e+00 0.000000000e+00 2.992790609e-04 5.512767437e-18 5.512767437e-18
1.207071544e-01 0.000000000e+00 2.223444794e-03 2.992790609e-04 5.512767437e-18 5.512767437e-18
5.512767437e-18 5.512767437e-18 5.512767437e-18 5.512767437e-18 5.512767437e-18 5.512767437e-18
5.512767437e-18 2.992790609e-04 5.512767437e-18 5.512767437e-18 5.512767437e-18 5.512767437e-18

8.275072474e-02 0.000000000e+00 6.347831135e-18 8.275072474e-02 6.347831135e-18 6.347831135e-18
0.000000000e+00 0.000000000e+00 0.000000000e+00 3.795805191e-02 6.347831135e-18 6.347831135e-18
0.000000000e+00 0.000000000e+00 0.000000000e+00 6.347831135e-18 6.347831135e-18 6.347831135e-18
7.858698233e-01 0.000000000e+00 0.000000000e+00 1.053391547e-02 6.347831135e-18 6.347831135e-18
6.347831135e-18 6.347831135e-18 1.367598761e-04 6.347831135e-18 6.347831135e-18 6.347831135e-18
6.347831135e-18 6.347831135e-18 6.347831135e-18 6.347831135e-18 6.347831135e-18 6.347831135e-18

6.698762181e-03 0.000000000e+00 5.043875041e-18 5.043875041e-18 4.701747745e-04 5.043875041e-18
0.000000000e+00 0.000000000e+00 0.000000000e+00 9.709234725e-01 5.043875041e-18 5.043875041e-18
0.000000000e+00 0.000000000e+00 0.000000000e+00 0.000000000e+00 5.043875041e-18 5.043875041e-18
2.163376684e-02 0.000000000e+00 0.000000000e+00 2.738236654e-04 0.000000000e+00 5.043875041e-18
5.043875041e-18 5.043875041e-18 5.043875041e-18 5.043875041e-18 5.043875041e-18 5.043875041e-18
5.043875041e-18 5.043875041e-18 5.043875041e-18 5.043875041e-18 5.043875041e-18 5.043875041e-18

4.653528752e-18 0.000000000e+00 4.653528752e-18 0.000000000e+00 4.653528752e-18 4.653528752e-18
0.000000000e+00 0.000000000e+00 0.000000000e+00 0.000000000e+00 4.653528752e-18 4.653528752e-18
0.000000000e+00 0.000000000e+00 0.000000000e+00 0.000000000e+00 4.653528752e-18 4.653528752e-18
9.998997428e-01 0.000000000e+00 0.000000000e+00 4.653528752e-18 0.000000000e+00 4.653528752e-18
4.653528752e-18 4.653528752e-18 4.653528752e-18 4.653528752e-18 4.653528752e-18 4.653528752e-18
4.653528752e-18 1.002572378e-04 4.653528752e-18 4.653528752e-18 4.653528752e-18 4.653528752e-18

4.812654667e-02 0.000000000e+00 4.812654667e-02 0.000000000e+00 4.812654667e-02 4.812654667e-02
0.000000000e+00 0.000000000e+00 0.000000000e+00 0.000000000e+00 4.812654667e-02 4.812654667e-02
0.000000000e+00 0.000000000e+00 0.000000000e+00 0.000000000e+00 4.812654667e-02 4.812654667e-02
4.679436166e-02 0.000000000e+00 0.000000000e+00 0.000000000e+00 0.000000000e+00 4.812654667e-02
0.000000000e+00 4.812654667e-02 4.812654667e-02 4.812654667e-02 4.812654667e-02 4.679436166e-02
4.679436166e-02 4.679436166e-02 4.679436166e-02 4.679436166e-02 4.679436166e-02 4.679436166e-02

