1.515333814e-04 1.515333814e-04 1.515333814e-04 1.515333814e-04 1.515333814e-04 1.515333814e-04
6.556468624e-04 3.818401938e-04 3.818401938e-04 7.793633666e-02 3.707079455e-03 1.515333814e-04
1.515333814e-04 3.581854266e-01 0.000000000e+00 5.287488690e-01 1.515333814e-04 1.515333814e-04
1.515333814e-04 9.621769958e-04 2.424534101e-03 2.282791543e-02 1.515333814e-04 1.515333814e-04
1.515333814e-04 1.515333814e-04 1.515333814e-04 1.515333814e-04 1.515333814e-04 1.515333814e-04
1.515333814e-04 1.515333814e-04 1.515333814e-04 1.515333814e-04 1.515333814e-04 1.515333814e-04

1.470743551e-04 1.470743551e-04 1.470743551e-04 1.470743551e-04 3.706041517e-04 1.470743551e-04
3.706041517e-04 5.440748254e-03 0.000000000e+00 0.000000000e+00 1.470743551e-04 1.470743551e-04
1.470743551e-04 1.309544995e-01 0.000000000e+00 2.719792449e-01 6.363537762e-04 1.470743551e-04
1.470743551e-04 1.470743551e-04 6.363537762e-04 5.852219233e-01 1.470743551e-04 1.470743551e-04
1.470743551e-04 3.706041517e-04 1.470743551e-04 1.470743551e-04 1.470743551e-04 1.470743551e-04
1.470743551e-04 6.363537762e-04 1.470743551e-04 1.470743551e-04 1.470743551e-04 1.470743551e-04

1.139385034e-04 1.139385034e-04 1.139385034e-04 2.871070377e-04 1.242240005e-03 1.139385034e-04
1.139385034e-04 1.139385034e-04 0.000000000e+00 0.000000000e+00 1.139385034e-04 1.139385034e-04
2.871070377e-04 3.862246299e-02 0.000000000e+00 0.000000000e+00 1.139385034e-04 1.139385034e-04
1.139385034e-04 0.000000000e+00 1.139385034e-04 9.550130780e-01 9.741605011e-04 1.139385034e-04
1.139385034e-04 1.139385034e-04 1.139385034e-04 2.871070377e-04 4.929832728e-04 1.139385034e-04
1.139385034e-04 2.871070377e-04 1.139385034e-04 1.139385034e-04 1.139385034e-04 1.139385034e-04

3.517249117e-02 3.517249117e-02 3.517249117e-02 3.383900824e-02 3.517249117e-02 3.517249117e-02
3.517249117e-02 3.517249117e-02 0.000000000e+00 0.000000000e+00 3.517249117e-02 3.517249117e-02
3.517249117e-02 3.517249117e-02 0.000000000e+00 0.000000000e+00 0.000000000e+00 3.517249117e-02
3.517249117e-02 0.000000000e+00 3.517249117e-02 0.000000000e+00 3.383900824e-02 3.383900824e-02
3.383900824e-02 3.383900824e-02 3.383900824e-02 3.383900824e-02 3.383900824e-02 3.383900824e-02
3.383900824e-02 3.383900824e-02 3.383900824e-02 3.383900824e-02 3.383900824e-02 3.383900824e-02

