7.585920501e-18 7.585920501e-18 7.585920501e-18 7.585920501e-18 7.585920501e-18 7.585920501e-18
7.585920501e-18 7.585920501e-18 7.709714464e-03 7.585920501e-18 3.253689556e-02 7.585920501e-18
7.585920501e-18 7.585920501e-18 6.494239427e-02 4.688742435e-01 9.245965588e-02 7.585920501e-18
7.585920501e-18 7.585920501e-18 3.180522319e-01 8.872546443e-03 7.585920501e-18 7.585920501e-18
7.585920501e-18 7.585920501e-18 7.585920501e-18 1.037739327e-03 5.514578645e-03 7.585920501e-18
7.585920501e-18 7.585920501e-18 7.585920501e-18 7.585920501e-18 7.585920501e-18 7.585920501e-18

6.508847297e-18 6.508847297e-18 6.508847297e-18 6.508847297e-18 6.508847297e-18 6.508847297e-18
6.508847297e-18 6.508847297e-18 6.508847297e-18 6.508847297e-18 6.508847297e-18 6.508847297e-18
6.508847297e-18 6.615064598e-03 0.000000000e+00 1.238389997e-01 6.508847297e-18 6.508847297e-18
6.508847297e-18 8.903977855e-04 6.508847297e-18 2.459214838e-01 0.000000000e+00 6.508847297e-18
6.508847297e-18 6.508847297e-18 6.508847297e-18 6.508847297e-18 6.227340541e-01 6.508847297e-18
6.508847297e-18 6.508847297e-18 6.508847297e-18 6.508847297e-18 6.508847297e-18 6.508847297e-18

5.282946047e-18 5.282946047e-18 5.282946047e-18 5.282946047e-18 5.282946047e-18 5.282946047e-18
5.282946047e-18 5.282946047e-18 5.282946047e-18 5.282946047e-18 9.219227406e-03 5.282946047e-18
5.282946047e-18 7.016271993e-03 0.000000000e+00 0.000000000e+00 5.282946047e-18 5.282946047e-18
5.282946047e-18 4.924602506e-04 0.000000000e+00 9.554522040e-01 0.000000000e+00 5.282946047e-18
5.282946047e-18 5.282946047e-18 5.282946047e-18 5.282946047e-18 2.323099735e-02 5.282946047e-18
5.282946047e-18 5.282946047e-18 5.282946047e-18 5.282946047e-18 4.588838982e-03 5.282946047e-18

1.164868242e-03 2.456560910e-03 1.834552524e-04 2.000161902e-03 1.568520344e-03 4.488009116e-03
3.952423598e-03 1.834552524e-04 1.834552524e-04 1.164868242e-03 1.919938191e-01 2.000161902e-03
2.593633612e-02 0.000000000e+00 0.000000000e+00 0.000000000e+00 0.000000000e+00 1.834552524e-04
1.834552524e-04 1.941848766e-02 0.000000000e+00 2.217525546e-01 0.000000000e+00 1.436191782e-01
1.834552524e-04 1.834552524e-04 1.834552524e-04 1.164868242e-03 3.684329724e-01 1.834552524e-04
1.834552524e-04 1.834552524e-04 1.834552524e-04 7.937647767e-04 2.456560910e-03 3.434420724e-03

1.873086326e-03 1.195970349e-03 1.873086326e-03 3.524793950e-04 6.052322754e-04 2.238104649e-03
2.238104649e-03 0.000000000e+00 0.000000000e+00 1.398815406e-04 8.881924187e-04 1.398815406e-04
7.570645068e-01 0.000000000e+00 0.000000000e+00 0.000000000e+00 0.000000000e+00 1.398815406e-04
1.525089768e-03 1.398815406e-04 0.000000000e+00 1.902937091e-01 0.000000000e+00 3.285706301e-02
1.398815406e-04 1.398815406e-04 1.398815406e-04 3.524793950e-04 8.881924187e-04 1.398815406e-04
1.398815406e-04 3.524793950e-04 1.873086326e-03 6.052322754e-04 1.398815406e-04 1.525089768e-03

1.984271750e-04 1.984271750e-04 1.984271750e-04 1.984271750e-04 8.965391321e-02 1.984271750e-04
9.456593301e-02 0.000000000e+00 0.000000000e+00 8.722268673e-02 7.415829173e-02 1.984271750e-04
1.984271750e-04 0.000000000e+00 0.000000000e+00 0.000000000e+00 0.000000000e+00 1.984271750e-04
1.567410821e-01 0.000000000e+00 0.000000000e+00 0.000000000e+00 0.000000000e+00 1.984271750e-04
1.984271750e-04 1.984271750e-04 1.006018462e-02 1.652126943e-01 3.041977018e-01 1.984271750e-04
1.984271750e-04 2.163396635e-03 6.695328092e-03 4.854278953e-03 1.696528482e-03 1.984271750e-04

