1.404935970e-04 1.404935970e-04 1.404935970e-04 1.404935970e-04 3.540216804e-04 1.404935970e-04
1.404935970e-04 6.521135109e-18 1.404935970e-04 1.201203357e-03 1.404935970e-04 1.404935970e-04
1.404935970e-04 6.521135109e-18 6.078804896e-04 1.794876868e-02 3.437004588e-03 1.404935970e-04
1.404935970e-04 3.540216804e-04 7.878131145e-01 6.521135109e-18 1.438449539e-01 4.740533783e-03
3.540216804e-04 6.521135109e-18 1.404935970e-04 2.867575611e-02 1.404935970e-04 1.404935970e-04
1.404935970e-04 6.521135109e-18 1.404935970e-04 8.139834807e-03 1.404935970e-04 6.521135109e-18

6.026694459e-18 3.271793122e-04 6.125043551e-03 8.244402050e-04 6.026694459e-18 3.271793122e-04
6.026694459e-18 3.271793122e-04 4.625559914e-02 8.244402050e-04 3.271793122e-04 5.617902278e-04
3.176406585e-03 5.617902278e-04 6.026694459e-18 0.000000000e+00 1.110126611e-03 3.271793122e-04
6.026694459e-18 1.110126611e-03 9.068531912e-01 0.000000000e+00 9.491449013e-03 6.026694459e-18
5.617902278e-04 6.026694459e-18 4.381100560e-03 1.298411961e-04 6.026694459e-18 1.110126611e-03
6.026694459e-18 3.271793122e-04 3.271793122e-04 1.374351310e-02 5.617902278e-04 3.271793122e-04

5.357199983e-18 5.357199983e-18 5.357199983e-18 5.357199983e-18 5.357199983e-18 5.357199983e-18
5.357199983e-18 5.357199983e-18 5.357199983e-18 5.357199983e-18 5.357199983e-18 5.357199983e-18
5.357199983e-18 5.357199983e-18 0.000000000e+00 0.000000000e+00 5.357199983e-18 5.357199983e-18
5.357199983e-18 1.199147607e-01 5.357199983e-18 0.000000000e+00 5.357199983e-18 5.357199983e-18
5.357199983e-18 5.357199983e-18 8.800852393e-01 5.357199983e-18 0.000000000e+00 5.357199983e-18
5.357199983e-18 5.357199983e-18 5.357199983e-18 5.357199983e-18 5.357199983e-18 5.357199983e-18

8.063290175e-04 5.894300875e-18 5.894300875e-18 5.894300875e-18 5.894300875e-18 5.894300875e-18
5.894300875e-18 5.894300875e-18 2.153919384e-02 5.894300875e-18 5.894300875e-18 5.894300875e-18
5.894300875e-18 8.684058788e-01 0.000000000e+00 0.000000000e+00 5.894300875e-18 5.894300875e-18
5.659715659e-02 5.894300875e-18 0.000000000e+00 0.000000000e+00 1.384524466e-03 5.894300875e-18
5.894300875e-18 5.894300875e-18 0.000000000e+00 5.046058831e-02 0.000000000e+00 5.894300875e-18
5.894300875e-18 8.063290175e-04 5.894300875e-18 5.894300875e-18 5.894300875e-18 5.894300875e-18

3.609445831e-02 3.609445831e-02 3.609445831e-02 3.609445831e-02 3.609445831e-02 3.609445831e-02
3.609445831e-02 3.609445831e-02 3.609445831e-02 3.609445831e-02 3.609445831e-02 3.609445831e-02
3.609445831e-02 3.609445831e-02 0.000000000e+00 0.000000000e+00 3.609445831e-02 3.609445831e-02
3.476385421e-02 0.000000000e+00 0.000000000e+00 0.000000000e+00 3.609445831e-02 3.609445831e-02
3.609445831e-02 3.609445831e-02 0.000000000e+00 0.000000000e+00 0.000000000e+00 3.476385421e-02
3.476385421e-02 3.476385421e-02 3.476385421e-02 3.476385421e-02 3.476385421e-02 3.476385421e-02

