4.034102739e-04 5.051454219e-01 8.540256842e-02 4.034102739e-04 1.600934733e-04 7.430880780e-18
3.301177392e-01 7.430880780e-18 2.638663862e-02 1.600934733e-04 7.430880780e-18 4.034102739e-04
3.449109325e-03 3.928522211e-02 3.916491670e-03 1.600934733e-04 1.600934733e-04 7.430880780e-18
4.034102739e-04 1.600934733e-04 1.600934733e-04 0.000000000e+00 4.034102739e-04 1.600934733e-04
4.034102739e-04 7.430880780e-18 7.430880780e-18 4.034102739e-04 6.926842292e-04 1.600934733e-04
7.430880780e-18 7.430880780e-18 4.034102739e-04 4.034102739e-04 6.926842292e-04 7.430880780e-18

4.768025354e-04 5.046889653e-02 2.533743311e-03 1.892192116e-04 1.201467102e-03 1.892192116e-04
1.021541290e-01 0.000000000e+00 3.011844989e-01 0.000000000e+00 1.617801502e-03 8.187039797e-04
1.201467102e-03 2.697423945e-01 1.824007834e-01 8.782777795e-18 3.485447678e-02 1.201467102e-03
1.892192116e-04 1.892192116e-04 4.444609011e-02 0.000000000e+00 1.617801502e-03 1.892192116e-04
4.768025354e-04 1.892192116e-04 1.892192116e-04 1.892192116e-04 4.768025354e-04 1.892192116e-04
1.892192116e-04 1.892192116e-04 4.768025354e-04 1.892192116e-04 1.892192116e-04 1.892192116e-04

2.875922325e-04 1.458082016e-02 1.528273953e-03 1.141310531e-04 2.875922325e-04 5.297494216e-18
2.875922325e-04 0.000000000e+00 7.246870150e-04 0.000000000e+00 9.758067778e-04 2.875922325e-04
4.938163869e-04 1.528273953e-03 0.000000000e+00 0.000000000e+00 9.712151620e-01 2.458879000e-03
5.297494216e-18 1.141310531e-04 7.246870150e-04 0.000000000e+00 5.297494216e-18 4.938163869e-04
5.297494216e-18 5.297494216e-18 5.297494216e-18 4.938163869e-04 1.528273953e-03 7.246870150e-04
5.297494216e-18 2.875922325e-04 5.297494216e-18 2.875922325e-04 2.875922325e-04 2.875922325e-04

1.472669204e-04 3.613772352e-02 5.503814304e-02 4.045884989e-03 1.971980389e-03 1.472669204e-04
3.770033161e-02 0.000000000e+00 1.472669204e-04 0.000000000e+00 1.605610522e-03 1.472669204e-04
1.259114458e-03 8.532263606e-03 0.000000000e+00 0.000000000e+00 3.770033161e-02 1.259114458e-03
1.472669204e-04 0.000000000e+00 8.088464988e-01 0.000000000e+00 0.000000000e+00 1.472669204e-04
1.472669204e-04 1.472669204e-04 1.472669204e-04 1.472669204e-04 6.371869578e-04 1.971980389e-03
1.472669204e-04 1.472669204e-04 1.472669204e-04 3.710893858e-04 3.710893858e-04 6.371869578e-04

