6.468507115e-18 1.393597612e-04 6.468507115e-18 3.409266678e-03 1.393597612e-04 6.468507115e-18
1.393597612e-04 6.468507115e-18 1.393597612e-04 5.208299632e-02 8.848793262e-04 1.393597612e-04
1.393597612e-04 6.468507115e-18 7.750300650e-01 6.468507115e-18 1.458459893e-01 7.565611817e-03
1.393597612e-04 6.468507115e-18 1.866099430e-03 1.073417136e-02 3.511645933e-04 1.393597612e-04
1.393597612e-04 6.468507115e-18 6.468507115e-18 1.393597612e-04 6.468507115e-18 6.468507115e-18
1.393597612e-04 1.393597612e-04 1.393597612e-04 1.393597612e-04 1.393597612e-04 1.393597612e-04

4.974708097e-18 1.071768370e-04 4.974708097e-18 9.163490664e-04 4.974708097e-18 4.974708097e-18
4.974708097e-18 4.974708097e-18 4.974708097e-18 1.071768370e-04 1.071768370e-04 1.071768370e-04
1.071768370e-04 4.974708097e-18 1.071768370e-04 0.000000000e+00 4.637272413e-04 3.964812142e-03
4.974708097e-18 1.071768370e-04 0.000000000e+00 9.882961431e-01 9.163490664e-04 4.974708097e-18
4.974708097e-18 4.974708097e-18 2.700687060e-04 4.974708097e-18 2.700687060e-04 1.071768370e-04
1.071768370e-04 1.071768370e-04 1.071768370e-04 3.616359944e-03 1.071768370e-04 4.974708097e-18

1.113191747e-04 1.113191747e-04 5.166978382e-18 6.862255526e-03 5.166978382e-18 5.166978382e-18
2.805067429e-04 5.166978382e-18 5.166978382e-18 1.676980137e-02 2.805067429e-04 5.166978382e-18
1.113191747e-04 1.113191747e-04 9.715988191e-01 0.000000000e+00 1.113191747e-04 1.213682188e-03
5.166978382e-18 1.113191747e-04 0.000000000e+00 0.000000000e+00 9.517655556e-04 1.113191747e-04
1.113191747e-04 5.166978382e-18 7.068327001e-04 0.000000000e+00 5.166978382e-18 1.113191747e-04
1.113191747e-04 5.166978382e-18 1.113191747e-04 1.113191747e-04 5.166978382e-18 5.166978382e-18

6.011726138e-18 2.105324973e-01 6.011726138e-18 7.608444584e-01 6.011726138e-18 6.011726138e-18
1.295187134e-04 6.011726138e-18 0.000000000e+00 1.370937875e-02 6.011726138e-18 6.011726138e-18
6.011726138e-18 6.011726138e-18 1.426607198e-02 0.000000000e+00 1.295187134e-04 1.295187134e-04
6.011726138e-18 6.011726138e-18 0.000000000e+00 0.000000000e+00 0.000000000e+00 6.011726138e-18
6.011726138e-18 6.011726138e-18 6.011726138e-18 0.000000000e+00 6.011726138e-18 6.011726138e-18
6.011726138e-18 6.011726138e-18 1.295187134e-04 6.011726138e-18 1.295187134e-04 6.011726138e-18

