9.225184381e-18 1.987505726e-04 1.987505726e-04 1.987505726e-04 1.987505726e-04 9.225184381e-18
1.987505726e-04 0.000000000e+00 9.225184381e-18 5.008200601e-04 9.225184381e-18 9.225184381e-18
1.987505726e-04 9.225184381e-18 7.661857290e-02 1.417361082e-01 1.987505726e-04 9.225184381e-18
9.225184381e-18 9.225184381e-18 1.726374577e-01 9.225184381e-18 1.626410975e-01 1.034849162e-01
1.987505726e-04 9.225184381e-18 1.987505726e-04 6.063716224e-02 5.301111868e-02 1.699293492e-03
9.225184381e-18 9.225184381e-18 9.225184381e-18 2.247438779e-01 5.008200601e-04 9.225184381e-18

5.327370077e-18 5.327370077e-18 5.327370077e-18 5.327370077e-18 5.327370077e-18 5.327370077e-18
5.327370077e-18 0.000000000e+00 5.327370077e-18 5.327370077e-18 5.327370077e-18 5.327370077e-18
5.327370077e-18 5.327370077e-18 5.830304499e-02 4.245881597e-03 5.327370077e-18 5.327370077e-18
5.327370077e-18 5.327370077e-18 9.299437813e-01 0.000000000e+00 5.327370077e-18 5.327370077e-18
5.327370077e-18 0.000000000e+00 7.507292116e-03 5.327370077e-18 5.327370077e-18 5.327370077e-18
5.327370077e-18 5.327370077e-18 5.327370077e-18 5.327370077e-18 5.327370077e-18 5.327370077e-18

7.042303710e-18 7.042303710e-18 7.042303710e-18 1.517218341e-04 7.042303710e-18 7.042303710e-18
7.042303710e-18 0.000000000e+00 1.517218341e-04 2.414990751e-01 7.042303710e-18 7.042303710e-18
7.042303710e-18 7.042303710e-18 5.450111553e-01 7.042303710e-18 1.599350763e-01 7.042303710e-18
7.042303710e-18 0.000000000e+00 0.000000000e+00 0.000000000e+00 3.711689722e-03 7.042303710e-18
3.823150651e-04 0.000000000e+00 4.544555511e-02 3.711689722e-03 7.042303710e-18 7.042303710e-18
7.042303710e-18 7.042303710e-18 7.042303710e-18 7.042303710e-18 7.042303710e-18 7.042303710e-18

4.758600592e-18 4.758600592e-18 4.758600592e-18 4.758600592e-18 4.758600592e-18 4.758600592e-18
4.758600592e-18 0.000000000e+00 4.758600592e-18 4.758600592e-18 4.758600592e-18 4.758600592e-18
1.025209419e-04 4.758600592e-18 4.133385369e-03 0.000000000e+00 2.583365856e-04 4.758600592e-18
4.758600592e-18 0.000000000e+00 0.000000000e+00 0.000000000e+00 9.952474205e-01 4.758600592e-18
2.583365856e-04 0.000000000e+00 0.000000000e+00 4.758600592e-18 4.758600592e-18 4.758600592e-18
4.758600592e-18 4.758600592e-18 4.758600592e-18 4.758600592e-18 4.758600592e-18 4.758600592e-18

