6.205877073e-18 6.205877073e-18 6.205877073e-18 3.369068411e-04 1.337015685e-04 1.337015685e-04
1.337015685e-04 6.205877073e-18 6.205877073e-18 6.205877073e-18 6.205877073e-18 1.337015685e-04
8.489520419e-04 6.205877073e-18 2.880512973e-03 0.000000000e+00 1.337015685e-04 5.784930891e-04
1.790333297e-03 1.337015685e-04 8.596119173e-01 6.371916330e-02 1.337015685e-04 1.337015685e-04
4.511357214e-03 1.457711240e-03 6.205877073e-18 6.307150230e-03 1.337015685e-04 6.205877073e-18
8.489520419e-04 8.489520419e-04 5.312796457e-02 1.457711240e-03 1.337015685e-04 3.369068411e-04

1.606891307e-04 1.373872742e-03 4.049112365e-04 1.020312380e-03 3.008221751e-03 4.049112365e-04
1.606891307e-04 4.049112365e-04 4.049112365e-04 5.944402114e-03 1.751949170e-03 7.580243815e-03
4.911841050e-03 7.024009060e-03 0.000000000e+00 0.000000000e+00 1.606891307e-04 2.803118673e-02
4.911841050e-03 6.952614890e-04 7.736721299e-01 9.936087670e-02 2.052885041e-02 3.008221751e-03
1.020312380e-03 4.414635276e-03 0.000000000e+00 3.461942374e-03 6.952614890e-04 1.606891307e-04
4.049112365e-04 1.751949170e-03 1.910101749e-02 1.751949170e-03 1.606891307e-04 2.151710742e-03

1.658772832e-04 1.658772832e-04 1.658772832e-04 1.658772832e-04 1.658772832e-04 1.658772832e-04
1.658772832e-04 1.658772832e-04 1.658772832e-04 1.808514163e-03 1.658772832e-04 1.808514163e-03
1.053255095e-03 1.658772832e-04 0.000000000e+00 0.000000000e+00 0.000000000e+00 5.597029912e-03
4.179845616e-04 4.179845616e-04 1.850106202e-01 0.000000000e+00 1.808514163e-03 1.658772832e-04
1.658772832e-04 4.044761142e-01 0.000000000e+00 1.658772832e-04 1.036733020e-01 1.658772832e-04
1.658772832e-04 1.658772832e-04 2.894711363e-01 1.658772832e-04 4.179845616e-04 1.053255095e-03

1.517335565e-04 3.823446036e-04 1.517335565e-04 1.517335565e-04 1.517335565e-04 1.517335565e-04
1.517335565e-04 1.517335565e-04 1.517335565e-04 1.517335565e-04 1.517335565e-04 2.427736904e-03
3.823446036e-04 6.565129700e-04 0.000000000e+00 0.000000000e+00 0.000000000e+00 9.634480289e-04
1.517335565e-04 1.517335565e-04 3.460192209e-01 0.000000000e+00 3.823446036e-04 1.517335565e-04
1.517335565e-04 3.432259341e-01 0.000000000e+00 0.000000000e+00 0.000000000e+00 1.517335565e-04
1.517335565e-04 1.517335565e-04 3.020206627e-01 1.517335565e-04 1.517335565e-04 6.565129700e-04

