8.135615203e-18 8.135615203e-18 8.135615203e-18 8.135615203e-18 8.135615203e-18 8.135615203e-18
8.135615203e-18 0.000000000e+00 8.268379585e-03 7.583774405e-04 7.661649749e-03 8.135615203e-18
8.135615203e-18 8.135615203e-18 1.213860438e-01 2.022758274e-01 4.110521591e-01 8.135615203e-18
8.135615203e-18 1.752765162e-04 7.704634539e-02 1.419739781e-02 8.135615203e-18 8.135615203e-18
8.135615203e-18 8.135615203e-18 8.135615203e-18 1.112936505e-03 1.560656067e-01 8.135615203e-18
8.135615203e-18 8.135615203e-18 8.135615203e-18 8.135615203e-18 8.135615203e-18 8.135615203e-18

6.124437173e-18 6.124437173e-18 6.124437173e-18 6.124437173e-18 6.124437173e-18 6.124437173e-18
6.124437173e-18 0.000000000e+00 6.124437173e-18 6.224381319e-03 6.124437173e-18 6.124437173e-18
6.124437173e-18 6.124437173e-18 6.124437173e-18 7.444590868e-01 0.000000000e+00 6.124437173e-18
6.124437173e-18 7.644667078e-03 2.167167397e-01 6.124437173e-18 0.000000000e+00 2.495512514e-02
6.124437173e-18 6.124437173e-18 6.124437173e-18 6.124437173e-18 6.124437173e-18 6.124437173e-18
6.124437173e-18 6.124437173e-18 6.124437173e-18 6.124437173e-18 6.124437173e-18 6.124437173e-18

6.644396975e-18 6.644396975e-18 6.644396975e-18 6.644396975e-18 6.644396975e-18 6.644396975e-18
6.644396975e-18 0.000000000e+00 8.285109416e-02 7.373273509e-01 6.644396975e-18 6.644396975e-18
6.644396975e-18 6.644396975e-18 6.644396975e-18 6.644396975e-18 0.000000000e+00 6.644396975e-18
6.644396975e-18 2.778390999e-02 1.181634601e-01 0.000000000e+00 0.000000000e+00 3.932758091e-03
6.644396975e-18 6.644396975e-18 6.644396975e-18 2.994142675e-02 0.000000000e+00 6.644396975e-18
6.644396975e-18 6.644396975e-18 6.644396975e-18 6.644396975e-18 6.644396975e-18 6.644396975e-18

3.517249117e-02 3.517249117e-02 3.517249117e-02 3.517249117e-02 3.517249117e-02 3.517249117e-02
3.517249117e-02 0.000000000e+00 3.517249117e-02 3.517249117e-02 3.517249117e-02 3.517249117e-02
3.517249117e-02 0.000000000e+00 3.517249117e-02 0.000000000e+00 0.000000000e+00 3.517249117e-02
3.383900824e-02 3.383900824e-02 3.383900824e-02 0.000000000e+00 0.000000000e+00 3.383900824e-02
3.383900824e-02 3.383900824e-02 3.383900824e-02 3.383900824e-02 0.000000000e+00 3.383900824e-02
3.383900824e-02 3.383900824e-02 3.383900824e-02 3.383900824e-02 3.383900824e-02 3.383900824e-02

