9.608764045e-18 5.687339978e-03 9.608764045e-18 1.676817822e-02 1.769949470e-03 9.608764045e-18
8.956999196e-04 0.000000000e+00 1.769949470e-03 1.843250391e-01 5.216439680e-04 5.216439680e-04
9.608764045e-18 2.070145459e-04 1.490575331e-01 9.608764045e-18 1.679289785e-01 1.513285511e-02
2.070145459e-04 9.608764045e-18 1.171147281e-01 2.041821406e-01 4.541165570e-02 9.608764045e-18
9.608764045e-18 9.608764045e-18 9.608764045e-18 1.314460432e-03 9.608764045e-18 1.314460432e-03
9.608764045e-18 2.772032061e-03 2.257022366e-03 2.257022366e-03 7.858363802e-02 9.608764045e-18

6.573762873e-18 6.573762873e-18 6.573762873e-18 1.416274278e-04 6.573762873e-18 6.573762873e-18
1.416274278e-04 0.000000000e+00 1.499106961e-02 1.903785436e-01 6.573762873e-18 6.573762873e-18
6.573762873e-18 6.573762873e-18 6.506183374e-01 0.000000000e+00 3.568787550e-04 1.416274278e-04
6.573762873e-18 6.573762873e-18 1.428734096e-01 3.568787550e-04 6.573762873e-18 6.573762873e-18
6.573762873e-18 0.000000000e+00 6.573762873e-18 6.573762873e-18 6.573762873e-18 6.573762873e-18
6.573762873e-18 6.573762873e-18 6.573762873e-18 6.573762873e-18 6.573762873e-18 6.573762873e-18

5.742586249e-18 5.742586249e-18 5.742586249e-18 8.746749672e-01 5.742586249e-18 5.742586249e-18
5.742586249e-18 0.000000000e+00 4.551416449e-02 5.742586249e-18 7.404368430e-02 5.742586249e-18
5.742586249e-18 0.000000000e+00 0.000000000e+00 0.000000000e+00 2.316136795e-03 5.742586249e-18
5.742586249e-18 5.742586249e-18 7.855747486e-04 2.665472421e-03 5.742586249e-18 5.742586249e-18
5.742586249e-18 0.000000000e+00 5.742586249e-18 5.742586249e-18 5.742586249e-18 5.742586249e-18
5.742586249e-18 5.742586249e-18 5.742586249e-18 5.742586249e-18 5.742586249e-18 5.742586249e-18

1.749340930e-04 2.295178405e-01 8.119721326e-18 3.052761035e-01 1.749340930e-04 8.119721326e-18
7.646681819e-03 0.000000000e+00 0.000000000e+00 0.000000000e+00 1.495665456e-03 3.274898192e-03
1.749340930e-04 0.000000000e+00 0.000000000e+00 0.000000000e+00 2.623597334e-01 4.279549340e-03
4.408062922e-04 3.274898192e-03 3.395305960e-02 1.469063568e-01 8.119721326e-18 8.119721326e-18
1.749340930e-04 0.000000000e+00 1.749340930e-04 8.119721326e-18 8.119721326e-18 1.749340930e-04
1.749340930e-04 8.119721326e-18 8.119721326e-18 1.749340930e-04 1.749340930e-04 8.119721326e-18

5.433968131e-18 5.433968131e-18 0.000000000e+00 5.117395493e-03 5.433968131e-18 5.433968131e-18
1.170712945e-04 0.000000000e+00 0.000000000e+00 0.000000000e+00 5.433968131e-18 5.433968131e-18
5.433968131e-18 0.000000000e+00 0.000000000e+00 0.000000000e+00 1.076644638e-01 5.433968131e-18
5.433968131e-18 5.433968131e-18 8.868669268e-01 5.433968131e-18 1.170712945e-04 5.433968131e-18
5.433968131e-18 0.000000000e+00 0.000000000e+00 1.170712945e-04 5.433968131e-18 5.433968131e-18
5.433968131e-18 5.433968131e-18 5.433968131e-18 5.433968131e-18 5.433968131e-18 5.433968131e-18

4.000000000e-02 0.000000000e+00 0.000000000e+00 4.000000000e-02 4.000000000e-02 4.000000000e-02
4.000000000e-02 0.000000000e+00 0.000000000e+00 0.000000000e+00 4.000000000e-02 4.000000000e-02
4.000000000e-02 0.000000000e+00 0.000000000e+00 0.000000000e+00 4.000000000e-02 4.000000000e-02
4.000000000e-02 4.000000000e-02 4.000000000e-02 0.000000000e+00 4.000000000e-02 4.000000000e-02
4.000000000e-02 0.000000000e+00 0.000000000e+00 4.000000000e-02 4.000000000e-02 4.000000000e-02
4.000000000e-02 4.000000000e-02 4.000000000e-02 4.000000000e-02 4.000000000e-02 4.000000000e-02

