2.420064211e-03 5.593262684e-04 2.219687767e-04 1.030287795e-01 3.552836650e-02 3.551500427e-03
5.593262684e-04 1.030287795e-17 4.782172326e-03 7.651475722e-02 2.219687767e-04 9.604031185e-04
1.057853314e-01 1.030287795e-17 1.085599599e-01 1.030287795e-17 1.644408379e-01 2.069125795e-02
1.270202718e-01 2.219687767e-04 7.779265260e-02 0.000000000e+00 1.582938361e-01 1.030287795e-17
9.604031185e-04 1.030287795e-17 2.219687767e-04 1.897806345e-03 2.219687767e-04 2.219687767e-04
2.420064211e-03 5.593262684e-04 1.897806345e-03 2.219687767e-04 2.219687767e-04 1.030287795e-17

6.125253169e-18 6.125253169e-18 6.125253169e-18 3.325299022e-04 6.125253169e-18 6.125253169e-18
6.125253169e-18 6.125253169e-18 6.125253169e-18 8.134938701e-03 2.238314909e-02 6.125253169e-18
6.125253169e-18 6.125253169e-18 7.813802095e-01 0.000000000e+00 6.125253169e-18 1.568654783e-02
6.125253169e-18 6.125253169e-18 6.125253169e-18 0.000000000e+00 1.720826249e-01 6.125253169e-18
6.125253169e-18 6.125253169e-18 0.000000000e+00 6.125253169e-18 6.125253169e-18 6.125253169e-18
6.125253169e-18 6.125253169e-18 6.125253169e-18 6.125253169e-18 6.125253169e-18 6.125253169e-18

1.861466484e-04 1.861466484e-04 1.861466484e-04 6.280958666e-03 1.861466484e-04 1.861466484e-04
1.861466484e-04 4.690601615e-04 1.861466484e-04 3.520590039e-02 1.470404802e-01 1.861466484e-04
1.217565506e-02 1.861466484e-04 0.000000000e+00 0.000000000e+00 0.000000000e+00 2.577644559e-01
1.861466484e-04 1.861466484e-04 1.861466484e-04 0.000000000e+00 3.200394900e-01 1.861466484e-04
1.861466484e-04 1.861466484e-04 0.000000000e+00 1.404985613e-01 1.861466484e-04 1.861466484e-04
1.861466484e-04 1.861466484e-04 1.861466484e-04 6.847955600e-02 1.861466484e-04 8.136802654e-03

1.493766654e-04 6.463152943e-04 1.493766654e-04 1.277152524e-03 9.484827030e-04 3.764056101e-04
1.493766654e-04 9.484827030e-04 1.493766654e-04 2.825159651e-02 7.046596984e-03 9.484827030e-04
1.493766654e-04 2.796443866e-03 0.000000000e+00 0.000000000e+00 0.000000000e+00 3.120523082e-01
1.493766654e-04 3.764056101e-04 0.000000000e+00 0.000000000e+00 2.899260364e-02 3.764056101e-04
1.493766654e-04 1.493766654e-04 0.000000000e+00 6.102539891e-01 0.000000000e+00 1.493766654e-04
1.493766654e-04 1.493766654e-04 1.493766654e-04 3.764056101e-04 1.493766654e-04 2.390026646e-03

