2.420064211e-03 5.593262684e-04 2.219687767e-04 1.030287795e-01 3.552836650e-02 3.551500427e-03
5.593262684e-04 1.030287795e-17 4.782172326e-03 7.651475722e-02 2.219687767e-04 9.604031185e-04
1.057853314e-01 1.030287795e-17 1.085599599e-01 1.030287795e-17 1.644408379e-01 2.069125795e-02
1.270202718e-01 2.219687767e-04 7.779265260e-02 0.000000000e+00 1.582938361e-01 1.030287795e-17
9.604031185e-04 1.030287795e-17 2.219687767e-04 1.897806345e-03 2.219687767e-04 2.219687767e-04
2.420064211e-03 5.593262684e-04 1.897806345e-03 2.219687767e-04 2.219687767e-04 1.030287795e-17

1.141766488e-04 1.141766488e-04 5.299610582e-18 1.141766488e-04 2.877071265e-04 1.141766488e-04
5.299610582e-18 5.299610582e-18 2.137473002e-03 1.244836439e-03 1.141766488e-04 1.141766488e-04
5.299610582e-18 1.141766488e-04 9.599235502e-01 0.000000000e+00 0.000000000e+00 4.940136681e-04
1.141766488e-04 2.877071265e-04 5.299610582e-18 0.000000000e+00 2.922922210e-02 1.141766488e-04
1.141766488e-04 1.141766488e-04 2.137473002e-03 1.528884503e-03 1.244836439e-03 5.299610582e-18
5.299610582e-18 5.299610582e-18 1.141766488e-04 1.141766488e-04 5.299610582e-18 5.299610582e-18

5.168330360e-04 5.544408998e-18 5.544408998e-18 5.168330360e-04 5.544408998e-18 3.009968292e-04
7.584644821e-04 5.544408998e-18 1.911210733e-03 5.544408998e-18 5.544408998e-18 1.021288870e-03
1.194506708e-04 5.168330360e-04 9.093520943e-01 0.000000000e+00 0.000000000e+00 1.021288870e-03
1.194506708e-04 3.651290575e-03 0.000000000e+00 0.000000000e+00 7.947252054e-02 5.544408998e-18
3.009968292e-04 5.544408998e-18 0.000000000e+00 5.544408998e-18 3.009968292e-04 5.544408998e-18
5.544408998e-18 5.544408998e-18 5.544408998e-18 1.194506708e-04 5.544408998e-18 5.544408998e-18

