7.312828517e-18 7.312828517e-18 7.312828517e-18 7.312828517e-18 7.312828517e-18 7.312828517e-18
7.312828517e-18 7.312828517e-18 3.375484299e-02 6.816797544e-04 7.312828517e-18 7.312828517e-18
7.312828517e-18 2.083714428e-02 1.222292563e-01 7.312828517e-18 3.970014111e-04 7.312828517e-18
7.312828517e-18 7.312828517e-18 5.795947429e-02 6.740513025e-01 4.806724190e-02 7.312828517e-18
7.312828517e-18 7.312828517e-18 7.312828517e-18 4.202205662e-02 7.312828517e-18 7.312828517e-18
7.312828517e-18 7.312828517e-18 7.312828517e-18 7.312828517e-18 7.312828517e-18 7.312828517e-18

7.274608614e-18 7.274608614e-18 7.274608614e-18 7.274608614e-18 7.274608614e-18 7.274608614e-18
7.274608614e-18 7.274608614e-18 7.274608614e-18 5.292748618e-01 7.274608614e-18 7.274608614e-18
7.274608614e-18 7.274608614e-18 0.000000000e+00 0.000000000e+00 7.274608614e-18 7.274608614e-18
7.274608614e-18 6.415022081e-02 2.402690023e-01 7.274608614e-18 7.274608614e-18 7.274608614e-18
7.274608614e-18 7.274608614e-18 7.274608614e-18 1.021556942e-01 7.274608614e-18 7.274608614e-18
7.274608614e-18 7.274608614e-18 7.274608614e-18 6.415022081e-02 7.274608614e-18 7.274608614e-18

6.163149137e-18 6.163149137e-18 6.163149137e-18 6.163149137e-18 6.163149137e-18 6.163149137e-18
6.163149137e-18 6.163149137e-18 7.425627010e-02 6.974550594e-01 6.163149137e-18 6.163149137e-18
6.163149137e-18 6.163149137e-18 0.000000000e+00 0.000000000e+00 6.163149137e-18 6.163149137e-18
6.163149137e-18 6.163149137e-18 0.000000000e+00 0.000000000e+00 6.163149137e-18 6.163149137e-18
6.163149137e-18 6.163149137e-18 6.163149137e-18 6.163149137e-18 6.163149137e-18 6.163149137e-18
6.163149137e-18 6.163149137e-18 6.163149137e-18 2.282886705e-01 6.163149137e-18 6.163149137e-18

6.901704310e-18 6.901704310e-18 6.901704310e-18 6.901704310e-18 6.901704310e-18 6.901704310e-18
6.901704310e-18 6.901704310e-18 2.986194023e-01 7.086360539e-02 6.901704310e-18 6.901704310e-18
6.901704310e-18 6.901704310e-18 0.000000000e+00 0.000000000e+00 6.901704310e-18 6.901704310e-18
6.901704310e-18 6.901704310e-18 0.000000000e+00 0.000000000e+00 6.901704310e-18 6.901704310e-18
6.901704310e-18 6.901704310e-18 0.000000000e+00 0.000000000e+00 6.901704310e-18 6.901704310e-18
6.901704310e-18 6.901704310e-18 5.203611655e-01 1.101558268e-01 6.901704310e-18 6.901704310e-18

