6.515109427e-18 6.515109427e-18 6.515109427e-18 6.515109427e-18 6.515109427e-18 6.515109427e-18
1.403637776e-04 1.403637776e-04 1.403637776e-04 1.403637776e-04 3.536945561e-04 6.515109427e-18
6.515109427e-18 7.757689990e-01 3.536945561e-04 6.341954892e-02 1.403637776e-04 6.515109427e-18
6.515109427e-18 4.736153418e-03 5.245822788e-02 1.403637776e-04 0.000000000e+00 6.515109427e-18
1.403637776e-04 6.515109427e-18 1.879543730e-03 9.913244186e-02 1.403637776e-04 1.403637776e-04
1.403637776e-04 3.536945561e-04 6.515109427e-18 6.515109427e-18 1.403637776e-04 6.515109427e-18

7.296860307e-18 7.296860307e-18 7.296860307e-18 7.296860307e-18 7.296860307e-18 7.296860307e-18
7.296860307e-18 7.296860307e-18 7.296860307e-18 7.296860307e-18 2.622145029e-01 7.296860307e-18
7.296860307e-18 7.296860307e-18 7.296860307e-18 3.397934855e-01 7.296860307e-18 7.296860307e-18
7.296860307e-18 7.296860307e-18 7.296860307e-18 7.296860307e-18 0.000000000e+00 7.296860307e-18
7.296860307e-18 0.000000000e+00 0.000000000e+00 2.568700852e-01 7.296860307e-18 7.296860307e-18
1.411219264e-01 7.296860307e-18 7.296860307e-18 7.296860307e-18 7.296860307e-18 7.296860307e-18

5.612658277e-18 5.612658277e-18 5.612658277e-18 5.612658277e-18 5.612658277e-18 5.612658277e-18
5.612658277e-18 5.612658277e-18 5.612658277e-18 5.612658277e-18 7.774417517e-01 5.612658277e-18
5.612658277e-18 5.612658277e-18 0.000000000e+00 5.612658277e-18 5.612658277e-18 5.612658277e-18
5.612658277e-18 5.612658277e-18 0.000000000e+00 5.612658277e-18 0.000000000e+00 5.612658277e-18
5.612658277e-18 0.000000000e+00 0.000000000e+00 5.612658277e-18 5.612658277e-18 5.612658277e-18
2.225582483e-01 5.612658277e-18 5.612658277e-18 5.612658277e-18 5.612658277e-18 5.612658277e-18

8.968882222e-18 8.968882222e-18 8.968882222e-18 8.968882222e-18 8.968882222e-18 2.007581141e-01
6.883724132e-02 6.519921525e-03 8.968882222e-18 8.968882222e-18 2.427252338e-01 8.968882222e-18
2.643331569e-02 8.968882222e-18 0.000000000e+00 0.000000000e+00 8.968882222e-18 8.968882222e-18
8.968882222e-18 8.968882222e-18 0.000000000e+00 0.000000000e+00 0.000000000e+00 1.488342163e-02
8.968882222e-18 0.000000000e+00 0.000000000e+00 8.968882222e-18 5.308599751e-03 2.821006206e-02
2.786288810e-01 8.968882222e-18 8.968882222e-18 8.968882222e-18 6.439682534e-02 6.329838379e-02

2.671910609e-03 2.671910609e-03 2.671910609e-03 2.671910609e-03 2.671910609e-03 6.935626728e-02
3.126261395e-03 3.126261395e-03 2.671910609e-03 2.671910609e-03 0.000000000e+00 2.671910609e-03
3.126261395e-03 2.671910609e-03 0.000000000e+00 0.000000000e+00 3.126261395e-03 2.671910609e-03
2.671910609e-03 2.236141741e-03 0.000000000e+00 0.000000000e+00 0.000000000e+00 2.671910609e-03
2.671910609e-03 0.000000000e+00 0.000000000e+00 0.000000000e+00 2.353273422e-01 2.671910609e-03
6.293545509e-01 2.671910609e-03 2.671910609e-03 3.126261395e-03 2.671910609e-03 2.671910609e-03

