6.468507115e-18 1.393597612e-04 6.468507115e-18 3.409266678e-03 1.393597612e-04 6.468507115e-18
1.393597612e-04 6.468507115e-18 1.393597612e-04 5.208299632e-02 8.848793262e-04 1.393597612e-04
1.393597612e-04 6.468507115e-18 7.750300650e-01 6.468507115e-18 1.458459893e-01 7.565611817e-03
1.393597612e-04 6.468507115e-18 1.866099430e-03 1.073417136e-02 3.511645933e-04 1.393597612e-04
1.393597612e-04 6.468507115e-18 6.468507115e-18 1.393597612e-04 6.468507115e-18 6.468507115e-18
1.393597612e-04 1.393597612e-04 1.393597612e-04 1.393597612e-04 1.393597612e-04 1.393597612e-04

5.460122809e-18 5.460122809e-18 5.460122809e-18 7.040166084e-02 5.460122809e-18 5.460122809e-18
5.460122809e-18 1.176347799e-04 6.386198378e-03 5.460122809e-18 9.131520330e-01 5.460122809e-18
5.460122809e-18 5.460122809e-18 0.000000000e+00 0.000000000e+00 1.176347799e-04 2.964210708e-04
5.460122809e-18 5.460122809e-18 5.460122809e-18 9.528417173e-03 5.460122809e-18 5.460122809e-18
5.460122809e-18 5.460122809e-18 5.460122809e-18 5.460122809e-18 5.460122809e-18 5.460122809e-18
5.460122809e-18 5.460122809e-18 5.460122809e-18 5.460122809e-18 5.460122809e-18 5.460122809e-18

1.351801566e-04 1.155774081e-03 1.351801566e-04 1.949249456e-01 6.274507053e-18 6.274507053e-18
5.848905683e-04 6.274507053e-18 7.409101112e-01 0.000000000e+00 5.533095103e-02 1.351801566e-04
1.351801566e-04 3.713823613e-03 0.000000000e+00 0.000000000e+00 1.351801566e-04 1.351801566e-04
1.351801566e-04 1.351801566e-04 2.162882505e-03 0.000000000e+00 6.274507053e-18 6.274507053e-18
1.351801566e-04 6.274507053e-18 6.274507053e-18 6.274507053e-18 6.274507053e-18 6.274507053e-18
6.274507053e-18 6.274507053e-18 6.274507053e-18 6.274507053e-18 6.274507053e-18 6.274507053e-18

1.282344412e-04 1.282344412e-04 1.398104662e-03 1.283999003e-01 5.952115502e-18 5.952115502e-18
1.282344412e-04 0.000000000e+00 8.183434912e-01 0.000000000e+00 4.943452365e-02 5.952115502e-18
1.282344412e-04 1.398104662e-03 0.000000000e+00 0.000000000e+00 1.282344412e-04 5.952115502e-18
5.952115502e-18 5.952115502e-18 1.282344412e-04 0.000000000e+00 5.952115502e-18 1.282344412e-04
5.952115502e-18 5.952115502e-18 5.952115502e-18 5.952115502e-18 0.000000000e+00 5.952115502e-18
5.952115502e-18 5.952115502e-18 5.952115502e-18 1.282344412e-04 5.952115502e-18 5.952115502e-18

1.312020249e-03 2.943941104e-03 2.592620021e-03 9.341419663e-01 5.585630511e-18 5.585630511e-18
1.203387614e-04 0.000000000e+00 0.000000000e+00 0.000000000e+00 1.203387614e-04 1.203387614e-04
1.925420182e-03 4.010498338e-02 0.000000000e+00 0.000000000e+00 7.871230888e-03 5.585630511e-18
5.206755808e-04 1.203387614e-04 5.585630511e-18 0.000000000e+00 1.203387614e-04 6.532993078e-03
5.585630511e-18 5.585630511e-18 5.585630511e-18 3.032346772e-04 0.000000000e+00 1.203387614e-04
5.585630511e-18 5.585630511e-18 5.585630511e-18 1.028881937e-03 5.585630511e-18 0.000000000e+00

2.462107991e-03 5.748867691e-03 1.315175627e-04 1.433899628e-03 6.104504502e-18 6.104504502e-18
0.000000000e+00 0.000000000e+00 0.000000000e+00 0.000000000e+00 1.315175627e-04 1.315175627e-04
1.315175627e-04 4.458134910e-02 0.000000000e+00 0.000000000e+00 1.563341126e-02 6.104504502e-18
3.866590830e-02 8.787048083e-01 0.000000000e+00 0.000000000e+00 3.314034912e-04 1.315175627e-04
1.315175627e-04 6.104504502e-18 1.013012682e-02 1.315175627e-04 0.000000000e+00 1.124459343e-03
6.104504502e-18 1.315175627e-04 6.104504502e-18 1.315175627e-04 6.104504502e-18 0.000000000e+00

2.653107553e-03 4.781919098e-03 1.500088091e-02 0.000000000e+00 6.578065245e-18 7.693751784e-03
0.000000000e+00 0.000000000e+00 0.000000000e+00 0.000000000e+00 1.417201196e-04 1.417201196e-04
1.417201196e-04 3.629400080e-01 0.000000000e+00 0.000000000e+00 1.561001784e-02 6.578065245e-18
1.417201196e-04 5.895733665e-01 0.000000000e+00 0.000000000e+00 6.578065245e-18 1.417201196e-04
6.578065245e-18 0.000000000e+00 6.578065245e-18 6.131873447e-04 0.000000000e+00 1.417201196e-04
6.578065245e-18 6.578065245e-18 6.578065245e-18 1.417201196e-04 1.417201196e-04 0.000000000e+00

4.647784847e-18 4.647784847e-18 4.647784847e-18 0.000000000e+00 0.000000000e+00 4.647784847e-18
0.000000000e+00 0.000000000e+00 0.000000000e+00 0.000000000e+00 4.647784847e-18 4.647784847e-18
4.647784847e-18 0.000000000e+00 0.000000000e+00 0.000000000e+00 1.000000000e+00 4.647784847e-18
4.647784847e-18 4.647784847e-18 0.000000000e+00 0.000000000e+00 4.647784847e-18 4.647784847e-18
4.647784847e-18 0.000000000e+00 4.647784847e-18 4.647784847e-18 0.000000000e+00 4.647784847e-18
4.647784847e-18 4.647784847e-18 4.647784847e-18 4.647784847e-18 4.647784847e-18 0.000000000e+00

