6.468507115e-18 1.393597612e-04 6.468507115e-18 3.409266678e-03 1.393597612e-04 6.468507115e-18
1.393597612e-04 6.468507115e-18 1.393597612e-04 5.208299632e-02 8.848793262e-04 1.393597612e-04
1.393597612e-04 6.468507115e-18 7.750300650e-01 6.468507115e-18 1.458459893e-01 7.565611817e-03
1.393597612e-04 6.468507115e-18 1.866099430e-03 1.073417136e-02 3.511645933e-04 1.393597612e-04
1.393597612e-04 6.468507115e-18 6.468507115e-18 1.393597612e-04 6.468507115e-18 6.468507115e-18
1.393597612e-04 1.393597612e-04 1.393597612e-04 1.393597612e-04 1.393597612e-04 1.393597612e-04

6.934357846e-18 6.934357846e-18 6.934357846e-18 1.493962110e-04 6.934357846e-18 6.934357846e-18
6.934357846e-18 6.934357846e-18 6.934357846e-18 4.309930856e-02 5.936442402e-02 6.934357846e-18
6.934357846e-18 6.934357846e-18 5.818380806e-01 0.000000000e+00 6.934357846e-18 2.788885620e-01
6.934357846e-18 6.934357846e-18 6.934357846e-18 0.000000000e+00 3.666022861e-02 6.934357846e-18
6.934357846e-18 6.934357846e-18 6.934357846e-18 6.934357846e-18 6.934357846e-18 6.934357846e-18
6.934357846e-18 6.934357846e-18 6.934357846e-18 6.934357846e-18 6.934357846e-18 6.934357846e-18

5.956027769e-18 5.956027769e-18 5.956027769e-18 5.956027769e-18 5.956027769e-18 5.956027769e-18
5.956027769e-18 5.956027769e-18 1.039381700e-02 8.666260597e-01 5.956027769e-18 5.956027769e-18
5.956027769e-18 2.363651187e-02 5.956027769e-18 0.000000000e+00 0.000000000e+00 1.718254278e-03
5.956027769e-18 5.956027769e-18 3.081270509e-02 0.000000000e+00 6.681265209e-02 5.956027769e-18
5.956027769e-18 5.956027769e-18 5.956027769e-18 5.956027769e-18 0.000000000e+00 5.956027769e-18
5.956027769e-18 5.956027769e-18 5.956027769e-18 5.956027769e-18 5.956027769e-18 5.956027769e-18

6.872856190e-18 6.872856190e-18 6.872856190e-18 1.662925897e-01 6.872856190e-18 6.872856190e-18
6.872856190e-18 6.872856190e-18 1.801469376e-01 6.872856190e-18 6.175807262e-01 6.872856190e-18
6.872856190e-18 8.038541365e-03 0.000000000e+00 0.000000000e+00 0.000000000e+00 1.825602501e-02
6.872856190e-18 6.872856190e-18 0.000000000e+00 0.000000000e+00 9.685180182e-03 6.872856190e-18
6.872856190e-18 6.872856190e-18 6.872856190e-18 6.872856190e-18 0.000000000e+00 6.872856190e-18
6.872856190e-18 6.872856190e-18 6.872856190e-18 6.872856190e-18 6.872856190e-18 6.872856190e-18

