6.468507115e-18 1.393597612e-04 6.468507115e-18 3.409266678e-03 1.393597612e-04 6.468507115e-18
1.393597612e-04 6.468507115e-18 1.393597612e-04 5.208299632e-02 8.848793262e-04 1.393597612e-04
1.393597612e-04 6.468507115e-18 7.750300650e-01 6.468507115e-18 1.458459893e-01 7.565611817e-03
1.393597612e-04 6.468507115e-18 1.866099430e-03 1.073417136e-02 3.511645933e-04 1.393597612e-04
1.393597612e-04 6.468507115e-18 6.468507115e-18 1.393597612e-04 6.468507115e-18 6.468507115e-18
1.393597612e-04 1.393597612e-04 1.393597612e-04 1.393597612e-04 1.393597612e-04 1.393597612e-04

8.236111461e-18 1.934597175e-03 8.236111461e-18 4.340893480e-03 7.677453977e-04 8.236111461e-18
8.236111461e-18 0.000000000e+00 4.471249209e-04 1.015398921e-01 6.527716181e-02 8.236111461e-18
8.236111461e-18 8.236111461e-18 3.050730874e-01 0.000000000e+00 8.236111461e-18 1.452036243e-01
8.236111461e-18 8.236111461e-18 3.321841410e-03 3.453125606e-01 2.031481825e-02 8.236111461e-18
8.236111461e-18 8.236111461e-18 8.236111461e-18 8.236111461e-18 8.236111461e-18 8.236111461e-18
8.236111461e-18 1.517104702e-03 1.126684199e-03 8.236111461e-18 8.236111461e-18 3.822864299e-03

6.030202036e-18 6.030202036e-18 6.030202036e-18 6.030202036e-18 6.030202036e-18 6.030202036e-18
6.030202036e-18 0.000000000e+00 0.000000000e+00 1.000682551e-02 2.597527261e-01 2.432139842e-03
6.030202036e-18 6.030202036e-18 5.678893945e-03 0.000000000e+00 0.000000000e+00 6.030202036e-18
6.030202036e-18 6.030202036e-18 6.030202036e-18 1.110772712e-03 7.210186419e-01 6.030202036e-18
6.030202036e-18 6.030202036e-18 6.030202036e-18 6.030202036e-18 6.030202036e-18 6.030202036e-18
6.030202036e-18 6.030202036e-18 6.030202036e-18 6.030202036e-18 6.030202036e-18 6.030202036e-18

5.067488106e-18 5.067488106e-18 5.067488106e-18 5.067488106e-18 5.150183994e-03 5.067488106e-18
5.067488106e-18 0.000000000e+00 0.000000000e+00 3.209745039e-02 5.067488106e-18 5.067488106e-18
5.067488106e-18 5.067488106e-18 0.000000000e+00 0.000000000e+00 0.000000000e+00 0.000000000e+00
5.067488106e-18 5.067488106e-18 5.067488106e-18 5.067488106e-18 9.627523656e-01 5.067488106e-18
5.067488106e-18 5.067488106e-18 5.067488106e-18 5.067488106e-18 5.067488106e-18 5.067488106e-18
5.067488106e-18 5.067488106e-18 5.067488106e-18 5.067488106e-18 5.067488106e-18 5.067488106e-18

