7.312828517e-18 7.312828517e-18 7.312828517e-18 7.312828517e-18 7.312828517e-18 7.312828517e-18
7.312828517e-18 7.312828517e-18 3.375484299e-02 6.816797544e-04 7.312828517e-18 7.312828517e-18
7.312828517e-18 2.083714428e-02 1.222292563e-01 7.312828517e-18 3.970014111e-04 7.312828517e-18
7.312828517e-18 7.312828517e-18 5.795947429e-02 6.740513025e-01 4.806724190e-02 7.312828517e-18
7.312828517e-18 7.312828517e-18 7.312828517e-18 4.202205662e-02 7.312828517e-18 7.312828517e-18
7.312828517e-18 7.312828517e-18 7.312828517e-18 7.312828517e-18 7.312828517e-18 7.312828517e-18

6.503140999e-18 6.503140999e-18 6.503140999e-18 6.503140999e-18 6.503140999e-18 6.503140999e-18
6.503140999e-18 6.503140999e-18 6.503140999e-18 6.503140999e-18 6.503140999e-18 0.000000000e+00
6.503140999e-18 8.896171749e-04 1.392368508e-01 0.000000000e+00 6.503140999e-18 1.527536176e-03
6.503140999e-18 6.503140999e-18 6.503140999e-18 5.918771215e-01 2.664688744e-01 6.503140999e-18
6.503140999e-18 6.503140999e-18 6.503140999e-18 6.503140999e-18 6.503140999e-18 6.503140999e-18
6.503140999e-18 6.503140999e-18 6.503140999e-18 6.503140999e-18 6.503140999e-18 6.503140999e-18

6.514651592e-18 6.514651592e-18 6.514651592e-18 6.514651592e-18 6.514651592e-18 6.514651592e-18
6.514651592e-18 6.514651592e-18 6.514651592e-18 6.514651592e-18 6.514651592e-18 0.000000000e+00
7.115891686e-03 1.363400740e-01 6.514651592e-18 0.000000000e+00 0.000000000e+00 0.000000000e+00
6.514651592e-18 6.514651592e-18 4.126377841e-02 6.514651592e-18 6.864395744e-02 7.436124651e-01
6.514651592e-18 6.514651592e-18 6.514651592e-18 6.514651592e-18 6.514651592e-18 6.514651592e-18
6.514651592e-18 6.514651592e-18 6.514651592e-18 3.023833408e-03 6.514651592e-18 6.514651592e-18

6.603718920e-18 6.603718920e-18 6.603718920e-18 6.603718920e-18 6.603718920e-18 6.603718920e-18
6.603718920e-18 6.603718920e-18 6.603718920e-18 6.603718920e-18 6.603718920e-18 0.000000000e+00
9.950398124e-02 7.683798706e-01 0.000000000e+00 0.000000000e+00 0.000000000e+00 0.000000000e+00
6.603718920e-18 1.628843299e-02 6.603718920e-18 7.137230676e-02 6.603718920e-18 2.832411871e-02
2.276364980e-03 6.603718920e-18 6.603718920e-18 6.603718920e-18 6.603718920e-18 6.603718920e-18
6.603718920e-18 0.000000000e+00 6.603718920e-18 1.385492476e-02 6.603718920e-18 6.603718920e-18

3.609445831e-02 3.609445831e-02 3.609445831e-02 3.609445831e-02 3.609445831e-02 3.609445831e-02
3.609445831e-02 3.609445831e-02 3.609445831e-02 0.000000000e+00 3.609445831e-02 0.000000000e+00
3.609445831e-02 0.000000000e+00 0.000000000e+00 0.000000000e+00 0.000000000e+00 0.000000000e+00
3.609445831e-02 3.476385421e-02 3.609445831e-02 3.609445831e-02 3.609445831e-02 3.609445831e-02
3.609445831e-02 3.609445831e-02 3.609445831e-02 3.609445831e-02 3.476385421e-02 3.476385421e-02
3.476385421e-02 0.000000000e+00 3.476385421e-02 3.476385421e-02 3.476385421e-02 3.476385421e-02

3.917969513e-02 3.917969513e-02 3.917969513e-02 3.917969513e-02 3.784597560e-02 3.917969513e-02
3.917969513e-02 3.917969513e-02 3.917969513e-02 0.000000000e+00 3.917969513e-02 0.000000000e+00
3.917969513e-02 0.000000000e+00 0.000000000e+00 0.000000000e+00 0.000000000e+00 0.000000000e+00
3.917969513e-02 0.000000000e+00 0.000000000e+00 3.917969513e-02 3.784597560e-02 3.784597560e-02
3.784597560e-02 3.784597560e-02 3.784597560e-02 3.784597560e-02 3.784597560e-02 3.784597560e-02
3.784597560e-02 0.000000000e+00 3.784597560e-02 3.784597560e-02 3.784597560e-02 3.784597560e-02

