9.122003602e-18 1.965276101e-04 9.122003602e-18 1.965276101e-04 9.122003602e-18 9.122003602e-18
3.679145122e-03 9.122003602e-18 9.122003602e-18 9.122003602e-18 9.122003602e-18 1.965276101e-04
8.503255834e-04 1.965276101e-04 8.503255834e-04 4.513979561e-02 9.122003602e-18 9.122003602e-18
1.387983582e-01 2.437541140e-01 2.026992259e-01 1.247872540e-03 0.000000000e+00 1.965276101e-04
1.099058206e-01 9.122003602e-18 8.758960176e-02 8.503255834e-04 9.122003602e-18 4.952185456e-04
9.122003602e-18 1.524684619e-01 8.590573038e-03 8.503255834e-04 1.247872540e-03 9.122003602e-18

5.440182610e-18 7.442065128e-04 5.440182610e-18 5.440182610e-18 5.440182610e-18 5.440182610e-18
5.440182610e-18 5.440182610e-18 5.440182610e-18 5.440182610e-18 5.440182610e-18 1.172051814e-04
5.440182610e-18 5.440182610e-18 1.044265207e-02 4.518273139e-02 5.440182610e-18 5.440182610e-18
7.442065128e-04 9.363159534e-01 5.440182610e-18 1.569438123e-03 0.000000000e+00 5.440182610e-18
5.071173674e-04 0.000000000e+00 0.000000000e+00 2.867281888e-03 5.440182610e-18 5.440182610e-18
5.440182610e-18 1.002090205e-03 5.071173674e-04 5.440182610e-18 5.440182610e-18 5.440182610e-18

5.400851790e-18 5.400851790e-18 5.400851790e-18 1.163578245e-04 5.400851790e-18 3.926144749e-03
5.400851790e-18 5.400851790e-18 5.400851790e-18 3.196715015e-03 5.400851790e-18 5.400851790e-18
5.400851790e-18 5.400851790e-18 0.000000000e+00 5.400851790e-18 1.163578245e-04 1.163578245e-04
5.400851790e-18 9.222202219e-01 0.000000000e+00 6.734493467e-02 0.000000000e+00 5.400851790e-18
5.400851790e-18 0.000000000e+00 0.000000000e+00 1.163578245e-04 5.400851790e-18 5.400851790e-18
5.400851790e-18 2.846552336e-03 5.400851790e-18 5.400851790e-18 5.400851790e-18 5.400851790e-18

6.790693399e-18 6.790693399e-18 6.790693399e-18 3.579076951e-03 1.463010543e-04 1.463010543e-04
6.790693399e-18 6.790693399e-18 6.790693399e-18 3.942238776e-01 6.790693399e-18 1.463010543e-04
6.790693399e-18 6.790693399e-18 0.000000000e+00 0.000000000e+00 3.942238776e-01 9.289537899e-04
6.790693399e-18 2.061664077e-01 0.000000000e+00 0.000000000e+00 0.000000000e+00 6.790693399e-18
6.790693399e-18 0.000000000e+00 0.000000000e+00 1.463010543e-04 6.790693399e-18 6.790693399e-18
1.463010543e-04 1.463010543e-04 6.790693399e-18 6.790693399e-18 6.790693399e-18 6.790693399e-18

4.377892669e-04 1.737367857e-04 1.737367857e-04 5.378022043e-01 6.088894849e-02 1.737367857e-04
1.737367857e-04 1.737367857e-04 1.737367857e-04 1.989065913e-02 0.000000000e+00 1.167679594e-01
7.517154136e-04 1.737367857e-04 0.000000000e+00 0.000000000e+00 2.326425605e-03 1.421718747e-01
7.517154136e-04 1.028332221e-01 0.000000000e+00 0.000000000e+00 0.000000000e+00 3.252483696e-03
1.737367857e-04 0.000000000e+00 0.000000000e+00 0.000000000e+00 7.517154136e-04 1.737367857e-04
3.252483696e-03 1.737367857e-04 1.737367857e-04 5.862225180e-03 1.737367857e-04 1.737367857e-04

