6.468507115e-18 1.393597612e-04 6.468507115e-18 3.409266678e-03 1.393597612e-04 6.468507115e-18
1.393597612e-04 6.468507115e-18 1.393597612e-04 5.208299632e-02 8.848793262e-04 1.393597612e-04
1.393597612e-04 6.468507115e-18 7.750300650e-01 6.468507115e-18 1.458459893e-01 7.565611817e-03
1.393597612e-04 6.468507115e-18 1.866099430e-03 1.073417136e-02 3.511645933e-04 1.393597612e-04
1.393597612e-04 6.468507115e-18 6.468507115e-18 1.393597612e-04 6.468507115e-18 6.468507115e-18
1.393597612e-04 1.393597612e-04 1.393597612e-04 1.393597612e-04 1.393597612e-04 1.393597612e-04

6.433110586e-18 6.433110586e-18 6.433110586e-18 1.385971661e-04 1.385971661e-04 6.433110586e-18
6.433110586e-18 6.433110586e-18 6.433110586e-18 1.234861776e-02 7.628201584e-01 0.000000000e+00
6.433110586e-18 6.433110586e-18 1.833047953e-02 0.000000000e+00 6.433110586e-18 1.482096537e-01
6.433110586e-18 6.433110586e-18 6.433110586e-18 5.098707110e-02 7.026825225e-03 6.433110586e-18
6.433110586e-18 6.433110586e-18 6.433110586e-18 6.433110586e-18 6.433110586e-18 6.433110586e-18
6.433110586e-18 6.433110586e-18 6.433110586e-18 6.433110586e-18 6.433110586e-18 6.433110586e-18

5.193088948e-18 5.193088948e-18 5.193088948e-18 2.819242425e-04 2.227376265e-02 5.193088948e-18
5.193088948e-18 5.193088948e-18 5.193088948e-18 9.592446081e-01 5.193088948e-18 0.000000000e+00
5.193088948e-18 5.193088948e-18 4.840840436e-04 0.000000000e+00 0.000000000e+00 0.000000000e+00
5.193088948e-18 5.193088948e-18 5.193088948e-18 2.410418367e-03 1.530520261e-02 5.193088948e-18
5.193088948e-18 5.193088948e-18 5.193088948e-18 5.193088948e-18 5.193088948e-18 5.193088948e-18
5.193088948e-18 5.193088948e-18 5.193088948e-18 5.193088948e-18 5.193088948e-18 5.193088948e-18

7.405641332e-18 4.383331697e-03 7.405641332e-18 2.478370570e-02 4.084472471e-02 7.405641332e-18
7.405641332e-18 7.405641332e-18 7.405641332e-18 2.016866516e-01 0.000000000e+00 0.000000000e+00
7.405641332e-18 7.405641332e-18 8.089111266e-03 0.000000000e+00 0.000000000e+00 0.000000000e+00
7.405641332e-18 7.405641332e-18 7.405641332e-18 5.714838949e-01 6.432641054e-03 0.000000000e+00
7.405641332e-18 7.405641332e-18 7.405641332e-18 7.405641332e-18 7.405641332e-18 1.397431438e-01
7.405641332e-18 7.405641332e-18 7.405641332e-18 7.405641332e-18 7.405641332e-18 2.552795294e-03

