1.579805242e-04 1.579805242e-04 1.579805242e-04 1.579805242e-04 1.579805242e-04 1.579805242e-04
1.579805242e-04 1.579805242e-04 3.980859757e-04 1.579805242e-04 1.579805242e-04 1.579805242e-04
1.579805242e-04 3.980859757e-04 4.409390035e-01 0.000000000e+00 3.530054131e-01 1.579805242e-04
1.579805242e-04 2.115441097e-03 5.355166836e-02 1.579805242e-04 2.115441097e-03 1.579805242e-04
1.579805242e-04 1.579805242e-04 1.429712813e-01 1.579805242e-04 3.980859757e-04 1.579805242e-04
1.579805242e-04 1.579805242e-04 1.579805242e-04 1.579805242e-04 1.579805242e-04 1.579805242e-04

1.146055318e-04 1.146055318e-04 1.146055318e-04 1.146055318e-04 1.146055318e-04 1.146055318e-04
1.146055318e-04 1.249512431e-03 4.620605502e-03 1.146055318e-04 1.362308862e-02 1.146055318e-04
1.146055318e-04 1.146055318e-04 9.649928174e-01 0.000000000e+00 1.213083886e-02 1.146055318e-04
1.146055318e-04 1.146055318e-04 0.000000000e+00 0.000000000e+00 1.146055318e-04 1.146055318e-04
1.146055318e-04 1.146055318e-04 2.887878439e-04 1.146055318e-04 1.146055318e-04 1.146055318e-04
1.146055318e-04 1.146055318e-04 1.146055318e-04 1.146055318e-04 1.146055318e-04 1.146055318e-04

1.433181084e-04 1.433181084e-04 1.433181084e-04 1.433181084e-04 1.433181084e-04 3.745578264e-02
1.433181084e-04 1.433181084e-04 3.611390031e-04 0.000000000e+00 0.000000000e+00 1.433181084e-04
1.433181084e-04 1.433181084e-04 6.201014406e-04 0.000000000e+00 5.177843935e-01 1.433181084e-04
1.433181084e-04 1.433181084e-04 0.000000000e+00 0.000000000e+00 1.433181084e-04 1.433181084e-04
1.433181084e-04 1.218554924e-02 6.652237314e-18 4.252090227e-01 1.433181084e-04 1.433181084e-04
1.433181084e-04 3.087695043e-03 1.433181084e-04 1.433181084e-04 1.433181084e-04 1.433181084e-04

