9.608764045e-18 5.687339978e-03 9.608764045e-18 1.676817822e-02 1.769949470e-03 9.608764045e-18
8.956999196e-04 0.000000000e+00 1.769949470e-03 1.843250391e-01 5.216439680e-04 5.216439680e-04
9.608764045e-18 2.070145459e-04 1.490575331e-01 9.608764045e-18 1.679289785e-01 1.513285511e-02
2.070145459e-04 9.608764045e-18 1.171147281e-01 2.041821406e-01 4.541165570e-02 9.608764045e-18
9.608764045e-18 9.608764045e-18 9.608764045e-18 1.314460432e-03 9.608764045e-18 1.314460432e-03
9.608764045e-18 2.772032061e-03 2.257022366e-03 2.257022366e-03 7.858363802e-02 9.608764045e-18

3.879611149e-02 3.175162012e-02 6.300192772e-03 1.125715950e-02 6.489385670e-04 1.114273830e-03
7.075197802e-03 0.000000000e+00 2.575314410e-04 1.765915787e-01 1.114273830e-03 2.575314410e-04
7.872053935e-03 0.000000000e+00 7.571374409e-02 0.000000000e+00 2.089079858e-01 1.114273830e-03
1.114273830e-03 2.616356354e-02 4.617692735e-02 4.998442679e-02 3.879611149e-02 2.507913287e-02
2.807794108e-03 3.061260297e-02 1.635222721e-03 7.147850736e-02 7.075197802e-03 3.759781833e-02
3.640899854e-02 1.587549098e-02 2.948408471e-02 2.575314410e-04 7.872053935e-03 2.807794108e-03

2.446930638e-03 6.165878836e-03 1.562371391e-03 2.446930638e-03 2.446930638e-03 2.446930638e-03
2.446930638e-03 0.000000000e+00 7.906530398e-04 2.923777063e-03 2.446930638e-03 2.446930638e-03
4.775755460e-02 0.000000000e+00 1.045695938e-01 0.000000000e+00 2.923777063e-03 2.446930638e-03
1.827360664e-04 0.000000000e+00 1.857181200e-01 0.000000000e+00 5.802450290e-01 1.992320816e-03
2.446930638e-03 7.906530398e-04 6.759988401e-03 2.446930638e-03 6.759988401e-03 6.165878836e-03
2.446930638e-03 2.446930638e-03 2.446930638e-03 7.987720020e-03 2.446930638e-03 2.446930638e-03

