7.312828517e-18 7.312828517e-18 7.312828517e-18 7.312828517e-18 7.312828517e-18 7.312828517e-18
7.312828517e-18 7.312828517e-18 3.375484299e-02 6.816797544e-04 7.312828517e-18 7.312828517e-18
7.312828517e-18 2.083714428e-02 1.222292563e-01 7.312828517e-18 3.970014111e-04 7.312828517e-18
7.312828517e-18 7.312828517e-18 5.795947429e-02 6.740513025e-01 4.806724190e-02 7.312828517e-18
7.312828517e-18 7.312828517e-18 7.312828517e-18 4.202205662e-02 7.312828517e-18 7.312828517e-18
7.312828517e-18 7.312828517e-18 7.312828517e-18 7.312828517e-18 7.312828517e-18 7.312828517e-18

6.917046658e-18 6.917046658e-18 6.917046658e-18 9.462386726e-04 6.917046658e-18 6.917046658e-18
6.917046658e-18 6.917046658e-18 0.000000000e+00 1.731376321e-01 6.917046658e-18 6.917046658e-18
6.917046658e-18 6.917046658e-18 5.569453805e-02 0.000000000e+00 6.917046658e-18 6.917046658e-18
6.917046658e-18 6.917046658e-18 5.600700575e-01 6.917046658e-18 6.917046658e-18 6.917046658e-18
6.917046658e-18 6.917046658e-18 6.917046658e-18 2.100025105e-01 6.917046658e-18 6.917046658e-18
6.917046658e-18 6.917046658e-18 6.917046658e-18 1.490232527e-04 6.917046658e-18 6.917046658e-18

6.541244036e-18 6.541244036e-18 6.541244036e-18 6.541244036e-18 6.541244036e-18 9.756079727e-03
6.541244036e-18 6.541244036e-18 0.000000000e+00 0.000000000e+00 6.541244036e-18 6.541244036e-18
6.541244036e-18 6.541244036e-18 6.541244036e-18 0.000000000e+00 8.164935245e-03 6.541244036e-18
6.541244036e-18 6.541244036e-18 6.258336125e-01 0.000000000e+00 6.541244036e-18 6.541244036e-18
6.541244036e-18 6.541244036e-18 6.541244036e-18 2.792558529e-01 6.541244036e-18 6.541244036e-18
6.541244036e-18 6.541244036e-18 6.541244036e-18 7.698951961e-02 6.541244036e-18 6.541244036e-18

9.298979362e-03 1.456373154e-02 4.754160506e-02 1.740184359e-02 1.644185144e-02 3.324551624e-02
1.644185144e-02 0.000000000e+00 0.000000000e+00 0.000000000e+00 0.000000000e+00 8.481727577e-03
2.447912351e-02 1.274437102e-02 9.839140631e-02 0.000000000e+00 1.087615224e-03 6.149462894e-03
5.415604475e-03 5.257716817e-02 3.460388478e-01 0.000000000e+00 4.263609446e-02 2.149184060e-03
2.553760956e-02 1.596100598e-03 4.384989808e-02 5.004354858e-02 2.513700926e-04 2.740618630e-03
5.514169088e-02 1.185796812e-02 6.905926203e-03 2.447912351e-02 2.149184060e-03 2.036097750e-02

1.837446186e-02 1.537772296e-02 1.231968602e-17 4.246713430e-03 4.759131953e-02 2.696494946e-02
0.000000000e+00 0.000000000e+00 0.000000000e+00 0.000000000e+00 0.000000000e+00 1.440919218e-02
4.501909740e-02 2.256716554e-02 1.231968602e-17 0.000000000e+00 2.558553153e-01 1.440919218e-02
2.923511876e-02 2.364813904e-02 0.000000000e+00 0.000000000e+00 8.113173734e-03 1.837446186e-02
1.636175483e-02 5.822365262e-02 4.630074255e-02 5.551579443e-02 3.390869701e-02 7.079320161e-02
3.272416735e-02 2.256716554e-02 1.231968602e-17 6.653554300e-02 2.923511876e-02 2.364813904e-02

4.831315300e-18 4.831315300e-18 4.831315300e-18 4.831315300e-18 4.831315300e-18 0.000000000e+00
0.000000000e+00 0.000000000e+00 0.000000000e+00 0.000000000e+00 0.000000000e+00 4.831315300e-18
7.608844807e-03 4.831315300e-18 0.000000000e+00 0.000000000e+00 9.898447806e-01 4.831315300e-18
4.831315300e-18 4.831315300e-18 0.000000000e+00 0.000000000e+00 4.831315300e-18 4.831315300e-18
4.831315300e-18 4.831315300e-18 4.831315300e-18 2.546374607e-03 4.831315300e-18 4.831315300e-18
4.831315300e-18 4.831315300e-18 4.831315300e-18 4.831315300e-18 4.831315300e-18 4.831315300e-18

3.699468629e-01 6.260664084e-18 6.260664084e-18 6.260664084e-18 6.260664084e-18 0.000000000e+00
0.000000000e+00 0.000000000e+00 0.000000000e+00 0.000000000e+00 0.000000000e+00 6.260664084e-18
1.485681191e-02 0.000000000e+00 0.000000000e+00 0.000000000e+00 0.000000000e+00 6.260664084e-18
6.063408966e-01 3.398811377e-04 0.000000000e+00 0.000000000e+00 3.398811377e-04 1.348819189e-04
2.525091277e-03 3.398811377e-04 3.398811377e-04 3.299721723e-03 3.398811377e-04 6.260664084e-18
6.260664084e-18 6.260664084e-18 6.260664084e-18 8.564467995e-04 6.260664084e-18 3.398811377e-04

