2.420064211e-03 5.593262684e-04 2.219687767e-04 1.030287795e-01 3.552836650e-02 3.551500427e-03
5.593262684e-04 1.030287795e-17 4.782172326e-03 7.651475722e-02 2.219687767e-04 9.604031185e-04
1.057853314e-01 1.030287795e-17 1.085599599e-01 1.030287795e-17 1.644408379e-01 2.069125795e-02
1.270202718e-01 2.219687767e-04 7.779265260e-02 0.000000000e+00 1.582938361e-01 1.030287795e-17
9.604031185e-04 1.030287795e-17 2.219687767e-04 1.897806345e-03 2.219687767e-04 2.219687767e-04
2.420064211e-03 5.593262684e-04 1.897806345e-03 2.219687767e-04 2.219687767e-04 1.030287795e-17

8.637938221e-04 9.266486286e-18 3.737418806e-03 1.012169443e-02 2.673288360e-03 1.267637493e-03
1.996403951e-04 1.706901368e-03 5.030622724e-04 2.104476394e-01 1.996403951e-04 1.996403951e-04
3.737418806e-03 1.207984963e-01 0.000000000e+00 0.000000000e+00 1.647945008e-01 3.194246321e-03
5.030622724e-04 2.539537081e-01 9.266486286e-18 0.000000000e+00 2.731042189e-02 5.030622724e-04
5.030622724e-04 1.996403951e-04 4.175726125e-02 1.478993322e-01 1.996403951e-04 1.996403951e-04
1.996403951e-04 1.996403951e-04 8.637938221e-04 8.637938221e-04 1.996403951e-04 1.996403951e-04

5.654382911e-04 5.625130734e-02 2.185214865e-02 3.172417693e-02 7.571511773e-03 5.654382911e-04
3.485636728e-02 2.243943346e-04 6.473551506e-02 3.052642260e-01 2.243943346e-04 1.300082605e-02
6.164817376e-03 2.030753202e-01 0.000000000e+00 0.000000000e+00 5.037896169e-02 4.200831227e-03
5.654382911e-04 3.591660177e-02 0.000000000e+00 0.000000000e+00 1.999290420e-02 1.300082605e-02
2.243943346e-04 2.243943346e-04 1.083415025e-01 1.728395068e-02 0.000000000e+00 5.654382911e-04
5.654382911e-04 2.243943346e-04 2.243943346e-04 5.654382911e-04 2.243943346e-04 1.424815211e-03

