6.468507115e-18 1.393597612e-04 6.468507115e-18 3.409266678e-03 1.393597612e-04 6.468507115e-18
1.393597612e-04 6.468507115e-18 1.393597612e-04 5.208299632e-02 8.848793262e-04 1.393597612e-04
1.393597612e-04 6.468507115e-18 7.750300650e-01 6.468507115e-18 1.458459893e-01 7.565611817e-03
1.393597612e-04 6.468507115e-18 1.866099430e-03 1.073417136e-02 3.511645933e-04 1.393597612e-04
1.393597612e-04 6.468507115e-18 6.468507115e-18 1.393597612e-04 6.468507115e-18 6.468507115e-18
1.393597612e-04 1.393597612e-04 1.393597612e-04 1.393597612e-04 1.393597612e-04 1.393597612e-04

8.098798307e-18 8.098798307e-18 8.098798307e-18 1.107900024e-03 8.098798307e-18 8.098798307e-18
8.098798307e-18 8.098798307e-18 8.098798307e-18 1.490378920e-01 8.098798307e-18 8.098798307e-18
8.098798307e-18 8.098798307e-18 2.616836810e-01 0.000000000e+00 1.502969206e-01 8.098798307e-18
8.098798307e-18 8.098798307e-18 2.689474264e-01 8.098798307e-18 9.472411963e-03 8.098798307e-18
4.396704160e-04 0.000000000e+00 1.107900024e-03 1.579061976e-01 8.098798307e-18 8.098798307e-18
8.098798307e-18 8.098798307e-18 8.098798307e-18 8.098798307e-18 8.098798307e-18 8.098798307e-18

5.598236993e-18 0.000000000e+00 5.598236993e-18 2.103970258e-02 5.598236993e-18 5.598236993e-18
5.598236993e-18 5.598236993e-18 5.689594125e-03 5.598236993e-18 1.206103598e-04 5.598236993e-18
5.598236993e-18 5.598236993e-18 9.031899994e-01 0.000000000e+00 6.589045973e-02 5.598236993e-18
5.598236993e-18 5.598236993e-18 4.069633759e-03 0.000000000e+00 5.598236993e-18 5.598236993e-18
5.598236993e-18 0.000000000e+00 5.598236993e-18 5.598236993e-18 5.598236993e-18 5.598236993e-18
5.598236993e-18 5.598236993e-18 5.598236993e-18 5.598236993e-18 5.598236993e-18 5.598236993e-18

5.471457933e-18 0.000000000e+00 5.471457933e-18 0.000000000e+00 5.471457933e-18 5.471457933e-18
5.471457933e-18 5.471457933e-18 5.471457933e-18 0.000000000e+00 5.471457933e-18 5.471457933e-18
5.471457933e-18 5.471457933e-18 1.594077928e-01 0.000000000e+00 5.471457933e-18 5.471457933e-18
5.471457933e-18 5.471457933e-18 8.405922072e-01 0.000000000e+00 5.471457933e-18 5.471457933e-18
5.471457933e-18 0.000000000e+00 5.471457933e-18 5.471457933e-18 5.471457933e-18 5.471457933e-18
5.471457933e-18 5.471457933e-18 5.471457933e-18 5.471457933e-18 5.471457933e-18 5.471457933e-18

