9.608764045e-18 5.687339978e-03 9.608764045e-18 1.676817822e-02 1.769949470e-03 9.608764045e-18
8.956999196e-04 0.000000000e+00 1.769949470e-03 1.843250391e-01 5.216439680e-04 5.216439680e-04
9.608764045e-18 2.070145459e-04 1.490575331e-01 9.608764045e-18 1.679289785e-01 1.513285511e-02
2.070145459e-04 9.608764045e-18 1.171147281e-01 2.041821406e-01 4.541165570e-02 9.608764045e-18
9.608764045e-18 9.608764045e-18 9.608764045e-18 1.314460432e-03 9.608764045e-18 1.314460432e-03
9.608764045e-18 2.772032061e-03 2.257022366e-03 2.257022366e-03 7.858363802e-02 9.608764045e-18

2.475421490e-03 6.940199575e-03 3.040265722e-03 1.232596179e-02 3.040265722e-03 3.040265722e-03
9.823716692e-04 0.000000000e+00 2.116455603e-02 1.541403512e-01 2.239396766e-01 1.659717480e-02
2.475421490e-03 4.891561179e-03 0.000000000e+00 0.000000000e+00 2.475421490e-03 1.572386046e-01
5.554407473e-03 5.721204662e-04 2.270461575e-04 1.067929675e-01 1.955736414e-01 3.632738520e-03
1.315446579e-02 4.891561179e-03 9.823716692e-04 2.475421490e-03 3.632738520e-03 1.941217340e-03
4.250475353e-03 5.554407473e-03 5.554407473e-03 2.116455603e-02 6.237671284e-03 3.040265722e-03

5.988781362e-02 5.605885583e-03 1.959208495e-03 8.477002828e-03 2.498363635e-03 1.959208495e-03
1.021291291e-01 0.000000000e+00 5.605885583e-03 1.416933809e-01 1.077827221e-01 1.959208495e-03
7.004521173e-03 0.000000000e+00 0.000000000e+00 0.000000000e+00 0.000000000e+00 2.277289993e-01
4.909508527e-02 3.068442829e-03 3.666406650e-03 1.432190098e-01 9.379416881e-02 3.666406650e-03
2.498363635e-03 9.914762655e-04 9.914762655e-04 9.914762655e-04 2.498363635e-03 1.959208495e-03
1.959208495e-03 3.068442829e-03 2.498363635e-03 3.068442829e-03 5.605885583e-03 3.068442829e-03

