7.312828517e-18 7.312828517e-18 7.312828517e-18 7.312828517e-18 7.312828517e-18 7.312828517e-18
7.312828517e-18 7.312828517e-18 3.375484299e-02 6.816797544e-04 7.312828517e-18 7.312828517e-18
7.312828517e-18 2.083714428e-02 1.222292563e-01 7.312828517e-18 3.970014111e-04 7.312828517e-18
7.312828517e-18 7.312828517e-18 5.795947429e-02 6.740513025e-01 4.806724190e-02 7.312828517e-18
7.312828517e-18 7.312828517e-18 7.312828517e-18 4.202205662e-02 7.312828517e-18 7.312828517e-18
7.312828517e-18 7.312828517e-18 7.312828517e-18 7.312828517e-18 7.312828517e-18 7.312828517e-18

6.564943683e-18 6.564943683e-18 6.564943683e-18 6.564943683e-18 6.564943683e-18 6.564943683e-18
6.564943683e-18 6.564943683e-18 6.564943683e-18 6.564943683e-18 6.564943683e-18 6.564943683e-18
6.564943683e-18 2.262998785e-03 5.808368458e-01 0.000000000e+00 6.564943683e-18 6.672076416e-03
6.564943683e-18 6.564943683e-18 0.000000000e+00 3.199357685e-01 8.839839006e-02 6.564943683e-18
6.564943683e-18 6.564943683e-18 6.564943683e-18 1.893920413e-03 6.564943683e-18 6.564943683e-18
6.564943683e-18 6.564943683e-18 6.564943683e-18 6.564943683e-18 6.564943683e-18 6.564943683e-18

5.553102782e-18 5.553102782e-18 1.196379727e-04 5.553102782e-18 5.553102782e-18 5.553102782e-18
5.553102782e-18 5.553102782e-18 4.823500806e-03 5.553102782e-18 1.196379727e-04 5.553102782e-18
5.553102782e-18 5.553102782e-18 0.000000000e+00 0.000000000e+00 0.000000000e+00 1.196379727e-04
5.553102782e-18 5.553102782e-18 0.000000000e+00 8.722447875e-01 1.196379727e-04 5.553102782e-18
5.553102782e-18 5.553102782e-18 5.553102782e-18 2.239713105e-03 1.197923400e-01 5.553102782e-18
5.553102782e-18 1.196379727e-04 5.553102782e-18 3.014688004e-04 5.553102782e-18 5.553102782e-18

2.075655056e-04 2.075655056e-04 2.251321854e-01 7.514947856e-02 2.075655056e-04 2.075655056e-04
2.075655056e-04 1.934862858e-02 1.595728455e-01 2.075655056e-04 5.702476572e-03 2.075655056e-04
2.263029327e-03 2.075655056e-04 0.000000000e+00 0.000000000e+00 0.000000000e+00 5.874270880e-02
2.075655056e-04 1.774660110e-03 0.000000000e+00 0.000000000e+00 1.863289396e-01 1.787933441e-01
2.779409697e-03 2.075655056e-04 0.000000000e+00 1.317958808e-03 5.761033473e-02 2.075655056e-04
2.075655056e-04 2.263029327e-03 2.075655056e-04 1.052349461e-02 2.075655056e-04 9.791559225e-03

3.609445831e-02 3.609445831e-02 3.609445831e-02 3.609445831e-02 3.609445831e-02 3.609445831e-02
3.609445831e-02 3.609445831e-02 3.609445831e-02 0.000000000e+00 3.609445831e-02 3.609445831e-02
3.609445831e-02 3.609445831e-02 0.000000000e+00 0.000000000e+00 0.000000000e+00 3.609445831e-02
3.609445831e-02 0.000000000e+00 0.000000000e+00 0.000000000e+00 3.476385421e-02 3.609445831e-02
3.609445831e-02 3.609445831e-02 0.000000000e+00 3.609445831e-02 3.609445831e-02 3.476385421e-02
3.476385421e-02 3.476385421e-02 3.476385421e-02 3.476385421e-02 3.476385421e-02 3.476385421e-02

