1.494458114e-04 1.494458114e-04 1.494458114e-04 1.494458114e-04 1.494458114e-04 1.494458114e-04
1.494458114e-04 1.494458114e-04 1.485188014e-01 1.494458114e-04 3.765798472e-04 1.494458114e-04
1.494458114e-04 9.489217528e-04 3.219712403e-03 3.765798472e-04 6.466144718e-04 1.494458114e-04
1.494458114e-04 1.494458114e-04 4.041340448e-01 0.000000000e+00 4.375165744e-01 1.494458114e-04
1.494458114e-04 1.494458114e-04 3.765798472e-04 1.494458114e-04 1.494458114e-04 1.494458114e-04
1.494458114e-04 1.494458114e-04 1.494458114e-04 1.494458114e-04 1.494458114e-04 1.494458114e-04

5.044166161e-18 5.044166161e-18 5.044166161e-18 5.044166161e-18 5.044166161e-18 5.044166161e-18
5.044166161e-18 5.044166161e-18 6.900322246e-04 5.044166161e-18 2.738394698e-04 5.044166161e-18
5.044166161e-18 4.702019119e-04 9.737980292e-01 0.000000000e+00 5.044166161e-18 3.666852426e-03
5.044166161e-18 5.044166161e-18 2.738394698e-04 0.000000000e+00 2.055336584e-02 5.044166161e-18
5.044166161e-18 5.044166161e-18 0.000000000e+00 5.044166161e-18 2.738394698e-04 5.044166161e-18
5.044166161e-18 5.044166161e-18 5.044166161e-18 5.044166161e-18 5.044166161e-18 5.044166161e-18

1.446069474e-04 1.446069474e-04 1.446069474e-04 1.446069474e-04 1.446069474e-04 1.446069474e-04
1.446069474e-04 1.446069474e-04 1.446069474e-04 1.446069474e-04 5.708144372e-01 1.446069474e-04
1.446069474e-04 1.446069474e-04 0.000000000e+00 0.000000000e+00 0.000000000e+00 1.446069474e-04
1.446069474e-04 1.446069474e-04 1.446069474e-04 0.000000000e+00 3.643866741e-04 1.446069474e-04
1.446069474e-04 2.636299595e-01 0.000000000e+00 1.446069474e-04 1.612868291e-01 1.446069474e-04
1.446069474e-04 1.446069474e-04 1.446069474e-04 1.446069474e-04 1.446069474e-04 1.446069474e-04

1.507931353e-04 1.507931353e-04 1.507931353e-04 1.507931353e-04 1.507931353e-04 1.507931353e-04
1.507931353e-04 1.507931353e-04 4.600574324e-02 1.507931353e-04 1.728501945e-01 1.507931353e-04
1.507931353e-04 1.644055868e-03 0.000000000e+00 0.000000000e+00 0.000000000e+00 4.939722339e-02
1.507931353e-04 3.700301886e-02 0.000000000e+00 0.000000000e+00 1.507931353e-04 1.507931353e-04
1.507931353e-04 6.877631169e-01 0.000000000e+00 2.019198234e-03 0.000000000e+00 1.507931353e-04
1.507931353e-04 1.507931353e-04 1.507931353e-04 1.507931353e-04 1.507931353e-04 1.507931353e-04

