6.928170085e-18 6.928170085e-18 6.928170085e-18 6.928170085e-18 6.928170085e-18 6.928170085e-18
6.928170085e-18 6.928170085e-18 3.761189386e-04 3.761189386e-04 6.928170085e-18 6.928170085e-18
6.928170085e-18 9.477603360e-04 6.109519623e-02 1.745789465e-01 3.761189386e-04 6.928170085e-18
6.928170085e-18 3.761189386e-04 6.145671836e-01 1.461064109e-01 3.761189386e-04 6.928170085e-18
6.928170085e-18 1.492628997e-04 1.492628997e-04 3.761189386e-04 1.492628997e-04 6.928170085e-18
6.928170085e-18 6.928170085e-18 6.928170085e-18 6.928170085e-18 6.928170085e-18 6.928170085e-18

1.157704850e-04 1.157704850e-04 1.157704850e-04 5.373589902e-18 1.157704850e-04 1.157704850e-04
1.157704850e-04 7.350967584e-04 1.262213594e-03 7.350967584e-04 2.917233419e-04 1.157704850e-04
1.157704850e-04 1.550226795e-03 9.843326581e-03 9.688917469e-01 2.917233419e-04 5.373589902e-18
7.350967584e-04 2.917233419e-04 0.000000000e+00 7.572424766e-03 9.898237230e-04 1.157704850e-04
2.917233419e-04 2.917233419e-04 2.917233419e-04 3.906326742e-03 2.917233419e-04 1.157704850e-04
0.000000000e+00 1.157704850e-04 1.157704850e-04 1.157704850e-04 1.157704850e-04 1.157704850e-04

1.895448967e-04 1.895448967e-04 1.895448967e-04 1.895448967e-04 1.895448967e-04 1.895448967e-04
4.651228568e-02 1.895448967e-04 1.895448967e-04 4.776232104e-04 4.776232104e-04 1.895448967e-04
1.855365574e-01 3.124082817e-02 1.771037276e-01 2.456501861e-01 4.776232104e-04 1.895448967e-04
1.895448967e-04 1.895448967e-04 0.000000000e+00 4.776232104e-04 1.895448967e-04 1.895448967e-04
0.000000000e+00 8.797894758e-18 1.895448967e-04 0.000000000e+00 1.184655604e-01 1.895448967e-04
0.000000000e+00 1.895448967e-04 1.895448967e-04 1.895448967e-04 1.897894639e-01 1.895448967e-04

9.562296390e-18 1.505967313e-02 9.562296390e-18 3.794799837e-02 9.562296390e-18 3.296214890e-03
3.296214890e-03 9.181729905e-02 3.809731293e-01 5.659836196e-03 3.856726839e-03 9.562296390e-18
0.000000000e+00 9.562296390e-18 9.718342656e-03 2.016568284e-01 5.039867448e-03 9.562296390e-18
0.000000000e+00 3.395517526e-02 0.000000000e+00 8.186197339e-02 9.562296390e-18 9.562296390e-18
0.000000000e+00 3.296214890e-03 9.562296390e-18 0.000000000e+00 9.562296390e-18 3.856726839e-03
0.000000000e+00 5.659836196e-03 2.269172039e-02 9.718342656e-03 8.063787917e-02 9.562296390e-18

3.609445831e-02 3.609445831e-02 3.609445831e-02 3.609445831e-02 3.609445831e-02 3.609445831e-02
3.609445831e-02 3.609445831e-02 0.000000000e+00 3.609445831e-02 3.609445831e-02 3.609445831e-02
0.000000000e+00 0.000000000e+00 3.476385421e-02 3.609445831e-02 3.609445831e-02 3.609445831e-02
0.000000000e+00 3.609445831e-02 0.000000000e+00 3.609445831e-02 3.609445831e-02 3.609445831e-02
0.000000000e+00 3.609445831e-02 3.609445831e-02 0.000000000e+00 3.476385421e-02 3.476385421e-02
0.000000000e+00 3.476385421e-02 3.476385421e-02 3.476385421e-02 3.476385421e-02 3.476385421e-02

3.917969513e-02 3.917969513e-02 3.917969513e-02 3.917969513e-02 3.917969513e-02 3.917969513e-02
3.917969513e-02 3.917969513e-02 0.000000000e+00 3.784597560e-02 3.917969513e-02 3.917969513e-02
0.000000000e+00 0.000000000e+00 0.000000000e+00 0.000000000e+00 3.917969513e-02 3.917969513e-02
0.000000000e+00 3.784597560e-02 0.000000000e+00 3.784597560e-02 3.784597560e-02 3.784597560e-02
0.000000000e+00 3.784597560e-02 3.784597560e-02 0.000000000e+00 3.784597560e-02 3.784597560e-02
0.000000000e+00 3.784597560e-02 3.784597560e-02 3.784597560e-02 3.784597560e-02 3.784597560e-02

4.211050269e-02 4.211050269e-02 4.211050269e-02 4.211050269e-02 4.211050269e-02 4.211050269e-02
4.211050269e-02 4.211050269e-02 0.000000000e+00 0.000000000e+00 4.211050269e-02 4.211050269e-02
0.000000000e+00 0.000000000e+00 0.000000000e+00 0.000000000e+00 4.211050269e-02 4.211050269e-02
0.000000000e+00 0.000000000e+00 0.000000000e+00 4.077899461e-02 4.211050269e-02 4.211050269e-02
0.000000000e+00 4.211050269e-02 4.211050269e-02 0.000000000e+00 4.077899461e-02 4.077899461e-02
0.000000000e+00 4.077899461e-02 4.077899461e-02 4.077899461e-02 4.077899461e-02 4.077899461e-02

4.618203788e-02 4.618203788e-02 4.618203788e-02 4.618203788e-02 4.618203788e-02 4.618203788e-02
4.618203788e-02 4.618203788e-02 0.000000000e+00 0.000000000e+00 4.618203788e-02 4.618203788e-02
0.000000000e+00 0.000000000e+00 0.000000000e+00 0.000000000e+00 4.484830177e-02 4.484830177e-02
0.000000000e+00 0.000000000e+00 0.000000000e+00 0.000000000e+00 4.484830177e-02 4.484830177e-02
0.000000000e+00 4.484830177e-02 4.484830177e-02 0.000000000e+00 4.484830177e-02 4.484830177e-02
0.000000000e+00 4.484830177e-02 4.484830177e-02 0.000000000e+00 4.484830177e-02 4.484830177e-02

