1.494458114e-04 1.494458114e-04 1.494458114e-04 1.494458114e-04 1.494458114e-04 1.494458114e-04
1.494458114e-04 1.494458114e-04 1.485188014e-01 1.494458114e-04 3.765798472e-04 1.494458114e-04
1.494458114e-04 9.489217528e-04 3.219712403e-03 3.765798472e-04 6.466144718e-04 1.494458114e-04
1.494458114e-04 1.494458114e-04 4.041340448e-01 0.000000000e+00 4.375165744e-01 1.494458114e-04
1.494458114e-04 1.494458114e-04 3.765798472e-04 1.494458114e-04 1.494458114e-04 1.494458114e-04
1.494458114e-04 1.494458114e-04 1.494458114e-04 1.494458114e-04 1.494458114e-04 1.494458114e-04

5.660680450e-18 5.660680450e-18 5.660680450e-18 5.660680450e-18 5.660680450e-18 1.219556633e-04
5.660680450e-18 1.219556633e-04 1.724171445e-02 5.660680450e-18 9.223514713e-01 5.660680450e-18
5.660680450e-18 7.743701929e-04 5.276715090e-04 0.000000000e+00 0.000000000e+00 5.660680450e-18
5.660680450e-18 5.660680450e-18 5.660680450e-18 0.000000000e+00 1.343302621e-02 5.660680450e-18
5.660680450e-18 3.057191935e-02 1.396237715e-02 5.276715090e-04 1.219556633e-04 5.660680450e-18
1.219556633e-04 5.660680450e-18 5.660680450e-18 5.660680450e-18 1.219556633e-04 5.660680450e-18

6.474255870e-18 6.474255870e-18 6.474255870e-18 6.474255870e-18 6.474255870e-18 1.394836144e-04
1.394836144e-04 6.474255870e-18 1.394836144e-04 6.474255870e-18 3.812228516e-01 1.394836144e-04
6.474255870e-18 5.491171960e-01 1.394836144e-04 0.000000000e+00 0.000000000e+00 6.474255870e-18
6.474255870e-18 6.474255870e-18 0.000000000e+00 0.000000000e+00 1.394836144e-04 6.474255870e-18
6.474255870e-18 6.046276441e-02 0.000000000e+00 6.474255870e-18 6.474255870e-18 6.474255870e-18
1.394836144e-04 1.394836144e-04 6.474255870e-18 6.474255870e-18 8.081319034e-03 6.474255870e-18

