7.071057808e-04 4.118091978e-04 4.118091978e-04 6.045669384e-03 2.614825415e-03 7.585590279e-18
1.634265884e-04 4.118091978e-04 7.709378853e-03 2.615809222e-02 4.118091978e-04 1.037694154e-03
6.227470796e-01 4.118091978e-04 0.000000000e+00 7.585590279e-18 1.729848096e-02 1.131369249e-02
7.071057808e-04 1.634265884e-04 3.171956136e-02 2.423929119e-01 2.385915738e-02 7.585590279e-18
7.585590279e-18 7.585590279e-18 1.634265884e-04 1.634265884e-04 7.585590279e-18 7.071057808e-04
4.118091978e-04 4.118091978e-04 1.634265884e-04 1.634265884e-04 7.071057808e-04 4.118091978e-04

1.266945950e-03 2.163368336e-02 1.615597164e-03 5.974360046e-03 6.411501595e-04 3.733975029e-04
1.632187213e-02 1.481828972e-04 5.481756755e-03 6.878040810e-02 9.409027477e-04 9.409027477e-04
3.733975029e-04 1.893111573e-02 0.000000000e+00 0.000000000e+00 6.477339246e-03 1.984245794e-03
6.411501595e-04 5.481756755e-03 8.343518320e-01 0.000000000e+00 1.615597164e-03 1.481828972e-04
1.266945950e-03 1.481828972e-04 3.733975029e-04 1.481828972e-04 1.481828972e-04 9.409027477e-04
3.733975029e-04 9.409027477e-04 3.733975029e-04 1.481828972e-04 3.733975029e-04 6.411501595e-04

1.777705536e-04 1.128772655e-03 4.883915631e-03 2.065367125e-01 7.691685136e-04 1.777705536e-04
8.386031673e-03 0.000000000e+00 3.194517471e-01 1.777705536e-04 1.860445371e-01 4.479537251e-04
2.380439847e-03 1.583885642e-02 0.000000000e+00 0.000000000e+00 9.012901528e-03 1.777705536e-04
1.777705536e-04 0.000000000e+00 2.403991765e-01 0.000000000e+00 1.777705536e-04 1.777705536e-04
1.777705536e-04 1.777705536e-04 1.519916853e-03 1.777705536e-04 1.777705536e-04 1.777705536e-04
1.777705536e-04 1.777705536e-04 1.777705536e-04 1.777705536e-04 1.777705536e-04 1.777705536e-04

3.517249117e-02 3.517249117e-02 3.517249117e-02 3.517249117e-02 3.517249117e-02 3.517249117e-02
3.517249117e-02 0.000000000e+00 3.517249117e-02 0.000000000e+00 3.517249117e-02 3.517249117e-02
3.517249117e-02 3.517249117e-02 0.000000000e+00 0.000000000e+00 3.383900824e-02 3.517249117e-02
3.517249117e-02 0.000000000e+00 0.000000000e+00 0.000000000e+00 3.383900824e-02 3.383900824e-02
3.383900824e-02 3.383900824e-02 3.383900824e-02 3.383900824e-02 3.383900824e-02 3.383900824e-02
3.383900824e-02 3.383900824e-02 3.383900824e-02 3.383900824e-02 3.383900824e-02 3.383900824e-02

