9.608764045e-18 5.687339978e-03 9.608764045e-18 1.676817822e-02 1.769949470e-03 9.608764045e-18
8.956999196e-04 0.000000000e+00 1.769949470e-03 1.843250391e-01 5.216439680e-04 5.216439680e-04
9.608764045e-18 2.070145459e-04 1.490575331e-01 9.608764045e-18 1.679289785e-01 1.513285511e-02
2.070145459e-04 9.608764045e-18 1.171147281e-01 2.041821406e-01 4.541165570e-02 9.608764045e-18
9.608764045e-18 9.608764045e-18 9.608764045e-18 1.314460432e-03 9.608764045e-18 1.314460432e-03
9.608764045e-18 2.772032061e-03 2.257022366e-03 2.257022366e-03 7.858363802e-02 9.608764045e-18

1.790837819e-02 1.346924540e-01 1.642560054e-03 1.042960623e-02 7.907376265e-03 6.518503894e-04
6.518503894e-04 0.000000000e+00 2.628096086e-02 8.181939921e-02 5.542324770e-02 2.211742725e-03
6.328462076e-03 0.000000000e+00 7.605347574e-02 0.000000000e+00 2.199473043e-02 7.039486904e-02
1.642560054e-03 1.692044250e-02 2.820392832e-03 2.455289739e-01 5.674676075e-02 2.586869985e-04
1.220313105e-02 7.106944595e-03 9.569654985e-03 2.211742725e-03 6.328462076e-03 2.211742725e-03
3.304857442e-02 1.311533545e-02 1.130767099e-02 2.628096086e-02 2.519166429e-02 1.311533545e-02

1.803822955e-04 1.803822955e-04 1.803822955e-04 2.223973159e-02 4.545349023e-04 1.803822955e-04
1.803822955e-04 0.000000000e+00 1.145356183e-03 2.053692125e-01 3.411568880e-02 1.803822955e-04
1.832569892e-02 0.000000000e+00 0.000000000e+00 0.000000000e+00 0.000000000e+00 9.049023784e-02
1.803822955e-04 3.886218749e-03 1.803822955e-04 4.347822771e-01 1.779142769e-01 1.803822955e-04
1.803822955e-04 1.803822955e-04 1.145356183e-03 4.545349023e-04 1.803822955e-04 4.545349023e-04
1.803822955e-04 1.803822955e-04 4.955668386e-03 1.803822955e-04 7.804688645e-04 7.804688645e-04

