5.803117485e-18 1.250243762e-04 1.250243762e-04 1.250243762e-04 1.250243762e-04 1.250243762e-04
1.250243762e-04 1.250243762e-04 1.250243762e-04 5.803117485e-18 5.803117485e-18 3.150416867e-04
7.938553053e-04 1.250243762e-04 1.068943380e-03 5.803117485e-18 5.803117485e-18 2.000390019e-03
1.250243762e-04 1.363106212e-03 9.300466179e-01 6.338689780e-03 1.250243762e-04 5.409490586e-04
7.938553053e-04 1.323365930e-02 5.803117485e-18 1.377103512e-02 1.250243762e-04 1.250243762e-04
1.250243762e-04 5.409490586e-04 2.551837662e-02 1.674141195e-03 1.250243762e-04 1.250243762e-04

5.084544324e-18 5.084544324e-18 5.084544324e-18 5.084544324e-18 5.084544324e-18 5.084544324e-18
1.095431868e-04 5.084544324e-18 5.084544324e-18 5.084544324e-18 5.084544324e-18 1.095431868e-04
1.095431868e-04 5.084544324e-18 5.167518551e-03 0.000000000e+00 5.084544324e-18 1.095431868e-04
5.084544324e-18 2.760315337e-04 9.759131092e-01 5.084544324e-18 1.095431868e-04 5.084544324e-18
4.739658421e-04 5.084544324e-18 0.000000000e+00 1.498529716e-02 1.466840044e-03 5.084544324e-18
5.084544324e-18 5.084544324e-18 4.739658421e-04 6.955558795e-04 5.084544324e-18 5.084544324e-18

7.313027122e-18 7.313027122e-18 7.313027122e-18 7.313027122e-18 1.000408038e-03 7.313027122e-18
7.313027122e-18 7.313027122e-18 7.313027122e-18 3.970121931e-04 3.854376171e-03 1.717771994e-03
3.970121931e-04 0.000000000e+00 1.069627858e-01 0.000000000e+00 7.313027122e-18 1.000408038e-03
7.313027122e-18 7.313027122e-18 5.272712433e-01 0.000000000e+00 2.996542910e-01 3.618816260e-02
7.313027122e-18 7.313027122e-18 0.000000000e+00 4.816020430e-03 1.000408038e-03 7.313027122e-18
7.313027122e-18 7.313027122e-18 3.970121931e-04 1.534308800e-02 7.313027122e-18 7.313027122e-18

1.283377248e-03 1.728095290e-03 4.944601098e-03 4.354527265e-03 1.968293867e-02 4.944601098e-03
2.021192513e-04 2.203650322e-03 1.728095290e-03 5.552850855e-03 1.399757185e-01 5.093085985e-04
3.233908020e-03 0.000000000e+00 0.000000000e+00 0.000000000e+00 0.000000000e+00 3.579517941e-01
1.728095290e-03 1.283377248e-03 8.638628920e-02 0.000000000e+00 2.402579028e-02 2.848250149e-01
1.728095290e-03 4.354527265e-03 0.000000000e+00 9.534641190e-03 3.233908020e-03 3.233908020e-03
3.783824864e-03 4.944601098e-03 3.783824864e-03 1.171026547e-02 2.203650322e-03 4.944601098e-03

