6.468507115e-18 1.393597612e-04 6.468507115e-18 3.409266678e-03 1.393597612e-04 6.468507115e-18
1.393597612e-04 6.468507115e-18 1.393597612e-04 5.208299632e-02 8.848793262e-04 1.393597612e-04
1.393597612e-04 6.468507115e-18 7.750300650e-01 6.468507115e-18 1.458459893e-01 7.565611817e-03
1.393597612e-04 6.468507115e-18 1.866099430e-03 1.073417136e-02 3.511645933e-04 1.393597612e-04
1.393597612e-04 6.468507115e-18 6.468507115e-18 1.393597612e-04 6.468507115e-18 6.468507115e-18
1.393597612e-04 1.393597612e-04 1.393597612e-04 1.393597612e-04 1.393597612e-04 1.393597612e-04

7.064403080e-18 0.000000000e+00 7.064403080e-18 6.652844405e-03 3.835148035e-04 7.064403080e-18
7.064403080e-18 7.064403080e-18 7.064403080e-18 4.985741660e-02 3.183408639e-02 7.064403080e-18
7.064403080e-18 7.064403080e-18 6.152988220e-01 0.000000000e+00 7.064403080e-18 6.690169411e-02
7.064403080e-18 7.064403080e-18 7.064403080e-18 2.282609014e-01 6.585222866e-04 7.064403080e-18
7.064403080e-18 7.064403080e-18 7.064403080e-18 7.064403080e-18 7.064403080e-18 7.064403080e-18
7.064403080e-18 7.064403080e-18 1.521979506e-04 7.064403080e-18 7.064403080e-18 7.064403080e-18

5.739638588e-18 0.000000000e+00 5.739638588e-18 5.739638588e-18 5.739638588e-18 5.739638588e-18
5.739638588e-18 5.739638588e-18 5.739638588e-18 5.739638588e-18 7.408791324e-01 5.739638588e-18
5.739638588e-18 5.739638588e-18 3.025112013e-03 0.000000000e+00 0.000000000e+00 5.739638588e-18
5.739638588e-18 5.739638588e-18 5.739638588e-18 0.000000000e+00 2.560957556e-01 5.739638588e-18
5.739638588e-18 5.739638588e-18 5.739638588e-18 5.739638588e-18 5.739638588e-18 5.739638588e-18
5.739638588e-18 5.739638588e-18 5.739638588e-18 5.739638588e-18 5.739638588e-18 5.739638588e-18

4.647784847e-18 0.000000000e+00 4.647784847e-18 4.647784847e-18 4.647784847e-18 4.647784847e-18
4.647784847e-18 4.647784847e-18 4.647784847e-18 4.647784847e-18 1.000000000e+00 4.647784847e-18
4.647784847e-18 4.647784847e-18 4.647784847e-18 0.000000000e+00 0.000000000e+00 0.000000000e+00
4.647784847e-18 4.647784847e-18 4.647784847e-18 0.000000000e+00 4.647784847e-18 4.647784847e-18
4.647784847e-18 4.647784847e-18 0.000000000e+00 4.647784847e-18 4.647784847e-18 4.647784847e-18
4.647784847e-18 4.647784847e-18 4.647784847e-18 4.647784847e-18 4.647784847e-18 4.647784847e-18

