6.468507115e-18 1.393597612e-04 6.468507115e-18 3.409266678e-03 1.393597612e-04 6.468507115e-18
1.393597612e-04 6.468507115e-18 1.393597612e-04 5.208299632e-02 8.848793262e-04 1.393597612e-04
1.393597612e-04 6.468507115e-18 7.750300650e-01 6.468507115e-18 1.458459893e-01 7.565611817e-03
1.393597612e-04 6.468507115e-18 1.866099430e-03 1.073417136e-02 3.511645933e-04 1.393597612e-04
1.393597612e-04 6.468507115e-18 6.468507115e-18 1.393597612e-04 6.468507115e-18 6.468507115e-18
1.393597612e-04 1.393597612e-04 1.393597612e-04 1.393597612e-04 1.393597612e-04 1.393597612e-04

8.098798307e-18 8.098798307e-18 8.098798307e-18 1.107900024e-03 8.098798307e-18 8.098798307e-18
8.098798307e-18 8.098798307e-18 8.098798307e-18 1.490378920e-01 8.098798307e-18 8.098798307e-18
8.098798307e-18 8.098798307e-18 2.616836810e-01 0.000000000e+00 1.502969206e-01 8.098798307e-18
8.098798307e-18 8.098798307e-18 2.689474264e-01 8.098798307e-18 9.472411963e-03 8.098798307e-18
4.396704160e-04 0.000000000e+00 1.107900024e-03 1.579061976e-01 8.098798307e-18 8.098798307e-18
8.098798307e-18 8.098798307e-18 8.098798307e-18 8.098798307e-18 8.098798307e-18 8.098798307e-18

6.081424640e-18 6.081424640e-18 6.081424640e-18 1.061264609e-02 6.081424640e-18 6.081424640e-18
6.081424640e-18 6.081424640e-18 6.081424640e-18 6.081424640e-18 4.420886621e-03 6.081424640e-18
6.081424640e-18 6.081424640e-18 4.173430045e-01 0.000000000e+00 5.676234628e-01 6.081424640e-18
6.081424640e-18 6.081424640e-18 6.081424640e-18 0.000000000e+00 6.081424640e-18 6.081424640e-18
6.081424640e-18 0.000000000e+00 6.081424640e-18 0.000000000e+00 6.081424640e-18 6.081424640e-18
6.081424640e-18 6.081424640e-18 6.081424640e-18 6.081424640e-18 6.081424640e-18 6.081424640e-18

4.999875515e-18 4.999875515e-18 4.999875515e-18 0.000000000e+00 4.999875515e-18 4.999875515e-18
4.999875515e-18 4.999875515e-18 4.999875515e-18 0.000000000e+00 4.999875515e-18 4.999875515e-18
4.999875515e-18 4.999875515e-18 9.708411334e-01 0.000000000e+00 3.292686083e-03 4.999875515e-18
4.999875515e-18 4.999875515e-18 2.586618056e-02 0.000000000e+00 4.999875515e-18 4.999875515e-18
4.999875515e-18 0.000000000e+00 4.999875515e-18 0.000000000e+00 4.999875515e-18 4.999875515e-18
4.999875515e-18 4.999875515e-18 4.999875515e-18 4.999875515e-18 4.999875515e-18 4.999875515e-18

4.806433034e-18 4.806433034e-18 4.806433034e-18 0.000000000e+00 4.806433034e-18 4.806433034e-18
4.806433034e-18 4.806433034e-18 4.806433034e-18 0.000000000e+00 4.806433034e-18 4.806433034e-18
4.806433034e-18 0.000000000e+00 9.915699853e-01 0.000000000e+00 6.773191331e-03 4.806433034e-18
4.806433034e-18 4.806433034e-18 1.656823370e-03 0.000000000e+00 4.806433034e-18 4.806433034e-18
4.806433034e-18 0.000000000e+00 0.000000000e+00 0.000000000e+00 4.806433034e-18 4.806433034e-18
4.806433034e-18 4.806433034e-18 4.806433034e-18 4.806433034e-18 4.806433034e-18 4.806433034e-18

5.775958148e-18 5.775958148e-18 5.775958148e-18 0.000000000e+00 5.775958148e-18 5.775958148e-18
5.775958148e-18 5.775958148e-18 5.775958148e-18 0.000000000e+00 5.775958148e-18 5.775958148e-18
5.775958148e-18 0.000000000e+00 2.883717149e-01 0.000000000e+00 7.092986885e-01 5.775958148e-18
5.775958148e-18 5.775958148e-18 2.329596563e-03 0.000000000e+00 5.775958148e-18 5.775958148e-18
5.775958148e-18 0.000000000e+00 0.000000000e+00 0.000000000e+00 5.775958148e-18 5.775958148e-18
5.775958148e-18 0.000000000e+00 5.775958148e-18 5.775958148e-18 5.775958148e-18 0.000000000e+00

6.075267377e-18 6.075267377e-18 6.075267377e-18 0.000000000e+00 6.075267377e-18 6.075267377e-18
6.075267377e-18 6.075267377e-18 6.075267377e-18 0.000000000e+00 0.000000000e+00 6.075267377e-18
6.075267377e-18 0.000000000e+00 4.728752877e-01 0.000000000e+00 5.152767907e-01 6.075267377e-18
8.310848867e-04 0.000000000e+00 1.119073819e-03 0.000000000e+00 6.075267377e-18 6.075267377e-18
3.298162559e-04 0.000000000e+00 0.000000000e+00 0.000000000e+00 6.075267377e-18 6.075267377e-18
6.075267377e-18 0.000000000e+00 9.567946565e-03 6.075267377e-18 6.075267377e-18 0.000000000e+00

