6.793969232e-18 6.793969232e-18 6.793969232e-18 6.793969232e-18 6.793969232e-18 6.793969232e-18
6.793969232e-18 0.000000000e+00 6.104921063e-01 6.333132613e-04 6.793969232e-18 6.793969232e-18
6.793969232e-18 6.793969232e-18 2.642996580e-01 7.528155532e-02 1.463716300e-04 6.793969232e-18
6.793969232e-18 1.463716300e-04 3.983119285e-02 9.023059409e-03 6.793969232e-18 6.793969232e-18
6.793969232e-18 6.793969232e-18 6.793969232e-18 1.463716300e-04 6.793969232e-18 6.793969232e-18
6.793969232e-18 6.793969232e-18 6.793969232e-18 6.793969232e-18 6.793969232e-18 6.793969232e-18

1.046052462e-04 1.046052462e-04 1.046052462e-04 1.046052462e-04 1.046052462e-04 1.046052462e-04
1.046052462e-04 0.000000000e+00 4.526006139e-04 1.046052462e-04 1.046052462e-04 1.046052462e-04
1.046052462e-04 0.000000000e+00 0.000000000e+00 2.635887031e-04 1.046052462e-04 1.046052462e-04
1.046052462e-04 1.046052462e-04 1.046052462e-04 9.961456533e-01 1.046052462e-04 1.046052462e-04
1.046052462e-04 1.046052462e-04 1.046052462e-04 1.046052462e-04 1.046052462e-04 1.046052462e-04
1.046052462e-04 1.046052462e-04 1.046052462e-04 1.046052462e-04 1.046052462e-04 1.046052462e-04

3.528542907e-04 1.400303181e-04 5.180166917e-03 1.400303181e-04 6.058759981e-04 1.400303181e-04
1.526711847e-03 0.000000000e+00 0.000000000e+00 0.000000000e+00 3.528542907e-04 3.528542907e-04
1.400303181e-04 0.000000000e+00 0.000000000e+00 3.528542907e-04 1.305320268e-02 1.400303181e-04
8.891370967e-04 3.847072787e-03 6.525205805e-01 3.154658932e-01 6.058759981e-04 1.400303181e-04
1.400303181e-04 3.528542907e-04 3.528542907e-04 1.875078533e-03 1.400303181e-04 1.400303181e-04
1.400303181e-04 1.400303181e-04 3.528542907e-04 1.400303181e-04 1.400303181e-04 1.400303181e-04

4.237269067e-04 1.681561344e-04 0.000000000e+00 1.681561344e-04 1.437714725e-03 1.681561344e-04
2.454963855e-02 0.000000000e+00 0.000000000e+00 0.000000000e+00 1.681561344e-04 4.237269067e-04
1.681561344e-04 0.000000000e+00 0.000000000e+00 1.681561344e-04 1.498223871e-02 1.681561344e-04
1.681561344e-04 9.842573432e-02 0.000000000e+00 2.719148684e-01 1.681561344e-04 2.251697791e-03
1.498223871e-02 1.567500620e-02 5.339491157e-01 1.362064688e-02 7.275693376e-04 1.681561344e-04
1.681561344e-04 1.681561344e-04 1.681561344e-04 4.113734844e-03 1.681561344e-04 1.681561344e-04

4.976688613e-04 1.975000185e-04 0.000000000e+00 2.644627608e-03 4.976688613e-04 1.975000185e-04
1.015778028e-01 0.000000000e+00 0.000000000e+00 0.000000000e+00 1.688601405e-03 1.975000185e-04
1.975000185e-04 0.000000000e+00 0.000000000e+00 7.613648288e-02 4.536314498e-02 1.975000185e-04
1.975000185e-04 1.816306353e-01 0.000000000e+00 1.992375451e-01 1.975000185e-04 2.644627608e-03
9.316736528e-03 0.000000000e+00 0.000000000e+00 1.975000185e-04 3.127030394e-01 1.072195059e-02
7.306153954e-03 1.975000185e-04 4.976688613e-04 4.536314498e-02 1.975000185e-04 1.975000185e-04

