6.853582966e-18 6.853582966e-18 6.853582966e-18 6.853582966e-18 6.853582966e-18 6.853582966e-18
6.853582966e-18 0.000000000e+00 1.556491114e-01 3.720697268e-04 6.853582966e-18 6.853582966e-18
6.853582966e-18 1.476559689e-04 6.637646717e-01 6.853582966e-18 6.853582966e-18 6.853582966e-18
6.853582966e-18 6.853582966e-18 5.462264001e-03 6.580819618e-02 1.042825792e-01 6.853582966e-18
6.853582966e-18 6.853582966e-18 6.853582966e-18 4.513451820e-03 6.853582966e-18 6.853582966e-18
6.853582966e-18 6.853582966e-18 6.853582966e-18 6.853582966e-18 6.853582966e-18 6.853582966e-18

6.266949638e-18 6.266949638e-18 6.266949638e-18 3.402223700e-04 6.266949638e-18 6.266949638e-18
6.266949638e-18 0.000000000e+00 6.266949638e-18 4.888327877e-02 6.266949638e-18 6.266949638e-18
6.266949638e-18 0.000000000e+00 6.266949638e-18 0.000000000e+00 6.266949638e-18 6.266949638e-18
6.266949638e-18 4.961871766e-01 6.266949638e-18 6.266949638e-18 6.266949638e-18 6.266949638e-18
6.266949638e-18 6.266949638e-18 6.266949638e-18 4.545893223e-01 6.266949638e-18 6.266949638e-18
6.266949638e-18 6.266949638e-18 6.266949638e-18 6.266949638e-18 6.266949638e-18 6.266949638e-18

6.592257011e-18 4.492097238e-02 6.592257011e-18 6.592257011e-18 6.592257011e-18 6.592257011e-18
6.592257011e-18 0.000000000e+00 6.592257011e-18 5.072516069e-01 6.592257011e-18 6.592257011e-18
6.592257011e-18 0.000000000e+00 6.592257011e-18 0.000000000e+00 6.592257011e-18 6.592257011e-18
6.592257011e-18 0.000000000e+00 6.592257011e-18 0.000000000e+00 6.592257011e-18 6.592257011e-18
6.592257011e-18 4.175533084e-02 6.592257011e-18 6.592257011e-18 6.592257011e-18 6.592257011e-18
6.592257011e-18 6.592257011e-18 6.592257011e-18 4.060720899e-01 6.592257011e-18 6.592257011e-18

