7.460366605e-18 7.460366605e-18 7.460366605e-18 7.460366605e-18 7.460366605e-18 7.460366605e-18
7.460366605e-18 7.460366605e-18 1.607287262e-04 1.607287262e-04 7.460366605e-18 7.460366605e-18
7.460366605e-18 1.607287262e-04 4.346455054e-01 5.725920394e-02 4.050110108e-04 7.460366605e-18
7.460366605e-18 4.050110108e-04 9.312205736e-03 2.070195924e-01 7.460366605e-18 7.460366605e-18
7.460366605e-18 1.752380869e-03 7.460366605e-18 2.763387897e-01 1.238011370e-02 7.460366605e-18
7.460366605e-18 7.460366605e-18 7.460366605e-18 7.460366605e-18 7.460366605e-18 7.460366605e-18

6.313779454e-18 6.313779454e-18 6.313779454e-18 6.313779454e-18 6.313779454e-18 6.313779454e-18
6.313779454e-18 6.313779454e-18 3.427646836e-04 6.313779454e-18 6.313779454e-18 3.427646836e-04
6.313779454e-18 6.313779454e-18 1.633539463e-01 0.000000000e+00 1.402979283e-01 6.313779454e-18
6.313779454e-18 6.313779454e-18 6.944995878e-01 6.313779454e-18 6.313779454e-18 6.313779454e-18
6.313779454e-18 6.313779454e-18 0.000000000e+00 6.313779454e-18 6.313779454e-18 6.313779454e-18
6.313779454e-18 1.163008119e-03 6.313779454e-18 6.313779454e-18 6.313779454e-18 6.313779454e-18

6.599585106e-18 6.599585106e-18 6.599585106e-18 6.599585106e-18 6.599585106e-18 6.599585106e-18
6.599585106e-18 6.599585106e-18 6.599585106e-18 6.599585106e-18 6.599585106e-18 8.322348838e-02
1.423672087e-01 0.000000000e+00 6.893156578e-01 0.000000000e+00 6.599585106e-18 6.599585106e-18
6.599585106e-18 6.599585106e-18 6.599585106e-18 0.000000000e+00 6.599585106e-18 6.599585106e-18
6.599585106e-18 6.599585106e-18 0.000000000e+00 6.599585106e-18 6.599585106e-18 6.599585106e-18
6.599585106e-18 8.509364508e-02 6.599585106e-18 6.599585106e-18 6.599585106e-18 6.599585106e-18

2.222000438e-02 1.106409257e-17 3.369982220e-02 2.383686484e-04 1.930786052e-02 3.045280228e-02
8.043032955e-03 2.938899710e-02 2.383686484e-04 1.106409257e-17 2.383686484e-04 2.523099555e-02
2.421674516e-02 0.000000000e+00 0.000000000e+00 0.000000000e+00 0.000000000e+00 1.106409257e-17
1.650177987e-02 1.836032077e-02 1.106409257e-17 0.000000000e+00 1.634514829e-01 2.421674516e-02
1.836032077e-02 1.513546573e-03 0.000000000e+00 9.471871758e-02 2.383686484e-04 2.222000438e-02
2.026717305e-02 3.398076202e-01 2.123797626e-02 2.625554413e-02 1.930786052e-02 2.026717305e-02

