6.853582966e-18 6.853582966e-18 6.853582966e-18 6.853582966e-18 6.853582966e-18 6.853582966e-18
6.853582966e-18 0.000000000e+00 1.556491114e-01 3.720697268e-04 6.853582966e-18 6.853582966e-18
6.853582966e-18 1.476559689e-04 6.637646717e-01 6.853582966e-18 6.853582966e-18 6.853582966e-18
6.853582966e-18 6.853582966e-18 5.462264001e-03 6.580819618e-02 1.042825792e-01 6.853582966e-18
6.853582966e-18 6.853582966e-18 6.853582966e-18 4.513451820e-03 6.853582966e-18 6.853582966e-18
6.853582966e-18 6.853582966e-18 6.853582966e-18 6.853582966e-18 6.853582966e-18 6.853582966e-18

1.274071573e-04 1.274071573e-04 1.274071573e-04 1.274071573e-04 1.274071573e-04 1.274071573e-04
1.274071573e-04 0.000000000e+00 1.089315872e-03 1.274071573e-04 5.512587534e-04 1.274071573e-04
1.274071573e-04 1.274071573e-04 0.000000000e+00 0.000000000e+00 1.274071573e-04 1.274071573e-04
1.274071573e-04 1.274071573e-04 1.274071573e-04 2.400758839e-01 7.543950952e-01 1.274071573e-04
1.274071573e-04 1.274071573e-04 1.274071573e-04 1.274071573e-04 3.210459186e-04 1.274071573e-04
1.274071573e-04 1.274071573e-04 1.274071573e-04 1.274071573e-04 1.274071573e-04 1.274071573e-04

3.513058751e-04 6.032172581e-04 1.394158289e-04 3.513058751e-04 8.852353339e-04 6.032172581e-04
3.513058751e-04 0.000000000e+00 2.609969494e-03 1.191988570e-03 3.410638306e-03 1.394158289e-04
1.394158289e-04 0.000000000e+00 0.000000000e+00 0.000000000e+00 0.000000000e+00 3.410638306e-03
8.852353339e-04 7.641254449e-01 8.852353339e-04 2.033268609e-01 6.094115024e-03 3.513058751e-04
3.513058751e-04 3.513058751e-04 1.191988570e-03 2.230653263e-03 2.230653263e-03 6.032172581e-04
6.032172581e-04 8.852353339e-04 6.032172581e-04 3.513058751e-04 6.032172581e-04 1.394158289e-04

