6.468507115e-18 1.393597612e-04 6.468507115e-18 3.409266678e-03 1.393597612e-04 6.468507115e-18
1.393597612e-04 6.468507115e-18 1.393597612e-04 5.208299632e-02 8.848793262e-04 1.393597612e-04
1.393597612e-04 6.468507115e-18 7.750300650e-01 6.468507115e-18 1.458459893e-01 7.565611817e-03
1.393597612e-04 6.468507115e-18 1.866099430e-03 1.073417136e-02 3.511645933e-04 1.393597612e-04
1.393597612e-04 6.468507115e-18 6.468507115e-18 1.393597612e-04 6.468507115e-18 6.468507115e-18
1.393597612e-04 1.393597612e-04 1.393597612e-04 1.393597612e-04 1.393597612e-04 1.393597612e-04

7.683765572e-18 1.415361720e-03 7.683765572e-18 7.162573846e-04 1.655417110e-04 7.683765572e-18
7.683765572e-18 7.683765572e-18 7.683765572e-18 2.225246221e-01 1.275083337e-02 7.683765572e-18
7.683765572e-18 7.683765572e-18 2.634964857e-01 0.000000000e+00 7.683765572e-18 2.469007610e-01
7.683765572e-18 7.683765572e-18 0.000000000e+00 2.496479060e-01 2.216689307e-03 7.683765572e-18
7.683765572e-18 7.683765572e-18 7.683765572e-18 7.683765572e-18 7.683765572e-18 7.683765572e-18
7.683765572e-18 7.683765572e-18 1.655417110e-04 7.683765572e-18 7.683765572e-18 7.683765572e-18

5.486258543e-18 5.486258543e-18 5.486258543e-18 1.181978573e-04 5.486258543e-18 5.486258543e-18
5.486258543e-18 5.486258543e-18 1.181978573e-04 5.114124264e-04 2.891566494e-03 5.486258543e-18
5.486258543e-18 5.486258543e-18 0.000000000e+00 0.000000000e+00 0.000000000e+00 9.204827288e-01
5.486258543e-18 1.181978573e-04 0.000000000e+00 4.142440654e-02 3.409889640e-02 5.486258543e-18
5.486258543e-18 5.486258543e-18 5.486258543e-18 1.181978573e-04 5.486258543e-18 5.486258543e-18
5.486258543e-18 5.486258543e-18 1.181978573e-04 5.486258543e-18 5.486258543e-18 5.486258543e-18

1.603234453e-04 1.603234453e-04 1.603234453e-04 1.641478266e-01 4.039897670e-04 1.603234453e-04
1.603234453e-04 1.603234453e-04 2.146814024e-03 1.603234453e-04 3.670858933e-01 1.747962203e-03
1.603234453e-04 1.603234453e-04 0.000000000e+00 0.000000000e+00 0.000000000e+00 4.276176453e-02
1.603234453e-04 4.105824401e-01 0.000000000e+00 0.000000000e+00 1.747962203e-03 1.603234453e-04
4.039897670e-04 1.603234453e-04 0.000000000e+00 2.146814024e-03 1.603234453e-04 1.603234453e-04
1.603234453e-04 6.936792602e-04 3.001375845e-03 4.039897670e-04 1.603234453e-04 1.603234453e-04

3.609445831e-02 3.609445831e-02 3.609445831e-02 3.609445831e-02 3.609445831e-02 3.609445831e-02
3.609445831e-02 3.609445831e-02 3.609445831e-02 0.000000000e+00 3.609445831e-02 3.609445831e-02
3.609445831e-02 3.609445831e-02 0.000000000e+00 0.000000000e+00 0.000000000e+00 3.609445831e-02
3.609445831e-02 0.000000000e+00 0.000000000e+00 0.000000000e+00 3.476385421e-02 3.609445831e-02
3.609445831e-02 3.609445831e-02 0.000000000e+00 3.609445831e-02 3.609445831e-02 3.476385421e-02
3.476385421e-02 3.476385421e-02 3.476385421e-02 3.476385421e-02 3.476385421e-02 3.476385421e-02

