6.468507115e-18 1.393597612e-04 6.468507115e-18 3.409266678e-03 1.393597612e-04 6.468507115e-18
1.393597612e-04 6.468507115e-18 1.393597612e-04 5.208299632e-02 8.848793262e-04 1.393597612e-04
1.393597612e-04 6.468507115e-18 7.750300650e-01 6.468507115e-18 1.458459893e-01 7.565611817e-03
1.393597612e-04 6.468507115e-18 1.866099430e-03 1.073417136e-02 3.511645933e-04 1.393597612e-04
1.393597612e-04 6.468507115e-18 6.468507115e-18 1.393597612e-04 6.468507115e-18 6.468507115e-18
1.393597612e-04 1.393597612e-04 1.393597612e-04 1.393597612e-04 1.393597612e-04 1.393597612e-04

7.691690887e-18 7.691690887e-18 7.691690887e-18 4.175692249e-04 4.175692249e-04 7.691690887e-18
7.691690887e-18 7.691690887e-18 4.175692249e-04 3.596869235e-01 7.691690887e-18 7.691690887e-18
7.691690887e-18 7.691690887e-18 0.000000000e+00 0.000000000e+00 4.330848231e-02 7.691690887e-18
7.691690887e-18 1.657124567e-04 2.227541421e-01 7.691690887e-18 1.136304920e-01 7.691690887e-18
4.175692249e-04 7.691690887e-18 1.657124567e-04 2.582006891e-01 7.691690887e-18 7.691690887e-18
7.691690887e-18 7.691690887e-18 7.691690887e-18 4.175692249e-04 7.691690887e-18 7.691690887e-18

5.401537626e-18 5.401537626e-18 5.401537626e-18 5.401537626e-18 5.401537626e-18 5.401537626e-18
5.401537626e-18 5.401537626e-18 5.401537626e-18 2.932405778e-04 5.401537626e-18 5.401537626e-18
5.401537626e-18 5.401537626e-18 0.000000000e+00 0.000000000e+00 1.163726004e-04 5.401537626e-18
5.401537626e-18 5.401537626e-18 0.000000000e+00 0.000000000e+00 9.281980844e-01 5.401537626e-18
5.401537626e-18 5.401537626e-18 3.550432163e-02 5.401537626e-18 1.558289433e-03 5.401537626e-18
1.163726004e-04 5.401537626e-18 5.401537626e-18 3.421331878e-02 5.401537626e-18 5.401537626e-18

5.281568501e-18 5.281568501e-18 5.281568501e-18 5.281568501e-18 5.281568501e-18 5.281568501e-18
5.281568501e-18 5.281568501e-18 5.281568501e-18 4.209378020e-03 5.281568501e-18 5.281568501e-18
5.281568501e-18 5.281568501e-18 0.000000000e+00 0.000000000e+00 9.566555706e-01 5.281568501e-18
5.281568501e-18 1.402916691e-02 0.000000000e+00 0.000000000e+00 3.126112322e-03 5.281568501e-18
5.281568501e-18 5.281568501e-18 0.000000000e+00 0.000000000e+00 1.984957595e-02 5.281568501e-18
5.281568501e-18 5.281568501e-18 5.281568501e-18 2.130196154e-03 5.281568501e-18 5.281568501e-18

