7.071057808e-04 4.118091978e-04 4.118091978e-04 6.045669384e-03 2.614825415e-03 7.585590279e-18
1.634265884e-04 4.118091978e-04 7.709378853e-03 2.615809222e-02 4.118091978e-04 1.037694154e-03
6.227470796e-01 4.118091978e-04 0.000000000e+00 7.585590279e-18 1.729848096e-02 1.131369249e-02
7.071057808e-04 1.634265884e-04 3.171956136e-02 2.423929119e-01 2.385915738e-02 7.585590279e-18
7.585590279e-18 7.585590279e-18 1.634265884e-04 1.634265884e-04 7.585590279e-18 7.071057808e-04
4.118091978e-04 4.118091978e-04 1.634265884e-04 1.634265884e-04 7.071057808e-04 4.118091978e-04

1.181290309e-03 4.687953699e-04 3.472970594e-01 1.181290309e-03 2.491192988e-03 1.860415658e-04
8.049551051e-04 5.111146322e-03 3.359306870e-01 0.000000000e+00 4.687953699e-04 1.860415658e-04
2.976665053e-03 1.287928168e-02 0.000000000e+00 0.000000000e+00 1.590633013e-03 2.491192988e-03
1.506936683e-02 8.049551051e-04 1.738303450e-01 5.884257514e-02 2.976665053e-03 4.687953699e-04
4.687953699e-04 1.890064495e-02 8.049551051e-04 1.181290309e-03 4.687953699e-04 4.687953699e-04
8.049551051e-04 6.277412969e-03 8.049551051e-04 8.049551051e-04 1.590633013e-03 1.860415658e-04

1.334525826e-04 1.334525826e-04 1.334525826e-04 9.238652638e-03 1.334525826e-04 1.334525826e-04
1.334525826e-04 5.144612315e-02 0.000000000e+00 0.000000000e+00 1.334525826e-04 1.334525826e-04
2.875148735e-03 6.295404734e-03 0.000000000e+00 0.000000000e+00 3.362794360e-04 3.362794360e-04
3.065229513e-02 0.000000000e+00 1.334525826e-04 8.819939694e-01 1.334525826e-04 1.334525826e-04
1.334525826e-04 8.226666476e-03 1.454996616e-03 1.334525826e-04 1.334525826e-04 3.362794360e-04
1.334525826e-04 1.334525826e-04 3.264754755e-03 1.334525826e-04 1.141003532e-03 1.334525826e-04

3.185968595e-03 7.439036789e-03 3.185968595e-03 5.202067075e-03 1.701837718e-04 4.288362328e-04
1.728959349e-02 2.722940348e-03 0.000000000e+00 0.000000000e+00 0.000000000e+00 9.238996562e-03
5.742339414e-03 6.661341634e-02 0.000000000e+00 0.000000000e+00 7.363424151e-04 1.728959349e-02
4.631104152e-02 0.000000000e+00 0.000000000e+00 7.539072459e-01 1.855466617e-03 2.722940348e-03
4.163338521e-03 2.723964832e-02 4.163338521e-03 7.363424151e-04 4.288362328e-04 3.666498215e-03
4.288362328e-04 3.666498215e-03 2.722940348e-03 2.722940348e-03 4.163338521e-03 1.855466617e-03

