7.312828517e-18 7.312828517e-18 7.312828517e-18 7.312828517e-18 7.312828517e-18 7.312828517e-18
7.312828517e-18 7.312828517e-18 3.375484299e-02 6.816797544e-04 7.312828517e-18 7.312828517e-18
7.312828517e-18 2.083714428e-02 1.222292563e-01 7.312828517e-18 3.970014111e-04 7.312828517e-18
7.312828517e-18 7.312828517e-18 5.795947429e-02 6.740513025e-01 4.806724190e-02 7.312828517e-18
7.312828517e-18 7.312828517e-18 7.312828517e-18 4.202205662e-02 7.312828517e-18 7.312828517e-18
7.312828517e-18 7.312828517e-18 7.312828517e-18 7.312828517e-18 7.312828517e-18 7.312828517e-18

7.469131258e-18 7.469131258e-18 7.469131258e-18 7.469131258e-18 7.469131258e-18 7.469131258e-18
7.469131258e-18 7.469131258e-18 4.033890986e-02 7.469131258e-18 7.469131258e-18 7.469131258e-18
2.574680878e-03 1.038046283e-01 7.469131258e-18 0.000000000e+00 4.506967201e-01 7.469131258e-18
7.469131258e-18 7.469131258e-18 3.260463545e-01 0.000000000e+00 8.735948915e-03 7.469131258e-18
7.469131258e-18 7.469131258e-18 6.780275742e-02 7.469131258e-18 7.469131258e-18 7.469131258e-18
7.469131258e-18 7.469131258e-18 7.469131258e-18 7.469131258e-18 7.469131258e-18 7.469131258e-18

5.765670747e-18 5.765670747e-18 5.765670747e-18 5.765670747e-18 5.765670747e-18 5.765670747e-18
5.765670747e-18 5.765670747e-18 6.626443151e-02 5.765670747e-18 5.765670747e-18 5.765670747e-18
5.765670747e-18 8.434356790e-01 0.000000000e+00 0.000000000e+00 0.000000000e+00 5.765670747e-18
5.765670747e-18 5.765670747e-18 5.765670747e-18 0.000000000e+00 5.765670747e-18 5.765670747e-18
5.765670747e-18 5.765670747e-18 9.029988952e-02 5.765670747e-18 5.765670747e-18 5.765670747e-18
5.765670747e-18 5.765670747e-18 5.765670747e-18 5.765670747e-18 5.765670747e-18 5.765670747e-18

5.564695751e-18 5.564695751e-18 1.198877357e-04 5.564695751e-18 5.564695751e-18 5.564695751e-18
5.564695751e-18 5.564695751e-18 7.333560958e-02 5.564695751e-18 2.244388856e-03 5.564695751e-18
1.750278447e-02 4.435028719e-03 0.000000000e+00 0.000000000e+00 0.000000000e+00 5.564695751e-18
5.564695751e-18 5.564695751e-18 0.000000000e+00 0.000000000e+00 5.564695751e-18 5.564695751e-18
5.564695751e-18 5.564695751e-18 0.000000000e+00 5.564695751e-18 5.564695751e-18 5.564695751e-18
9.022424129e-01 1.198877357e-04 5.564695751e-18 5.564695751e-18 5.564695751e-18 5.564695751e-18

