7.312828517e-18 7.312828517e-18 7.312828517e-18 7.312828517e-18 7.312828517e-18 7.312828517e-18
7.312828517e-18 7.312828517e-18 3.375484299e-02 6.816797544e-04 7.312828517e-18 7.312828517e-18
7.312828517e-18 2.083714428e-02 1.222292563e-01 7.312828517e-18 3.970014111e-04 7.312828517e-18
7.312828517e-18 7.312828517e-18 5.795947429e-02 6.740513025e-01 4.806724190e-02 7.312828517e-18
7.312828517e-18 7.312828517e-18 7.312828517e-18 4.202205662e-02 7.312828517e-18 7.312828517e-18
7.312828517e-18 7.312828517e-18 7.312828517e-18 7.312828517e-18 7.312828517e-18 7.312828517e-18

5.082804924e-18 5.082804924e-18 5.082804924e-18 5.082804924e-18 5.082804924e-18 5.082804924e-18
5.082804924e-18 0.000000000e+00 5.082804924e-18 5.082804924e-18 5.082804924e-18 5.082804924e-18
5.082804924e-18 5.082804924e-18 9.614200127e-01 0.000000000e+00 5.082804924e-18 9.362606722e-04
5.082804924e-18 5.082804924e-18 5.082804924e-18 3.463526061e-02 3.008465970e-03 5.082804924e-18
5.082804924e-18 5.082804924e-18 5.082804924e-18 5.082804924e-18 5.082804924e-18 5.082804924e-18
5.082804924e-18 5.082804924e-18 5.082804924e-18 5.082804924e-18 5.082804924e-18 5.082804924e-18

4.647784847e-18 4.647784847e-18 4.647784847e-18 4.647784847e-18 4.647784847e-18 4.647784847e-18
4.647784847e-18 0.000000000e+00 0.000000000e+00 4.647784847e-18 4.647784847e-18 4.647784847e-18
4.647784847e-18 4.647784847e-18 1.000000000e+00 0.000000000e+00 0.000000000e+00 4.647784847e-18
4.647784847e-18 4.647784847e-18 4.647784847e-18 4.647784847e-18 4.647784847e-18 4.647784847e-18
4.647784847e-18 4.647784847e-18 4.647784847e-18 4.647784847e-18 4.647784847e-18 4.647784847e-18
4.647784847e-18 4.647784847e-18 4.647784847e-18 4.647784847e-18 4.647784847e-18 4.647784847e-18

4.028319565e-03 6.805848139e-18 6.805848139e-18 6.805848139e-18 1.873241266e-02 2.072974994e-02
5.479919203e-02 0.000000000e+00 0.000000000e+00 6.805848139e-18 6.805848139e-18 6.805848139e-18
6.805848139e-18 6.805848139e-18 0.000000000e+00 0.000000000e+00 0.000000000e+00 0.000000000e+00
6.805848139e-18 6.805848139e-18 1.168612695e-01 1.963418932e-03 7.618757500e-01 6.805848139e-18
6.805848139e-18 1.015072923e-02 6.805848139e-18 6.805848139e-18 5.911652507e-03 6.805848139e-18
6.805848139e-18 6.805848139e-18 6.805848139e-18 4.947505684e-03 6.805848139e-18 6.805848139e-18

