7.312828517e-18 7.312828517e-18 7.312828517e-18 7.312828517e-18 7.312828517e-18 7.312828517e-18
7.312828517e-18 7.312828517e-18 3.375484299e-02 6.816797544e-04 7.312828517e-18 7.312828517e-18
7.312828517e-18 2.083714428e-02 1.222292563e-01 7.312828517e-18 3.970014111e-04 7.312828517e-18
7.312828517e-18 7.312828517e-18 5.795947429e-02 6.740513025e-01 4.806724190e-02 7.312828517e-18
7.312828517e-18 7.312828517e-18 7.312828517e-18 4.202205662e-02 7.312828517e-18 7.312828517e-18
7.312828517e-18 7.312828517e-18 7.312828517e-18 7.312828517e-18 7.312828517e-18 7.312828517e-18

8.890566719e-18 8.890566719e-18 8.890566719e-18 8.890566719e-18 0.000000000e+00 2.088323518e-03
8.890566719e-18 8.890566719e-18 9.973129141e-02 8.890566719e-18 8.772223839e-02 8.890566719e-18
8.890566719e-18 6.823616049e-02 1.932265591e-01 0.000000000e+00 8.890566719e-18 8.890566719e-18
8.890566719e-18 8.890566719e-18 8.890566719e-18 3.113503794e-01 1.274357188e-01 8.890566719e-18
8.890566719e-18 7.955116582e-02 8.890566719e-18 3.065816311e-02 8.890566719e-18 8.890566719e-18
8.890566719e-18 8.890566719e-18 8.890566719e-18 8.890566719e-18 8.890566719e-18 8.890566719e-18

5.692946363e-18 5.692946363e-18 5.692946363e-18 5.692946363e-18 0.000000000e+00 2.139564624e-02
5.692946363e-18 5.692946363e-18 5.692946363e-18 5.692946363e-18 5.692946363e-18 5.692946363e-18
5.692946363e-18 5.692946363e-18 5.692946363e-18 0.000000000e+00 5.692946363e-18 5.692946363e-18
5.692946363e-18 5.692946363e-18 0.000000000e+00 5.692946363e-18 0.000000000e+00 5.692946363e-18
5.692946363e-18 1.472913746e-01 5.692946363e-18 8.313129792e-01 5.692946363e-18 5.692946363e-18
5.692946363e-18 5.692946363e-18 5.692946363e-18 5.692946363e-18 5.692946363e-18 5.692946363e-18

6.457141730e-18 6.457141730e-18 6.457141730e-18 6.457141730e-18 0.000000000e+00 1.089070363e-01
6.457141730e-18 6.457141730e-18 4.797227751e-01 6.457141730e-18 0.000000000e+00 6.457141730e-18
6.457141730e-18 0.000000000e+00 6.457141730e-18 0.000000000e+00 6.457141730e-18 6.457141730e-18
6.457141730e-18 6.457141730e-18 0.000000000e+00 6.457141730e-18 0.000000000e+00 6.457141730e-18
6.457141730e-18 4.113701886e-01 6.457141730e-18 6.457141730e-18 6.457141730e-18 6.457141730e-18
6.457141730e-18 6.457141730e-18 6.457141730e-18 6.457141730e-18 6.457141730e-18 6.457141730e-18

