7.312828517e-18 7.312828517e-18 7.312828517e-18 7.312828517e-18 7.312828517e-18 7.312828517e-18
7.312828517e-18 7.312828517e-18 3.375484299e-02 6.816797544e-04 7.312828517e-18 7.312828517e-18
7.312828517e-18 2.083714428e-02 1.222292563e-01 7.312828517e-18 3.970014111e-04 7.312828517e-18
7.312828517e-18 7.312828517e-18 5.795947429e-02 6.740513025e-01 4.806724190e-02 7.312828517e-18
7.312828517e-18 7.312828517e-18 7.312828517e-18 4.202205662e-02 7.312828517e-18 7.312828517e-18
7.312828517e-18 7.312828517e-18 7.312828517e-18 7.312828517e-18 7.312828517e-18 7.312828517e-18

6.727009954e-18 6.727009954e-18 6.727009954e-18 6.727009954e-18 6.727009954e-18 6.727009954e-18
6.727009954e-18 6.727009954e-18 6.727009954e-18 1.878280307e-01 6.727009954e-18 6.727009954e-18
6.727009954e-18 6.727009954e-18 3.547543495e-01 0.000000000e+00 6.727009954e-18 6.727009954e-18
6.727009954e-18 6.727009954e-18 6.727009954e-18 6.727009954e-18 6.727009954e-18 6.727009954e-18
6.727009954e-18 0.000000000e+00 6.727009954e-18 4.500697710e-01 6.727009954e-18 6.727009954e-18
6.727009954e-18 6.727009954e-18 6.727009954e-18 7.347848697e-03 6.727009954e-18 6.727009954e-18

5.840935684e-18 0.000000000e+00 5.840935684e-18 4.288073647e-01 5.840935684e-18 5.840935684e-18
5.840935684e-18 5.840935684e-18 5.840935684e-18 5.840935684e-18 5.840935684e-18 5.840935684e-18
5.840935684e-18 5.840935684e-18 5.840935684e-18 0.000000000e+00 5.840935684e-18 5.840935684e-18
5.840935684e-18 5.840935684e-18 5.840935684e-18 0.000000000e+00 5.840935684e-18 5.840935684e-18
5.840935684e-18 0.000000000e+00 5.840935684e-18 5.711926353e-01 5.840935684e-18 5.840935684e-18
5.840935684e-18 5.840935684e-18 5.840935684e-18 5.840935684e-18 5.840935684e-18 5.840935684e-18

4.647784847e-18 0.000000000e+00 4.647784847e-18 0.000000000e+00 4.647784847e-18 4.647784847e-18
4.647784847e-18 4.647784847e-18 4.647784847e-18 0.000000000e+00 4.647784847e-18 4.647784847e-18
4.647784847e-18 4.647784847e-18 4.647784847e-18 0.000000000e+00 4.647784847e-18 4.647784847e-18
4.647784847e-18 4.647784847e-18 4.647784847e-18 0.000000000e+00 4.647784847e-18 4.647784847e-18
4.647784847e-18 0.000000000e+00 4.647784847e-18 4.647784847e-18 4.647784847e-18 4.647784847e-18
4.647784847e-18 4.647784847e-18 4.647784847e-18 1.000000000e+00 4.647784847e-18 4.647784847e-18

