7.312828517e-18 7.312828517e-18 7.312828517e-18 7.312828517e-18 7.312828517e-18 7.312828517e-18
7.312828517e-18 7.312828517e-18 3.375484299e-02 6.816797544e-04 7.312828517e-18 7.312828517e-18
7.312828517e-18 2.083714428e-02 1.222292563e-01 7.312828517e-18 3.970014111e-04 7.312828517e-18
7.312828517e-18 7.312828517e-18 5.795947429e-02 6.740513025e-01 4.806724190e-02 7.312828517e-18
7.312828517e-18 7.312828517e-18 7.312828517e-18 4.202205662e-02 7.312828517e-18 7.312828517e-18
7.312828517e-18 7.312828517e-18 7.312828517e-18 7.312828517e-18 7.312828517e-18 7.312828517e-18

6.564943683e-18 6.564943683e-18 6.564943683e-18 6.564943683e-18 6.564943683e-18 6.564943683e-18
6.564943683e-18 6.564943683e-18 6.564943683e-18 6.564943683e-18 6.564943683e-18 6.564943683e-18
6.564943683e-18 2.262998785e-03 5.808368458e-01 0.000000000e+00 6.564943683e-18 6.672076416e-03
6.564943683e-18 6.564943683e-18 0.000000000e+00 3.199357685e-01 8.839839006e-02 6.564943683e-18
6.564943683e-18 6.564943683e-18 6.564943683e-18 1.893920413e-03 6.564943683e-18 6.564943683e-18
6.564943683e-18 6.564943683e-18 6.564943683e-18 6.564943683e-18 6.564943683e-18 6.564943683e-18

8.286928543e-18 1.785364633e-04 8.286928543e-18 8.286928543e-18 8.286928543e-18 8.286928543e-18
8.286928543e-18 8.286928543e-18 6.604631721e-03 8.286928543e-18 1.151702263e-01 8.286928543e-18
8.286928543e-18 8.286928543e-18 2.574431875e-01 0.000000000e+00 0.000000000e+00 3.411332493e-01
1.151702263e-01 0.000000000e+00 0.000000000e+00 5.848545787e-02 8.286928543e-18 8.286928543e-18
8.286928543e-18 8.286928543e-18 8.286928543e-18 1.785364633e-04 1.033323415e-01 1.785364633e-04
8.286928543e-18 8.286928543e-18 1.785364633e-04 8.286928543e-18 1.946533704e-03 8.286928543e-18

5.153722760e-18 5.153722760e-18 5.153722760e-18 5.153722760e-18 1.222999488e-02 5.153722760e-18
5.153722760e-18 5.153722760e-18 1.110335910e-04 5.153722760e-18 5.153722760e-18 5.153722760e-18
5.153722760e-18 5.153722760e-18 1.110335910e-04 0.000000000e+00 0.000000000e+00 9.633866888e-01
2.099977398e-02 0.000000000e+00 0.000000000e+00 0.000000000e+00 0.000000000e+00 5.153722760e-18
5.153722760e-18 5.153722760e-18 5.153722760e-18 5.153722760e-18 3.050441592e-03 5.153722760e-18
5.153722760e-18 5.153722760e-18 5.153722760e-18 5.153722760e-18 1.110335910e-04 5.153722760e-18

