1.872311106e-04 1.872311106e-04 1.872311106e-04 1.872311106e-04 1.872311106e-04 1.872311106e-04
1.872311106e-04 1.154183659e-02 2.160718882e-01 3.059300783e-01 9.492548280e-03 1.872311106e-04
1.872311106e-04 4.717928349e-04 2.808023492e-01 6.317550579e-03 1.145297102e-01 1.872311106e-04
1.872311106e-04 9.492548280e-03 6.926274385e-03 0.000000000e+00 2.143558823e-02 1.872311106e-04
4.717928349e-04 1.872311106e-04 3.505107639e-03 8.101019664e-04 1.872311106e-04 6.317550579e-03
1.872311106e-04 1.872311106e-04 1.872311106e-04 4.717928349e-04 2.041329040e-03 1.872311106e-04

1.235596741e-04 1.235596741e-04 1.235596741e-04 1.235596741e-04 0.000000000e+00 1.235596741e-04
1.235596741e-04 1.235596741e-04 4.169149498e-03 1.235596741e-04 3.429430224e-02 1.235596741e-04
1.235596741e-04 1.235596741e-04 3.113508687e-04 1.056420353e-03 9.344826154e-01 1.235596741e-04
1.976954786e-03 1.050559842e-02 0.000000000e+00 0.000000000e+00 1.235596741e-04 3.113508687e-04
1.654528075e-03 1.235596741e-04 1.235596741e-04 5.346116607e-04 7.845550266e-04 4.570865403e-03
1.235596741e-04 1.235596741e-04 2.313130314e-03 3.113508687e-04 3.113508687e-04 3.113508687e-04

1.483804803e-04 1.483804803e-04 8.055331793e-03 6.420050518e-04 0.000000000e+00 1.483804803e-04
1.483804803e-04 1.483804803e-04 4.526966208e-02 9.421573220e-04 6.420050518e-04 1.268635261e-03
5.006652934e-03 1.483804803e-04 2.097757334e-02 8.596780382e-03 0.000000000e+00 9.421573220e-04
5.006652934e-03 8.320385471e-01 0.000000000e+00 0.000000000e+00 0.000000000e+00 9.421573220e-04
4.076477978e-03 6.420050518e-04 1.483804803e-04 4.118338022e-02 1.268635261e-03 1.895635797e-02
1.483804803e-04 1.483804803e-04 6.420050518e-04 1.268635261e-03 1.483804803e-04 1.483804803e-04

9.298546338e-04 2.877734831e-03 1.013794802e-02 4.630061077e-03 0.000000000e+00 5.415352288e-04
9.298546338e-04 2.343086853e-03 9.975164202e-02 6.437195741e-02 6.569180420e-03 7.251437380e-03
5.257471982e-03 2.877734831e-03 1.166702283e-02 6.199891749e-02 0.000000000e+00 1.166702283e-02
4.630061077e-03 0.000000000e+00 0.000000000e+00 0.000000000e+00 0.000000000e+00 2.877734831e-03
3.384595180e-01 5.160516449e-02 0.000000000e+00 2.614626632e-01 6.569180420e-03 1.740758023e-02
5.415352288e-04 2.877734831e-03 7.251437380e-03 4.023247338e-03 7.950145289e-03 5.415352288e-04

3.832629941e-02 3.698745002e-02 3.698745002e-02 3.698745002e-02 0.000000000e+00 3.698745002e-02
3.698745002e-02 3.698745002e-02 3.698745002e-02 3.698745002e-02 3.698745002e-02 3.698745002e-02
3.698745002e-02 3.698745002e-02 0.000000000e+00 3.698745002e-02 0.000000000e+00 3.698745002e-02
0.000000000e+00 0.000000000e+00 0.000000000e+00 0.000000000e+00 0.000000000e+00 3.698745002e-02
3.698745002e-02 3.698745002e-02 0.000000000e+00 3.698745002e-02 3.698745002e-02 3.698745002e-02
3.698745002e-02 3.698745002e-02 3.698745002e-02 3.698745002e-02 3.698745002e-02 3.698745002e-02

4.000000000e-02 4.000000000e-02 4.000000000e-02 4.000000000e-02 0.000000000e+00 4.000000000e-02
4.000000000e-02 4.000000000e-02 4.000000000e-02 4.000000000e-02 4.000000000e-02 4.000000000e-02
4.000000000e-02 4.000000000e-02 0.000000000e+00 4.000000000e-02 0.000000000e+00 4.000000000e-02
0.000000000e+00 0.000000000e+00 0.000000000e+00 0.000000000e+00 0.000000000e+00 4.000000000e-02
4.000000000e-02 4.000000000e-02 0.000000000e+00 0.000000000e+00 0.000000000e+00 4.000000000e-02
4.000000000e-02 4.000000000e-02 4.000000000e-02 4.000000000e-02 4.000000000e-02 4.000000000e-02

4.417400516e-02 4.417400516e-02 4.284049527e-02 4.417400516e-02 0.000000000e+00 4.417400516e-02
4.417400516e-02 4.417400516e-02 0.000000000e+00 4.417400516e-02 4.417400516e-02 4.417400516e-02
4.417400516e-02 4.417400516e-02 0.000000000e+00 0.000000000e+00 0.000000000e+00 4.284049527e-02
0.000000000e+00 0.000000000e+00 0.000000000e+00 0.000000000e+00 0.000000000e+00 4.284049527e-02
4.284049527e-02 4.284049527e-02 0.000000000e+00 0.000000000e+00 0.000000000e+00 4.284049527e-02
4.284049527e-02 4.284049527e-02 4.284049527e-02 4.284049527e-02 4.284049527e-02 4.284049527e-02

4.812654667e-02 4.812654667e-02 0.000000000e+00 4.679436166e-02 0.000000000e+00 4.812654667e-02
4.812654667e-02 4.812654667e-02 0.000000000e+00 4.812654667e-02 4.812654667e-02 4.812654667e-02
4.812654667e-02 4.812654667e-02 0.000000000e+00 0.000000000e+00 0.000000000e+00 4.812654667e-02
0.000000000e+00 0.000000000e+00 0.000000000e+00 0.000000000e+00 0.000000000e+00 4.812654667e-02
4.812654667e-02 4.679436166e-02 0.000000000e+00 0.000000000e+00 0.000000000e+00 4.679436166e-02
4.679436166e-02 4.679436166e-02 4.679436166e-02 0.000000000e+00 4.679436166e-02 4.679436166e-02

5.312238650e-02 5.312238650e-02 0.000000000e+00 0.000000000e+00 0.000000000e+00 5.179019457e-02
5.312238650e-02 5.312238650e-02 0.000000000e+00 5.312238650e-02 5.312238650e-02 5.312238650e-02
5.312238650e-02 5.312238650e-02 0.000000000e+00 0.000000000e+00 0.000000000e+00 5.312238650e-02
0.000000000e+00 0.000000000e+00 0.000000000e+00 0.000000000e+00 0.000000000e+00 5.312238650e-02
5.312238650e-02 5.179019457e-02 0.000000000e+00 0.000000000e+00 0.000000000e+00 5.179019457e-02
5.179019457e-02 5.179019457e-02 5.179019457e-02 0.000000000e+00 5.179019457e-02 0.000000000e+00

