6.518960590e-18 6.518960590e-18 6.518960590e-18 6.518960590e-18 6.518960590e-18 6.518960590e-18
6.518960590e-18 6.518960590e-18 6.191198223e-01 1.404467484e-04 3.539036294e-04 6.518960590e-18
6.518960590e-18 1.404467484e-04 0.000000000e+00 6.518960590e-18 1.404467484e-04 6.518960590e-18
6.518960590e-18 3.539036294e-04 2.808061445e-01 6.625342929e-03 9.154429883e-02 6.518960590e-18
6.518960590e-18 1.404467484e-04 1.404467484e-04 3.539036294e-04 1.404467484e-04 6.518960590e-18
6.518960590e-18 6.518960590e-18 6.518960590e-18 6.518960590e-18 6.518960590e-18 6.518960590e-18

1.519508970e-04 1.519508970e-04 1.519508970e-04 1.519508970e-04 1.519508970e-04 1.519508970e-04
1.519508970e-04 1.519508970e-04 3.381400520e-01 2.431214352e-03 3.828922674e-04 1.519508970e-04
1.519508970e-04 3.273682837e-03 0.000000000e+00 0.000000000e+00 1.519508970e-04 1.519508970e-04
1.519508970e-04 1.941249680e-02 5.193338520e-01 0.000000000e+00 1.125695839e-01 1.519508970e-04
1.519508970e-04 1.519508970e-04 1.519508970e-04 1.519508970e-04 6.574533478e-04 1.519508970e-04
1.519508970e-04 1.519508970e-04 1.519508970e-04 1.519508970e-04 1.519508970e-04 1.519508970e-04

1.161635059e-04 5.391832316e-18 5.391832316e-18 5.026102992e-04 5.391832316e-18 5.391832316e-18
2.927136925e-04 0.000000000e+00 8.124343088e-02 5.391832316e-18 5.026102992e-04 1.161635059e-04
1.161635059e-04 5.391832316e-18 0.000000000e+00 0.000000000e+00 5.391832316e-18 5.391832316e-18
1.161635059e-04 0.000000000e+00 9.148391617e-01 0.000000000e+00 9.931840045e-04 1.161635059e-04
1.161635059e-04 1.161635059e-04 5.391832316e-18 1.161635059e-04 1.161635059e-04 5.391832316e-18
1.161635059e-04 1.161635059e-04 1.161635059e-04 1.161635059e-04 5.391832316e-18 1.161635059e-04

3.517249117e-02 3.517249117e-02 3.517249117e-02 3.517249117e-02 3.517249117e-02 3.517249117e-02
3.517249117e-02 0.000000000e+00 3.517249117e-02 0.000000000e+00 3.517249117e-02 3.517249117e-02
3.517249117e-02 3.517249117e-02 0.000000000e+00 0.000000000e+00 3.383900824e-02 3.517249117e-02
3.517249117e-02 0.000000000e+00 0.000000000e+00 0.000000000e+00 3.383900824e-02 3.383900824e-02
3.383900824e-02 3.383900824e-02 3.383900824e-02 3.383900824e-02 3.383900824e-02 3.383900824e-02
3.383900824e-02 3.383900824e-02 3.383900824e-02 3.383900824e-02 3.383900824e-02 3.383900824e-02

