1.100005706e-17 5.443325271e-02 1.100005706e-17 6.836896278e-02 1.100005706e-17 1.100005706e-17
1.100005706e-17 1.100005706e-17 1.100005706e-17 7.495661327e-02 5.971749734e-04 1.504786639e-03
1.100005706e-17 1.100005706e-17 9.417051528e-02 1.100005706e-17 6.706980736e-02 2.026227835e-03
6.449034123e-02 1.100005706e-17 5.320661083e-02 1.173943882e-01 0.000000000e+00 1.100005706e-17
1.100005706e-17 1.100005706e-17 1.100005706e-17 2.369890452e-04 7.244127314e-03 2.817074110e-02
1.100005706e-17 6.577691309e-02 6.836896278e-02 1.070770437e-01 1.249065419e-01 1.100005706e-17

6.618986732e-18 6.618986732e-18 6.618986732e-18 6.618986732e-18 6.618986732e-18 6.618986732e-18
6.618986732e-18 6.618986732e-18 2.257822548e-01 8.261975514e-03 6.618986732e-18 6.618986732e-18
6.618986732e-18 3.726856344e-02 6.618986732e-18 0.000000000e+00 2.281627941e-03 6.618986732e-18
6.618986732e-18 6.618986732e-18 5.246027449e-02 6.739453038e-01 0.000000000e+00 6.618986732e-18
6.618986732e-18 6.618986732e-18 6.618986732e-18 6.618986732e-18 0.000000000e+00 6.618986732e-18
6.618986732e-18 6.618986732e-18 6.618986732e-18 6.618986732e-18 6.618986732e-18 6.618986732e-18

2.762232139e-03 3.231941843e-03 1.096192551e-03 3.231941843e-03 3.231941843e-03 3.231941843e-03
2.311732496e-03 4.742949705e-03 2.762491092e-01 4.223415131e-03 1.726395087e-04 2.311732496e-03
4.223415131e-03 1.726395087e-04 0.000000000e+00 0.000000000e+00 2.283282601e-02 4.350243020e-04
1.882240838e-03 4.223415131e-03 5.988592624e-01 0.000000000e+00 0.000000000e+00 2.052155152e-02
3.231941843e-03 2.311732496e-03 1.726395087e-04 1.476047036e-03 0.000000000e+00 2.762232139e-03
2.762232139e-03 3.231941843e-03 3.231941843e-03 1.064233925e-02 1.476047036e-03 8.752759441e-03

