7.312828517e-18 7.312828517e-18 7.312828517e-18 7.312828517e-18 7.312828517e-18 7.312828517e-18
7.312828517e-18 7.312828517e-18 3.375484299e-02 6.816797544e-04 7.312828517e-18 7.312828517e-18
7.312828517e-18 2.083714428e-02 1.222292563e-01 7.312828517e-18 3.970014111e-04 7.312828517e-18
7.312828517e-18 7.312828517e-18 5.795947429e-02 6.740513025e-01 4.806724190e-02 7.312828517e-18
7.312828517e-18 7.312828517e-18 7.312828517e-18 4.202205662e-02 7.312828517e-18 7.312828517e-18
7.312828517e-18 7.312828517e-18 7.312828517e-18 7.312828517e-18 7.312828517e-18 7.312828517e-18

6.727009954e-18 6.727009954e-18 6.727009954e-18 6.727009954e-18 6.727009954e-18 6.727009954e-18
6.727009954e-18 6.727009954e-18 6.727009954e-18 1.878280307e-01 6.727009954e-18 6.727009954e-18
6.727009954e-18 6.727009954e-18 3.547543495e-01 0.000000000e+00 6.727009954e-18 6.727009954e-18
6.727009954e-18 6.727009954e-18 6.727009954e-18 6.727009954e-18 6.727009954e-18 6.727009954e-18
6.727009954e-18 0.000000000e+00 6.727009954e-18 4.500697710e-01 6.727009954e-18 6.727009954e-18
6.727009954e-18 6.727009954e-18 6.727009954e-18 7.347848697e-03 6.727009954e-18 6.727009954e-18

5.746609817e-18 5.746609817e-18 5.746609817e-18 6.899611911e-01 5.746609817e-18 5.746609817e-18
5.746609817e-18 5.746609817e-18 5.746609817e-18 5.746609817e-18 5.746609817e-18 5.746609817e-18
5.746609817e-18 5.746609817e-18 5.746609817e-18 0.000000000e+00 5.746609817e-18 5.746609817e-18
5.746609817e-18 5.746609817e-18 5.746609817e-18 0.000000000e+00 5.746609817e-18 5.746609817e-18
5.746609817e-18 0.000000000e+00 3.100388089e-01 0.000000000e+00 5.746609817e-18 5.746609817e-18
5.746609817e-18 5.746609817e-18 5.746609817e-18 5.746609817e-18 5.746609817e-18 5.746609817e-18

6.051659094e-18 6.051659094e-18 6.051659094e-18 0.000000000e+00 6.051659094e-18 6.051659094e-18
6.051659094e-18 1.303790429e-04 2.401602503e-02 0.000000000e+00 6.051659094e-18 3.985341958e-03
2.440794041e-03 1.843258580e-02 2.727039160e-02 0.000000000e+00 8.915894260e-01 6.051659094e-18
6.051659094e-18 2.086064686e-03 1.161640608e-02 0.000000000e+00 6.051659094e-18 6.051659094e-18
6.051659094e-18 0.000000000e+00 6.051659094e-18 0.000000000e+00 6.051659094e-18 6.051659094e-18
6.051659094e-18 1.843258580e-02 6.051659094e-18 6.051659094e-18 6.051659094e-18 6.051659094e-18

4.786491467e-18 4.786491467e-18 4.786491467e-18 0.000000000e+00 4.786491467e-18 4.786491467e-18
4.786491467e-18 4.786491467e-18 3.152161247e-03 0.000000000e+00 4.786491467e-18 4.786491467e-18
6.547828222e-04 0.000000000e+00 4.786491467e-18 0.000000000e+00 9.942625374e-01 4.786491467e-18
4.786491467e-18 4.786491467e-18 1.930518502e-03 0.000000000e+00 4.786491467e-18 4.786491467e-18
4.786491467e-18 0.000000000e+00 0.000000000e+00 0.000000000e+00 4.786491467e-18 4.786491467e-18
4.786491467e-18 4.786491467e-18 4.786491467e-18 4.786491467e-18 4.786491467e-18 4.786491467e-18

6.145280987e-18 6.145280987e-18 6.145280987e-18 0.000000000e+00 6.145280987e-18 1.443477701e-03
6.145280987e-18 6.145280987e-18 6.309698987e-02 0.000000000e+00 6.145280987e-18 1.497112928e-01
1.443477701e-03 0.000000000e+00 6.145280987e-18 0.000000000e+00 7.792930017e-01 6.145280987e-18
6.145280987e-18 6.145280987e-18 3.238908349e-03 0.000000000e+00 6.145280987e-18 6.145280987e-18
6.145280987e-18 0.000000000e+00 0.000000000e+00 0.000000000e+00 6.145280987e-18 6.145280987e-18
6.145280987e-18 0.000000000e+00 6.145280987e-18 1.772851934e-03 6.145280987e-18 0.000000000e+00

5.673159106e-18 5.673159106e-18 5.673159106e-18 0.000000000e+00 5.673159106e-18 1.045004842e-03
5.673159106e-18 1.190256483e-02 8.800581395e-02 0.000000000e+00 0.000000000e+00 1.039207659e-02
1.636649506e-03 0.000000000e+00 5.673159106e-18 0.000000000e+00 8.865876793e-01 5.673159106e-18
5.673159106e-18 0.000000000e+00 5.673159106e-18 0.000000000e+00 5.673159106e-18 5.673159106e-18
5.673159106e-18 0.000000000e+00 0.000000000e+00 0.000000000e+00 5.673159106e-18 5.673159106e-18
5.673159106e-18 0.000000000e+00 1.222245078e-04 3.079864604e-04 5.673159106e-18 0.000000000e+00

