4.797614235e-04 1.318551270e-01 1.208923033e-03 7.004186663e-02 1.854104702e-02 8.837280979e-18
8.837280979e-18 0.000000000e+00 8.837280979e-18 2.316371915e-01 8.837280979e-18 4.797614235e-04
1.618810597e-02 2.347402858e-02 3.587622241e-01 1.228189244e-01 8.837280979e-18 4.797614235e-04
4.797614235e-04 8.837280979e-18 4.101902471e-03 4.797614235e-04 8.837280979e-18 1.033614654e-02
7.676182775e-03 8.837280979e-18 8.837280979e-18 8.837280979e-18 8.837280979e-18 4.797614235e-04
8.837280979e-18 8.837280979e-18 8.837280979e-18 4.797614235e-04 8.837280979e-18 8.837280979e-18

3.494933488e-04 8.806680538e-04 1.185838628e-03 3.393041470e-03 1.185838628e-03 1.386965274e-04
1.386965274e-04 0.000000000e+00 0.000000000e+00 3.925223363e-02 1.386965274e-04 1.185838628e-03
4.239585426e-03 8.801534355e-01 0.000000000e+00 3.185675995e-02 2.219144438e-03 1.386965274e-04
1.386965274e-04 6.001050210e-04 8.035717253e-03 6.001050210e-04 1.235747057e-02 6.001050210e-04
2.988126099e-03 1.386965274e-04 6.001050210e-04 4.679897075e-03 3.494933488e-04 8.806680538e-04
1.386965274e-04 1.386965274e-04 1.386965274e-04 8.806680538e-04 1.386965274e-04 1.386965274e-04

1.293111221e-04 5.594967308e-04 1.293111221e-04 2.131308527e-02 1.409843417e-03 1.293111221e-04
1.293111221e-04 0.000000000e+00 0.000000000e+00 9.047275053e-01 3.258436094e-04 1.293111221e-04
1.047420089e-02 0.000000000e+00 0.000000000e+00 3.258436094e-04 3.952698450e-03 1.293111221e-04
1.293111221e-04 2.785923672e-03 4.309517850e-02 0.000000000e+00 5.213497751e-03 1.293111221e-04
3.258436094e-04 1.293111221e-04 1.293111221e-04 3.163438971e-03 1.293111221e-04 1.293111221e-04
1.293111221e-04 1.293111221e-04 1.293111221e-04 1.293111221e-04 1.293111221e-04 1.293111221e-04

