7.312828517e-18 7.312828517e-18 7.312828517e-18 7.312828517e-18 7.312828517e-18 7.312828517e-18
7.312828517e-18 7.312828517e-18 3.375484299e-02 6.816797544e-04 7.312828517e-18 7.312828517e-18
7.312828517e-18 2.083714428e-02 1.222292563e-01 7.312828517e-18 3.970014111e-04 7.312828517e-18
7.312828517e-18 7.312828517e-18 5.795947429e-02 6.740513025e-01 4.806724190e-02 7.312828517e-18
7.312828517e-18 7.312828517e-18 7.312828517e-18 4.202205662e-02 7.312828517e-18 7.312828517e-18
7.312828517e-18 7.312828517e-18 7.312828517e-18 7.312828517e-18 7.312828517e-18 7.312828517e-18

5.831428306e-18 5.831428306e-18 5.831428306e-18 5.831428306e-18 5.831428306e-18 5.831428306e-18
5.831428306e-18 5.831428306e-18 5.831428306e-18 4.090200846e-01 5.831428306e-18 5.831428306e-18
5.831428306e-18 5.831428306e-18 5.831428306e-18 0.000000000e+00 5.831428306e-18 5.831428306e-18
5.831428306e-18 5.831428306e-18 5.831428306e-18 5.831428306e-18 5.831428306e-18 5.831428306e-18
5.831428306e-18 5.831428306e-18 5.831428306e-18 5.909799154e-01 5.831428306e-18 5.831428306e-18
5.831428306e-18 5.831428306e-18 5.831428306e-18 5.831428306e-18 0.000000000e+00 5.831428306e-18

1.065045177e-17 1.065045177e-17 1.065045177e-17 7.778051571e-02 1.065045177e-17 1.065045177e-17
1.065045177e-17 1.065045177e-17 1.961829989e-03 1.238773939e-01 5.270324776e-02 1.065045177e-17
1.065045177e-17 3.243992481e-02 2.177857754e-01 0.000000000e+00 1.065045177e-17 6.244070054e-02
7.778051571e-02 1.008624873e-01 1.065045177e-17 0.000000000e+00 8.174348825e-02 1.245684396e-02
1.065045177e-17 2.428771267e-02 7.013893486e-03 0.000000000e+00 4.002730463e-02 1.065045177e-17
7.742337118e-03 1.065045177e-17 7.909602880e-02 1.065045177e-17 0.000000000e+00 1.065045177e-17

6.932312160e-18 6.932312160e-18 6.932312160e-18 1.645066026e-02 6.932312160e-18 6.932312160e-18
6.932312160e-18 6.932312160e-18 6.932312160e-18 6.932312160e-18 9.768965113e-03 6.932312160e-18
6.932312160e-18 6.932312160e-18 6.932312160e-18 0.000000000e+00 6.932312160e-18 6.932312160e-18
3.217694271e-03 2.390533288e-02 0.000000000e+00 0.000000000e+00 4.832306807e-01 1.999902534e-03
6.932312160e-18 6.932312160e-18 0.000000000e+00 0.000000000e+00 3.586338050e-02 6.932312160e-18
4.255633837e-01 6.932312160e-18 6.932312160e-18 6.932312160e-18 0.000000000e+00 6.932312160e-18

5.082315592e-18 5.082315592e-18 2.759105395e-04 4.737580864e-04 5.082315592e-18 2.759105395e-04
5.082315592e-18 5.082315592e-18 5.082315592e-18 5.082315592e-18 5.944312376e-03 5.082315592e-18
2.759105395e-04 5.082315592e-18 5.082315592e-18 0.000000000e+00 2.759105395e-04 2.759105395e-04
6.952509932e-04 2.759105395e-04 0.000000000e+00 0.000000000e+00 9.797427670e-01 2.759105395e-04
5.082315592e-18 0.000000000e+00 0.000000000e+00 0.000000000e+00 0.000000000e+00 4.050574661e-03
7.161963074e-03 5.082315592e-18 5.082315592e-18 5.082315592e-18 0.000000000e+00 5.082315592e-18

