6.468507115e-18 1.393597612e-04 6.468507115e-18 3.409266678e-03 1.393597612e-04 6.468507115e-18
1.393597612e-04 6.468507115e-18 1.393597612e-04 5.208299632e-02 8.848793262e-04 1.393597612e-04
1.393597612e-04 6.468507115e-18 7.750300650e-01 6.468507115e-18 1.458459893e-01 7.565611817e-03
1.393597612e-04 6.468507115e-18 1.866099430e-03 1.073417136e-02 3.511645933e-04 1.393597612e-04
1.393597612e-04 6.468507115e-18 6.468507115e-18 1.393597612e-04 6.468507115e-18 6.468507115e-18
1.393597612e-04 1.393597612e-04 1.393597612e-04 1.393597612e-04 1.393597612e-04 1.393597612e-04

8.327979014e-18 8.327979014e-18 8.327979014e-18 4.521122589e-04 8.327979014e-18 8.327979014e-18
8.327979014e-18 8.327979014e-18 8.327979014e-18 1.946056123e-01 8.327979014e-18 8.327979014e-18
8.327979014e-18 8.327979014e-18 1.455451504e-01 0.000000000e+00 3.053988898e-01 8.327979014e-18
8.327979014e-18 8.327979014e-18 5.877517384e-02 8.327979014e-18 1.455451504e-01 8.327979014e-18
4.521122589e-04 8.327979014e-18 8.327979014e-18 1.468232602e-01 8.327979014e-18 8.327979014e-18
8.327979014e-18 8.327979014e-18 8.327979014e-18 2.402538424e-03 0.000000000e+00 8.327979014e-18

5.250356157e-18 5.250356157e-18 5.250356157e-18 5.250356157e-18 5.250356157e-18 5.250356157e-18
5.250356157e-18 5.250356157e-18 5.250356157e-18 5.250356157e-18 5.250356157e-18 5.250356157e-18
5.250356157e-18 5.250356157e-18 9.524465174e-01 0.000000000e+00 5.250356157e-18 5.250356157e-18
5.250356157e-18 2.251938837e-02 5.250356157e-18 0.000000000e+00 5.734913863e-03 5.250356157e-18
5.250356157e-18 5.250356157e-18 1.918606487e-02 0.000000000e+00 5.250356157e-18 5.250356157e-18
5.250356157e-18 5.250356157e-18 1.131154944e-04 5.250356157e-18 0.000000000e+00 5.250356157e-18

6.283783993e-18 6.283783993e-18 6.283783993e-18 6.283783993e-18 6.283783993e-18 6.283783993e-18
6.283783993e-18 6.283783993e-18 6.283783993e-18 6.283783993e-18 6.283783993e-18 6.283783993e-18
6.283783993e-18 6.283783993e-18 5.031496612e-01 0.000000000e+00 6.283783993e-18 6.283783993e-18
6.283783993e-18 4.421126181e-01 0.000000000e+00 0.000000000e+00 5.460234067e-02 6.283783993e-18
6.283783993e-18 6.283783993e-18 0.000000000e+00 0.000000000e+00 6.283783993e-18 6.283783993e-18
6.283783993e-18 1.353800222e-04 6.283783993e-18 6.283783993e-18 0.000000000e+00 6.283783993e-18

4.973859456e-18 4.973859456e-18 4.973859456e-18 4.973859456e-18 4.973859456e-18 4.973859456e-18
4.973859456e-18 4.973859456e-18 4.973859456e-18 4.973859456e-18 4.973859456e-18 4.973859456e-18
4.973859456e-18 4.973859456e-18 1.714536857e-03 0.000000000e+00 4.973859456e-18 4.973859456e-18
6.804144026e-04 8.253876634e-03 0.000000000e+00 0.000000000e+00 9.825310804e-01 4.973859456e-18
1.071585536e-04 0.000000000e+00 0.000000000e+00 0.000000000e+00 0.000000000e+00 4.973859456e-18
4.973859456e-18 6.605774597e-03 4.973859456e-18 1.071585536e-04 0.000000000e+00 4.973859456e-18

