7.312828517e-18 7.312828517e-18 7.312828517e-18 7.312828517e-18 7.312828517e-18 7.312828517e-18
7.312828517e-18 7.312828517e-18 3.375484299e-02 6.816797544e-04 7.312828517e-18 7.312828517e-18
7.312828517e-18 2.083714428e-02 1.222292563e-01 7.312828517e-18 3.970014111e-04 7.312828517e-18
7.312828517e-18 7.312828517e-18 5.795947429e-02 6.740513025e-01 4.806724190e-02 7.312828517e-18
7.312828517e-18 7.312828517e-18 7.312828517e-18 4.202205662e-02 7.312828517e-18 7.312828517e-18
7.312828517e-18 7.312828517e-18 7.312828517e-18 7.312828517e-18 7.312828517e-18 7.312828517e-18

6.282336582e-18 6.282336582e-18 6.282336582e-18 6.282336582e-18 6.282336582e-18 6.282336582e-18
6.282336582e-18 6.282336582e-18 6.282336582e-18 6.282336582e-18 6.282336582e-18 6.282336582e-18
6.282336582e-18 6.282336582e-18 4.135966028e-01 0.000000000e+00 6.282336582e-18 5.297830955e-02
6.282336582e-18 6.282336582e-18 5.856204132e-04 0.000000000e+00 5.328394672e-01 6.282336582e-18
6.282336582e-18 6.282336582e-18 6.282336582e-18 6.282336582e-18 6.282336582e-18 6.282336582e-18
6.282336582e-18 6.282336582e-18 6.282336582e-18 6.282336582e-18 6.282336582e-18 6.282336582e-18

5.834190354e-18 5.834190354e-18 5.834190354e-18 5.834190354e-18 5.834190354e-18 5.834190354e-18
5.834190354e-18 5.834190354e-18 5.834190354e-18 5.834190354e-18 5.834190354e-18 5.834190354e-18
5.834190354e-18 5.857146231e-01 5.834190354e-18 0.000000000e+00 0.000000000e+00 4.142853769e-01
5.834190354e-18 5.834190354e-18 5.834190354e-18 0.000000000e+00 5.834190354e-18 5.834190354e-18
5.834190354e-18 5.834190354e-18 5.834190354e-18 5.834190354e-18 0.000000000e+00 5.834190354e-18
5.834190354e-18 5.834190354e-18 5.834190354e-18 5.834190354e-18 5.834190354e-18 5.834190354e-18

5.893712809e-18 5.893712809e-18 5.893712809e-18 5.893712809e-18 5.893712809e-18 5.893712809e-18
5.893712809e-18 5.893712809e-18 5.893712809e-18 5.893712809e-18 5.893712809e-18 5.893712809e-18
5.893712809e-18 7.370288646e-01 0.000000000e+00 0.000000000e+00 0.000000000e+00 2.482287480e-01
5.893712809e-18 1.236529727e-02 0.000000000e+00 0.000000000e+00 5.893712809e-18 2.377090130e-03
5.893712809e-18 5.893712809e-18 5.893712809e-18 5.893712809e-18 0.000000000e+00 5.893712809e-18
5.893712809e-18 5.893712809e-18 5.893712809e-18 5.893712809e-18 5.893712809e-18 5.893712809e-18

