1.198712265e-04 1.198712265e-04 1.198712265e-04 1.198712265e-04 1.198712265e-04 1.198712265e-04
1.198712265e-04 0.000000000e+00 1.198712265e-04 1.268820544e-02 1.198712265e-04 1.198712265e-04
1.198712265e-04 1.198712265e-04 9.425337628e-01 7.389445606e-03 1.198712265e-04 1.198712265e-04
1.198712265e-04 6.077426988e-03 3.020565630e-04 2.753283704e-02 1.198712265e-04 1.198712265e-04
1.198712265e-04 1.198712265e-04 1.198712265e-04 1.198712265e-04 1.198712265e-04 1.198712265e-04
1.198712265e-04 1.198712265e-04 1.198712265e-04 1.198712265e-04 1.198712265e-04 1.198712265e-04

1.159877500e-04 1.159877500e-04 1.159877500e-04 1.159877500e-04 1.159877500e-04 1.159877500e-04
9.397722527e-01 0.000000000e+00 0.000000000e+00 5.240590494e-02 1.159877500e-04 1.159877500e-04
0.000000000e+00 1.159877500e-04 1.159877500e-04 3.545438259e-03 1.159877500e-04 1.159877500e-04
1.159877500e-04 2.922708155e-04 1.159877500e-04 7.364763055e-04 1.159877500e-04 1.159877500e-04
1.159877500e-04 1.159877500e-04 1.159877500e-04 1.159877500e-04 1.159877500e-04 1.159877500e-04
1.159877500e-04 1.159877500e-04 1.159877500e-04 1.159877500e-04 1.159877500e-04 1.159877500e-04

1.522765032e-04 0.000000000e+00 1.522765032e-04 1.522765032e-04 1.522765032e-04 1.522765032e-04
4.865768792e-01 0.000000000e+00 0.000000000e+00 0.000000000e+00 3.817276580e-02 1.522765032e-04
0.000000000e+00 3.599419730e-01 1.522765032e-04 1.096442755e-01 9.668955253e-04 1.522765032e-04
1.522765032e-04 6.588621638e-04 1.522765032e-04 1.522765032e-04 1.522765032e-04 1.522765032e-04
1.522765032e-04 1.522765032e-04 3.837127435e-04 1.522765032e-04 1.522765032e-04 1.522765032e-04
1.522765032e-04 1.522765032e-04 1.522765032e-04 1.522765032e-04 1.522765032e-04 1.522765032e-04

1.437347295e-04 0.000000000e+00 1.437347295e-04 3.621888225e-04 1.437347295e-04 1.437347295e-04
8.292886123e-01 0.000000000e+00 0.000000000e+00 0.000000000e+00 4.305316112e-02 1.437347295e-04
0.000000000e+00 0.000000000e+00 0.000000000e+00 1.567100021e-03 3.621888225e-04 1.437347295e-04
1.228914650e-03 1.437347295e-04 3.301396841e-02 8.327617621e-03 6.219040554e-04 1.437347295e-04
2.861516198e-02 1.437347295e-04 2.032077146e-02 1.437347295e-04 1.437347295e-04 1.437347295e-04
1.437347295e-04 1.437347295e-04 1.437347295e-04 3.079492035e-02 1.437347295e-04 1.437347295e-04

