7.461337435e-18 7.461337435e-18 7.461337435e-18 7.461337435e-18 7.461337435e-18 7.461337435e-18
7.461337435e-18 6.955233065e-04 4.050637156e-04 1.565425028e-02 7.461337435e-18 7.461337435e-18
7.461337435e-18 4.050637156e-04 7.461337435e-18 2.599382885e-01 1.981917839e-02 7.461337435e-18
7.461337435e-18 5.174894150e-02 5.576151879e-01 4.287544052e-02 7.461337435e-18 7.461337435e-18
7.461337435e-18 7.461337435e-18 5.084306214e-02 7.461337435e-18 7.461337435e-18 7.461337435e-18
7.461337435e-18 7.461337435e-18 7.461337435e-18 7.461337435e-18 7.461337435e-18 7.461337435e-18

7.948459899e-18 7.948459899e-18 7.948459899e-18 7.948459899e-18 7.409313892e-04 7.948459899e-18
7.948459899e-18 1.280553431e-01 7.948459899e-18 1.376952368e-01 7.948459899e-18 7.948459899e-18
7.948459899e-18 7.409313892e-04 0.000000000e+00 4.111577501e-01 1.292507218e-01 7.948459899e-18
7.948459899e-18 7.948459899e-18 2.293050966e-03 1.818166200e-01 7.948459899e-18 7.948459899e-18
8.078170111e-03 7.948459899e-18 0.000000000e+00 1.712443774e-04 7.948459899e-18 7.948459899e-18
7.948459899e-18 7.948459899e-18 7.948459899e-18 7.948459899e-18 7.948459899e-18 7.948459899e-18

6.977417363e-18 6.977417363e-18 6.977417363e-18 6.977417363e-18 6.977417363e-18 6.977417363e-18
6.977417363e-18 6.977417363e-18 6.977417363e-18 3.374934587e-02 6.977417363e-18 6.977417363e-18
6.977417363e-18 6.977417363e-18 0.000000000e+00 5.712442617e-01 6.977417363e-18 6.977417363e-18
6.977417363e-18 0.000000000e+00 2.701304100e-01 3.688787359e-02 6.977417363e-18 6.977417363e-18
8.798810887e-02 0.000000000e+00 0.000000000e+00 6.977417363e-18 6.977417363e-18 6.977417363e-18
6.977417363e-18 6.977417363e-18 6.977417363e-18 6.977417363e-18 6.977417363e-18 6.977417363e-18

7.858646827e-18 7.858646827e-18 7.858646827e-18 7.858646827e-18 7.858646827e-18 7.858646827e-18
7.858646827e-18 7.858646827e-18 7.858646827e-18 8.280544411e-02 3.829830587e-01 7.858646827e-18
7.858646827e-18 4.266329878e-04 0.000000000e+00 1.862339814e-01 7.858646827e-18 4.651461526e-03
7.858646827e-18 0.000000000e+00 2.140238898e-01 0.000000000e+00 2.267140795e-03 7.858646827e-18
1.266083906e-01 0.000000000e+00 0.000000000e+00 0.000000000e+00 7.858646827e-18 7.858646827e-18
7.858646827e-18 7.858646827e-18 7.858646827e-18 7.858646827e-18 7.858646827e-18 7.858646827e-18

6.988160963e-18 6.988160963e-18 8.722787505e-03 1.505553640e-04 1.505553640e-04 6.988160963e-18
6.988160963e-18 6.988160963e-18 2.128505167e-02 6.231068161e-01 6.988160963e-18 6.988160963e-18
6.988160963e-18 2.692401507e-01 0.000000000e+00 0.000000000e+00 0.000000000e+00 6.988160963e-18
4.931933363e-02 0.000000000e+00 6.988160963e-18 0.000000000e+00 1.789642292e-02 6.988160963e-18
1.287230255e-03 0.000000000e+00 0.000000000e+00 0.000000000e+00 1.505553640e-04 1.505553640e-04
7.102200141e-03 6.988160963e-18 6.988160963e-18 1.287230255e-03 1.505553640e-04 6.988160963e-18

7.143788390e-18 7.143788390e-18 6.727604878e-03 1.539082553e-04 7.143788390e-18 7.143788390e-18
1.539082553e-04 7.143788390e-18 3.340653318e-01 0.000000000e+00 1.246656868e-02 7.143788390e-18
7.143788390e-18 4.917909000e-01 0.000000000e+00 0.000000000e+00 0.000000000e+00 7.143788390e-18
1.237555006e-01 0.000000000e+00 0.000000000e+00 0.000000000e+00 2.910865573e-02 7.143788390e-18
1.315897073e-03 0.000000000e+00 0.000000000e+00 0.000000000e+00 1.539082553e-04 7.143788390e-18
7.143788390e-18 7.143788390e-18 7.143788390e-18 1.539082553e-04 1.539082553e-04 7.143788390e-18

8.109451937e-18 8.109451937e-18 0.000000000e+00 0.000000000e+00 8.109451937e-18 5.895159390e-03
5.427924487e-02 8.109451937e-18 1.948653325e-01 0.000000000e+00 2.550687329e-02 8.109451937e-18
8.109451937e-18 8.109451937e-18 0.000000000e+00 0.000000000e+00 0.000000000e+00 2.631981173e-02
5.217950934e-01 0.000000000e+00 0.000000000e+00 0.000000000e+00 1.485487081e-02 8.109451937e-18
1.209501728e-02 0.000000000e+00 0.000000000e+00 0.000000000e+00 1.904845859e-03 8.109451937e-18
1.493773819e-03 1.277158650e-02 8.109451937e-18 8.109451937e-18 1.282183905e-01 8.109451937e-18

5.657692156e-18 5.657692156e-18 0.000000000e+00 0.000000000e+00 5.657692156e-18 5.657692156e-18
5.657692156e-18 5.657692156e-18 5.657692156e-18 0.000000000e+00 5.273929493e-04 5.657692156e-18
8.945366319e-02 0.000000000e+00 0.000000000e+00 0.000000000e+00 0.000000000e+00 5.273929493e-04
8.766791776e-01 0.000000000e+00 0.000000000e+00 0.000000000e+00 5.273929493e-04 5.657692156e-18
0.000000000e+00 0.000000000e+00 0.000000000e+00 0.000000000e+00 5.657692156e-18 5.657692156e-18
3.071467851e-04 1.218912825e-04 5.657692156e-18 5.657692156e-18 3.185594224e-02 5.657692156e-18

