8.745058802e-18 7.374619717e-02 8.745058802e-18 4.747548334e-04 8.745058802e-18 4.747548334e-04
8.151879293e-04 8.745058802e-18 8.745058802e-18 8.745058802e-18 8.745058802e-18 4.747548334e-04
1.884065805e-04 1.884065805e-04 1.884065805e-04 3.527113322e-03 8.745058802e-18 4.541235151e-01
1.161429827e-02 1.395770001e-01 0.000000000e+00 3.527113322e-03 8.745058802e-18 6.357213275e-03
1.022828282e-02 8.745058802e-18 5.229272627e-02 8.151879293e-04 8.745058802e-18 9.690088452e-02
4.747548334e-04 1.369620081e-01 4.747548334e-04 8.151879293e-04 5.759090065e-03 8.745058802e-18

2.194267357e-04 1.876072201e-03 5.529207265e-04 2.194267357e-04 9.494043459e-04 2.194267357e-04
7.403895095e-03 2.194267357e-04 2.392349041e-03 2.194267357e-04 2.194267357e-04 1.112485460e-02
9.494043459e-04 0.000000000e+00 9.494043459e-04 7.063842360e-02 1.393272924e-03 1.690132189e-02
1.876072201e-03 7.188040399e-02 0.000000000e+00 8.981414340e-02 3.510827772e-03 2.194267357e-04
3.512148692e-02 0.000000000e+00 3.641279418e-01 2.194267357e-04 3.721802755e-02 4.041875030e-02
2.938237716e-03 9.494043459e-04 4.701180345e-02 1.549709512e-01 3.305578561e-02 2.194267357e-04

1.612251999e-04 1.612251999e-04 2.158888986e-03 1.612251999e-04 1.612251999e-04 4.062620462e-04
1.378456069e-03 6.975809258e-04 1.023716208e-03 1.612251999e-04 1.612251999e-04 6.975809258e-04
1.612251999e-04 0.000000000e+00 1.612251999e-04 4.829211794e-02 1.612251999e-04 1.023716208e-03
8.704094969e-02 6.059283052e-01 0.000000000e+00 2.232547633e-01 1.612251999e-04 1.612251999e-04
1.612251999e-04 0.000000000e+00 0.000000000e+00 0.000000000e+00 1.612251999e-04 3.473491635e-03
1.023716208e-03 2.158888986e-03 1.757793785e-03 1.370809059e-02 3.473491635e-03 4.062620462e-04

1.655863134e-04 1.655863134e-04 1.051407552e-03 4.172513636e-04 1.655863134e-04 1.655863134e-04
1.655863134e-04 1.655863134e-04 1.655863134e-04 1.655863134e-04 1.655863134e-04 1.051407552e-03
4.053188132e-01 0.000000000e+00 0.000000000e+00 2.319913258e-01 1.655863134e-04 1.655863134e-04
4.172513636e-04 1.655863134e-04 0.000000000e+00 0.000000000e+00 1.655863134e-04 1.655863134e-04
1.655863134e-04 0.000000000e+00 0.000000000e+00 0.000000000e+00 1.655863134e-04 1.655863134e-04
1.655863134e-04 4.172513636e-04 1.758092398e-01 1.707862703e-01 9.593641748e-03 1.655863134e-04

5.829553615e-18 5.829553615e-18 5.829553615e-18 5.829553615e-18 5.829553615e-18 5.829553615e-18
5.829553615e-18 5.829553615e-18 5.829553615e-18 5.829553615e-18 5.829553615e-18 5.829553615e-18
5.829553615e-18 0.000000000e+00 0.000000000e+00 5.829553615e-18 0.000000000e+00 5.829553615e-18
5.829553615e-18 0.000000000e+00 0.000000000e+00 0.000000000e+00 5.829553615e-18 5.829553615e-18
3.937803115e-01 0.000000000e+00 0.000000000e+00 0.000000000e+00 5.829553615e-18 5.829553615e-18
5.829553615e-18 5.829553615e-18 6.060940946e-01 1.255939254e-04 5.829553615e-18 5.829553615e-18

