1.337107289e-04 1.337107289e-04 1.083056904e-02 1.337107289e-04 1.337107289e-04 1.337107289e-04
1.337107289e-04 1.337107289e-04 7.564442199e-02 8.490102071e-04 6.206302263e-18 1.337107289e-04
4.511666306e-03 3.422994661e-02 6.206302263e-18 8.596708129e-01 1.337107289e-04 1.337107289e-04
1.337107289e-04 5.785327241e-04 8.745877118e-03 3.369299240e-04 6.206302263e-18 1.337107289e-04
1.337107289e-04 6.206302263e-18 1.337107289e-04 6.206302263e-18 6.206302263e-18 3.369299240e-04
6.206302263e-18 8.490102071e-04 1.337107289e-04 1.143210651e-03 1.337107289e-04 1.337107289e-04

1.326671911e-04 1.326671911e-04 3.343003733e-04 1.326671911e-04 1.326671911e-04 3.343003733e-04
6.157865526e-18 6.157865526e-18 5.348805973e-03 0.000000000e+00 6.157865526e-18 1.326671911e-04
1.446433709e-03 8.423841547e-04 0.000000000e+00 2.476593074e-01 3.343003733e-04 1.326671911e-04
1.326671911e-04 6.157865526e-18 7.347567279e-01 6.157865526e-18 3.245541108e-03 3.343003733e-04
3.343003733e-04 6.157865526e-18 3.343003733e-04 8.423841547e-04 1.326671911e-04 3.343003733e-04
6.157865526e-18 6.157865526e-18 3.343003733e-04 2.122675057e-03 6.157865526e-18 6.157865526e-18

7.990345462e-18 7.990345462e-18 9.073102209e-02 7.448358346e-04 7.990345462e-18 7.990345462e-18
7.990345462e-18 0.000000000e+00 7.990345462e-18 0.000000000e+00 7.990345462e-18 5.808575036e-03
1.471834218e-03 1.608475669e-01 0.000000000e+00 3.153379681e-01 2.433757850e-02 7.990345462e-18
7.990345462e-18 7.990345462e-18 3.752204216e-01 0.000000000e+00 4.337826897e-04 2.305134530e-03
1.876868693e-03 7.990345462e-18 7.990345462e-18 7.990345462e-18 7.990345462e-18 6.940523035e-03
7.990345462e-18 7.990345462e-18 7.990345462e-18 1.394388873e-02 7.990345462e-18 7.990345462e-18

5.686195459e-18 5.686195459e-18 5.686195459e-18 5.686195459e-18 5.686195459e-18 5.686195459e-18
5.686195459e-18 0.000000000e+00 0.000000000e+00 0.000000000e+00 5.686195459e-18 5.686195459e-18
5.686195459e-18 2.286895066e-01 0.000000000e+00 7.686711952e-01 5.686195459e-18 5.686195459e-18
5.686195459e-18 2.639298135e-03 5.686195459e-18 0.000000000e+00 5.686195459e-18 5.686195459e-18
5.686195459e-18 5.686195459e-18 0.000000000e+00 5.686195459e-18 5.686195459e-18 5.686195459e-18
5.686195459e-18 5.686195459e-18 5.686195459e-18 5.686195459e-18 5.686195459e-18 5.686195459e-18

4.647784847e-18 4.647784847e-18 0.000000000e+00 4.647784847e-18 4.647784847e-18 4.647784847e-18
4.647784847e-18 0.000000000e+00 0.000000000e+00 0.000000000e+00 4.647784847e-18 4.647784847e-18
4.647784847e-18 4.647784847e-18 0.000000000e+00 1.000000000e+00 4.647784847e-18 4.647784847e-18
4.647784847e-18 4.647784847e-18 0.000000000e+00 0.000000000e+00 4.647784847e-18 4.647784847e-18
4.647784847e-18 4.647784847e-18 0.000000000e+00 4.647784847e-18 4.647784847e-18 4.647784847e-18
4.647784847e-18 4.647784847e-18 4.647784847e-18 4.647784847e-18 4.647784847e-18 4.647784847e-18

4.743611664e-18 4.743611664e-18 0.000000000e+00 4.743611664e-18 4.743611664e-18 4.743611664e-18
4.743611664e-18 0.000000000e+00 0.000000000e+00 0.000000000e+00 4.743611664e-18 4.743611664e-18
4.743611664e-18 5.181401696e-03 0.000000000e+00 9.948185983e-01 4.743611664e-18 4.743611664e-18
4.743611664e-18 4.743611664e-18 0.000000000e+00 0.000000000e+00 0.000000000e+00 0.000000000e+00
4.743611664e-18 4.743611664e-18 0.000000000e+00 4.743611664e-18 4.743611664e-18 4.743611664e-18
4.743611664e-18 4.743611664e-18 4.743611664e-18 4.743611664e-18 4.743611664e-18 4.743611664e-18

