1.439980377e-04 3.628523176e-04 1.439980377e-04 6.230433239e-04 3.628523176e-04 1.439980377e-04
1.439980377e-04 6.683796837e-18 6.230433239e-04 1.439980377e-04 6.683796837e-18 3.628523176e-04
1.439980377e-04 1.231165904e-03 1.166384105e-02 5.805637082e-03 1.439980377e-04 3.628523176e-04
2.303968603e-03 3.382399548e-02 6.683796837e-18 7.859378555e-01 1.439980377e-04 1.439980377e-04
1.439980377e-04 1.439980377e-04 1.250786593e-01 1.439980377e-04 1.439980377e-04 1.439980377e-04
6.683796837e-18 3.628523176e-04 2.794866267e-02 1.439980377e-04 3.628523176e-04 6.230433239e-04

5.520089101e-18 5.520089101e-18 5.520089101e-18 1.592490345e-03 5.520089101e-18 5.520089101e-18
5.520089101e-18 5.520089101e-18 2.996765420e-04 4.375071309e-02 1.189267145e-04 5.520089101e-18
1.189267145e-04 7.551375669e-04 0.000000000e+00 5.520089101e-18 1.016809106e-03 2.226397815e-03
5.520089101e-18 9.633063875e-03 0.000000000e+00 9.351071732e-01 7.551375669e-04 5.520089101e-18
1.189267145e-04 5.520089101e-18 1.189267145e-04 3.635274619e-03 5.520089101e-18 5.520089101e-18
1.189267145e-04 5.520089101e-18 5.145660087e-04 5.520089101e-18 5.520089101e-18 1.189267145e-04

5.312014346e-18 5.312014346e-18 5.312014346e-18 9.784814085e-04 1.144438798e-04 5.312014346e-18
5.312014346e-18 5.312014346e-18 5.312014346e-18 1.144438798e-04 5.312014346e-18 5.312014346e-18
5.312014346e-18 2.052047200e-02 0.000000000e+00 0.000000000e+00 5.312014346e-18 1.144438798e-04
1.724052606e-02 5.312014346e-18 0.000000000e+00 9.548714259e-01 5.312014346e-18 5.312014346e-18
5.312014346e-18 0.000000000e+00 3.498246237e-03 5.312014346e-18 5.312014346e-18 5.312014346e-18
5.312014346e-18 1.532462864e-03 2.883805064e-04 5.312014346e-18 7.266733408e-04 5.312014346e-18

5.606581020e-18 1.207901264e-04 5.606581020e-18 3.043720458e-04 1.207901264e-04 1.207901264e-04
1.207901264e-04 5.606581020e-18 1.207901264e-04 1.316941357e-03 5.606581020e-18 5.606581020e-18
6.998266801e-03 9.030382944e-01 0.000000000e+00 0.000000000e+00 1.207901264e-04 1.207901264e-04
7.710864362e-02 0.000000000e+00 0.000000000e+00 0.000000000e+00 5.606581020e-18 1.207901264e-04
1.207901264e-04 0.000000000e+00 9.784000240e-03 5.606581020e-18 5.606581020e-18 5.606581020e-18
5.606581020e-18 5.606581020e-18 1.207901264e-04 1.207901264e-04 1.207901264e-04 5.606581020e-18

5.380187079e-18 1.159126168e-04 1.159126168e-04 1.263763218e-03 1.159126168e-04 1.159126168e-04
1.159126168e-04 0.000000000e+00 1.159126168e-04 2.169971632e-03 5.380187079e-18 5.380187079e-18
1.854601869e-03 9.582735635e-01 0.000000000e+00 0.000000000e+00 1.159126168e-04 1.159126168e-04
2.022021149e-02 0.000000000e+00 0.000000000e+00 0.000000000e+00 5.380187079e-18 9.855411271e-03
5.380187079e-18 0.000000000e+00 2.835660873e-03 1.159126168e-04 0.000000000e+00 5.380187079e-18
5.380187079e-18 5.380187079e-18 9.910389335e-04 5.015247655e-04 9.910389335e-04 5.380187079e-18

4.121440784e-03 2.201535630e-04 2.201535630e-04 2.201535630e-04 1.116170448e-02 3.522457007e-03
2.236620783e-02 0.000000000e+00 1.609332308e-02 1.961506337e-02 2.201535630e-04 6.729511219e-03
1.928236146e-01 1.661660800e-01 0.000000000e+00 0.000000000e+00 1.361302468e-01 1.357133673e-02
1.569993425e-01 0.000000000e+00 0.000000000e+00 0.000000000e+00 7.842915241e-02 1.317567516e-01
1.695730568e-02 0.000000000e+00 0.000000000e+00 2.201535630e-04 0.000000000e+00 2.201535630e-04
2.201535630e-04 9.623305659e-03 1.195177419e-02 2.201535630e-04 2.201535630e-04 0.000000000e+00

5.286010090e-18 5.286010090e-18 5.286010090e-18 5.286010090e-18 5.286010090e-18 5.286010090e-18
5.286010090e-18 0.000000000e+00 5.286010090e-18 5.286010090e-18 5.286010090e-18 5.286010090e-18
9.026104748e-01 5.286010090e-18 0.000000000e+00 0.000000000e+00 0.000000000e+00 5.286010090e-18
9.727564155e-02 0.000000000e+00 0.000000000e+00 0.000000000e+00 5.286010090e-18 5.286010090e-18
5.286010090e-18 0.000000000e+00 0.000000000e+00 0.000000000e+00 0.000000000e+00 5.286010090e-18
5.286010090e-18 5.286010090e-18 5.286010090e-18 1.138836351e-04 5.286010090e-18 0.000000000e+00

