5.639409848e-18 5.639409848e-18 5.639409848e-18 5.639409848e-18 5.639409848e-18 5.639409848e-18
5.639409848e-18 0.000000000e+00 5.639409848e-18 3.061542688e-04 5.639409848e-18 5.639409848e-18
5.639409848e-18 1.033025479e-02 8.932938175e-01 8.001255304e-02 5.639409848e-18 5.639409848e-18
5.639409848e-18 5.639409848e-18 3.713853727e-03 1.234336665e-02 5.639409848e-18 5.639409848e-18
5.639409848e-18 5.639409848e-18 5.639409848e-18 5.639409848e-18 5.639409848e-18 5.639409848e-18
5.639409848e-18 5.639409848e-18 5.639409848e-18 5.639409848e-18 5.639409848e-18 5.639409848e-18

6.150184193e-18 6.150184193e-18 6.150184193e-18 8.666795931e-03 6.150184193e-18 6.150184193e-18
6.150184193e-18 0.000000000e+00 0.000000000e+00 2.120027228e-03 6.150184193e-18 6.150184193e-18
6.150184193e-18 6.150184193e-18 0.000000000e+00 6.541969511e-01 6.150184193e-18 6.150184193e-18
5.342133862e-03 3.338833664e-04 2.120027228e-03 3.268226762e-01 1.325017018e-04 6.150184193e-18
6.150184193e-18 6.150184193e-18 6.150184193e-18 1.325017018e-04 6.150184193e-18 6.150184193e-18
6.150184193e-18 1.325017018e-04 6.150184193e-18 6.150184193e-18 6.150184193e-18 6.150184193e-18

5.492624444e-18 9.114741773e-03 5.492624444e-18 1.584567067e-03 5.492624444e-18 5.492624444e-18
5.492624444e-18 0.000000000e+00 0.000000000e+00 2.981855311e-04 2.981855311e-04 5.492624444e-18
5.492624444e-18 0.000000000e+00 0.000000000e+00 5.492624444e-18 0.000000000e+00 5.492624444e-18
5.120058365e-04 5.492624444e-18 5.120058365e-04 8.357454000e-02 9.038075829e-01 5.492624444e-18
5.492624444e-18 2.981855311e-04 5.492624444e-18 5.492624444e-18 5.492624444e-18 5.492624444e-18
5.492624444e-18 5.492624444e-18 5.492624444e-18 5.492624444e-18 5.492624444e-18 5.492624444e-18

5.169147847e-18 1.113659144e-04 5.169147847e-18 2.806245196e-04 5.169147847e-18 5.169147847e-18
5.169147847e-18 0.000000000e+00 0.000000000e+00 5.169147847e-18 5.169147847e-18 5.169147847e-18
5.169147847e-18 0.000000000e+00 0.000000000e+00 0.000000000e+00 0.000000000e+00 5.169147847e-18
1.113659144e-04 5.169147847e-18 0.000000000e+00 9.377148363e-01 6.155907552e-02 5.169147847e-18
5.169147847e-18 5.169147847e-18 5.169147847e-18 1.113659144e-04 5.169147847e-18 5.169147847e-18
5.169147847e-18 5.169147847e-18 1.113659144e-04 5.169147847e-18 5.169147847e-18 5.169147847e-18

1.797687877e-04 1.797687877e-04 1.797687877e-04 8.455568030e-02 1.797687877e-04 1.797687877e-04
1.797687877e-04 0.000000000e+00 0.000000000e+00 5.384651719e-02 1.797687877e-04 1.797687877e-04
1.797687877e-04 0.000000000e+00 0.000000000e+00 0.000000000e+00 0.000000000e+00 1.797687877e-04
1.746277617e-01 0.000000000e+00 0.000000000e+00 3.562237644e-01 5.484597607e-02 1.797687877e-04
1.797687877e-04 1.797687877e-04 0.000000000e+00 2.547985367e-01 1.797687877e-04 1.797687877e-04
1.797687877e-04 1.797687877e-04 1.797687877e-04 1.750638794e-02 1.797687877e-04 1.797687877e-04

4.664431018e-18 4.664431018e-18 4.664431018e-18 9.995651958e-01 4.664431018e-18 4.664431018e-18
4.664431018e-18 0.000000000e+00 0.000000000e+00 4.664431018e-18 4.664431018e-18 4.664431018e-18
4.664431018e-18 0.000000000e+00 0.000000000e+00 0.000000000e+00 0.000000000e+00 4.664431018e-18
4.664431018e-18 0.000000000e+00 0.000000000e+00 0.000000000e+00 4.664431018e-18 4.664431018e-18
4.664431018e-18 0.000000000e+00 0.000000000e+00 4.348041504e-04 4.664431018e-18 4.664431018e-18
4.664431018e-18 4.664431018e-18 4.664431018e-18 4.664431018e-18 4.664431018e-18 4.664431018e-18

