1.337107289e-04 1.337107289e-04 1.083056904e-02 1.337107289e-04 1.337107289e-04 1.337107289e-04
1.337107289e-04 1.337107289e-04 7.564442199e-02 8.490102071e-04 6.206302263e-18 1.337107289e-04
4.511666306e-03 3.422994661e-02 6.206302263e-18 8.596708129e-01 1.337107289e-04 1.337107289e-04
1.337107289e-04 5.785327241e-04 8.745877118e-03 3.369299240e-04 6.206302263e-18 1.337107289e-04
1.337107289e-04 6.206302263e-18 1.337107289e-04 6.206302263e-18 6.206302263e-18 3.369299240e-04
6.206302263e-18 8.490102071e-04 1.337107289e-04 1.143210651e-03 1.337107289e-04 1.337107289e-04

5.915931625e-18 5.915931625e-18 3.118028349e-03 8.092880625e-04 1.274548832e-04 1.274548832e-04
5.915931625e-18 2.039278131e-03 1.274548832e-04 5.915931625e-18 5.915931625e-18 5.915931625e-18
1.459196810e-02 9.041957702e-01 0.000000000e+00 1.274548832e-04 5.915931625e-18 5.915931625e-18
2.039278131e-03 5.915931625e-18 3.399500113e-02 3.127606199e-02 5.915931625e-18 3.211661804e-04
5.915931625e-18 5.138658887e-03 0.000000000e+00 5.915931625e-18 5.915931625e-18 5.915931625e-18
5.915931625e-18 1.389605357e-03 1.274548832e-04 1.274548832e-04 3.211661804e-04 5.915931625e-18

5.498896755e-18 5.498896755e-18 5.498896755e-18 5.498896755e-18 5.498896755e-18 5.498896755e-18
5.498896755e-18 1.184701393e-04 5.498896755e-18 5.498896755e-18 5.498896755e-18 5.498896755e-18
3.621318323e-03 9.024702659e-02 0.000000000e+00 1.184701393e-04 5.498896755e-18 5.498896755e-18
1.184701393e-04 0.000000000e+00 8.989377662e-01 5.588632763e-03 5.498896755e-18 5.498896755e-18
1.012905443e-03 0.000000000e+00 0.000000000e+00 5.498896755e-18 5.498896755e-18 5.498896755e-18
5.498896755e-18 1.184701393e-04 5.498896755e-18 1.184701393e-04 5.498896755e-18 5.498896755e-18

5.456201557e-18 5.456201557e-18 5.456201557e-18 1.175502991e-04 5.086106052e-04 5.456201557e-18
5.456201557e-18 1.175502991e-04 5.456201557e-18 1.175502991e-04 1.175502991e-04 1.175502991e-04
1.574059429e-03 9.257607741e-01 0.000000000e+00 6.120577514e-02 5.456201557e-18 1.281618415e-03
1.175502991e-04 0.000000000e+00 7.688840524e-03 0.000000000e+00 5.456201557e-18 1.175502991e-04
5.086106052e-04 0.000000000e+00 0.000000000e+00 0.000000000e+00 5.456201557e-18 5.456201557e-18
5.456201557e-18 1.175502991e-04 1.175502991e-04 2.962081926e-04 5.456201557e-18 1.175502991e-04

6.026445310e-18 6.026445310e-18 3.176275270e-03 5.234652581e-03 6.026445310e-18 1.298358283e-04
6.026445310e-18 6.026445310e-18 3.968737329e-03 6.026445310e-18 6.026445310e-18 1.110080717e-03
1.835578781e-02 9.083986216e-01 0.000000000e+00 0.000000000e+00 0.000000000e+00 1.776129148e-02
1.156800720e-02 0.000000000e+00 6.026445310e-18 0.000000000e+00 2.264902630e-02 6.026445310e-18
2.077373253e-03 0.000000000e+00 0.000000000e+00 0.000000000e+00 2.077373253e-03 6.026445310e-18
6.026445310e-18 6.026445310e-18 1.415564144e-03 2.077373253e-03 6.026445310e-18 6.026445310e-18

6.188816939e-18 6.188816939e-18 3.359806745e-04 6.188816939e-18 2.456033630e-02 1.453703950e-03
6.188816939e-18 1.333340191e-04 8.422383845e-02 0.000000000e+00 8.466182484e-04 1.333340191e-04
1.354589197e-02 8.572488195e-01 0.000000000e+00 0.000000000e+00 0.000000000e+00 3.261854241e-03
3.261854241e-03 0.000000000e+00 0.000000000e+00 0.000000000e+00 7.238484203e-03 6.188816939e-18
1.139989827e-03 0.000000000e+00 0.000000000e+00 0.000000000e+00 3.359806745e-04 6.188816939e-18
6.188816939e-18 6.188816939e-18 1.139989827e-03 1.139989827e-03 6.188816939e-18 6.188816939e-18

6.693044149e-18 6.693044149e-18 0.000000000e+00 0.000000000e+00 6.693044149e-18 6.693044149e-18
6.693044149e-18 5.540089563e-01 2.138721446e-01 0.000000000e+00 6.693044149e-18 6.693044149e-18
2.198586000e-01 6.693044149e-18 0.000000000e+00 0.000000000e+00 0.000000000e+00 6.693044149e-18
1.226029909e-02 0.000000000e+00 0.000000000e+00 0.000000000e+00 6.693044149e-18 6.693044149e-18
6.693044149e-18 0.000000000e+00 0.000000000e+00 0.000000000e+00 6.693044149e-18 6.693044149e-18
6.693044149e-18 6.693044149e-18 6.693044149e-18 6.693044149e-18 6.693044149e-18 6.693044149e-18

5.226926461e-18 5.226926461e-18 0.000000000e+00 0.000000000e+00 5.226926461e-18 5.226926461e-18
5.226926461e-18 1.489358332e-02 1.438658951e-02 0.000000000e+00 5.226926461e-18 5.226926461e-18
9.568358032e-01 0.000000000e+00 0.000000000e+00 0.000000000e+00 0.000000000e+00 5.226926461e-18
1.388402399e-02 0.000000000e+00 0.000000000e+00 0.000000000e+00 5.226926461e-18 5.226926461e-18
0.000000000e+00 0.000000000e+00 0.000000000e+00 0.000000000e+00 5.226926461e-18 5.226926461e-18
5.226926461e-18 5.226926461e-18 5.226926461e-18 5.226926461e-18 5.226926461e-18 5.226926461e-18

