1.439980377e-04 3.628523176e-04 1.439980377e-04 6.230433239e-04 3.628523176e-04 1.439980377e-04
1.439980377e-04 6.683796837e-18 6.230433239e-04 1.439980377e-04 6.683796837e-18 3.628523176e-04
1.439980377e-04 1.231165904e-03 1.166384105e-02 5.805637082e-03 1.439980377e-04 3.628523176e-04
2.303968603e-03 3.382399548e-02 6.683796837e-18 7.859378555e-01 1.439980377e-04 1.439980377e-04
1.439980377e-04 1.439980377e-04 1.250786593e-01 1.439980377e-04 1.439980377e-04 1.439980377e-04
6.683796837e-18 3.628523176e-04 2.794866267e-02 1.439980377e-04 3.628523176e-04 6.230433239e-04

5.448446845e-18 5.448446845e-18 5.448446845e-18 5.448446845e-18 5.448446845e-18 5.448446845e-18
5.448446845e-18 5.448446845e-18 5.448446845e-18 5.448446845e-18 5.448446845e-18 5.448446845e-18
5.448446845e-18 1.173832289e-04 5.448446845e-18 5.448446845e-18 5.448446845e-18 5.448446845e-18
1.173832289e-04 7.180359691e-02 0.000000000e+00 5.448446845e-18 5.448446845e-18 5.448446845e-18
1.173832289e-04 5.448446845e-18 9.082623594e-01 1.173832289e-04 5.448446845e-18 5.448446845e-18
5.448446845e-18 0.000000000e+00 1.934712751e-02 5.448446845e-18 1.173832289e-04 5.448446845e-18

4.686567846e-18 4.686567846e-18 4.686567846e-18 4.686567846e-18 4.686567846e-18 4.686567846e-18
4.686567846e-18 4.686567846e-18 4.686567846e-18 4.686567846e-18 4.686567846e-18 4.686567846e-18
4.686567846e-18 4.686567846e-18 4.686567846e-18 0.000000000e+00 4.686567846e-18 4.686567846e-18
1.009690435e-04 4.686567846e-18 0.000000000e+00 1.009690435e-04 4.686567846e-18 4.686567846e-18
4.686567846e-18 0.000000000e+00 9.989347887e-01 4.686567846e-18 4.686567846e-18 4.686567846e-18
4.686567846e-18 0.000000000e+00 8.632731782e-04 4.686567846e-18 4.686567846e-18 4.686567846e-18

5.511244430e-18 5.511244430e-18 5.511244430e-18 5.511244430e-18 5.511244430e-18 5.511244430e-18
5.511244430e-18 5.511244430e-18 8.219864563e-03 5.511244430e-18 5.511244430e-18 5.511244430e-18
5.511244430e-18 0.000000000e+00 5.511244430e-18 0.000000000e+00 5.511244430e-18 5.511244430e-18
5.511244430e-18 3.262055414e-03 0.000000000e+00 3.556528840e-02 5.511244430e-18 5.511244430e-18
5.511244430e-18 0.000000000e+00 9.231879388e-01 0.000000000e+00 5.511244430e-18 5.511244430e-18
5.511244430e-18 0.000000000e+00 2.976485278e-02 5.511244430e-18 5.511244430e-18 5.511244430e-18

3.609445831e-02 3.609445831e-02 3.609445831e-02 3.609445831e-02 3.609445831e-02 3.609445831e-02
3.609445831e-02 3.609445831e-02 3.609445831e-02 3.609445831e-02 3.609445831e-02 3.609445831e-02
3.609445831e-02 0.000000000e+00 0.000000000e+00 0.000000000e+00 3.609445831e-02 3.609445831e-02
3.609445831e-02 3.609445831e-02 0.000000000e+00 3.609445831e-02 3.609445831e-02 3.609445831e-02
3.476385421e-02 0.000000000e+00 3.476385421e-02 0.000000000e+00 3.476385421e-02 3.476385421e-02
3.476385421e-02 0.000000000e+00 3.476385421e-02 3.476385421e-02 0.000000000e+00 3.476385421e-02

3.917969513e-02 3.917969513e-02 3.917969513e-02 3.917969513e-02 3.917969513e-02 3.917969513e-02
3.917969513e-02 3.917969513e-02 3.917969513e-02 3.917969513e-02 3.917969513e-02 3.917969513e-02
3.784597560e-02 0.000000000e+00 0.000000000e+00 0.000000000e+00 3.784597560e-02 3.784597560e-02
3.784597560e-02 3.784597560e-02 0.000000000e+00 3.784597560e-02 3.784597560e-02 3.784597560e-02
3.784597560e-02 0.000000000e+00 0.000000000e+00 0.000000000e+00 3.784597560e-02 3.784597560e-02
3.784597560e-02 0.000000000e+00 3.784597560e-02 0.000000000e+00 0.000000000e+00 3.784597560e-02

