4.797614235e-04 1.318551270e-01 1.208923033e-03 7.004186663e-02 1.854104702e-02 8.837280979e-18
8.837280979e-18 0.000000000e+00 8.837280979e-18 2.316371915e-01 8.837280979e-18 4.797614235e-04
1.618810597e-02 2.347402858e-02 3.587622241e-01 1.228189244e-01 8.837280979e-18 4.797614235e-04
4.797614235e-04 8.837280979e-18 4.101902471e-03 4.797614235e-04 8.837280979e-18 1.033614654e-02
7.676182775e-03 8.837280979e-18 8.837280979e-18 8.837280979e-18 8.837280979e-18 4.797614235e-04
8.837280979e-18 8.837280979e-18 8.837280979e-18 4.797614235e-04 8.837280979e-18 8.837280979e-18

1.928230345e-04 8.475927318e-02 3.650352256e-01 1.485217452e-02 2.102296241e-03 8.950052439e-18
4.858836002e-04 0.000000000e+00 0.000000000e+00 1.844435655e-01 4.858836002e-04 1.928230345e-04
3.457432313e-02 8.950052439e-18 0.000000000e+00 1.958959922e-02 1.928230345e-04 1.928230345e-04
3.085168552e-03 1.959696965e-01 7.547488780e-02 7.774137603e-03 8.950052439e-18 1.928230345e-04
1.928230345e-04 1.928230345e-04 8.342968160e-04 8.950052439e-18 8.950052439e-18 4.858836002e-04
1.928230345e-04 4.858836002e-04 4.858836002e-04 6.506233230e-03 8.342968160e-04 1.928230345e-04

1.354289878e-04 1.813464337e-03 5.460154641e-03 3.412596651e-04 1.354289878e-04 1.354289878e-04
3.412596651e-04 0.000000000e+00 0.000000000e+00 1.245470927e-01 3.412596651e-04 1.354289878e-04
8.599204710e-04 0.000000000e+00 0.000000000e+00 3.832749364e-02 1.354289878e-04 1.354289878e-04
3.412596651e-04 8.177722977e-01 0.000000000e+00 6.286056776e-18 8.599204710e-04 1.354289878e-04
1.354289878e-04 1.354289878e-04 5.009949075e-03 3.412596651e-04 1.354289878e-04 1.354289878e-04
1.354289878e-04 1.354289878e-04 1.354289878e-04 1.476544816e-03 1.354289878e-04 1.354289878e-04

1.739118836e-04 2.701465926e-02 3.033781103e-02 1.007600370e-02 2.328770256e-03 1.739118836e-04
2.328770256e-03 0.000000000e+00 0.000000000e+00 5.868133331e-03 8.072274567e-18 5.316025577e-03
5.994908719e-02 0.000000000e+00 0.000000000e+00 7.751008939e-02 4.382304858e-04 1.739118836e-04
1.549505977e-02 0.000000000e+00 0.000000000e+00 0.000000000e+00 4.777905841e-03 1.896113190e-03
4.382304858e-04 5.868133331e-03 8.072274567e-18 9.500953299e-02 1.739118836e-04 1.739118836e-04
1.739118836e-04 1.739118836e-04 1.739118836e-04 6.536083251e-01 1.739118836e-04 1.739118836e-04

4.895338643e-18 4.895338643e-18 4.895338643e-18 4.895338643e-18 4.895338643e-18 4.895338643e-18
4.895338643e-18 0.000000000e+00 0.000000000e+00 4.895338643e-18 4.895338643e-18 4.895338643e-18
4.895338643e-18 0.000000000e+00 0.000000000e+00 1.054668739e-04 4.895338643e-18 4.895338643e-18
4.895338643e-18 0.000000000e+00 0.000000000e+00 0.000000000e+00 4.895338643e-18 4.895338643e-18
0.000000000e+00 4.895338643e-18 0.000000000e+00 4.895338643e-18 2.047012674e-02 4.895338643e-18
4.895338643e-18 4.895338643e-18 4.895338643e-18 9.794244064e-01 4.895338643e-18 4.895338643e-18

4.000000000e-02 4.000000000e-02 4.000000000e-02 4.000000000e-02 4.000000000e-02 4.000000000e-02
4.000000000e-02 0.000000000e+00 0.000000000e+00 4.000000000e-02 4.000000000e-02 4.000000000e-02
4.000000000e-02 0.000000000e+00 0.000000000e+00 4.000000000e-02 4.000000000e-02 4.000000000e-02
4.000000000e-02 0.000000000e+00 0.000000000e+00 0.000000000e+00 4.000000000e-02 4.000000000e-02
0.000000000e+00 0.000000000e+00 0.000000000e+00 0.000000000e+00 4.000000000e-02 4.000000000e-02
4.000000000e-02 4.000000000e-02 4.000000000e-02 4.000000000e-02 4.000000000e-02 4.000000000e-02

