6.793969232e-18 6.793969232e-18 6.793969232e-18 6.793969232e-18 6.793969232e-18 6.793969232e-18
6.793969232e-18 0.000000000e+00 6.104921063e-01 6.333132613e-04 6.793969232e-18 6.793969232e-18
6.793969232e-18 6.793969232e-18 2.642996580e-01 7.528155532e-02 1.463716300e-04 6.793969232e-18
6.793969232e-18 1.463716300e-04 3.983119285e-02 9.023059409e-03 6.793969232e-18 6.793969232e-18
6.793969232e-18 6.793969232e-18 6.793969232e-18 1.463716300e-04 6.793969232e-18 6.793969232e-18
6.793969232e-18 6.793969232e-18 6.793969232e-18 6.793969232e-18 6.793969232e-18 6.793969232e-18

1.434821386e-04 1.434821386e-04 1.434821386e-04 9.385014671e-03 1.434821386e-04 1.434821386e-04
6.208111582e-04 0.000000000e+00 1.434821386e-04 3.941905142e-03 3.615523334e-04 1.434821386e-04
1.434821386e-04 0.000000000e+00 0.000000000e+00 4.933172431e-01 1.434821386e-04 1.434821386e-04
7.274491528e-03 1.434821386e-04 1.705563299e-02 4.642382254e-01 1.434821386e-04 1.434821386e-04
1.434821386e-04 1.434821386e-04 1.434821386e-04 3.615523334e-04 1.434821386e-04 1.434821386e-04
1.434821386e-04 1.434821386e-04 1.434821386e-04 1.434821386e-04 1.434821386e-04 1.434821386e-04

6.820374925e-18 6.820374925e-18 6.820374925e-18 1.256323803e-03 6.820374925e-18 6.820374925e-18
6.820374925e-18 0.000000000e+00 0.000000000e+00 6.820374925e-18 4.483034309e-02 1.469405234e-04
6.820374925e-18 0.000000000e+00 0.000000000e+00 5.172452556e-01 1.469405234e-04 6.820374925e-18
1.017239552e-02 6.820374925e-18 4.401339921e-02 3.818945207e-01 0.000000000e+00 6.820374925e-18
6.820374925e-18 6.820374925e-18 6.820374925e-18 1.469405234e-04 6.820374925e-18 6.820374925e-18
6.820374925e-18 1.469405234e-04 6.820374925e-18 6.820374925e-18 6.820374925e-18 6.820374925e-18

5.779610253e-18 5.779610253e-18 5.779610253e-18 5.779610253e-18 5.779610253e-18 5.779610253e-18
1.245179283e-04 0.000000000e+00 0.000000000e+00 0.000000000e+00 5.779610253e-18 6.967937722e-01
5.779610253e-18 0.000000000e+00 0.000000000e+00 0.000000000e+00 1.245179283e-04 5.779610253e-18
3.024591202e-01 5.779610253e-18 1.245179283e-04 1.245179283e-04 0.000000000e+00 5.779610253e-18
5.779610253e-18 5.779610253e-18 5.779610253e-18 5.779610253e-18 5.779610253e-18 5.779610253e-18
5.779610253e-18 5.779610253e-18 1.245179283e-04 5.779610253e-18 1.245179283e-04 5.779610253e-18

4.664431018e-18 4.664431018e-18 4.664431018e-18 4.664431018e-18 4.664431018e-18 4.664431018e-18
4.664431018e-18 0.000000000e+00 0.000000000e+00 0.000000000e+00 0.000000000e+00 9.995651958e-01
4.664431018e-18 0.000000000e+00 0.000000000e+00 0.000000000e+00 4.664431018e-18 4.664431018e-18
4.348041504e-04 4.664431018e-18 4.664431018e-18 4.664431018e-18 0.000000000e+00 4.664431018e-18
4.664431018e-18 4.664431018e-18 0.000000000e+00 4.664431018e-18 4.664431018e-18 4.664431018e-18
4.664431018e-18 4.664431018e-18 4.664431018e-18 4.664431018e-18 4.664431018e-18 4.664431018e-18

4.000000000e-02 4.000000000e-02 0.000000000e+00 4.000000000e-02 4.000000000e-02 4.000000000e-02
4.000000000e-02 0.000000000e+00 0.000000000e+00 0.000000000e+00 0.000000000e+00 4.000000000e-02
4.000000000e-02 0.000000000e+00 0.000000000e+00 0.000000000e+00 4.000000000e-02 4.000000000e-02
4.000000000e-02 4.000000000e-02 4.000000000e-02 4.000000000e-02 0.000000000e+00 4.000000000e-02
4.000000000e-02 4.000000000e-02 0.000000000e+00 4.000000000e-02 0.000000000e+00 4.000000000e-02
4.000000000e-02 4.000000000e-02 4.000000000e-02 4.000000000e-02 4.000000000e-02 4.000000000e-02

