1.928869249e-04 2.102992820e-03 8.431432184e-03 2.582855894e-03 4.155622823e-03 1.928869249e-04
1.928869249e-04 3.086480122e-01 1.189048850e-02 4.718743488e-03 1.928869249e-04 1.928869249e-04
2.469000363e-01 8.953017967e-18 0.000000000e+00 2.582855894e-03 1.928869249e-04 6.760043355e-02
8.345732537e-04 9.072590056e-02 2.240991579e-01 7.776713502e-03 1.928869249e-04 1.928869249e-04
3.610988749e-03 1.928869249e-04 4.860445939e-04 1.928869249e-04 8.953017967e-18 8.345732537e-04
1.928869249e-04 2.102992820e-03 4.860445939e-04 4.718743488e-03 2.102992820e-03 4.860445939e-04

1.185462646e-17 6.435681378e-04 7.016645496e-03 2.068741496e-02 2.924008290e-02 6.248054186e-03
3.419940842e-03 1.169682879e-01 2.924008290e-02 7.368039188e-02 1.185462646e-17 1.185462646e-17
6.248054186e-03 0.000000000e+00 0.000000000e+00 6.538244729e-02 6.132830857e-02 1.185462646e-17
6.435681378e-04 0.000000000e+00 1.185462646e-17 7.934693703e-02 1.185462646e-17 7.368039188e-02
1.185462646e-17 7.088697176e-02 7.508715889e-02 1.185462646e-17 1.185462646e-17 4.331965783e-02
1.185462646e-17 1.185462646e-17 3.377852513e-02 6.132830857e-02 1.045385319e-01 3.728666958e-02

1.307592633e-02 1.039826722e-02 3.179825559e-02 3.487713597e-01 2.579096926e-04 9.337668537e-02
2.620199150e-02 3.885309361e-02 3.528154965e-02 0.000000000e+00 6.193090746e-02 3.179825559e-02
1.885331289e-02 0.000000000e+00 0.000000000e+00 1.589880825e-02 1.589880825e-02 1.785456687e-02
2.729938836e-02 0.000000000e+00 0.000000000e+00 4.006248636e-02 2.579096926e-04 1.216646293e-02
7.085589560e-03 9.540899967e-03 4.750737155e-02 2.404156141e-02 4.126555080e-03 3.453544452e-03
7.085589560e-03 3.453544452e-03 1.885331289e-02 1.127369356e-02 1.400149226e-02 9.540899967e-03

