7.312828517e-18 7.312828517e-18 7.312828517e-18 7.312828517e-18 7.312828517e-18 7.312828517e-18
7.312828517e-18 7.312828517e-18 3.375484299e-02 6.816797544e-04 7.312828517e-18 7.312828517e-18
7.312828517e-18 2.083714428e-02 1.222292563e-01 7.312828517e-18 3.970014111e-04 7.312828517e-18
7.312828517e-18 7.312828517e-18 5.795947429e-02 6.740513025e-01 4.806724190e-02 7.312828517e-18
7.312828517e-18 7.312828517e-18 7.312828517e-18 4.202205662e-02 7.312828517e-18 7.312828517e-18
7.312828517e-18 7.312828517e-18 7.312828517e-18 7.312828517e-18 7.312828517e-18 7.312828517e-18

6.564943683e-18 6.564943683e-18 6.564943683e-18 6.564943683e-18 6.564943683e-18 6.564943683e-18
6.564943683e-18 6.564943683e-18 6.564943683e-18 6.564943683e-18 6.564943683e-18 6.564943683e-18
6.564943683e-18 2.262998785e-03 5.808368458e-01 0.000000000e+00 6.564943683e-18 6.672076416e-03
6.564943683e-18 6.564943683e-18 0.000000000e+00 3.199357685e-01 8.839839006e-02 6.564943683e-18
6.564943683e-18 6.564943683e-18 6.564943683e-18 1.893920413e-03 6.564943683e-18 6.564943683e-18
6.564943683e-18 6.564943683e-18 6.564943683e-18 6.564943683e-18 6.564943683e-18 6.564943683e-18

4.706996498e-18 4.706996498e-18 4.706996498e-18 4.706996498e-18 4.706996498e-18 4.706996498e-18
4.706996498e-18 4.706996498e-18 4.706996498e-18 4.706996498e-18 4.706996498e-18 4.706996498e-18
4.706996498e-18 4.706996498e-18 9.978987256e-01 0.000000000e+00 0.000000000e+00 4.706996498e-18
1.014091654e-04 0.000000000e+00 0.000000000e+00 1.898456080e-03 4.706996498e-18 4.706996498e-18
4.706996498e-18 4.706996498e-18 4.706996498e-18 1.014091654e-04 4.706996498e-18 4.706996498e-18
4.706996498e-18 4.706996498e-18 4.706996498e-18 4.706996498e-18 4.706996498e-18 4.706996498e-18

6.176230219e-18 6.176230219e-18 6.176230219e-18 6.176230219e-18 3.655654450e-03 6.176230219e-18
6.176230219e-18 6.176230219e-18 6.176230219e-18 6.176230219e-18 6.176230219e-18 6.176230219e-18
6.176230219e-18 6.176230219e-18 1.494373357e-01 0.000000000e+00 0.000000000e+00 0.000000000e+00
1.022964628e-01 0.000000000e+00 0.000000000e+00 0.000000000e+00 7.446105471e-01 6.176230219e-18
6.176230219e-18 6.176230219e-18 6.176230219e-18 6.176230219e-18 6.176230219e-18 6.176230219e-18
6.176230219e-18 6.176230219e-18 6.176230219e-18 6.176230219e-18 6.176230219e-18 6.176230219e-18

