8.200758039e-18 8.200758039e-18 8.200758039e-18 8.200758039e-18 8.200758039e-18 8.200758039e-18
8.200758039e-18 1.766799761e-04 1.766799761e-04 7.337888385e-02 8.200758039e-18 8.200758039e-18
8.200758039e-18 8.200758039e-18 5.588162366e-02 3.344746393e-01 1.946073421e-02 8.200758039e-18
8.200758039e-18 7.766326462e-02 3.754739243e-01 8.200758039e-18 2.826879617e-03 8.200758039e-18
8.200758039e-18 8.200758039e-18 4.807881281e-02 1.223119774e-02 1.766799761e-04 8.200758039e-18
8.200758039e-18 8.200758039e-18 8.200758039e-18 8.200758039e-18 8.200758039e-18 8.200758039e-18

5.538878717e-18 5.538878717e-18 5.538878717e-18 5.538878717e-18 5.538878717e-18 5.538878717e-18
5.538878717e-18 5.538878717e-18 5.538878717e-18 1.063210327e-02 5.538878717e-18 1.193315245e-04
5.538878717e-18 5.538878717e-18 0.000000000e+00 8.773694850e-01 1.106201470e-01 5.538878717e-18
5.538878717e-18 5.538878717e-18 1.193315245e-04 0.000000000e+00 5.538878717e-18 5.538878717e-18
5.538878717e-18 5.538878717e-18 5.538878717e-18 1.193315245e-04 5.538878717e-18 5.538878717e-18
5.538878717e-18 1.020270183e-03 5.538878717e-18 5.538878717e-18 5.538878717e-18 5.538878717e-18

5.926935692e-18 5.926935692e-18 5.926935692e-18 5.926935692e-18 5.926935692e-18 5.926935692e-18
5.926935692e-18 5.926935692e-18 5.926935692e-18 3.217635731e-04 5.926935692e-18 5.926935692e-18
5.926935692e-18 5.926935692e-18 0.000000000e+00 8.148815736e-01 0.000000000e+00 5.926935692e-18
5.926935692e-18 5.926935692e-18 5.926935692e-18 0.000000000e+00 5.926935692e-18 5.926935692e-18
1.276919586e-04 5.524910173e-04 0.000000000e+00 5.926935692e-18 9.816741525e-02 1.276919586e-04
5.926935692e-18 5.926935692e-18 5.926935692e-18 8.582137270e-02 5.926935692e-18 5.926935692e-18

5.829302978e-18 5.829302978e-18 1.255885256e-04 5.829302978e-18 5.829302978e-18 5.829302978e-18
5.829302978e-18 5.829302978e-18 5.829302978e-18 5.829302978e-18 5.829302978e-18 5.829302978e-18
5.829302978e-18 5.829302978e-18 0.000000000e+00 0.000000000e+00 0.000000000e+00 1.891942366e-02
1.255885256e-04 1.255885256e-04 5.433899910e-04 0.000000000e+00 5.829302978e-18 5.829302978e-18
5.829302978e-18 2.819598601e-02 0.000000000e+00 0.000000000e+00 8.664519185e-01 1.255885256e-04
1.255885256e-04 5.829302978e-18 5.829302978e-18 8.526133917e-02 5.829302978e-18 5.829302978e-18

