5.393404421e-18 5.393404421e-18 5.393404421e-18 5.393404421e-18 5.393404421e-18 5.393404421e-18
5.393404421e-18 5.393404421e-18 5.393404421e-18 1.161973758e-04 5.393404421e-18 5.393404421e-18
5.393404421e-18 5.393404421e-18 2.927990395e-04 9.934735887e-04 2.927990395e-04 5.393404421e-18
5.393404421e-18 2.927990395e-04 9.005400870e-01 5.393404421e-18 5.393404421e-18 5.393404421e-18
5.393404421e-18 5.393404421e-18 9.591590185e-02 0.000000000e+00 1.555943085e-03 5.393404421e-18
5.393404421e-18 5.393404421e-18 5.393404421e-18 5.393404421e-18 5.393404421e-18 5.393404421e-18

1.305729278e-04 6.060658436e-18 6.060658436e-18 6.060658436e-18 6.060658436e-18 6.060658436e-18
6.060658436e-18 2.541031035e-01 6.060658436e-18 1.305729278e-04 6.060658436e-18 6.060658436e-18
6.060658436e-18 2.999087645e-02 6.060658436e-18 3.290231606e-04 5.649562470e-04 6.060658436e-18
6.060658436e-18 3.290231606e-04 0.000000000e+00 0.000000000e+00 6.060658436e-18 6.060658436e-18
6.060658436e-18 6.060658436e-18 1.305729278e-04 0.000000000e+00 7.141607258e-01 6.060658436e-18
6.060658436e-18 6.060658436e-18 6.060658436e-18 6.060658436e-18 6.060658436e-18 1.305729278e-04

1.393918429e-04 6.469996213e-18 6.469996213e-18 3.793182720e-02 6.469996213e-18 6.469996213e-18
3.512454340e-04 1.191783492e-03 6.469996213e-18 7.736039117e-01 6.469996213e-18 6.469996213e-18
6.469996213e-18 0.000000000e+00 0.000000000e+00 6.469996213e-18 1.061845578e-01 1.475443600e-02
6.469996213e-18 6.469996213e-18 0.000000000e+00 0.000000000e+00 6.469996213e-18 6.469996213e-18
6.469996213e-18 6.469996213e-18 6.469996213e-18 0.000000000e+00 6.556406289e-02 6.469996213e-18
6.469996213e-18 6.469996213e-18 6.469996213e-18 6.469996213e-18 1.393918429e-04 1.393918429e-04

4.647784847e-18 4.647784847e-18 4.647784847e-18 1.000000000e+00 4.647784847e-18 4.647784847e-18
4.647784847e-18 4.647784847e-18 4.647784847e-18 4.647784847e-18 4.647784847e-18 4.647784847e-18
4.647784847e-18 0.000000000e+00 0.000000000e+00 0.000000000e+00 4.647784847e-18 4.647784847e-18
4.647784847e-18 4.647784847e-18 0.000000000e+00 0.000000000e+00 4.647784847e-18 4.647784847e-18
4.647784847e-18 4.647784847e-18 4.647784847e-18 0.000000000e+00 0.000000000e+00 4.647784847e-18
4.647784847e-18 4.647784847e-18 4.647784847e-18 4.647784847e-18 4.647784847e-18 4.647784847e-18

