7.312828517e-18 7.312828517e-18 7.312828517e-18 7.312828517e-18 7.312828517e-18 7.312828517e-18
7.312828517e-18 7.312828517e-18 3.375484299e-02 6.816797544e-04 7.312828517e-18 7.312828517e-18
7.312828517e-18 2.083714428e-02 1.222292563e-01 7.312828517e-18 3.970014111e-04 7.312828517e-18
7.312828517e-18 7.312828517e-18 5.795947429e-02 6.740513025e-01 4.806724190e-02 7.312828517e-18
7.312828517e-18 7.312828517e-18 7.312828517e-18 4.202205662e-02 7.312828517e-18 7.312828517e-18
7.312828517e-18 7.312828517e-18 7.312828517e-18 7.312828517e-18 7.312828517e-18 7.312828517e-18

8.959973360e-18 8.959973360e-18 8.959973360e-18 8.959973360e-18 8.959973360e-18 8.352216144e-04
0.000000000e+00 8.959973360e-18 1.363329424e-01 8.959973360e-18 1.889545917e-01 8.959973360e-18
8.959973360e-18 1.650441204e-03 1.662785457e-01 0.000000000e+00 8.959973360e-18 8.959973360e-18
8.959973360e-18 8.959973360e-18 8.959973360e-18 1.336857376e-01 2.379993023e-02 8.959973360e-18
8.959973360e-18 2.182828088e-01 8.959973360e-18 9.928227626e-02 8.959973360e-18 8.959973360e-18
3.089750445e-02 8.959973360e-18 8.959973360e-18 8.959973360e-18 8.959973360e-18 8.959973360e-18

6.431569900e-18 6.431569900e-18 6.431569900e-18 6.431569900e-18 6.431569900e-18 6.431569900e-18
0.000000000e+00 6.431569900e-18 6.431569900e-18 6.431569900e-18 3.469935031e-01 6.431569900e-18
6.431569900e-18 6.431569900e-18 6.431569900e-18 0.000000000e+00 6.431569900e-18 6.431569900e-18
6.431569900e-18 6.431569900e-18 0.000000000e+00 1.104346450e-01 6.431569900e-18 6.431569900e-18
6.431569900e-18 6.431569900e-18 6.431569900e-18 6.431569900e-18 0.000000000e+00 6.431569900e-18
5.425718519e-01 6.431569900e-18 6.431569900e-18 6.431569900e-18 6.431569900e-18 6.431569900e-18

8.558494710e-18 1.576488205e-03 8.558494710e-18 8.558494710e-18 1.576488205e-03 7.977969890e-04
0.000000000e+00 2.010322440e-03 4.255883175e-01 5.728483672e-02 0.000000000e+00 8.558494710e-18
2.951304851e-02 5.065695118e-03 2.010322440e-03 0.000000000e+00 3.127479924e-02 8.558494710e-18
2.010322440e-03 8.558494710e-18 0.000000000e+00 1.901775452e-01 4.622228942e-02 8.558494710e-18
8.558494710e-18 0.000000000e+00 8.558494710e-18 8.558494710e-18 0.000000000e+00 1.170785608e-03
1.887855805e-01 8.558494710e-18 1.493536150e-02 8.558494710e-18 8.558494710e-18 8.558494710e-18

