1.404935970e-04 1.404935970e-04 1.404935970e-04 1.404935970e-04 3.540216804e-04 1.404935970e-04
1.404935970e-04 6.521135109e-18 1.404935970e-04 1.201203357e-03 1.404935970e-04 1.404935970e-04
1.404935970e-04 6.521135109e-18 6.078804896e-04 1.794876868e-02 3.437004588e-03 1.404935970e-04
1.404935970e-04 3.540216804e-04 7.878131145e-01 6.521135109e-18 1.438449539e-01 4.740533783e-03
3.540216804e-04 6.521135109e-18 1.404935970e-04 2.867575611e-02 1.404935970e-04 1.404935970e-04
1.404935970e-04 6.521135109e-18 1.404935970e-04 8.139834807e-03 1.404935970e-04 6.521135109e-18

6.164467017e-18 6.164467017e-18 6.164467017e-18 6.164467017e-18 8.432872258e-04 6.164467017e-18
6.164467017e-18 0.000000000e+00 6.164467017e-18 7.210004361e-03 3.346587574e-04 5.746329689e-04
6.164467017e-18 6.164467017e-18 9.194127502e-03 2.906891605e-01 6.164467017e-18 3.346587574e-04
6.164467017e-18 6.164467017e-18 3.346587574e-04 0.000000000e+00 6.885737782e-01 1.328094159e-04
6.164467017e-18 6.164467017e-18 6.164467017e-18 3.346587574e-04 1.328094159e-04 1.328094159e-04
6.164467017e-18 6.164467017e-18 3.346587574e-04 8.432872258e-04 6.164467017e-18 6.164467017e-18

3.960111991e-04 4.317600629e-03 1.713440945e-03 1.343674719e-03 2.942100380e-03 7.294588656e-18
7.294588656e-18 0.000000000e+00 7.294588656e-18 0.000000000e+00 6.869619807e-03 5.302795200e-03
9.687931246e-03 3.960111991e-04 6.716937053e-02 4.361936683e-02 0.000000000e+00 2.514514376e-03
7.294588656e-18 7.294588656e-18 9.978856914e-04 0.000000000e+00 7.288685776e-01 1.077640417e-01
1.343674719e-03 7.294588656e-18 7.294588656e-18 7.294588656e-18 1.272972903e-02 6.799794897e-04
7.294588656e-18 7.294588656e-18 7.294588656e-18 1.343674719e-03 7.294588656e-18 7.294588656e-18

5.608557840e-18 5.608557840e-18 5.608557840e-18 2.956025095e-03 5.608557840e-18 5.608557840e-18
5.608557840e-18 0.000000000e+00 0.000000000e+00 0.000000000e+00 4.873502752e-02 5.608557840e-18
5.608557840e-18 5.608557840e-18 9.138586115e-01 5.608557840e-18 0.000000000e+00 4.871669826e-03
5.608557840e-18 5.608557840e-18 0.000000000e+00 0.000000000e+00 2.345249190e-02 5.608557840e-18
5.608557840e-18 5.608557840e-18 5.608557840e-18 6.126174139e-03 5.608557840e-18 5.608557840e-18
5.608557840e-18 5.608557840e-18 5.608557840e-18 5.608557840e-18 5.608557840e-18 5.608557840e-18

6.781752421e-18 6.781752421e-18 8.465143490e-03 1.461084268e-04 6.781752421e-18 6.781752421e-18
6.781752421e-18 0.000000000e+00 0.000000000e+00 0.000000000e+00 6.156646001e-01 6.781752421e-18
6.781752421e-18 6.781752421e-18 0.000000000e+00 0.000000000e+00 0.000000000e+00 1.801403062e-02
6.781752421e-18 6.781752421e-18 0.000000000e+00 0.000000000e+00 6.781752421e-18 2.856308014e-01
6.781752421e-18 6.781752421e-18 6.781752421e-18 2.338614382e-02 4.869317217e-02 6.781752421e-18
6.781752421e-18 6.781752421e-18 6.781752421e-18 6.781752421e-18 6.781752421e-18 6.781752421e-18

7.624576316e-18 7.624576316e-18 3.772984878e-02 7.107399412e-04 7.624576316e-18 7.624576316e-18
7.624576316e-18 0.000000000e+00 0.000000000e+00 0.000000000e+00 4.712635008e-01 7.624576316e-18
7.624576316e-18 7.624576316e-18 0.000000000e+00 0.000000000e+00 0.000000000e+00 5.195540488e-02
7.624576316e-18 7.624576316e-18 0.000000000e+00 0.000000000e+00 0.000000000e+00 2.824212673e-01
7.624576316e-18 7.624576316e-18 0.000000000e+00 8.868287131e-02 6.723636696e-02 7.624576316e-18
7.624576316e-18 7.624576316e-18 7.624576316e-18 7.624576316e-18 7.624576316e-18 7.624576316e-18

