6.918127424e-18 6.918127424e-18 6.918127424e-18 6.918127424e-18 6.918127424e-18 6.918127424e-18
1.490465371e-04 6.918127424e-18 1.490465371e-04 2.038927947e-02 6.918127424e-18 6.918127424e-18
6.918127424e-18 6.918127424e-18 0.000000000e+00 5.922547681e-02 1.526019173e-01 6.918127424e-18
6.918127424e-18 2.818915938e-02 3.736307596e-02 6.918127424e-18 3.755737391e-04 6.918127424e-18
6.918127424e-18 6.918127424e-18 7.011102847e-01 1.490465371e-04 1.490465371e-04 6.918127424e-18
6.918127424e-18 6.918127424e-18 6.918127424e-18 1.490465371e-04 6.918127424e-18 6.918127424e-18

4.690283184e-18 4.690283184e-18 4.690283184e-18 4.690283184e-18 4.690283184e-18 4.690283184e-18
4.690283184e-18 4.690283184e-18 4.690283184e-18 0.000000000e+00 4.690283184e-18 4.690283184e-18
4.690283184e-18 4.690283184e-18 0.000000000e+00 4.690283184e-18 4.690283184e-18 4.690283184e-18
4.690283184e-18 9.983832146e-01 4.690283184e-18 0.000000000e+00 1.616785408e-03 4.690283184e-18
4.690283184e-18 4.690283184e-18 4.690283184e-18 4.690283184e-18 4.690283184e-18 4.690283184e-18
4.690283184e-18 4.690283184e-18 4.690283184e-18 4.690283184e-18 4.690283184e-18 4.690283184e-18

3.647275170e-04 1.447422110e-04 1.447422110e-04 6.718338304e-18 2.315875376e-03 1.447422110e-04
6.718338304e-18 6.718338304e-18 6.718338304e-18 0.000000000e+00 1.578084314e-03 6.718338304e-18
1.447422110e-04 6.718338304e-18 0.000000000e+00 4.017356932e-02 1.447422110e-04 6.718338304e-18
1.447422110e-04 0.000000000e+00 0.000000000e+00 0.000000000e+00 5.124821970e-01 4.194929469e-01
9.190557522e-04 6.718338304e-18 1.447422110e-04 1.447422110e-04 1.447422110e-04 6.718338304e-18
1.914320625e-02 1.447422110e-04 6.718338304e-18 1.938173222e-03 6.718338304e-18 1.447422110e-04

