6.468507115e-18 1.393597612e-04 6.468507115e-18 3.409266678e-03 1.393597612e-04 6.468507115e-18
1.393597612e-04 6.468507115e-18 1.393597612e-04 5.208299632e-02 8.848793262e-04 1.393597612e-04
1.393597612e-04 6.468507115e-18 7.750300650e-01 6.468507115e-18 1.458459893e-01 7.565611817e-03
1.393597612e-04 6.468507115e-18 1.866099430e-03 1.073417136e-02 3.511645933e-04 1.393597612e-04
1.393597612e-04 6.468507115e-18 6.468507115e-18 1.393597612e-04 6.468507115e-18 6.468507115e-18
1.393597612e-04 1.393597612e-04 1.393597612e-04 1.393597612e-04 1.393597612e-04 1.393597612e-04

1.326657029e-04 3.342966233e-04 6.157796451e-18 1.134275804e-03 3.342966233e-04 1.326657029e-04
0.000000000e+00 3.342966233e-04 2.483602042e-03 3.342966233e-04 1.326657029e-04 3.342966233e-04
5.799054952e-03 7.686306916e-03 5.192807521e-02 0.000000000e+00 3.644743670e-03 4.476405045e-03
8.959842165e-01 8.423747052e-04 6.157796451e-18 1.754600054e-02 3.342966233e-04 1.326657029e-04
3.342966233e-04 1.326657029e-04 2.122651246e-03 5.740111589e-04 6.157796451e-18 1.326657029e-04
1.326657029e-04 5.740111589e-04 1.134275804e-03 3.342966233e-04 1.326657029e-04 3.342966233e-04

7.275506897e-18 1.567460445e-04 7.275506897e-18 7.275506897e-18 7.275506897e-18 7.275506897e-18
0.000000000e+00 7.275506897e-18 1.567460445e-04 7.275506897e-18 7.275506897e-18 1.567460445e-04
7.275506897e-18 3.519118692e-02 2.298940430e-01 0.000000000e+00 1.567460445e-04 1.567460445e-04
1.567460445e-04 5.533720597e-01 0.000000000e+00 9.588192367e-02 1.567460445e-04 7.275506897e-18
1.567460445e-04 7.275506897e-18 8.361686776e-02 3.949752818e-04 0.000000000e+00 7.275506897e-18
7.275506897e-18 3.949752818e-04 7.275506897e-18 7.275506897e-18 7.275506897e-18 7.275506897e-18

8.004704432e-18 8.004704432e-18 8.004704432e-18 8.004704432e-18 8.004704432e-18 8.004704432e-18
0.000000000e+00 8.004704432e-18 1.724561291e-04 1.724561291e-04 0.000000000e+00 1.724561291e-04
8.004704432e-18 5.357813516e-02 1.831031825e-01 0.000000000e+00 1.724561291e-04 1.724561291e-04
3.176669059e-02 5.082670494e-01 0.000000000e+00 1.313719471e-01 8.004704432e-18 8.004704432e-18
5.944727473e-02 0.000000000e+00 2.517740819e-02 4.345622145e-04 0.000000000e+00 8.004704432e-18
8.004704432e-18 5.819013277e-03 1.724561291e-04 8.004704432e-18 8.004704432e-18 8.004704432e-18

