1.085041883e-17 2.337651873e-04 3.521581766e-02 2.337651873e-04 2.337651873e-04 1.085041883e-17
1.085041883e-17 1.085041883e-17 2.337651873e-04 6.422264143e-03 1.085041883e-17 1.797147171e-01
1.262032481e-01 2.337651873e-04 0.000000000e+00 7.131983273e-02 5.008379222e-02 1.085041883e-17
2.337651873e-04 1.085041883e-17 7.924088017e-02 1.085041883e-17 1.041858681e-01 1.011443223e-03
1.269072685e-02 1.085041883e-17 5.718780347e-03 5.736347095e-02 5.860039837e-02 4.653870867e-02
1.085041883e-17 2.337651873e-04 1.085041883e-17 9.011674692e-02 7.393694811e-02 1.085041883e-17

5.749457184e-03 2.562348898e-03 6.456714628e-03 2.562348898e-03 6.456714628e-03 3.760306510e-03
3.760306510e-03 3.760306510e-03 1.537235406e-02 0.000000000e+00 9.475378652e-03 3.147028316e-03
8.694106236e-03 8.694106236e-03 0.000000000e+00 1.973646619e-01 3.147028316e-03 7.930014440e-03
1.061870033e-01 2.487645646e-02 3.147028316e-03 0.000000000e+00 3.622569615e-01 1.810232653e-02
2.690671362e-02 1.108663979e-02 4.214034019e-02 6.395428788e-02 6.456714628e-03 6.456714628e-03
5.063334244e-03 4.399735917e-03 8.694106236e-03 1.191538461e-02 4.399735917e-03 5.063334244e-03

6.989448038e-18 6.989448038e-18 6.989448038e-18 6.989448038e-18 6.989448038e-18 6.989448038e-18
6.989448038e-18 6.989448038e-18 6.515352043e-04 0.000000000e+00 6.989448038e-18 6.989448038e-18
1.641765837e-03 2.016385662e-03 0.000000000e+00 6.264444417e-01 6.989448038e-18 6.989448038e-18
6.989448038e-18 0.000000000e+00 0.000000000e+00 0.000000000e+00 6.254030338e-02 6.989448038e-18
1.287467337e-03 6.989448038e-18 2.060722777e-01 9.211203189e-02 6.989448038e-18 6.989448038e-18
6.989448038e-18 6.989448038e-18 6.582256101e-03 6.515352043e-04 6.989448038e-18 6.989448038e-18

