7.312828517e-18 7.312828517e-18 7.312828517e-18 7.312828517e-18 7.312828517e-18 7.312828517e-18
7.312828517e-18 7.312828517e-18 3.375484299e-02 6.816797544e-04 7.312828517e-18 7.312828517e-18
7.312828517e-18 2.083714428e-02 1.222292563e-01 7.312828517e-18 3.970014111e-04 7.312828517e-18
7.312828517e-18 7.312828517e-18 5.795947429e-02 6.740513025e-01 4.806724190e-02 7.312828517e-18
7.312828517e-18 7.312828517e-18 7.312828517e-18 4.202205662e-02 7.312828517e-18 7.312828517e-18
7.312828517e-18 7.312828517e-18 7.312828517e-18 7.312828517e-18 7.312828517e-18 7.312828517e-18

8.181483411e-18 8.181483411e-18 8.181483411e-18 8.181483411e-18 8.181483411e-18 8.181483411e-18
8.181483411e-18 8.181483411e-18 3.866623283e-02 1.021232076e-02 1.119211187e-03 8.181483411e-18
3.776441459e-02 1.492903000e-01 8.181483411e-18 0.000000000e+00 0.000000000e+00 8.181483411e-18
8.181483411e-18 7.626531361e-04 5.386266241e-01 9.177704100e-02 7.640648036e-02 4.441592541e-04
8.181483411e-18 8.181483411e-18 4.796581091e-02 6.520592592e-03 4.441592541e-04 8.181483411e-18
8.181483411e-18 8.181483411e-18 8.181483411e-18 8.181483411e-18 8.181483411e-18 8.181483411e-18

5.986339134e-18 5.986339134e-18 5.986339134e-18 1.289717670e-04 5.986339134e-18 5.986339134e-18
5.986339134e-18 5.986339134e-18 5.986339134e-18 5.986339134e-18 5.986339134e-18 5.986339134e-18
5.986339134e-18 3.438163531e-01 0.000000000e+00 0.000000000e+00 0.000000000e+00 5.986339134e-18
5.986339134e-18 1.096575887e-02 0.000000000e+00 6.439862232e-01 5.986339134e-18 5.986339134e-18
5.986339134e-18 5.986339134e-18 5.986339134e-18 1.102693097e-03 5.986339134e-18 5.986339134e-18
5.986339134e-18 5.986339134e-18 5.986339134e-18 5.986339134e-18 5.986339134e-18 5.986339134e-18

1.428475224e-04 1.428475224e-04 1.428475224e-04 1.428475224e-04 1.428475224e-04 1.428475224e-04
1.428475224e-04 3.599532008e-04 3.599532008e-04 0.000000000e+00 1.428475224e-04 2.674213385e-03
3.494590504e-03 4.722674690e-01 0.000000000e+00 0.000000000e+00 0.000000000e+00 1.428475224e-04
1.428475224e-04 4.708237783e-01 0.000000000e+00 0.000000000e+00 4.518084996e-02 1.428475224e-04
1.221329137e-03 1.428475224e-04 6.180653335e-04 1.428475224e-04 1.428475224e-04 1.428475224e-04
1.428475224e-04 1.428475224e-04 1.428475224e-04 1.428475224e-04 1.428475224e-04 1.428475224e-04

3.609445831e-02 3.609445831e-02 3.609445831e-02 0.000000000e+00 3.609445831e-02 3.609445831e-02
3.609445831e-02 3.609445831e-02 3.476385421e-02 0.000000000e+00 3.609445831e-02 3.609445831e-02
3.609445831e-02 3.609445831e-02 0.000000000e+00 0.000000000e+00 0.000000000e+00 3.609445831e-02
3.609445831e-02 3.609445831e-02 0.000000000e+00 0.000000000e+00 3.609445831e-02 3.609445831e-02
3.609445831e-02 3.609445831e-02 3.609445831e-02 3.609445831e-02 3.476385421e-02 3.476385421e-02
3.476385421e-02 3.476385421e-02 0.000000000e+00 3.476385421e-02 3.476385421e-02 3.476385421e-02

