1.101153714e-17 6.517628605e-03 2.372363761e-04 3.176718030e-03 1.101153714e-17 5.977982080e-04
8.776128227e-03 4.486849641e-02 0.000000000e+00 7.370386131e-02 1.101153714e-17 8.866247469e-02
1.202779680e-02 1.190115473e-01 1.101153714e-17 1.774036964e-01 1.026462184e-03 1.037002595e-02
5.977982080e-04 7.105990292e-02 7.503484086e-02 7.771453418e-02 1.101153714e-17 2.511114608e-02
7.906314482e-02 1.101153714e-17 5.977982080e-04 1.101153714e-17 1.101153714e-17 3.176718030e-03
1.101153714e-17 1.026462184e-03 5.977982080e-04 1.160270010e-01 2.586522626e-03 1.026462184e-03

4.258498747e-03 1.533485369e-01 7.312146252e-03 1.255075482e-03 2.646796655e-03 9.174657428e-18
4.258498747e-03 9.174657428e-18 0.000000000e+00 3.935117306e-02 4.980770350e-04 1.689986348e-03
1.292886216e-02 0.000000000e+00 0.000000000e+00 1.156962117e-01 1.255075482e-03 2.155054169e-03
9.174657428e-18 1.315078219e-01 3.846626486e-01 1.196014096e-01 9.174657428e-18 3.162592037e-03
1.255075482e-03 9.174657428e-18 1.689986348e-03 9.174657428e-18 9.174657428e-18 2.155054169e-03
9.174657428e-18 2.646796655e-03 9.174657428e-18 2.646796655e-03 3.162592037e-03 8.552338138e-04

3.762570078e-04 6.020112125e-03 3.762570078e-04 1.276648313e-03 6.930713342e-18 3.762570078e-04
1.627969523e-03 0.000000000e+00 0.000000000e+00 3.377611761e-01 6.930713342e-18 6.930713342e-18
3.762570078e-04 0.000000000e+00 0.000000000e+00 6.930713342e-18 1.211256314e-01 3.762570078e-04
3.762570078e-04 3.216952166e-03 0.000000000e+00 5.240801693e-01 6.930713342e-18 6.930713342e-18
3.762570078e-04 6.930713342e-18 6.930713342e-18 3.762570078e-04 6.930713342e-18 6.930713342e-18
3.762570078e-04 3.762570078e-04 3.762570078e-04 6.930713342e-18 3.762570078e-04 3.762570078e-04

5.433322055e-04 4.400990864e-02 6.590978936e-03 2.887284021e-03 1.369111366e-03 4.036597683e-03
3.048390477e-02 0.000000000e+00 0.000000000e+00 1.552548542e-01 5.433322055e-04 1.017158878e-02
4.729972272e-02 0.000000000e+00 0.000000000e+00 0.000000000e+00 1.290444352e-01 3.449944458e-03
4.185010759e-02 5.433322055e-04 0.000000000e+00 2.657316192e-01 3.449944458e-03 5.433322055e-04
1.329196008e-02 0.000000000e+00 2.191402372e-01 2.350861920e-03 5.433322055e-04 3.449944458e-03
2.887284021e-03 9.329401711e-04 1.843538138e-03 2.350861920e-03 4.036597683e-03 1.369111366e-03

1.538548677e-04 9.769175153e-04 3.876899729e-04 1.315440615e-03 1.538548677e-04 1.538548677e-04
6.203039566e-03 0.000000000e+00 0.000000000e+00 4.866233292e-02 1.538548677e-04 3.876899729e-04
2.104704984e-02 0.000000000e+00 0.000000000e+00 0.000000000e+00 1.370803606e-02 3.763871788e-03
3.314702642e-03 0.000000000e+00 0.000000000e+00 7.458979569e-01 3.876899729e-04 1.538548677e-04
1.370803606e-02 0.000000000e+00 0.000000000e+00 1.538548677e-04 1.538548677e-04 3.876899729e-04
6.656913505e-04 5.691580986e-03 1.303099098e-01 1.538548677e-04 9.769175153e-04 9.769175153e-04

