6.502637033e-18 6.502637033e-18 6.502637033e-18 6.502637033e-18 1.400950680e-04 6.502637033e-18
1.400950680e-04 1.400950680e-04 1.400950680e-04 1.400950680e-04 6.502637033e-18 6.502637033e-18
6.502637033e-18 2.241521088e-03 1.197795983e-03 0.000000000e+00 6.061561549e-04 6.502637033e-18
6.502637033e-18 1.400950680e-04 1.423812670e-01 1.400950680e-04 3.018256744e-03 6.502637033e-18
1.400950680e-04 6.764034478e-02 7.550175388e-01 6.502637033e-18 2.649616876e-02 1.400950680e-04
6.502637033e-18 6.502637033e-18 6.502637033e-18 6.502637033e-18 1.400950680e-04 6.502637033e-18

5.311980834e-03 4.325079684e-03 1.346002266e-03 1.212598190e-02 2.108060991e-03 3.851317875e-03
1.574293800e-04 2.947196760e-03 4.812199108e-03 6.811573671e-04 9.996142539e-04 2.518870080e-03
9.996142539e-04 1.254702598e-01 3.966971796e-04 0.000000000e+00 3.966971796e-04 4.812199108e-03
2.225687880e-02 1.089851787e-02 0.000000000e+00 1.574293800e-04 2.947196760e-03 3.966971796e-04
3.966971796e-04 1.574293800e-04 7.702415454e-01 0.000000000e+00 9.996142539e-04 2.108060991e-03
1.574293800e-04 1.402651506e-02 1.574293800e-04 6.811573671e-04 1.574293800e-04 9.996142539e-04

4.693201400e-18 4.693201400e-18 4.693201400e-18 4.693201400e-18 4.693201400e-18 4.693201400e-18
4.693201400e-18 4.693201400e-18 4.693201400e-18 4.693201400e-18 0.000000000e+00 4.693201400e-18
4.693201400e-18 4.693201400e-18 4.693201400e-18 0.000000000e+00 4.693201400e-18 1.011119590e-04
4.693201400e-18 4.374860384e-04 0.000000000e+00 4.693201400e-18 1.011119590e-04 4.693201400e-18
1.011119590e-04 0.000000000e+00 9.990043919e-01 0.000000000e+00 2.547861712e-04 4.693201400e-18
4.693201400e-18 4.693201400e-18 4.693201400e-18 4.693201400e-18 4.693201400e-18 4.693201400e-18

1.134599389e-04 5.266343853e-18 1.134599389e-04 1.134599389e-04 7.204257052e-04 0.000000000e+00
1.134599389e-04 1.134599389e-04 1.134599389e-04 1.134599389e-04 0.000000000e+00 7.204257052e-04
5.266343853e-18 1.237022348e-03 1.134599389e-04 0.000000000e+00 1.134599389e-04 9.684112654e-01
3.828364315e-03 1.134599389e-04 0.000000000e+00 5.266343853e-18 1.656437036e-02 1.134599389e-04
1.134599389e-04 0.000000000e+00 0.000000000e+00 0.000000000e+00 1.134599389e-04 1.134599389e-04
5.352284850e-03 1.237022348e-03 5.266343853e-18 1.134599389e-04 1.134599389e-04 1.134599389e-04

1.755158510e-04 1.755158510e-04 1.755158510e-04 1.500639418e-03 1.755158510e-04 0.000000000e+00
1.783129898e-02 3.285789142e-03 4.422722306e-04 1.500639418e-03 0.000000000e+00 7.395376273e-02
1.755158510e-04 8.364691081e-02 0.000000000e+00 0.000000000e+00 4.422722306e-04 6.268625306e-01
4.967239859e-02 1.755158510e-04 0.000000000e+00 1.755158510e-04 5.849370732e-02 1.755158510e-04
1.755158510e-04 0.000000000e+00 0.000000000e+00 0.000000000e+00 1.114456186e-03 1.755158510e-04
5.650251777e-02 1.421678393e-02 0.000000000e+00 3.781374381e-03 1.755158510e-04 4.821971867e-03

4.000000000e-02 4.000000000e-02 4.000000000e-02 4.000000000e-02 4.000000000e-02 0.000000000e+00
4.000000000e-02 4.000000000e-02 0.000000000e+00 4.000000000e-02 0.000000000e+00 4.000000000e-02
4.000000000e-02 0.000000000e+00 0.000000000e+00 0.000000000e+00 4.000000000e-02 4.000000000e-02
4.000000000e-02 4.000000000e-02 0.000000000e+00 4.000000000e-02 4.000000000e-02 4.000000000e-02
4.000000000e-02 0.000000000e+00 0.000000000e+00 0.000000000e+00 4.000000000e-02 4.000000000e-02
4.000000000e-02 4.000000000e-02 0.000000000e+00 4.000000000e-02 4.000000000e-02 4.000000000e-02

