8.228047915e-18 8.228047915e-18 8.228047915e-18 8.228047915e-18 8.228047915e-18 8.228047915e-18
8.228047915e-18 8.228047915e-18 9.684296332e-02 2.373709304e-03 4.466871642e-04 8.228047915e-18
8.228047915e-18 6.938629661e-02 2.325798772e-01 3.797934887e-02 8.228047915e-18 8.228047915e-18
8.228047915e-18 4.466871642e-04 8.228047915e-18 4.405755209e-01 5.907761428e-02 8.228047915e-18
8.228047915e-18 4.466871642e-04 7.669937383e-04 5.907761428e-02 8.228047915e-18 8.228047915e-18
8.228047915e-18 8.228047915e-18 8.228047915e-18 8.228047915e-18 8.228047915e-18 8.228047915e-18

8.649848757e-18 8.649848757e-18 8.649848757e-18 8.649848757e-18 8.649848757e-18 2.549305222e-02
8.649848757e-18 8.649848757e-18 5.478810913e-02 2.031780780e-03 9.584589589e-02 8.649848757e-18
8.649848757e-18 4.301310807e-01 0.000000000e+00 8.649848757e-18 8.649848757e-18 8.649848757e-18
8.649848757e-18 8.649848757e-18 0.000000000e+00 1.950288880e-01 3.992631387e-02 8.649848757e-18
8.649848757e-18 8.078052182e-02 8.649848757e-18 5.685547960e-02 1.863553423e-04 8.649848757e-18
1.893252265e-02 8.649848757e-18 8.649848757e-18 8.649848757e-18 8.649848757e-18 8.649848757e-18

4.935131759e-18 4.935131759e-18 4.935131759e-18 4.935131759e-18 4.935131759e-18 4.935131759e-18
4.935131759e-18 4.935131759e-18 4.935131759e-18 4.935131759e-18 1.803415907e-02 4.935131759e-18
4.935131759e-18 4.935131759e-18 0.000000000e+00 0.000000000e+00 4.935131759e-18 4.935131759e-18
4.935131759e-18 4.935131759e-18 0.000000000e+00 9.790447814e-01 2.921059568e-03 4.935131759e-18
4.935131759e-18 0.000000000e+00 4.935131759e-18 4.935131759e-18 4.935131759e-18 4.935131759e-18
4.935131759e-18 4.935131759e-18 4.935131759e-18 4.935131759e-18 4.935131759e-18 4.935131759e-18

8.335120553e-18 8.003394009e-02 8.335120553e-18 8.335120553e-18 8.335120553e-18 3.868820248e-03
8.335120553e-18 8.335120553e-18 1.533868050e-01 6.501536554e-02 3.336520515e-01 8.335120553e-18
8.335120553e-18 2.486640647e-01 0.000000000e+00 0.000000000e+00 8.335120553e-18 8.335120553e-18
1.140228453e-03 0.000000000e+00 0.000000000e+00 0.000000000e+00 1.098462834e-01 8.335120553e-18
8.335120553e-18 0.000000000e+00 4.524999613e-04 2.404598686e-03 1.535342333e-03 8.335120553e-18
8.335120553e-18 8.335120553e-18 8.335120553e-18 8.335120553e-18 8.335120553e-18 8.335120553e-18

1.166602633e-03 1.569347356e-01 8.527916983e-18 8.527916983e-18 8.527916983e-18 1.562141389e-02
4.629665619e-04 0.000000000e+00 2.770746449e-01 2.265228043e-02 1.894980803e-01 8.527916983e-18
8.527916983e-18 2.265228043e-02 0.000000000e+00 0.000000000e+00 8.527916983e-18 2.460218523e-03
6.199362209e-03 0.000000000e+00 0.000000000e+00 0.000000000e+00 1.201748011e-02 8.527916983e-18
1.837284019e-04 0.000000000e+00 4.629665619e-04 2.893541012e-01 0.000000000e+00 1.166602633e-03
4.629665619e-04 8.527916983e-18 4.629665619e-04 8.527916983e-18 1.166602633e-03 8.527916983e-18

8.597544820e-04 5.623562979e-02 9.223153619e-18 9.223153619e-18 9.223153619e-18 1.078746591e-02
9.469920605e-02 0.000000000e+00 8.734561083e-02 4.358923527e-02 5.193146621e-02 9.223153619e-18
9.223153619e-18 4.494808918e-01 0.000000000e+00 0.000000000e+00 5.007098133e-04 4.281008685e-03
4.055749488e-02 0.000000000e+00 0.000000000e+00 0.000000000e+00 3.758140483e-02 9.223153619e-18
1.085552171e-01 0.000000000e+00 0.000000000e+00 9.223153619e-18 0.000000000e+00 8.597544820e-04
2.660787320e-03 9.223153619e-18 9.223153619e-18 9.223153619e-18 1.007436257e-02 0.000000000e+00

7.767080634e-18 5.481660241e-02 7.767080634e-18 7.767080634e-18 7.767080634e-18 2.289133577e-02
4.644472161e-02 0.000000000e+00 7.767080634e-18 7.767080634e-18 4.463234730e-02 7.767080634e-18
7.767080634e-18 7.767080634e-18 0.000000000e+00 0.000000000e+00 0.000000000e+00 1.824425558e-03
6.481862339e-01 0.000000000e+00 0.000000000e+00 0.000000000e+00 8.483907962e-03 7.767080634e-18
4.919665920e-02 0.000000000e+00 0.000000000e+00 0.000000000e+00 0.000000000e+00 1.824425558e-03
4.093687882e-03 1.430708485e-03 1.430708485e-03 7.767080634e-18 1.147442359e-01 0.000000000e+00

