1.439980377e-04 3.628523176e-04 1.439980377e-04 6.230433239e-04 3.628523176e-04 1.439980377e-04
1.439980377e-04 6.683796837e-18 6.230433239e-04 1.439980377e-04 6.683796837e-18 3.628523176e-04
1.439980377e-04 1.231165904e-03 1.166384105e-02 5.805637082e-03 1.439980377e-04 3.628523176e-04
2.303968603e-03 3.382399548e-02 6.683796837e-18 7.859378555e-01 1.439980377e-04 1.439980377e-04
1.439980377e-04 1.439980377e-04 1.250786593e-01 1.439980377e-04 1.439980377e-04 1.439980377e-04
6.683796837e-18 3.628523176e-04 2.794866267e-02 1.439980377e-04 3.628523176e-04 6.230433239e-04

1.391002063e-04 1.391002063e-04 6.456459641e-18 1.862623854e-03 1.391002063e-04 0.000000000e+00
6.456459641e-18 6.456459641e-18 1.391002063e-04 6.561822032e-03 1.391002063e-04 8.832312549e-04
6.456459641e-18 1.862623854e-03 8.187540690e-01 6.456459641e-18 7.065986622e-02 2.604060799e-03
1.516571095e-03 1.391002063e-04 0.000000000e+00 8.050764391e-02 7.052329174e-03 6.456459641e-18
1.391002063e-04 6.456459641e-18 2.996823097e-03 1.391002063e-04 6.456459641e-18 6.456459641e-18
6.456459641e-18 6.456459641e-18 2.996823097e-03 1.391002063e-04 1.391002063e-04 3.505105558e-04

5.641879223e-18 1.215506032e-04 5.641879223e-18 1.039243039e-03 1.215506032e-04 0.000000000e+00
5.641879223e-18 5.641879223e-18 1.215506032e-04 8.996929279e-01 5.641879223e-18 6.174505121e-02
5.641879223e-18 5.641879223e-18 1.234877154e-02 0.000000000e+00 0.000000000e+00 5.641879223e-18
5.641879223e-18 5.641879223e-18 0.000000000e+00 2.480935449e-02 5.641879223e-18 5.641879223e-18
5.641879223e-18 5.641879223e-18 5.641879223e-18 5.641879223e-18 5.641879223e-18 5.641879223e-18
5.641879223e-18 5.641879223e-18 5.641879223e-18 5.641879223e-18 5.641879223e-18 5.641879223e-18

6.087846825e-18 6.087846825e-18 6.087846825e-18 6.087846825e-18 6.087846825e-18 0.000000000e+00
6.087846825e-18 6.087846825e-18 0.000000000e+00 8.085259397e-03 0.000000000e+00 6.829135250e-02
6.087846825e-18 6.087846825e-18 9.353392630e-02 0.000000000e+00 0.000000000e+00 6.087846825e-18
6.087846825e-18 6.087846825e-18 0.000000000e+00 8.198558189e-01 6.087846825e-18 6.087846825e-18
6.087846825e-18 1.311586839e-04 6.087846825e-18 6.087846825e-18 6.087846825e-18 6.087846825e-18
6.087846825e-18 6.087846825e-18 1.010248422e-02 6.087846825e-18 6.087846825e-18 6.087846825e-18

6.409951785e-18 6.409951785e-18 6.409951785e-18 6.409951785e-18 6.409951785e-18 0.000000000e+00
6.409951785e-18 6.409951785e-18 0.000000000e+00 1.581049578e-02 0.000000000e+00 1.402990512e-02
6.409951785e-18 6.409951785e-18 0.000000000e+00 0.000000000e+00 0.000000000e+00 6.409951785e-18
6.409951785e-18 3.171933777e-02 0.000000000e+00 6.581451095e-02 6.409951785e-18 6.409951785e-18
5.975163165e-04 6.409951785e-18 0.000000000e+00 6.239592064e-02 6.409951785e-18 6.409951785e-18
6.409951785e-18 6.409951785e-18 8.096323134e-01 6.409951785e-18 6.409951785e-18 6.409951785e-18

