1.439980377e-04 3.628523176e-04 1.439980377e-04 6.230433239e-04 3.628523176e-04 1.439980377e-04
1.439980377e-04 6.683796837e-18 6.230433239e-04 1.439980377e-04 6.683796837e-18 3.628523176e-04
1.439980377e-04 1.231165904e-03 1.166384105e-02 5.805637082e-03 1.439980377e-04 3.628523176e-04
2.303968603e-03 3.382399548e-02 6.683796837e-18 7.859378555e-01 1.439980377e-04 1.439980377e-04
1.439980377e-04 1.439980377e-04 1.250786593e-01 1.439980377e-04 1.439980377e-04 1.439980377e-04
6.683796837e-18 3.628523176e-04 2.794866267e-02 1.439980377e-04 3.628523176e-04 6.230433239e-04

6.432952058e-18 6.432952058e-18 6.432952058e-18 1.385937507e-04 6.432952058e-18 6.432952058e-18
6.432952058e-18 6.432952058e-18 6.432952058e-18 6.432952058e-18 6.432952058e-18 6.432952058e-18
6.432952058e-18 1.511049351e-03 4.964227044e-01 0.000000000e+00 6.432952058e-18 6.432952058e-18
4.540052169e-01 6.432952058e-18 0.000000000e+00 3.998290713e-02 6.432952058e-18 6.432952058e-18
6.432952058e-18 4.676429187e-03 2.985911844e-03 6.432952058e-18 6.432952058e-18 6.432952058e-18
6.432952058e-18 1.385937507e-04 1.385937507e-04 6.432952058e-18 6.432952058e-18 6.432952058e-18

5.502229276e-18 5.502229276e-18 5.502229276e-18 5.502229276e-18 5.502229276e-18 5.502229276e-18
5.502229276e-18 5.502229276e-18 5.502229276e-18 5.502229276e-18 5.502229276e-18 5.502229276e-18
8.665468107e-03 9.447720327e-02 2.987069616e-04 0.000000000e+00 5.502229276e-18 5.502229276e-18
5.502229276e-18 0.000000000e+00 0.000000000e+00 0.000000000e+00 5.502229276e-18 5.502229276e-18
2.219194475e-03 8.935867328e-01 5.502229276e-18 5.502229276e-18 5.502229276e-18 5.502229276e-18
7.526943772e-04 5.502229276e-18 5.502229276e-18 5.502229276e-18 5.502229276e-18 5.502229276e-18

5.066768560e-18 5.066768560e-18 5.066768560e-18 5.066768560e-18 5.066768560e-18 5.066768560e-18
5.066768560e-18 5.066768560e-18 5.066768560e-18 5.066768560e-18 5.066768560e-18 5.066768560e-18
5.066768560e-18 5.066768560e-18 4.865118013e-02 0.000000000e+00 5.066768560e-18 5.066768560e-18
0.000000000e+00 0.000000000e+00 0.000000000e+00 0.000000000e+00 0.000000000e+00 5.066768560e-18
5.066768560e-18 9.513488199e-01 5.066768560e-18 5.066768560e-18 5.066768560e-18 5.066768560e-18
5.066768560e-18 5.066768560e-18 5.066768560e-18 5.066768560e-18 5.066768560e-18 5.066768560e-18

