1.494458114e-04 1.494458114e-04 1.494458114e-04 1.494458114e-04 1.494458114e-04 1.494458114e-04
1.494458114e-04 1.494458114e-04 1.485188014e-01 1.494458114e-04 3.765798472e-04 1.494458114e-04
1.494458114e-04 9.489217528e-04 3.219712403e-03 3.765798472e-04 6.466144718e-04 1.494458114e-04
1.494458114e-04 1.494458114e-04 4.041340448e-01 0.000000000e+00 4.375165744e-01 1.494458114e-04
1.494458114e-04 1.494458114e-04 3.765798472e-04 1.494458114e-04 1.494458114e-04 1.494458114e-04
1.494458114e-04 1.494458114e-04 1.494458114e-04 1.494458114e-04 1.494458114e-04 1.494458114e-04

8.668998404e-18 8.668998404e-18 8.668998404e-18 8.668998404e-18 8.668998404e-18 6.224365113e-02
8.668998404e-18 8.668998404e-18 1.217367968e-01 8.668998404e-18 3.918481927e-01 8.668998404e-18
8.668998404e-18 2.138255751e-02 2.011466120e-01 0.000000000e+00 1.867679089e-04 8.668998404e-18
8.668998404e-18 8.668998404e-18 8.668998404e-18 0.000000000e+00 0.000000000e+00 1.082084848e-02
8.668998404e-18 4.881126524e-02 1.204801638e-01 1.221629105e-02 1.596843159e-03 8.668998404e-18
7.530010235e-03 8.668998404e-18 8.668998404e-18 8.668998404e-18 8.668998404e-18 8.668998404e-18

6.965510897e-18 6.965510897e-18 8.146910967e-03 6.965510897e-18 6.965510897e-18 6.965510897e-18
6.965510897e-18 6.965510897e-18 7.158722028e-01 6.965510897e-18 6.050337756e-03 6.965510897e-18
4.587162364e-03 2.764264831e-02 6.965510897e-18 0.000000000e+00 1.685344220e-01 9.250883613e-03
6.965510897e-18 6.965510897e-18 0.000000000e+00 0.000000000e+00 0.000000000e+00 6.965510897e-18
6.965510897e-18 1.155892484e-02 4.329293499e-02 0.000000000e+00 6.965510897e-18 6.965510897e-18
6.965510897e-18 6.965510897e-18 5.063572395e-03 6.965510897e-18 6.965510897e-18 6.965510897e-18

5.183744734e-18 5.183744734e-18 5.183744734e-18 5.183744734e-18 5.183744734e-18 5.183744734e-18
5.183744734e-18 5.183744734e-18 9.618196208e-01 5.183744734e-18 2.814169606e-04 5.183744734e-18
2.335933777e-02 5.183744734e-18 0.000000000e+00 0.000000000e+00 1.230123825e-02 4.832130043e-04
5.183744734e-18 5.183744734e-18 0.000000000e+00 0.000000000e+00 0.000000000e+00 5.183744734e-18
5.183744734e-18 2.814169606e-04 7.091263048e-04 0.000000000e+00 0.000000000e+00 5.183744734e-18
2.814169606e-04 5.183744734e-18 4.832130043e-04 5.183744734e-18 5.183744734e-18 5.183744734e-18

