1.162139615e-17 6.678058511e-02 5.621199046e-02 5.881119079e-02 1.162139615e-17 1.162139615e-17
7.919054351e-02 1.162139615e-17 1.162139615e-17 7.085825074e-02 1.162139615e-17 6.949232724e-02
5.621199046e-02 1.162139615e-17 6.276425407e-02 8.774822314e-02 5.750791930e-02 1.162139615e-17
1.162139615e-17 1.162139615e-17 7.638746879e-02 1.162139615e-17 9.064887715e-02 1.450610106e-02
4.984552010e-02 1.162139615e-17 3.086933481e-02 0.000000000e+00 6.949232724e-02 1.083311397e-03
1.162139615e-17 1.162139615e-17 1.162139615e-17 1.589784631e-03 1.162139615e-17 1.162139615e-17

3.270097872e-04 1.297739200e-04 1.414889175e-03 3.270097872e-04 3.270097872e-04 3.270097872e-04
6.023571781e-18 6.023571781e-18 3.966844956e-03 6.265711434e-02 6.023571781e-18 1.297739200e-04
8.240130287e-04 1.737740048e-03 6.023571781e-18 8.827339847e-01 6.121869914e-03 6.023571781e-18
6.023571781e-18 1.297739200e-04 0.000000000e+00 0.000000000e+00 3.270097872e-04 1.109551409e-03
3.270097872e-04 6.023571781e-18 3.461353891e-02 0.000000000e+00 1.297739200e-04 8.240130287e-04
6.023571781e-18 5.614991412e-04 6.023571781e-18 1.297739200e-04 8.240130287e-04 6.023571781e-18

5.195775668e-18 5.195775668e-18 5.195775668e-18 5.195775668e-18 5.195775668e-18 5.195775668e-18
5.195775668e-18 5.195775668e-18 5.195775668e-18 9.240048436e-01 5.195775668e-18 5.195775668e-18
5.195775668e-18 0.000000000e+00 0.000000000e+00 5.195775668e-18 7.599515639e-02 5.195775668e-18
5.195775668e-18 5.195775668e-18 0.000000000e+00 0.000000000e+00 5.195775668e-18 5.195775668e-18
5.195775668e-18 5.195775668e-18 5.195775668e-18 0.000000000e+00 5.195775668e-18 5.195775668e-18
5.195775668e-18 5.195775668e-18 5.195775668e-18 5.195775668e-18 5.195775668e-18 5.195775668e-18

4.647784847e-18 4.647784847e-18 4.647784847e-18 4.647784847e-18 4.647784847e-18 4.647784847e-18
4.647784847e-18 4.647784847e-18 4.647784847e-18 4.647784847e-18 4.647784847e-18 4.647784847e-18
4.647784847e-18 0.000000000e+00 0.000000000e+00 0.000000000e+00 1.000000000e+00 4.647784847e-18
4.647784847e-18 4.647784847e-18 0.000000000e+00 0.000000000e+00 4.647784847e-18 4.647784847e-18
4.647784847e-18 4.647784847e-18 4.647784847e-18 0.000000000e+00 0.000000000e+00 4.647784847e-18
4.647784847e-18 4.647784847e-18 4.647784847e-18 4.647784847e-18 4.647784847e-18 4.647784847e-18

