7.772125505e-18 7.772125505e-18 7.772125505e-18 7.772125505e-18 7.772125505e-18 7.772125505e-18
7.772125505e-18 2.601018096e-02 3.347865917e-01 7.772125505e-18 1.063211813e-03 7.772125505e-18
7.772125505e-18 1.674453680e-04 2.076832732e-01 2.290620414e-02 1.674453680e-04 7.772125505e-18
7.772125505e-18 6.750974204e-03 5.485220687e-02 3.452775757e-01 1.674453680e-04 7.772125505e-18
7.772125505e-18 7.772125505e-18 7.772125505e-18 1.674453680e-04 7.772125505e-18 7.772125505e-18
7.772125505e-18 7.772125505e-18 7.772125505e-18 7.772125505e-18 7.772125505e-18 7.772125505e-18

5.697449158e-18 5.697449158e-18 5.697449158e-18 5.697449158e-18 3.093051273e-04 5.697449158e-18
5.697449158e-18 5.697449158e-18 5.697449158e-18 0.000000000e+00 5.697449158e-18 5.697449158e-18
5.697449158e-18 5.697449158e-18 5.697449158e-18 1.227478211e-04 5.697449158e-18 5.697449158e-18
5.697449158e-18 8.483454454e-01 1.229062010e-01 0.000000000e+00 5.697449158e-18 5.697449158e-18
1.227478211e-04 5.697449158e-18 2.819355283e-02 5.697449158e-18 5.697449158e-18 5.697449158e-18
5.697449158e-18 5.697449158e-18 5.697449158e-18 5.697449158e-18 5.697449158e-18 5.697449158e-18

5.030138348e-18 5.030138348e-18 5.030138348e-18 5.030138348e-18 5.030138348e-18 5.030138348e-18
5.030138348e-18 5.030138348e-18 9.598594244e-01 0.000000000e+00 5.030138348e-18 5.030138348e-18
5.030138348e-18 5.030138348e-18 0.000000000e+00 5.030138348e-18 5.030138348e-18 5.030138348e-18
5.030138348e-18 0.000000000e+00 5.030138348e-18 0.000000000e+00 5.030138348e-18 5.030138348e-18
5.030138348e-18 5.030138348e-18 3.986749772e-02 5.030138348e-18 5.030138348e-18 5.030138348e-18
5.030138348e-18 5.030138348e-18 2.730779229e-04 5.030138348e-18 5.030138348e-18 5.030138348e-18

7.048108535e-18 7.048108535e-18 1.670258688e-01 7.048108535e-18 7.048108535e-18 7.048108535e-18
7.048108535e-18 7.048108535e-18 2.416981378e-01 0.000000000e+00 1.352913137e-02 7.048108535e-18
9.641676852e-04 2.033308627e-03 0.000000000e+00 5.548850966e-01 7.048108535e-18 7.048108535e-18
7.048108535e-18 0.000000000e+00 0.000000000e+00 0.000000000e+00 7.048108535e-18 9.932144543e-03
7.048108535e-18 7.048108535e-18 0.000000000e+00 7.048108535e-18 7.048108535e-18 7.048108535e-18
7.048108535e-18 7.048108535e-18 7.048108535e-18 9.932144543e-03 7.048108535e-18 7.048108535e-18

5.154768769e-18 5.154768769e-18 5.630504673e-03 5.154768769e-18 5.154768769e-18 5.154768769e-18
5.154768769e-18 5.154768769e-18 5.154768769e-18 0.000000000e+00 4.477502450e-03 5.154768769e-18
8.554086796e-03 5.154768769e-18 0.000000000e+00 9.693029230e-01 0.000000000e+00 5.154768769e-18
5.154768769e-18 0.000000000e+00 0.000000000e+00 0.000000000e+00 5.154768769e-18 2.798439032e-04
5.154768769e-18 5.154768769e-18 0.000000000e+00 1.175513917e-02 5.154768769e-18 5.154768769e-18
5.154768769e-18 5.154768769e-18 5.154768769e-18 0.000000000e+00 5.154768769e-18 5.154768769e-18

