3.786860130e-04 1.502816439e-04 1.502816439e-04 3.786860130e-04 1.502816439e-04 3.786860130e-04
1.502816439e-04 1.502816439e-04 9.542289582e-04 3.676457223e-03 4.128708915e-03 1.502816439e-04
1.502816439e-04 6.502309089e-04 6.569079212e-03 7.638966262e-01 8.599774945e-02 6.502309089e-04
1.502816439e-04 3.786860130e-04 2.012349099e-03 0.000000000e+00 1.502816439e-04 1.502816439e-04
1.502816439e-04 1.502816439e-04 4.584969142e-02 7.633979227e-02 3.676457223e-03 1.502816439e-04
1.502816439e-04 1.502816439e-04 1.502816439e-04 6.502309089e-04 6.502309089e-04 3.786860130e-04

1.205007016e-04 1.205007016e-04 1.205007016e-04 5.213762554e-04 1.205007016e-04 1.205007016e-04
1.205007016e-04 1.205007016e-04 9.369074477e-01 1.205007016e-04 3.036427410e-04 1.205007016e-04
5.213762554e-04 1.815296274e-02 3.036427410e-04 1.205007016e-04 3.542697253e-02 1.205007016e-04
1.030266507e-03 5.213762554e-04 0.000000000e+00 0.000000000e+00 0.000000000e+00 3.036427410e-04
3.036427410e-04 1.205007016e-04 1.205007016e-04 1.205007016e-04 3.036427410e-04 1.613566848e-03
1.205007016e-04 1.205007016e-04 1.313785838e-03 3.036427410e-04 1.205007016e-04 1.205007016e-04

1.496761824e-04 1.496761824e-04 1.496761824e-04 1.496761824e-04 1.496761824e-04 1.496761824e-04
1.496761824e-04 1.496761824e-04 6.761164401e-01 1.496761824e-04 1.496761824e-04 1.496761824e-04
1.496761824e-04 1.750623250e-01 1.496761824e-04 0.000000000e+00 8.176936447e-02 1.094139531e-02
5.073669254e-02 0.000000000e+00 0.000000000e+00 0.000000000e+00 0.000000000e+00 1.496761824e-04
1.496761824e-04 1.496761824e-04 1.496761824e-04 1.496761824e-04 1.496761824e-04 1.631878040e-03
1.496761824e-04 1.496761824e-04 1.496761824e-04 1.496761824e-04 1.496761824e-04 1.496761824e-04

