7.958250602e-18 4.320403127e-04 4.320403127e-04 3.170660595e-01 2.685860220e-01 1.465922295e-03
7.958250602e-18 7.958250602e-18 1.714553117e-04 8.493173764e-02 7.958250602e-18 7.224285081e-02
4.320403127e-04 7.958250602e-18 7.958250602e-18 1.088673369e-03 2.486421546e-01 1.088673369e-03
4.320403127e-04 7.958250602e-18 0.000000000e+00 4.320403127e-04 1.088673369e-03 4.320403127e-04
7.958250602e-18 7.958250602e-18 7.958250602e-18 1.714553117e-04 7.958250602e-18 4.320403127e-04
7.958250602e-18 7.958250602e-18 7.958250602e-18 4.320403127e-04 7.958250602e-18 7.958250602e-18

1.617700455e-04 1.027175762e-03 1.617700455e-04 1.763734086e-03 9.972292660e-03 4.076349711e-04
1.617700455e-04 1.617700455e-04 1.617700455e-04 1.182546206e-02 0.000000000e+00 3.028457292e-03
1.617700455e-04 4.076349711e-04 1.617700455e-04 3.914325176e-01 3.005707315e-01 2.712063347e-01
1.617700455e-04 1.617700455e-04 0.000000000e+00 0.000000000e+00 6.999383358e-04 4.076349711e-04
1.617700455e-04 1.617700455e-04 1.617700455e-04 4.076349711e-04 4.076349711e-04 2.166184751e-03
1.617700455e-04 1.617700455e-04 1.617700455e-04 4.076349711e-04 1.027175762e-03 4.076349711e-04

5.349616346e-18 5.349616346e-18 5.349616346e-18 5.349616346e-18 2.819548379e-03 9.279997763e-01
5.349616346e-18 5.349616346e-18 5.349616346e-18 6.296422979e-02 0.000000000e+00 5.349616346e-18
5.349616346e-18 5.349616346e-18 5.349616346e-18 3.166389222e-03 0.000000000e+00 2.819548379e-03
5.349616346e-18 5.349616346e-18 0.000000000e+00 0.000000000e+00 0.000000000e+00 1.152539904e-04
5.349616346e-18 5.349616346e-18 5.349616346e-18 5.349616346e-18 5.349616346e-18 1.152539904e-04
5.349616346e-18 5.349616346e-18 5.349616346e-18 5.349616346e-18 5.349616346e-18 5.349616346e-18

5.357814767e-18 5.357814767e-18 5.357814767e-18 5.357814767e-18 2.486877320e-03 9.381797350e-01
5.357814767e-18 5.357814767e-18 0.000000000e+00 2.823869407e-03 0.000000000e+00 0.000000000e+00
5.357814767e-18 5.357814767e-18 4.994392862e-04 5.045678678e-03 0.000000000e+00 5.003637461e-02
5.357814767e-18 5.357814767e-18 0.000000000e+00 0.000000000e+00 0.000000000e+00 2.908669358e-04
5.357814767e-18 1.154306200e-04 5.357814767e-18 2.908669358e-04 1.154306200e-04 5.357814767e-18
5.357814767e-18 5.357814767e-18 5.357814767e-18 1.154306200e-04 5.357814767e-18 5.357814767e-18

3.447959090e-03 6.138066114e-02 1.841784265e-04 1.169460112e-03 1.346352465e-02 2.446070666e-01
1.841784265e-04 4.641005530e-04 0.000000000e+00 4.319285979e-01 0.000000000e+00 0.000000000e+00
1.841784265e-04 2.946854824e-03 0.000000000e+00 1.188097416e-01 0.000000000e+00 8.662978902e-02
7.968937695e-04 4.641005530e-04 0.000000000e+00 0.000000000e+00 0.000000000e+00 7.425608848e-03
7.968937695e-04 1.491845255e-02 0.000000000e+00 2.946854824e-03 7.968937695e-04 4.641005530e-04
1.841784265e-04 2.008046469e-03 4.641005530e-04 1.574703396e-03 1.841784265e-04 1.574703396e-03

8.921048577e-04 2.450892327e-02 0.000000000e+00 8.921048577e-04 5.664512758e-03 2.738321727e-01
2.061836537e-04 2.061836537e-04 0.000000000e+00 2.914960720e-02 0.000000000e+00 0.000000000e+00
8.921048577e-04 5.168624285e-02 0.000000000e+00 1.716708255e-01 0.000000000e+00 1.233960880e-01
0.000000000e+00 2.061836537e-04 0.000000000e+00 0.000000000e+00 0.000000000e+00 7.627389243e-03
7.107347455e-02 1.850884685e-01 0.000000000e+00 3.859913543e-03 8.921048577e-04 2.061836537e-04
2.061836537e-04 4.522938739e-02 2.061836537e-04 1.309184595e-03 2.061836537e-04 8.921048577e-04

1.611833826e-04 1.023450684e-03 0.000000000e+00 1.611833826e-04 4.061566731e-04 2.890114433e-02
1.611833826e-04 1.611833826e-04 0.000000000e+00 5.438648355e-03 0.000000000e+00 0.000000000e+00
1.023450684e-03 8.750380261e-03 0.000000000e+00 4.005995743e-01 0.000000000e+00 2.059199359e-02
0.000000000e+00 0.000000000e+00 0.000000000e+00 0.000000000e+00 0.000000000e+00 3.472590708e-03
1.023450684e-03 4.671428718e-01 0.000000000e+00 1.611833826e-04 5.098024872e-02 1.611833826e-04
1.611833826e-04 1.611833826e-04 1.023450684e-03 0.000000000e+00 8.171938070e-03 1.611833826e-04

1.138789903e-03 1.533405295e-03 0.000000000e+00 1.793481713e-04 1.955383532e-03 2.167880976e-01
1.793481713e-04 1.793481713e-04 0.000000000e+00 1.597941773e-02 0.000000000e+00 0.000000000e+00
2.401564966e-03 1.039096812e-02 0.000000000e+00 2.295700968e-01 0.000000000e+00 2.372009526e-02
0.000000000e+00 0.000000000e+00 0.000000000e+00 0.000000000e+00 0.000000000e+00 7.448704106e-02
1.533405295e-03 3.991078774e-01 0.000000000e+00 0.000000000e+00 0.000000000e+00 1.793481713e-04
1.793481713e-04 4.519290726e-04 1.381427456e-02 0.000000000e+00 6.051564507e-03 1.793481713e-04

