1.660792255e-04 7.708714787e-18 7.708714787e-18 1.660792255e-04 1.660792255e-04 1.660792255e-04
1.660792255e-04 1.660792255e-04 1.359055582e-01 3.894830050e-01 7.708714787e-18 1.660792255e-04
7.708714787e-18 1.660792255e-04 5.603843849e-03 7.300348986e-02 2.424642415e-02 7.708714787e-18
1.660792255e-04 4.184934244e-04 5.603843849e-03 0.000000000e+00 3.619952637e-01 7.708714787e-18
1.660792255e-04 1.660792255e-04 1.660792255e-04 1.660792255e-04 1.660792255e-04 1.660792255e-04
1.660792255e-04 1.660792255e-04 1.660792255e-04 4.184934244e-04 1.660792255e-04 1.660792255e-04

5.127907988e-18 5.127907988e-18 5.127907988e-18 5.127907988e-18 5.127907988e-18 5.127907988e-18
5.127907988e-18 5.127907988e-18 4.324312988e-02 9.542984902e-01 0.000000000e+00 5.127907988e-18
5.127907988e-18 5.127907988e-18 1.104774286e-04 1.204504863e-03 0.000000000e+00 5.127907988e-18
5.127907988e-18 5.127907988e-18 1.104774286e-04 0.000000000e+00 1.104774286e-04 1.104774286e-04
5.127907988e-18 5.127907988e-18 7.014879453e-04 5.127907988e-18 5.127907988e-18 5.127907988e-18
5.127907988e-18 5.127907988e-18 5.127907988e-18 1.104774286e-04 5.127907988e-18 5.127907988e-18

1.141360976e-04 1.141360976e-04 1.141360976e-04 1.141360976e-04 1.141360976e-04 1.141360976e-04
1.141360976e-04 1.141360976e-04 9.245023901e-03 9.654159423e-01 0.000000000e+00 0.000000000e+00
1.141360976e-04 1.141360976e-04 1.141360976e-04 4.938382129e-04 0.000000000e+00 1.141360976e-04
1.141360976e-04 9.758499072e-04 1.141360976e-04 0.000000000e+00 1.141360976e-04 1.826864645e-02
1.141360976e-04 7.247190452e-04 0.000000000e+00 1.141360976e-04 1.141360976e-04 1.141360976e-04
1.141360976e-04 1.141360976e-04 1.141360976e-04 2.136713851e-03 1.141360976e-04 1.141360976e-04

1.506138441e-04 1.506138441e-04 3.795231052e-04 1.506138441e-04 1.506138441e-04 9.013885842e-02
1.506138441e-04 1.506138441e-04 6.516682559e-04 0.000000000e+00 0.000000000e+00 0.000000000e+00
9.563382983e-04 1.506138441e-04 1.506138441e-04 1.506138441e-04 0.000000000e+00 1.506138441e-04
1.506138441e-04 5.082011078e-03 6.249600897e-01 0.000000000e+00 1.506138441e-04 2.460985515e-01
1.506138441e-04 1.530141277e-02 0.000000000e+00 1.506138441e-04 1.506138441e-04 1.506138441e-04
1.506138441e-04 0.000000000e+00 1.506138441e-04 1.341926998e-02 1.506138441e-04 1.506138441e-04

5.187336016e-18 5.187336016e-18 0.000000000e+00 5.187336016e-18 5.187336016e-18 1.427762079e-02
1.117577666e-04 1.117577666e-04 1.117577666e-04 0.000000000e+00 0.000000000e+00 0.000000000e+00
1.117577666e-04 5.187336016e-18 1.117577666e-04 0.000000000e+00 0.000000000e+00 9.711084359e-01
5.187336016e-18 7.096175853e-04 6.474955289e-03 0.000000000e+00 5.187336016e-18 1.117577666e-04
1.117577666e-04 2.734017527e-03 0.000000000e+00 5.187336016e-18 1.117577666e-04 9.555154639e-04
1.117577666e-04 0.000000000e+00 5.187336016e-18 2.734017527e-03 5.187336016e-18 5.187336016e-18

5.171531339e-18 5.171531339e-18 0.000000000e+00 0.000000000e+00 5.171531339e-18 3.405730646e-03
1.114172652e-04 1.114172652e-04 1.114172652e-04 0.000000000e+00 0.000000000e+00 0.000000000e+00
1.114172652e-04 5.171531339e-18 1.114172652e-04 0.000000000e+00 0.000000000e+00 9.695842425e-01
5.171531339e-18 7.074555358e-04 2.052323572e-02 0.000000000e+00 1.114172652e-04 0.000000000e+00
1.114172652e-04 1.782676243e-03 0.000000000e+00 5.171531339e-18 1.114172652e-04 4.820745085e-04
1.114172652e-04 0.000000000e+00 5.171531339e-18 2.400412212e-03 5.171531339e-18 1.114172652e-04

4.417400516e-02 4.417400516e-02 0.000000000e+00 0.000000000e+00 4.417400516e-02 0.000000000e+00
4.417400516e-02 4.417400516e-02 4.417400516e-02 0.000000000e+00 0.000000000e+00 0.000000000e+00
4.417400516e-02 4.417400516e-02 4.417400516e-02 0.000000000e+00 0.000000000e+00 4.284049527e-02
4.417400516e-02 4.417400516e-02 0.000000000e+00 0.000000000e+00 4.284049527e-02 0.000000000e+00
4.284049527e-02 4.284049527e-02 0.000000000e+00 4.284049527e-02 4.284049527e-02 4.284049527e-02
4.284049527e-02 0.000000000e+00 4.284049527e-02 4.284049527e-02 4.284049527e-02 4.284049527e-02

