6.966732946e-18 1.283283181e-03 9.530356612e-04 3.782124528e-04 6.966732946e-18 6.966732946e-18
6.966732946e-18 6.966732946e-18 6.966732946e-18 6.966732946e-18 6.966732946e-18 6.966732946e-18
1.500937114e-04 6.966732946e-18 6.966732946e-18 6.966732946e-18 6.966732946e-18 3.671859684e-03
9.530356612e-04 6.966732946e-18 0.000000000e+00 2.401499382e-03 3.782124528e-04 5.283447909e-01
6.966732946e-18 6.966732946e-18 6.966732946e-18 3.782124528e-04 3.782124528e-04 2.854647449e-01
6.966732946e-18 6.966732946e-18 6.494177722e-04 1.685639901e-01 6.051399245e-03 6.966732946e-18

5.357588530e-18 5.357588530e-18 1.154257459e-04 4.994181971e-04 5.357588530e-18 5.357588530e-18
5.357588530e-18 5.357588530e-18 5.357588530e-18 5.357588530e-18 5.357588530e-18 5.357588530e-18
5.357588530e-18 5.357588530e-18 5.357588530e-18 5.357588530e-18 5.357588530e-18 4.994181971e-04
5.357588530e-18 5.357588530e-18 0.000000000e+00 1.154257459e-04 1.154257459e-04 3.171107885e-03
5.357588530e-18 5.357588530e-18 1.154257459e-04 0.000000000e+00 9.293827137e-01 3.171107885e-03
5.357588530e-18 5.357588530e-18 4.994181971e-04 6.231511293e-02 5.357588530e-18 0.000000000e+00

1.569899497e-03 7.444252898e-04 5.441781880e-18 2.954253720e-04 5.441781880e-18 5.441781880e-18
5.441781880e-18 5.441781880e-18 7.444252898e-04 5.441781880e-18 5.441781880e-18 5.441781880e-18
4.337067110e-03 0.000000000e+00 5.441781880e-18 5.441781880e-18 5.441781880e-18 2.954253720e-04
2.954253720e-04 5.441781880e-18 0.000000000e+00 5.441781880e-18 5.441781880e-18 2.525851401e-03
5.441781880e-18 5.441781880e-18 2.954253720e-04 0.000000000e+00 9.439877629e-01 9.496410563e-03
5.441781880e-18 5.441781880e-18 2.954253720e-04 3.511703109e-02 0.000000000e+00 0.000000000e+00

6.311212408e-02 6.942640592e-03 6.872073477e-04 3.421838077e-03 6.403529751e-03 1.008492741e-03
0.000000000e+00 2.126784606e-03 1.588276541e-04 1.588276541e-04 6.872073477e-04 1.681169005e-02
7.492431738e-03 0.000000000e+00 8.052503507e-03 0.000000000e+00 1.588276541e-04 6.872073477e-04
1.588276541e-04 1.588276541e-04 0.000000000e+00 2.973373506e-03 4.002206094e-04 1.480543349e-02
1.731654006e-03 1.588276541e-04 1.588276541e-04 0.000000000e+00 7.436148082e-01 1.110822495e-01
4.002206094e-04 4.002206094e-04 5.359161386e-03 6.872073477e-04 0.000000000e+00 0.000000000e+00

4.670344784e-18 4.670344784e-18 4.670344784e-18 4.670344784e-18 4.670344784e-18 4.670344784e-18
0.000000000e+00 4.670344784e-18 4.670344784e-18 4.670344784e-18 4.670344784e-18 4.670344784e-18
4.670344784e-18 0.000000000e+00 4.670344784e-18 0.000000000e+00 4.670344784e-18 4.670344784e-18
4.670344784e-18 4.670344784e-18 0.000000000e+00 4.670344784e-18 4.670344784e-18 4.670344784e-18
4.670344784e-18 4.670344784e-18 2.535453232e-04 0.000000000e+00 9.994929094e-01 2.535453232e-04
4.670344784e-18 4.670344784e-18 0.000000000e+00 0.000000000e+00 0.000000000e+00 0.000000000e+00

4.659284791e-18 4.659284791e-18 4.659284791e-18 4.659284791e-18 4.659284791e-18 4.659284791e-18
0.000000000e+00 4.659284791e-18 4.659284791e-18 4.659284791e-18 4.659284791e-18 4.659284791e-18
4.659284791e-18 0.000000000e+00 4.659284791e-18 0.000000000e+00 4.659284791e-18 4.659284791e-18
4.659284791e-18 4.659284791e-18 0.000000000e+00 0.000000000e+00 4.659284791e-18 4.659284791e-18
4.659284791e-18 0.000000000e+00 1.003812479e-04 0.000000000e+00 9.997992375e-01 1.003812479e-04
4.659284791e-18 4.659284791e-18 0.000000000e+00 0.000000000e+00 0.000000000e+00 0.000000000e+00

