6.743960432e-18 3.661185000e-04 1.452942230e-04 5.601108906e-02 7.714400699e-01 6.743960432e-18
6.743960432e-18 6.743960432e-18 1.452942230e-04 6.298152235e-02 6.743960432e-18 2.965559850e-02
3.661185000e-04 6.743960432e-18 3.661185000e-04 6.286515922e-04 7.288802242e-02 9.225608099e-04
3.661185000e-04 0.000000000e+00 3.661185000e-04 9.225608099e-04 1.452942230e-04 3.661185000e-04
6.743960432e-18 6.743960432e-18 6.743960432e-18 6.743960432e-18 6.743960432e-18 6.286515922e-04
6.743960432e-18 6.743960432e-18 6.743960432e-18 3.661185000e-04 9.225608099e-04 6.743960432e-18

4.827452520e-04 1.915775802e-04 4.827452520e-04 1.637965270e-03 9.731722584e-02 1.915775802e-04
2.088717397e-03 0.000000000e+00 1.915775802e-04 3.435100572e-02 0.000000000e+00 1.747788191e-01
4.827452520e-04 5.107125885e-01 1.216441809e-03 1.915775802e-04 4.007082365e-02 1.915775802e-04
4.827452520e-04 0.000000000e+00 1.253088655e-02 4.400283915e-02 4.827452520e-04 1.915775802e-04
1.637965270e-03 2.975876602e-02 2.088717397e-03 1.706902367e-02 1.915775802e-04 1.915775802e-04
1.915775802e-04 4.827452520e-04 8.374198387e-03 1.706902367e-02 4.827452520e-04 1.915775802e-04

1.924403104e-04 1.924403104e-04 3.079044966e-03 1.924403104e-04 8.326408648e-04 1.924403104e-04
1.924403104e-04 0.000000000e+00 1.924403104e-04 3.079044966e-03 0.000000000e+00 9.051583186e-02
1.221919804e-03 6.523272242e-02 0.000000000e+00 1.924403104e-04 4.849191958e-04 4.849191958e-04
1.924403104e-04 0.000000000e+00 6.633601287e-02 3.626191700e-01 1.924403104e-04 1.924403104e-04
8.326408648e-04 9.171272784e-02 0.000000000e+00 3.602627788e-03 2.386846171e-01 4.849191958e-04
1.924403104e-04 1.924403104e-04 2.576875494e-03 6.523272242e-02 1.924403104e-04 4.849191958e-04

4.956912517e-18 4.956912517e-18 4.956912517e-18 4.956912517e-18 4.956912517e-18 4.956912517e-18
4.956912517e-18 0.000000000e+00 4.956912517e-18 4.956912517e-18 0.000000000e+00 4.956912517e-18
4.956912517e-18 4.956912517e-18 0.000000000e+00 1.067934428e-04 4.956912517e-18 4.956912517e-18
4.956912517e-18 0.000000000e+00 0.000000000e+00 4.956912517e-18 4.956912517e-18 4.956912517e-18
4.956912517e-18 4.956912517e-18 0.000000000e+00 0.000000000e+00 9.708321773e-01 4.956912517e-18
4.956912517e-18 4.956912517e-18 4.956912517e-18 2.906102922e-02 4.956912517e-18 4.956912517e-18

