6.750527463e-18 6.750527463e-18 6.750527463e-18 6.750527463e-18 6.750527463e-18 6.750527463e-18
6.750527463e-18 6.750527463e-18 2.259130282e-02 6.750527463e-18 6.750527463e-18 6.750527463e-18
6.750527463e-18 3.340466012e-02 7.672294070e-01 4.681903932e-02 0.000000000e+00 6.750527463e-18
6.750527463e-18 6.750527463e-18 6.750527463e-18 7.758331759e-02 1.243457790e-03 6.750527463e-18
6.750527463e-18 3.664750134e-04 6.292637510e-04 5.013307663e-02 6.750527463e-18 6.750527463e-18
6.750527463e-18 6.750527463e-18 6.750527463e-18 6.750527463e-18 6.750527463e-18 6.750527463e-18

7.767799753e-18 7.767799753e-18 7.767799753e-18 7.767799753e-18 7.767799753e-18 7.767799753e-18
7.767799753e-18 7.767799753e-18 3.132958922e-03 1.430840948e-03 1.629722318e-02 7.767799753e-18
7.767799753e-18 1.673521726e-04 4.217010499e-04 2.509886474e-01 0.000000000e+00 7.767799753e-18
7.315262527e-03 2.677885783e-01 0.000000000e+00 7.767799753e-18 0.000000000e+00 1.673521726e-04
7.767799753e-18 7.767799753e-18 7.767799753e-18 1.216565236e-01 3.301315032e-01 7.767799753e-18
7.767799753e-18 7.767799753e-18 1.673521726e-04 1.673521726e-04 1.673521726e-04 7.767799753e-18

1.884217798e-04 1.884217798e-04 1.884217798e-04 1.884217798e-04 1.884217798e-04 1.884217798e-04
1.884217798e-04 1.884217798e-04 2.054310577e-03 8.152536929e-04 4.133306166e-02 1.884217798e-04
1.884217798e-04 1.610983556e-03 3.336936670e-01 8.745764291e-02 0.000000000e+00 1.884217798e-04
1.317800434e-01 1.541888643e-01 0.000000000e+00 0.000000000e+00 0.000000000e+00 1.884217798e-04
1.884217798e-04 1.884217798e-04 4.747931333e-04 2.014898826e-01 0.000000000e+00 1.884217798e-04
1.884217798e-04 1.884217798e-04 1.884217798e-04 1.884217798e-04 4.133306166e-02 1.884217798e-04

1.493473464e-04 1.493473464e-04 1.493473464e-04 1.975226877e-02 6.656201941e-02 1.493473464e-04
1.493473464e-04 1.493473464e-04 1.493473464e-04 3.516304238e-01 0.000000000e+00 1.493473464e-04
1.493473464e-04 1.493473464e-04 1.493473464e-04 1.493473464e-04 0.000000000e+00 1.493473464e-04
1.493473464e-04 1.493473464e-04 0.000000000e+00 0.000000000e+00 0.000000000e+00 0.000000000e+00
1.493473464e-04 3.763317310e-04 1.493473464e-04 5.472999225e-01 0.000000000e+00 1.493473464e-04
1.493473464e-04 1.493473464e-04 1.493473464e-04 4.565152749e-03 6.528239401e-03 1.493473464e-04

