8.228047915e-18 8.228047915e-18 8.228047915e-18 8.228047915e-18 8.228047915e-18 8.228047915e-18
8.228047915e-18 8.228047915e-18 9.684296332e-02 2.373709304e-03 4.466871642e-04 8.228047915e-18
8.228047915e-18 6.938629661e-02 2.325798772e-01 3.797934887e-02 8.228047915e-18 8.228047915e-18
8.228047915e-18 4.466871642e-04 8.228047915e-18 4.405755209e-01 5.907761428e-02 8.228047915e-18
8.228047915e-18 4.466871642e-04 7.669937383e-04 5.907761428e-02 8.228047915e-18 8.228047915e-18
8.228047915e-18 8.228047915e-18 8.228047915e-18 8.228047915e-18 8.228047915e-18 8.228047915e-18

6.580692661e-18 6.580692661e-18 6.580692661e-18 6.580692661e-18 6.580692661e-18 6.580692661e-18
6.580692661e-18 6.580692661e-18 3.572549618e-04 6.580692661e-18 6.580692661e-18 6.580692661e-18
6.580692661e-18 6.580692661e-18 5.313560456e-01 6.580692661e-18 6.580692661e-18 6.580692661e-18
6.580692661e-18 6.580692661e-18 0.000000000e+00 0.000000000e+00 6.580692661e-18 6.580692661e-18
6.580692661e-18 6.580692661e-18 6.580692661e-18 2.461924036e-01 6.580692661e-18 6.580692661e-18
6.580692661e-18 6.580692661e-18 2.220942958e-01 6.580692661e-18 6.580692661e-18 6.580692661e-18

4.647784847e-18 4.647784847e-18 4.647784847e-18 4.647784847e-18 4.647784847e-18 4.647784847e-18
4.647784847e-18 4.647784847e-18 4.647784847e-18 4.647784847e-18 4.647784847e-18 4.647784847e-18
4.647784847e-18 4.647784847e-18 1.000000000e+00 0.000000000e+00 4.647784847e-18 4.647784847e-18
4.647784847e-18 4.647784847e-18 0.000000000e+00 0.000000000e+00 4.647784847e-18 4.647784847e-18
4.647784847e-18 4.647784847e-18 0.000000000e+00 4.647784847e-18 4.647784847e-18 4.647784847e-18
4.647784847e-18 4.647784847e-18 4.647784847e-18 4.647784847e-18 4.647784847e-18 4.647784847e-18

5.945855892e-18 5.945855892e-18 5.945855892e-18 5.164651514e-03 5.945855892e-18 5.945855892e-18
5.945855892e-18 5.945855892e-18 5.945855892e-18 0.000000000e+00 5.945855892e-18 5.945855892e-18
5.945855892e-18 5.945855892e-18 5.439120804e-01 0.000000000e+00 5.945855892e-18 5.945855892e-18
5.945855892e-18 5.945855892e-18 0.000000000e+00 0.000000000e+00 5.945855892e-18 5.945855892e-18
5.945855892e-18 5.945855892e-18 0.000000000e+00 4.509232681e-01 5.945855892e-18 5.945855892e-18
5.945855892e-18 5.945855892e-18 0.000000000e+00 5.945855892e-18 5.945855892e-18 5.945855892e-18

