1.798390188e-04 1.960735106e-03 7.781182427e-04 7.905188588e-02 4.520520000e-01 1.798390188e-04
1.798390188e-04 1.798390188e-04 4.531659307e-04 7.905188588e-02 8.347387814e-18 8.795523839e-02
1.798390188e-04 1.798390188e-04 1.798390188e-04 1.798390188e-04 2.316337674e-01 6.068126678e-03
4.531659307e-04 8.347387814e-18 1.798390188e-04 1.141906590e-03 1.798390188e-04 1.960735106e-03
1.798390188e-04 1.798390188e-04 1.798390188e-04 1.798390188e-04 1.798390188e-04 5.188175331e-02
1.798390188e-04 1.798390188e-04 1.798390188e-04 1.960735106e-03 1.798390188e-04 1.798390188e-04

4.853924831e-18 4.853924831e-18 4.853924831e-18 4.853924831e-18 4.524681906e-04 4.524681906e-04
4.853924831e-18 4.853924831e-18 4.853924831e-18 1.045746404e-04 0.000000000e+00 1.045746404e-04
4.853924831e-18 4.853924831e-18 4.853924831e-18 1.045746404e-04 9.917241674e-01 5.677184923e-03
4.853924831e-18 4.853924831e-18 4.853924831e-18 0.000000000e+00 4.853924831e-18 4.853924831e-18
4.853924831e-18 4.853924831e-18 4.853924831e-18 2.635115815e-04 4.524681906e-04 6.640075767e-04
4.853924831e-18 4.853924831e-18 4.853924831e-18 4.853924831e-18 4.853924831e-18 4.853924831e-18

5.376783894e-18 1.158392974e-04 5.376783894e-18 1.158392974e-04 9.904120613e-04 1.176853904e-02
5.376783894e-18 5.376783894e-18 5.376783894e-18 9.327125400e-01 0.000000000e+00 5.376783894e-18
5.376783894e-18 5.376783894e-18 1.158392974e-04 1.262963837e-03 0.000000000e+00 5.233883068e-02
5.376783894e-18 5.376783894e-18 1.158392974e-04 0.000000000e+00 0.000000000e+00 1.158392974e-04
5.376783894e-18 5.376783894e-18 5.376783894e-18 1.158392974e-04 1.158392974e-04 5.376783894e-18
5.376783894e-18 5.376783894e-18 5.376783894e-18 5.376783894e-18 1.158392974e-04 5.376783894e-18

5.170319627e-18 1.113911596e-04 5.170319627e-18 5.170319627e-18 2.725048934e-03 1.491585359e-03
5.170319627e-18 5.170319627e-18 5.170319627e-18 9.607596876e-01 0.000000000e+00 0.000000000e+00
5.170319627e-18 5.170319627e-18 1.113911596e-04 1.113911596e-04 0.000000000e+00 3.274878486e-02
5.170319627e-18 5.170319627e-18 5.170319627e-18 0.000000000e+00 0.000000000e+00 5.170319627e-18
5.170319627e-18 2.806881336e-04 0.000000000e+00 1.113911596e-04 1.113911596e-04 5.170319627e-18
1.113911596e-04 5.170319627e-18 1.214467020e-03 5.170319627e-18 1.113911596e-04 5.170319627e-18

1.217860505e-04 4.109303904e-03 1.217860505e-04 1.721773511e-02 1.041256085e-03 3.345845436e-03
1.217860505e-04 2.623800919e-03 1.217860505e-04 9.408069033e-01 0.000000000e+00 0.000000000e+00
3.068816172e-04 1.217860505e-04 0.000000000e+00 1.949309944e-02 0.000000000e+00 7.965896533e-03
1.217860505e-04 1.217860505e-04 1.217860505e-04 0.000000000e+00 0.000000000e+00 3.068816172e-04
1.217860505e-04 1.217860505e-04 0.000000000e+00 1.217860505e-04 1.217860505e-04 3.068816172e-04
1.217860505e-04 0.000000000e+00 1.217860505e-04 1.217860505e-04 5.269376369e-04 1.217860505e-04

1.948268341e-04 1.500651698e-02 8.429667532e-04 1.256788118e-01 4.474914984e-02 2.665193600e-02
1.948268341e-04 1.500651698e-02 0.000000000e+00 0.000000000e+00 0.000000000e+00 0.000000000e+00
2.608832283e-03 1.948268341e-04 0.000000000e+00 1.948268341e-04 0.000000000e+00 1.678204723e-01
1.948268341e-04 1.948268341e-04 4.532890027e-01 0.000000000e+00 0.000000000e+00 8.922687840e-02
4.909328587e-04 2.608832283e-03 0.000000000e+00 6.573845418e-03 8.429667532e-04 4.197416899e-03
8.429667532e-04 0.000000000e+00 3.026348993e-02 1.665746000e-03 7.854925739e-03 2.608832283e-03

1.680158009e-04 4.233732884e-04 1.680158009e-04 4.034501733e-02 1.294139989e-02 3.261028426e-02
1.680158009e-04 1.680158009e-04 0.000000000e+00 0.000000000e+00 0.000000000e+00 0.000000000e+00
4.233732884e-04 1.680158009e-04 0.000000000e+00 0.000000000e+00 0.000000000e+00 3.646864436e-01
1.680158009e-04 1.680158009e-04 4.673208504e-01 0.000000000e+00 0.000000000e+00 0.000000000e+00
4.233732884e-04 7.269621498e-04 0.000000000e+00 7.925867355e-03 3.012623779e-02 1.680158009e-04
4.233732884e-04 0.000000000e+00 5.669187758e-03 1.680158009e-04 3.261028426e-02 1.831829830e-03

