6.396070445e-18 6.396070445e-18 6.396070445e-18 6.396070445e-18 1.377991605e-04 6.396070445e-18
6.396070445e-18 1.377991605e-04 4.935765974e-01 4.212155298e-03 6.396070445e-18 6.396070445e-18
6.396070445e-18 1.377991605e-04 1.178166249e-03 1.178166249e-03 2.403817845e-02 6.396070445e-18
6.396070445e-18 1.377991605e-04 0.000000000e+00 2.204786568e-03 4.723717574e-01 6.396070445e-18
1.377991605e-04 6.396070445e-18 1.377991605e-04 1.377991605e-04 1.377991605e-04 6.396070445e-18
6.396070445e-18 1.377991605e-04 6.396070445e-18 6.396070445e-18 6.396070445e-18 6.396070445e-18

1.271711899e-04 1.271711899e-04 1.271711899e-04 5.502377820e-04 1.271711899e-04 1.271711899e-04
1.271711899e-04 1.271711899e-04 3.738808315e-02 1.004547382e-01 0.000000000e+00 1.271711899e-04
1.271711899e-04 1.271711899e-04 1.271711899e-04 1.271711899e-04 8.573391360e-01 1.271711899e-04
3.204513182e-04 1.271711899e-04 0.000000000e+00 0.000000000e+00 1.271711899e-04 1.271711899e-04
1.271711899e-04 1.271711899e-04 1.271711899e-04 1.271711899e-04 3.204513182e-04 1.271711899e-04
1.271711899e-04 1.271711899e-04 3.204513182e-04 1.271711899e-04 1.271711899e-04 1.271711899e-04

1.234254671e-03 5.340309808e-03 3.110126883e-03 4.412681449e-03 2.702515041e-03 1.234254671e-03
6.809911176e-03 8.899009729e-03 8.887054563e-01 2.040907161e-02 0.000000000e+00 1.443593021e-04
3.637626469e-04 2.702515041e-03 1.443593021e-04 1.573909564e-03 0.000000000e+00 1.443593021e-04
9.993702788e-03 3.531574351e-03 0.000000000e+00 0.000000000e+00 0.000000000e+00 4.870970373e-03
3.637626469e-04 3.637626469e-04 3.966003580e-03 1.443593021e-04 3.637626469e-04 4.412681449e-03
3.637626469e-04 1.443593021e-04 1.286200787e-02 4.412681449e-03 2.309748834e-03 3.966003580e-03

1.659965228e-04 1.659965228e-04 1.054012220e-03 1.659965228e-04 7.182252410e-04 7.182252410e-04
1.659965228e-04 1.659965228e-04 0.000000000e+00 1.612493559e-01 0.000000000e+00 0.000000000e+00
1.659965228e-04 1.659965228e-04 2.312129315e-01 1.419250306e-03 0.000000000e+00 1.659965228e-04
2.655944365e-03 4.427489822e-02 0.000000000e+00 0.000000000e+00 0.000000000e+00 4.182850265e-04
7.182252410e-04 1.659965228e-04 1.659965228e-04 5.023185405e-01 4.788833204e-02 1.054012220e-03
1.659965228e-04 1.659965228e-04 1.659965228e-04 1.809814199e-03 1.659965228e-04 1.659965228e-04

3.126581923e-03 1.267590824e-02 1.996330452e-03 3.737281212e-02 1.083774910e-01 2.471483293e-02
2.334922262e-04 1.996330452e-03 0.000000000e+00 1.877478716e-01 0.000000000e+00 0.000000000e+00
1.616419502e-02 2.334922262e-04 0.000000000e+00 1.798471485e-02 0.000000000e+00 2.216157250e-01
2.673189941e-02 6.414765044e-03 0.000000000e+00 0.000000000e+00 0.000000000e+00 6.608017942e-02
5.712102685e-03 4.371150622e-03 0.000000000e+00 1.891287032e-02 4.073121911e-02 9.413816664e-03
1.482583222e-03 1.482583222e-03 2.176543905e-02 1.569294072e-01 1.996330452e-03 3.735875619e-03

1.577661343e-04 1.577661343e-04 0.000000000e+00 4.123173340e-02 5.836271180e-03 1.577661343e-04
1.577661343e-04 1.577661343e-04 0.000000000e+00 5.711952327e-02 0.000000000e+00 0.000000000e+00
3.542020815e-02 1.577661343e-04 0.000000000e+00 5.041181776e-01 0.000000000e+00 1.577661343e-04
0.000000000e+00 1.577661343e-04 0.000000000e+00 0.000000000e+00 0.000000000e+00 2.953501054e-03
1.577661343e-04 1.577661343e-04 0.000000000e+00 1.577661343e-04 1.001752510e-03 1.577661343e-04
1.577661343e-04 1.577661343e-04 1.577661343e-04 3.496368085e-01 1.577661343e-04 1.577661343e-04

1.822002578e-04 1.822002578e-04 0.000000000e+00 1.156899523e-03 9.237485897e-03 7.883347305e-04
1.822002578e-04 1.156899523e-03 0.000000000e+00 1.986479043e-03 0.000000000e+00 0.000000000e+00
1.774317130e-02 1.822002578e-04 0.000000000e+00 1.822002578e-04 0.000000000e+00 2.405144314e-01
0.000000000e+00 0.000000000e+00 0.000000000e+00 0.000000000e+00 0.000000000e+00 9.140223333e-02
1.822002578e-04 2.522997363e-01 0.000000000e+00 1.822002578e-04 2.216691627e-01 4.591158802e-04
1.822002578e-04 1.822002578e-04 1.595818474e-01 0.000000000e+00 1.822002578e-04 1.822002578e-04

1.798928141e-04 1.798928141e-04 0.000000000e+00 1.538061925e-03 9.120499351e-03 1.798928141e-04
1.798928141e-04 7.252823781e-03 0.000000000e+00 7.783510014e-04 0.000000000e+00 0.000000000e+00
1.676906398e-02 1.798928141e-04 0.000000000e+00 1.798928141e-04 0.000000000e+00 2.939395195e-01
0.000000000e+00 0.000000000e+00 0.000000000e+00 0.000000000e+00 0.000000000e+00 2.848254404e-01
5.995240632e-02 1.088496215e-01 0.000000000e+00 0.000000000e+00 0.000000000e+00 1.961321622e-03
1.798928141e-04 1.798928141e-04 2.132139625e-01 0.000000000e+00 1.798928141e-04 1.798928141e-04

