5.622379495e-18 1.320652293e-03 2.231242781e-02 7.691306960e-04 2.609677388e-03 1.211304943e-04
3.327835247e-03 3.327835247e-03 5.622379495e-18 1.386790576e-02 1.211304943e-04 1.211304943e-04
7.691306960e-04 3.052297190e-04 9.448385674e-01 1.938087908e-03 1.211304943e-04 1.211304943e-04
3.052297190e-04 1.211304943e-04 3.052297190e-04 1.211304943e-04 5.622379495e-18 2.267654234e-03
5.241012099e-04 5.622379495e-18 5.622379495e-18 5.622379495e-18 5.622379495e-18 1.211304943e-04
5.622379495e-18 5.622379495e-18 1.211304943e-04 1.211304943e-04 5.622379495e-18 5.622379495e-18

7.318356147e-18 1.576692036e-04 3.378035764e-02 2.522707257e-03 3.973014970e-04 7.318356147e-18
3.973014970e-04 1.392409229e-01 0.000000000e+00 7.318356147e-18 6.643406167e-02 7.318356147e-18
7.318356147e-18 7.318356147e-18 5.663751384e-01 1.893449662e-01 7.318356147e-18 3.973014970e-04
7.318356147e-18 7.318356147e-18 1.576692036e-04 0.000000000e+00 7.318356147e-18 3.973014970e-04
3.973014970e-04 7.318356147e-18 7.318356147e-18 7.318356147e-18 7.318356147e-18 7.318356147e-18
7.318356147e-18 7.318356147e-18 7.318356147e-18 7.318356147e-18 7.318356147e-18 7.318356147e-18

6.061573780e-18 6.061573780e-18 6.061573780e-18 6.993337802e-01 3.290728531e-04 6.061573780e-18
6.061573780e-18 3.290728531e-04 0.000000000e+00 0.000000000e+00 6.061573780e-18 6.061573780e-18
6.061573780e-18 6.061573780e-18 3.273704396e-02 2.669419573e-01 3.290728531e-04 6.061573780e-18
6.061573780e-18 6.061573780e-18 6.061573780e-18 0.000000000e+00 6.061573780e-18 6.061573780e-18
6.061573780e-18 6.061573780e-18 6.061573780e-18 6.061573780e-18 6.061573780e-18 6.061573780e-18
6.061573780e-18 6.061573780e-18 6.061573780e-18 0.000000000e+00 6.061573780e-18 6.061573780e-18

7.136355316e-18 7.136355316e-18 2.229634188e-01 7.136355316e-18 5.396302110e-01 7.136355316e-18
7.136355316e-18 4.223943755e-03 0.000000000e+00 0.000000000e+00 0.000000000e+00 2.459969833e-03
7.136355316e-18 7.136355316e-18 6.852338011e-02 0.000000000e+00 1.597391067e-01 7.136355316e-18
7.136355316e-18 7.136355316e-18 7.136355316e-18 0.000000000e+00 7.136355316e-18 2.459969833e-03
7.136355316e-18 7.136355316e-18 7.136355316e-18 7.136355316e-18 7.136355316e-18 7.136355316e-18
7.136355316e-18 7.136355316e-18 7.136355316e-18 0.000000000e+00 7.136355316e-18 7.136355316e-18

