1.439980377e-04 3.628523176e-04 1.439980377e-04 6.230433239e-04 3.628523176e-04 1.439980377e-04
1.439980377e-04 6.683796837e-18 6.230433239e-04 1.439980377e-04 6.683796837e-18 3.628523176e-04
1.439980377e-04 1.231165904e-03 1.166384105e-02 5.805637082e-03 1.439980377e-04 3.628523176e-04
2.303968603e-03 3.382399548e-02 6.683796837e-18 7.859378555e-01 1.439980377e-04 1.439980377e-04
1.439980377e-04 1.439980377e-04 1.250786593e-01 1.439980377e-04 1.439980377e-04 1.439980377e-04
6.683796837e-18 3.628523176e-04 2.794866267e-02 1.439980377e-04 3.628523176e-04 6.230433239e-04

7.071880337e-18 7.071880337e-18 7.071880337e-18 7.071880337e-18 7.071880337e-18 7.071880337e-18
7.071880337e-18 7.071880337e-18 7.071880337e-18 7.071880337e-18 7.071880337e-18 6.592192939e-04
7.071880337e-18 7.071880337e-18 5.425871079e-01 7.071880337e-18 7.071880337e-18 7.071880337e-18
7.071880337e-18 9.674196219e-04 0.000000000e+00 0.000000000e+00 7.071880337e-18 7.071880337e-18
7.071880337e-18 1.841648392e-01 7.071880337e-18 1.097037072e-01 1.523590432e-04 7.071880337e-18
7.071880337e-18 7.071880337e-18 1.617653477e-01 7.071880337e-18 7.071880337e-18 7.071880337e-18

5.854244935e-18 5.854244935e-18 5.854244935e-18 5.854244935e-18 5.854244935e-18 5.854244935e-18
5.854244935e-18 5.854244935e-18 5.854244935e-18 5.854244935e-18 5.854244935e-18 5.854244935e-18
5.854244935e-18 5.854244935e-18 5.854244935e-18 0.000000000e+00 5.854244935e-18 5.854244935e-18
5.854244935e-18 5.854244935e-18 0.000000000e+00 0.000000000e+00 5.854244935e-18 5.854244935e-18
5.854244935e-18 4.766507417e-01 0.000000000e+00 5.233492583e-01 5.854244935e-18 5.854244935e-18
5.854244935e-18 5.854244935e-18 5.854244935e-18 5.854244935e-18 5.854244935e-18 5.854244935e-18

4.647784847e-18 4.647784847e-18 4.647784847e-18 4.647784847e-18 4.647784847e-18 4.647784847e-18
4.647784847e-18 4.647784847e-18 4.647784847e-18 0.000000000e+00 4.647784847e-18 4.647784847e-18
4.647784847e-18 4.647784847e-18 4.647784847e-18 0.000000000e+00 4.647784847e-18 4.647784847e-18
4.647784847e-18 4.647784847e-18 0.000000000e+00 0.000000000e+00 4.647784847e-18 4.647784847e-18
4.647784847e-18 4.647784847e-18 0.000000000e+00 1.000000000e+00 4.647784847e-18 4.647784847e-18
4.647784847e-18 4.647784847e-18 0.000000000e+00 4.647784847e-18 4.647784847e-18 4.647784847e-18

