6.580044846e-18 6.580044846e-18 6.580044846e-18 6.580044846e-18 6.580044846e-18 6.580044846e-18
6.580044846e-18 6.580044846e-18 3.054186268e-03 6.133718771e-04 4.333312304e-03 6.580044846e-18
6.580044846e-18 1.417627688e-04 3.468053329e-03 6.580044846e-18 0.000000000e+00 6.580044846e-18
6.580044846e-18 6.580044846e-18 7.471694398e-02 5.821729291e-01 3.311422205e-01 6.580044846e-18
6.580044846e-18 6.580044846e-18 6.580044846e-18 3.572197930e-04 6.580044846e-18 6.580044846e-18
6.580044846e-18 6.580044846e-18 6.580044846e-18 6.580044846e-18 6.580044846e-18 6.580044846e-18

6.507579035e-18 6.507579035e-18 6.507579035e-18 6.507579035e-18 6.507579035e-18 6.507579035e-18
6.507579035e-18 6.507579035e-18 6.507579035e-18 1.289361643e-01 4.132055122e-01 6.507579035e-18
6.507579035e-18 6.507579035e-18 6.507579035e-18 0.000000000e+00 0.000000000e+00 6.507579035e-18
6.507579035e-18 6.507579035e-18 6.507579035e-18 6.507579035e-18 0.000000000e+00 6.507579035e-18
6.507579035e-18 6.507579035e-18 6.507579035e-18 4.578583235e-01 6.507579035e-18 6.507579035e-18
6.507579035e-18 6.507579035e-18 6.507579035e-18 6.507579035e-18 6.507579035e-18 6.507579035e-18

1.260859162e-04 1.260859162e-04 1.260859162e-04 2.298646474e-01 1.260859162e-04 1.260859162e-04
1.260859162e-04 1.260859162e-04 1.260859162e-04 1.260859162e-04 0.000000000e+00 1.260859162e-04
1.260859162e-04 1.260859162e-04 1.260859162e-04 0.000000000e+00 0.000000000e+00 1.260859162e-04
1.260859162e-04 1.260859162e-04 1.260859162e-04 0.000000000e+00 0.000000000e+00 1.260859162e-04
1.260859162e-04 1.260859162e-04 1.260859162e-04 7.658043513e-01 8.005956643e-04 1.260859162e-04
1.260859162e-04 1.260859162e-04 1.260859162e-04 1.260859162e-04 1.260859162e-04 1.260859162e-04

