1.798390188e-04 1.960735106e-03 7.781182427e-04 7.905188588e-02 4.520520000e-01 1.798390188e-04
1.798390188e-04 1.798390188e-04 4.531659307e-04 7.905188588e-02 8.347387814e-18 8.795523839e-02
1.798390188e-04 1.798390188e-04 1.798390188e-04 1.798390188e-04 2.316337674e-01 6.068126678e-03
4.531659307e-04 8.347387814e-18 1.798390188e-04 1.141906590e-03 1.798390188e-04 1.960735106e-03
1.798390188e-04 1.798390188e-04 1.798390188e-04 1.798390188e-04 1.798390188e-04 5.188175331e-02
1.798390188e-04 1.798390188e-04 1.798390188e-04 1.960735106e-03 1.798390188e-04 1.798390188e-04

4.913779379e-18 1.058641675e-04 1.058641675e-04 1.058641675e-04 2.667609862e-04 1.058641675e-04
4.913779379e-18 4.913779379e-18 4.913779379e-18 1.693826681e-03 0.000000000e+00 2.667609862e-04
4.913779379e-18 4.913779379e-18 0.000000000e+00 1.058641675e-04 9.914365330e-01 3.572067862e-03
4.913779379e-18 4.913779379e-18 1.058641675e-04 9.051259005e-04 4.913779379e-18 2.667609862e-04
4.913779379e-18 4.913779379e-18 4.913779379e-18 1.058641675e-04 2.667609862e-04 2.667609862e-04
4.913779379e-18 1.058641675e-04 4.913779379e-18 1.058641675e-04 1.058641675e-04 4.913779379e-18

5.453255377e-18 5.453255377e-18 5.453255377e-18 5.453255377e-18 2.960482493e-04 5.453255377e-18
5.453255377e-18 5.453255377e-18 5.453255377e-18 1.992750745e-02 0.000000000e+00 1.174868256e-04
5.453255377e-18 5.453255377e-18 0.000000000e+00 9.046590379e-01 5.453255377e-18 7.499991955e-02
5.453255377e-18 5.453255377e-18 5.453255377e-18 0.000000000e+00 0.000000000e+00 5.453255377e-18
5.453255377e-18 5.453255377e-18 5.453255377e-18 5.453255377e-18 5.453255377e-18 5.453255377e-18
5.453255377e-18 5.453255377e-18 5.453255377e-18 5.453255377e-18 5.453255377e-18 5.453255377e-18

6.037087839e-18 6.037087839e-18 6.037087839e-18 6.037087839e-18 2.434917069e-03 6.037087839e-18
6.037087839e-18 6.037087839e-18 6.037087839e-18 3.592478098e-01 0.000000000e+00 6.291170948e-01
6.037087839e-18 6.037087839e-18 0.000000000e+00 0.000000000e+00 0.000000000e+00 4.388656020e-03
6.037087839e-18 6.037087839e-18 6.037087839e-18 0.000000000e+00 0.000000000e+00 4.811522344e-03
6.037087839e-18 6.037087839e-18 6.037087839e-18 6.037087839e-18 6.037087839e-18 6.037087839e-18
6.037087839e-18 6.037087839e-18 6.037087839e-18 6.037087839e-18 6.037087839e-18 6.037087839e-18

