8.523176288e-18 8.523176288e-18 8.523176288e-18 8.523176288e-18 8.523176288e-18 8.523176288e-18
8.523176288e-18 4.627091974e-04 8.409723764e-02 2.799762805e-01 8.523176288e-18 8.523176288e-18
8.523176288e-18 4.627091974e-04 3.437622241e-03 1.450495867e-01 1.621641403e-01 8.523176288e-18
8.523176288e-18 0.000000000e+00 3.840770794e-02 2.766258398e-02 2.572658343e-01 8.523176288e-18
8.523176288e-18 1.836262667e-04 4.627091974e-04 1.836262667e-04 8.523176288e-18 8.523176288e-18
8.523176288e-18 1.836262667e-04 8.523176288e-18 8.523176288e-18 8.523176288e-18 8.523176288e-18

1.587237058e-04 1.587237058e-04 1.587237058e-04 3.999586762e-04 1.587237058e-04 1.587237058e-04
1.587237058e-04 0.000000000e+00 1.007832710e-03 1.730520687e-03 0.000000000e+00 1.587237058e-04
1.587237058e-04 3.882981978e-03 6.783892117e-02 3.319902892e-02 8.047233368e-03 1.587237058e-04
3.999586762e-04 0.000000000e+00 6.867575896e-04 4.931178850e-02 7.326431566e-01 1.587237058e-04
1.587237058e-04 7.465695852e-02 7.367301806e-18 1.414183585e-02 9.196040057e-03 1.587237058e-04
1.587237058e-04 1.587237058e-04 1.587237058e-04 1.587237058e-04 1.587237058e-04 1.587237058e-04

1.169565765e-03 4.641424814e-04 1.841950658e-04 5.630355218e-03 1.841950658e-04 8.051495490e-03
1.949679590e-02 0.000000000e+00 4.641424814e-04 2.947121053e-03 0.000000000e+00 6.883931811e-02
9.999646630e-03 1.841950658e-04 0.000000000e+00 4.519949454e-02 7.426279702e-03 1.169565765e-03
2.689121218e-02 0.000000000e+00 4.641424814e-04 8.051495490e-03 4.641424814e-04 1.841950658e-04
3.448270590e-03 4.217437454e-01 0.000000000e+00 2.008227883e-03 3.551964725e-01 4.641424814e-04
2.466467396e-03 1.841950658e-04 4.641424814e-04 5.630355218e-03 4.641424814e-04 4.641424814e-04

4.846563678e-18 4.846563678e-18 4.846563678e-18 4.846563678e-18 4.846563678e-18 4.846563678e-18
4.846563678e-18 0.000000000e+00 4.846563678e-18 8.927446625e-04 0.000000000e+00 4.846563678e-18
4.846563678e-18 4.846563678e-18 0.000000000e+00 1.954747212e-03 4.517820061e-04 4.846563678e-18
4.846563678e-18 0.000000000e+00 0.000000000e+00 4.846563678e-18 4.846563678e-18 4.846563678e-18
1.398185015e-03 1.670656787e-03 0.000000000e+00 0.000000000e+00 9.929688837e-01 4.846563678e-18
4.846563678e-18 4.846563678e-18 4.846563678e-18 6.630005851e-04 4.846563678e-18 4.846563678e-18

