1.016788500e-17 2.190604417e-04 6.018278580e-03 2.388355437e-03 2.190604417e-04 1.016788500e-17
2.190604417e-04 1.016788500e-17 2.190604417e-04 0.000000000e+00 2.190604417e-04 9.478194835e-04
6.319674045e-02 1.016788500e-17 5.519977233e-04 1.502116754e-01 8.315631337e-02 5.031528933e-02
9.575523374e-03 1.016788500e-17 3.504967066e-03 1.562197988e-01 1.016788500e-17 2.062983973e-01
2.190604417e-04 1.016788500e-17 1.016788500e-17 4.581920451e-02 1.267865843e-01 1.687310812e-02
1.016788500e-17 1.390947102e-03 5.519977233e-04 1.872940430e-03 7.300569883e-02 1.016788500e-17

4.696948948e-03 9.432877172e-04 1.384296630e-03 4.696948948e-03 4.081368914e-03 8.064996536e-03
2.180130579e-04 2.376936102e-03 0.000000000e+00 0.000000000e+00 1.384296630e-03 9.850326079e-02
2.919307837e-03 2.180130579e-04 1.524758457e-01 1.957075757e-01 3.378664828e-01 4.015834862e-02
1.384296630e-03 1.384296630e-03 1.853644932e-02 2.307638413e-02 0.000000000e+00 4.696948948e-03
1.863985425e-03 2.180130579e-04 1.384296630e-03 3.488208926e-03 2.687931139e-02 5.333423702e-03
1.384296630e-03 1.863985425e-03 1.863985425e-03 2.401344096e-02 2.401344096e-02 2.919307837e-03

1.806948122e-04 1.389151115e-01 1.806948122e-04 1.990295556e-02 9.161160361e-03 2.891116995e-03
2.891116995e-03 0.000000000e+00 0.000000000e+00 0.000000000e+00 0.000000000e+00 7.818210458e-04
1.806948122e-04 1.806948122e-04 5.512849852e-02 6.647393663e-02 5.810089878e-01 5.512849852e-02
1.806948122e-04 1.806948122e-04 1.544918913e-03 4.244377639e-02 0.000000000e+00 1.147340540e-03
1.806948122e-04 1.806948122e-04 1.806948122e-04 1.806948122e-04 1.684382382e-02 1.970065586e-03
1.806948122e-04 4.553223950e-04 1.806948122e-04 1.806948122e-04 7.818210458e-04 1.806948122e-04

