6.023466138e-18 6.023466138e-18 6.023466138e-18 1.297716440e-04 6.023466138e-18 6.023466138e-18
6.023466138e-18 6.023466138e-18 6.023466138e-18 6.023466138e-18 6.023466138e-18 1.297716440e-04
3.270040520e-04 6.023466138e-18 0.000000000e+00 3.270040520e-04 6.023466138e-18 1.297716440e-04
3.270040520e-04 6.023466138e-18 2.583534702e-02 8.987208788e-02 1.297716440e-04 1.297716440e-04
6.023466138e-18 6.023466138e-18 5.232064831e-03 6.023466138e-18 2.795845316e-03 1.657898488e-02
6.023466138e-18 6.023466138e-18 1.297716440e-04 8.576664848e-01 1.297716440e-04 1.297716440e-04

1.260268043e-04 1.260268043e-04 3.175676471e-04 3.175676471e-04 1.260268043e-04 3.774906962e-02
1.260268043e-04 1.260268043e-04 3.175676471e-04 1.260268043e-04 1.260268043e-04 9.141686388e-01
1.260268043e-04 1.260268043e-04 0.000000000e+00 0.000000000e+00 2.359316851e-03 1.260268043e-04
1.260268043e-04 1.260268043e-04 9.707201716e-03 1.077514020e-03 1.260268043e-04 2.700102762e-02
1.260268043e-04 1.260268043e-04 1.077514020e-03 0.000000000e+00 1.260268043e-04 5.452863129e-04
1.260268043e-04 1.260268043e-04 1.260268043e-04 2.715165190e-03 1.260268043e-04 1.260268043e-04

4.638058654e-03 5.795227098e-03 1.620961359e-03 8.203030556e-04 4.777338164e-04 1.029246306e-02
3.994782834e-01 8.287264842e-03 2.088259884e-02 1.203813783e-03 8.203030556e-04 3.423358238e-01
1.895887907e-04 0.000000000e+00 0.000000000e+00 0.000000000e+00 8.943537448e-03 0.000000000e+00
2.067034174e-03 1.203813783e-03 5.365515378e-02 9.612081789e-03 1.895887907e-04 8.566053002e-02
1.895887907e-04 4.777338164e-04 6.397103400e-03 0.000000000e+00 4.777338164e-04 1.203813783e-03
1.620961359e-03 4.777338164e-04 4.777338164e-04 2.767865889e-02 1.203813783e-03 1.620961359e-03

