8.141993489e-18 1.754139322e-04 4.420154112e-04 1.214812099e-01 3.538501724e-01 8.141993489e-18
8.141993489e-18 8.141993489e-18 8.141993489e-18 1.119787750e-01 8.141993489e-18 2.092789116e-01
4.420154112e-04 8.141993489e-18 1.754139322e-04 2.806622915e-03 1.902595607e-01 4.291288021e-03
1.754139322e-04 8.141993489e-18 4.420154112e-04 2.348883465e-03 1.754139322e-04 4.420154112e-04
8.141993489e-18 8.141993489e-18 8.141993489e-18 0.000000000e+00 4.420154112e-04 1.754139322e-04
8.141993489e-18 8.141993489e-18 1.754139322e-04 4.420154112e-04 8.141993489e-18 8.141993489e-18

1.866965021e-04 1.866965021e-04 1.866965021e-04 1.785832725e-01 8.807098520e-03 1.866965021e-04
1.866965021e-04 1.866965021e-04 1.883389836e-01 1.567842065e-01 0.000000000e+00 1.818102816e-02
1.866965021e-04 1.866965021e-04 5.706817498e-03 1.866965021e-04 2.940285661e-01 2.987144033e-03
1.866965021e-04 1.866965021e-04 1.866965021e-04 0.000000000e+00 1.409135763e-01 1.866965021e-04
1.866965021e-04 1.866965021e-04 4.704457058e-04 0.000000000e+00 1.866965021e-04 1.866965021e-04
1.866965021e-04 1.866965021e-04 1.866965021e-04 8.077888497e-04 4.704457058e-04 1.866965021e-04

5.312848288e-04 2.108405241e-04 2.108405241e-04 9.011378367e-02 7.799661692e-03 2.108405241e-04
2.108405241e-04 2.108405241e-04 5.312848288e-04 1.908092155e-01 0.000000000e+00 3.176230617e-02
5.312848288e-04 2.108405241e-04 1.707808245e-02 0.000000000e+00 9.526254677e-02 2.466005729e-01
5.312848288e-04 2.108405241e-04 3.176230617e-02 0.000000000e+00 1.800930153e-01 2.108405241e-04
2.108405241e-04 2.108405241e-04 3.987625107e-02 0.000000000e+00 0.000000000e+00 3.947093670e-03
5.312848288e-04 1.802661123e-03 5.312848288e-04 2.108405241e-04 5.737470830e-02 2.108405241e-04

1.394037527e-03 5.532241592e-04 5.532241592e-04 7.067718867e-02 6.031650072e-03 2.195471531e-04
9.499253615e-04 2.195471531e-04 2.195471531e-04 1.328436860e-01 0.000000000e+00 4.730000027e-03
5.532241592e-04 2.195471531e-04 8.121747596e-03 0.000000000e+00 9.250639170e-02 1.641758196e-01
1.394037527e-03 2.195471531e-04 1.143132241e-01 0.000000000e+00 0.000000000e+00 2.195471531e-04
2.195471531e-04 9.499253615e-04 5.737802808e-02 0.000000000e+00 0.000000000e+00 1.611214247e-01
5.532241592e-04 2.230460043e-02 7.407958216e-03 0.000000000e+00 1.475569664e-01 2.393661918e-03

