1.439980377e-04 3.628523176e-04 1.439980377e-04 6.230433239e-04 3.628523176e-04 1.439980377e-04
1.439980377e-04 6.683796837e-18 6.230433239e-04 1.439980377e-04 6.683796837e-18 3.628523176e-04
1.439980377e-04 1.231165904e-03 1.166384105e-02 5.805637082e-03 1.439980377e-04 3.628523176e-04
2.303968603e-03 3.382399548e-02 6.683796837e-18 7.859378555e-01 1.439980377e-04 1.439980377e-04
1.439980377e-04 1.439980377e-04 1.250786593e-01 1.439980377e-04 1.439980377e-04 1.439980377e-04
6.683796837e-18 3.628523176e-04 2.794866267e-02 1.439980377e-04 3.628523176e-04 6.230433239e-04

1.573628985e-04 1.573628985e-04 7.304138722e-18 1.573628985e-04 1.573628985e-04 0.000000000e+00
1.573628985e-04 7.304138722e-18 1.573628985e-04 3.965296565e-04 7.304138722e-18 1.345433856e-03
7.304138722e-18 1.573628985e-04 5.424449397e-02 4.282217774e-02 1.573628985e-04 7.304138722e-18
7.304138722e-18 7.206912882e-02 0.000000000e+00 7.304138722e-18 4.453496690e-02 1.274639477e-02
3.965296565e-04 7.304138722e-18 7.298228114e-01 3.291439920e-02 7.304138722e-18 3.965296565e-04
7.304138722e-18 7.304138722e-18 5.309737613e-03 1.345433856e-03 7.304138722e-18 3.965296565e-04

6.467044464e-18 6.467044464e-18 6.467044464e-18 3.408495779e-03 6.467044464e-18 0.000000000e+00
6.467044464e-18 6.467044464e-18 1.191239776e-03 6.467044464e-18 4.701212633e-03 6.467044464e-18
6.467044464e-18 6.467044464e-18 6.090286765e-03 7.492936267e-01 6.467044464e-18 6.467044464e-18
6.467044464e-18 0.000000000e+00 0.000000000e+00 0.000000000e+00 1.728094794e-01 1.393282494e-04
8.846792384e-04 6.467044464e-18 1.184631351e-02 4.963533798e-02 6.467044464e-18 6.467044464e-18
6.467044464e-18 6.467044464e-18 6.467044464e-18 6.467044464e-18 6.467044464e-18 6.467044464e-18

4.700273045e-18 4.700273045e-18 4.700273045e-18 0.000000000e+00 4.700273045e-18 0.000000000e+00
4.700273045e-18 4.700273045e-18 4.700273045e-18 0.000000000e+00 4.700273045e-18 4.700273045e-18
4.700273045e-18 4.700273045e-18 4.700273045e-18 9.978183265e-01 4.700273045e-18 4.700273045e-18
4.700273045e-18 0.000000000e+00 0.000000000e+00 0.000000000e+00 4.700273045e-18 4.700273045e-18
4.700273045e-18 4.700273045e-18 4.700273045e-18 2.181673488e-03 4.700273045e-18 4.700273045e-18
4.700273045e-18 4.700273045e-18 4.700273045e-18 4.700273045e-18 4.700273045e-18 4.700273045e-18

5.335730934e-18 5.335730934e-18 5.335730934e-18 0.000000000e+00 5.335730934e-18 0.000000000e+00
5.335730934e-18 5.335730934e-18 5.335730934e-18 0.000000000e+00 5.335730934e-18 5.335730934e-18
5.335730934e-18 0.000000000e+00 5.335730934e-18 9.154416914e-01 7.570392397e-02 5.335730934e-18
5.335730934e-18 0.000000000e+00 0.000000000e+00 0.000000000e+00 0.000000000e+00 5.335730934e-18
5.335730934e-18 5.335730934e-18 5.335730934e-18 5.335730934e-18 8.854384662e-03 5.335730934e-18
5.335730934e-18 5.335730934e-18 5.335730934e-18 5.335730934e-18 5.335730934e-18 5.335730934e-18

