8.677006841e-18 8.088443314e-04 1.186997839e-03 1.384908452e-01 1.529766623e-01 8.677006841e-18
8.677006841e-18 1.869404455e-04 8.088443314e-04 2.437714936e-01 8.677006841e-18 2.422748173e-01
4.710604046e-04 0.000000000e+00 4.710604046e-04 1.598318326e-03 9.378018682e-02 1.168377784e-01
8.677006841e-18 8.677006841e-18 4.027509806e-03 1.869404455e-04 8.677006841e-18 1.869404455e-04
1.869404455e-04 8.677006841e-18 8.677006841e-18 8.677006841e-18 8.677006841e-18 1.186997839e-03
8.677006841e-18 1.869404455e-04 8.677006841e-18 1.869404455e-04 1.869404455e-04 8.677006841e-18

4.491033815e-03 4.896450017e-02 5.868762834e-03 6.590696413e-03 1.295130932e-01 2.051081819e-03
1.523244555e-03 0.000000000e+00 2.768491744e-01 1.483378201e-01 0.000000000e+00 8.685478888e-02
2.051081819e-03 0.000000000e+00 1.048628220e-02 1.943157477e-02 3.726432118e-02 3.212331570e-03
1.302355775e-02 2.398959848e-04 1.069182787e-01 2.615519605e-03 2.398959848e-04 7.332984756e-03
1.048628220e-02 9.672000033e-03 5.868762834e-03 1.523244555e-03 7.332984756e-03 8.874515614e-03
7.332984756e-03 1.048628220e-02 1.523244555e-03 9.672000033e-03 1.131669608e-02 2.051081819e-03

2.025092977e-02 1.355273182e-03 1.585137129e-04 1.006499339e-03 1.036821402e-02 1.585137129e-04
3.325695099e-01 0.000000000e+00 5.348568385e-03 5.863926491e-03 0.000000000e+00 1.610398942e-02
1.585137129e-04 0.000000000e+00 0.000000000e+00 3.994295272e-04 1.355273182e-03 1.006499339e-03
5.825360905e-01 0.000000000e+00 8.605448296e-03 6.858490030e-04 1.585137129e-04 6.858490030e-04
6.858490030e-04 6.858490030e-04 6.858490030e-04 1.006499339e-03 6.858490030e-04 1.006499339e-03
6.858490030e-04 1.728231192e-03 1.006499339e-03 1.006499339e-03 1.355273182e-03 6.858490030e-04

4.730044372e-02 2.106822220e-04 4.730044372e-02 7.108837786e-03 3.318037079e-01 5.308859327e-04
2.125357204e-01 0.000000000e+00 0.000000000e+00 3.880799710e-02 0.000000000e+00 9.132563427e-02
0.000000000e+00 0.000000000e+00 0.000000000e+00 3.370915552e-03 1.458510452e-02 9.115690325e-04
5.619355020e-02 0.000000000e+00 1.150974799e-01 7.108837786e-03 2.106822220e-04 9.115690325e-04
1.337748723e-03 2.821144145e-03 5.308859327e-04 2.106822220e-04 2.106822220e-04 2.821144145e-03
2.106822220e-04 4.539010877e-03 5.308859327e-04 5.154083739e-03 5.788102565e-03 5.308859327e-04

