7.252312263e-18 6.853748790e-01 1.562463313e-04 2.499941300e-03 6.760386123e-04 1.562463313e-04
1.562463313e-04 7.936972316e-02 6.760386123e-04 1.562463313e-04 7.252312263e-18 1.562463313e-04
7.349170566e-02 7.252312263e-18 1.323353992e-01 3.937160834e-04 7.252312263e-18 6.760386123e-04
1.703510556e-03 8.482355880e-03 1.335887341e-03 7.252312263e-18 7.252312263e-18 1.562463313e-04
2.092219354e-03 1.562463313e-04 1.562463313e-04 1.562463313e-04 7.252312263e-18 1.562463313e-04
1.562463313e-04 1.562463313e-04 2.925049194e-03 5.780048830e-03 1.562463313e-04 1.562463313e-04

5.034146460e-18 1.084573977e-04 5.034146460e-18 1.084573977e-04 1.084573977e-04 1.084573977e-04
5.034146460e-18 1.182481025e-03 1.084573977e-04 1.084573977e-04 5.034146460e-18 1.084573977e-04
2.030404306e-03 0.000000000e+00 0.000000000e+00 1.084573977e-04 5.034146460e-18 1.084573977e-04
6.886615488e-04 9.817249190e-01 5.034146460e-18 2.732955168e-04 5.034146460e-18 5.034146460e-18
5.034146460e-18 1.084573977e-04 2.732955168e-04 5.034146460e-18 5.034146460e-18 5.034146460e-18
5.034146460e-18 5.034146460e-18 1.241699689e-02 1.084573977e-04 1.084573977e-04 1.084573977e-04

4.972157458e-18 1.071218851e-04 4.972157458e-18 2.699302360e-04 4.972157458e-18 4.972157458e-18
4.972157458e-18 4.972157458e-18 2.005402503e-03 9.158792346e-04 4.972157458e-18 4.972157458e-18
1.071218851e-04 0.000000000e+00 0.000000000e+00 0.000000000e+00 1.167920300e-03 4.972157458e-18
4.972157458e-18 9.877894225e-01 0.000000000e+00 4.972157458e-18 3.614505759e-03 4.972157458e-18
4.972157458e-18 4.972157458e-18 2.942974742e-03 2.699302360e-04 4.972157458e-18 4.972157458e-18
2.699302360e-04 4.972157458e-18 2.699302360e-04 2.699302360e-04 4.972157458e-18 4.972157458e-18

8.954815892e-04 4.458906049e-03 6.983380448e-03 1.038252077e-01 3.311425365e-03 2.069640853e-04
2.069640853e-04 5.215168153e-04 1.184339291e-01 2.069640853e-04 2.831228861e-02 2.069640853e-04
6.983380448e-03 0.000000000e+00 0.000000000e+00 0.000000000e+00 0.000000000e+00 2.771356367e-03
9.734720501e-02 2.356331651e-01 0.000000000e+00 0.000000000e+00 2.041323705e-01 2.069640853e-04
4.458906049e-03 2.069640853e-04 1.591104837e-01 1.594138751e-02 5.215168153e-04 2.069640853e-04
2.069640853e-04 2.069640853e-04 3.874523812e-03 2.069640853e-04 2.069640853e-04 2.069640853e-04

4.420643490e-03 1.912701352e-02 1.320936447e-02 1.034053623e-01 1.807015641e-04 1.147383412e-03
4.553394088e-04 1.147383412e-03 1.181949786e-02 0.000000000e+00 5.557702735e-01 1.661819586e-01
7.285430540e-03 0.000000000e+00 0.000000000e+00 0.000000000e+00 0.000000000e+00 1.807015641e-04
1.544976641e-03 8.387423622e-02 0.000000000e+00 0.000000000e+00 0.000000000e+00 1.544976641e-03
1.807015641e-04 1.807015641e-04 1.113932358e-02 7.285430540e-03 4.553394088e-04 1.147383412e-03
4.553394088e-04 7.818502597e-04 3.382869603e-03 1.544976641e-03 1.970139200e-03 1.807015641e-04

5.782248378e-18 5.782248378e-18 5.782248378e-18 5.782248378e-18 5.782248378e-18 5.782248378e-18
5.782248378e-18 5.782248378e-18 5.782248378e-18 0.000000000e+00 5.782248378e-18 5.782248378e-18
5.782248378e-18 0.000000000e+00 0.000000000e+00 0.000000000e+00 0.000000000e+00 0.000000000e+00
6.913713418e-01 5.782248378e-18 0.000000000e+00 0.000000000e+00 0.000000000e+00 5.782248378e-18
5.782248378e-18 3.072704540e-01 1.358204224e-03 0.000000000e+00 5.782248378e-18 5.782248378e-18
5.782248378e-18 5.782248378e-18 5.782248378e-18 5.782248378e-18 5.782248378e-18 5.782248378e-18

