8.911659747e-18 4.837993242e-04 9.057088331e-03 1.919958891e-04 1.919958891e-04 1.919958891e-04
1.919958891e-04 1.919958891e-04 1.919958891e-04 1.919958891e-04 1.919958891e-04 4.681638719e-01
8.307179654e-04 1.919958891e-04 0.000000000e+00 2.982374416e-02 3.256534927e-02 1.183556071e-02
4.837993242e-04 1.919958891e-04 7.515112611e-02 1.557459326e-01 8.911659747e-18 1.212791069e-01
1.919958891e-04 1.919958891e-04 1.919958891e-04 1.919958891e-04 5.857636396e-02 1.919958891e-04
1.919958891e-04 1.919958891e-04 4.837993242e-04 1.255824769e-02 1.950556648e-02 1.919958891e-04

2.075990673e-04 2.197407746e-02 1.269888372e-01 2.376746103e-02 2.075990673e-04 8.982289968e-04
1.774947058e-03 1.935175710e-02 1.318171911e-03 8.622022815e-02 3.886411154e-03 1.774947058e-03
3.321585077e-03 4.472586322e-03 0.000000000e+00 3.551410820e-01 1.437166395e-02 8.369869914e-03
2.779859105e-03 8.982289968e-04 0.000000000e+00 1.566902791e-01 0.000000000e+00 1.523529548e-01
5.231168696e-04 5.231168696e-04 8.982289968e-04 1.318171911e-03 2.779859105e-03 3.886411154e-03
5.231168696e-04 5.231168696e-04 2.075990673e-04 1.318171911e-03 5.231168696e-04 2.075990673e-04

1.608560462e-04 1.021372228e-03 4.916943215e-03 1.175864831e-02 1.608560462e-04 1.608560462e-04
1.608560462e-04 1.375299849e-03 0.000000000e+00 1.753769004e-03 1.868851635e-01 6.959836905e-04
1.608560462e-04 7.031305235e-03 0.000000000e+00 0.000000000e+00 1.608560462e-04 2.348387591e-02
4.053318372e-04 1.608560462e-04 0.000000000e+00 5.662292798e-01 0.000000000e+00 1.893936728e-01
1.608560462e-04 1.608560462e-04 1.608560462e-04 1.608560462e-04 2.153945827e-03 1.608560462e-04
1.608560462e-04 1.608560462e-04 1.608560462e-04 1.608560462e-04 1.608560462e-04 1.608560462e-04

1.834838063e-04 5.608613900e-03 1.063057609e-02 1.131083452e-02 4.623502198e-04 4.623502198e-04
4.623502198e-04 3.434955276e-03 0.000000000e+00 8.655544915e-03 0.000000000e+00 1.165049549e-03
1.834838063e-04 3.561247842e-02 0.000000000e+00 0.000000000e+00 0.000000000e+00 5.608613900e-03
9.302561335e-03 5.608613900e-03 0.000000000e+00 3.123145658e-01 0.000000000e+00 3.425223074e-01
7.938883225e-04 1.834838063e-04 5.608613900e-03 7.938883225e-04 2.290288191e-01 1.568764477e-03
1.834838063e-04 6.191109070e-03 1.568764477e-03 1.834838063e-04 1.834838063e-04 1.834838063e-04

