8.228047915e-18 8.228047915e-18 8.228047915e-18 8.228047915e-18 8.228047915e-18 8.228047915e-18
8.228047915e-18 8.228047915e-18 9.684296332e-02 2.373709304e-03 4.466871642e-04 8.228047915e-18
8.228047915e-18 6.938629661e-02 2.325798772e-01 3.797934887e-02 8.228047915e-18 8.228047915e-18
8.228047915e-18 4.466871642e-04 8.228047915e-18 4.405755209e-01 5.907761428e-02 8.228047915e-18
8.228047915e-18 4.466871642e-04 7.669937383e-04 5.907761428e-02 8.228047915e-18 8.228047915e-18
8.228047915e-18 8.228047915e-18 8.228047915e-18 8.228047915e-18 8.228047915e-18 8.228047915e-18

7.336299240e-18 7.336299240e-18 7.336299240e-18 7.336299240e-18 7.336299240e-18 7.336299240e-18
7.336299240e-18 7.336299240e-18 7.336299240e-18 7.336299240e-18 7.336299240e-18 7.336299240e-18
7.336299240e-18 7.336299240e-18 2.978276959e-01 0.000000000e+00 7.336299240e-18 7.336299240e-18
7.336299240e-18 3.075864487e-01 0.000000000e+00 7.336299240e-18 1.997981758e-01 1.947876796e-01
7.336299240e-18 7.336299240e-18 7.336299240e-18 7.336299240e-18 7.336299240e-18 7.336299240e-18
7.336299240e-18 7.336299240e-18 7.336299240e-18 7.336299240e-18 7.336299240e-18 7.336299240e-18

5.381121955e-18 5.381121955e-18 5.381121955e-18 5.381121955e-18 5.381121955e-18 5.381121955e-18
5.381121955e-18 5.381121955e-18 8.724783301e-01 5.381121955e-18 5.381121955e-18 5.381121955e-18
5.381121955e-18 5.381121955e-18 5.381121955e-18 0.000000000e+00 5.381121955e-18 5.381121955e-18
1.275216699e-01 5.381121955e-18 0.000000000e+00 0.000000000e+00 0.000000000e+00 5.381121955e-18
5.381121955e-18 5.381121955e-18 5.381121955e-18 5.381121955e-18 5.381121955e-18 5.381121955e-18
5.381121955e-18 5.381121955e-18 5.381121955e-18 5.381121955e-18 5.381121955e-18 5.381121955e-18

4.869302676e-18 4.869302676e-18 3.539735560e-03 4.869302676e-18 4.869302676e-18 4.869302676e-18
4.869302676e-18 2.882095933e-03 4.869302676e-18 4.869302676e-18 4.869302676e-18 4.869302676e-18
4.869302676e-18 4.869302676e-18 9.893486258e-01 0.000000000e+00 4.869302676e-18 4.869302676e-18
0.000000000e+00 0.000000000e+00 0.000000000e+00 0.000000000e+00 0.000000000e+00 4.869302676e-18
4.869302676e-18 4.869302676e-18 4.229542709e-03 4.869302676e-18 4.869302676e-18 4.869302676e-18
4.869302676e-18 4.869302676e-18 4.869302676e-18 4.869302676e-18 4.869302676e-18 4.869302676e-18

5.653186790e-18 5.653186790e-18 5.653186790e-18 5.653186790e-18 5.653186790e-18 5.653186790e-18
5.653186790e-18 6.174921915e-03 0.000000000e+00 4.910435140e-03 5.653186790e-18 2.303493036e-02
3.346069805e-03 4.505555539e-03 0.000000000e+00 0.000000000e+00 5.653186790e-18 1.948707477e-03
0.000000000e+00 0.000000000e+00 0.000000000e+00 0.000000000e+00 0.000000000e+00 4.505555539e-03
5.653186790e-18 1.041325910e-03 9.423927439e-01 5.653186790e-18 2.280079630e-03 5.653186790e-18
5.653186790e-18 2.280079630e-03 1.630887693e-03 5.653186790e-18 5.653186790e-18 1.948707477e-03

4.647784847e-18 4.647784847e-18 4.647784847e-18 4.647784847e-18 4.647784847e-18 4.647784847e-18
4.647784847e-18 4.647784847e-18 0.000000000e+00 4.647784847e-18 4.647784847e-18 4.647784847e-18
4.647784847e-18 0.000000000e+00 0.000000000e+00 0.000000000e+00 0.000000000e+00 4.647784847e-18
0.000000000e+00 0.000000000e+00 0.000000000e+00 0.000000000e+00 0.000000000e+00 4.647784847e-18
4.647784847e-18 4.647784847e-18 1.000000000e+00 4.647784847e-18 4.647784847e-18 4.647784847e-18
4.647784847e-18 4.647784847e-18 4.647784847e-18 4.647784847e-18 4.647784847e-18 4.647784847e-18

1.312216699e-04 1.312216699e-04 1.121929496e-03 1.312216699e-04 2.225714067e-02 1.312216699e-04
5.677631910e-04 4.011098834e-03 0.000000000e+00 8.830608788e-01 6.090770377e-18 5.058610374e-02
0.000000000e+00 0.000000000e+00 0.000000000e+00 0.000000000e+00 0.000000000e+00 1.312216699e-04
0.000000000e+00 0.000000000e+00 0.000000000e+00 0.000000000e+00 0.000000000e+00 8.332056673e-04
6.090770377e-18 5.735933689e-03 0.000000000e+00 6.090770377e-18 1.312216699e-04 1.312216699e-04
2.099546718e-03 1.430673591e-03 2.612402273e-02 1.312216699e-04 6.090770377e-18 1.121929496e-03

1.037265392e-04 1.037265392e-04 1.037265392e-04 1.037265392e-04 1.037265392e-04 1.037265392e-04
1.037265392e-04 1.037265392e-04 0.000000000e+00 0.000000000e+00 0.000000000e+00 9.959836301e-01
0.000000000e+00 0.000000000e+00 0.000000000e+00 0.000000000e+00 0.000000000e+00 1.037265392e-04
0.000000000e+00 0.000000000e+00 0.000000000e+00 0.000000000e+00 0.000000000e+00 1.037265392e-04
1.037265392e-04 1.037265392e-04 0.000000000e+00 1.037265392e-04 1.037265392e-04 1.037265392e-04
1.037265392e-04 1.037265392e-04 1.941839066e-03 1.037265392e-04 1.037265392e-04 1.037265392e-04

0.000000000e+00 5.456428175e-18 5.456428175e-18 1.175551815e-04 0.000000000e+00 5.456428175e-18
5.456428175e-18 1.175551815e-04 0.000000000e+00 0.000000000e+00 0.000000000e+00 8.643091540e-01
0.000000000e+00 0.000000000e+00 0.000000000e+00 0.000000000e+00 0.000000000e+00 5.456428175e-18
0.000000000e+00 0.000000000e+00 0.000000000e+00 0.000000000e+00 0.000000000e+00 1.347504045e-01
5.456428175e-18 1.175551815e-04 0.000000000e+00 5.456428175e-18 1.175551815e-04 5.456428175e-18
1.175551815e-04 1.175551815e-04 1.175551815e-04 5.456428175e-18 5.456428175e-18 1.175551815e-04

0.000000000e+00 6.691234330e-18 6.691234330e-18 6.691234330e-18 0.000000000e+00 6.691234330e-18
6.691234330e-18 0.000000000e+00 0.000000000e+00 0.000000000e+00 0.000000000e+00 3.856827004e-01
0.000000000e+00 0.000000000e+00 0.000000000e+00 0.000000000e+00 0.000000000e+00 3.260904131e-01
0.000000000e+00 0.000000000e+00 0.000000000e+00 0.000000000e+00 0.000000000e+00 6.691234330e-18
6.691234330e-18 6.691234330e-18 0.000000000e+00 6.691234330e-18 6.691234330e-18 0.000000000e+00
6.691234330e-18 6.691234330e-18 2.882268865e-01 6.691234330e-18 6.691234330e-18 6.691234330e-18

0.000000000e+00 6.315560117e-18 6.315560117e-18 1.617391692e-02 0.000000000e+00 6.315560117e-18
6.315560117e-18 0.000000000e+00 0.000000000e+00 0.000000000e+00 0.000000000e+00 3.523335829e-01
0.000000000e+00 0.000000000e+00 0.000000000e+00 0.000000000e+00 0.000000000e+00 6.315560117e-18
0.000000000e+00 0.000000000e+00 0.000000000e+00 0.000000000e+00 0.000000000e+00 0.000000000e+00
6.315560117e-18 1.360646181e-04 0.000000000e+00 6.315560117e-18 6.315560117e-18 0.000000000e+00
6.315560117e-18 0.000000000e+00 2.845960007e-02 1.360646181e-04 6.315560117e-18 6.027607709e-01

0.000000000e+00 7.219072057e-02 7.219072057e-02 0.000000000e+00 0.000000000e+00 7.219072057e-02
7.219072057e-02 0.000000000e+00 0.000000000e+00 0.000000000e+00 0.000000000e+00 7.085695957e-02
0.000000000e+00 0.000000000e+00 0.000000000e+00 0.000000000e+00 0.000000000e+00 0.000000000e+00
0.000000000e+00 0.000000000e+00 0.000000000e+00 0.000000000e+00 0.000000000e+00 0.000000000e+00
7.219072057e-02 7.219072057e-02 0.000000000e+00 7.085695957e-02 7.085695957e-02 0.000000000e+00
7.085695957e-02 0.000000000e+00 7.085695957e-02 7.085695957e-02 7.085695957e-02 7.085695957e-02

