8.200758039e-18 8.200758039e-18 8.200758039e-18 8.200758039e-18 8.200758039e-18 8.200758039e-18
8.200758039e-18 1.766799761e-04 1.766799761e-04 7.337888385e-02 8.200758039e-18 8.200758039e-18
8.200758039e-18 8.200758039e-18 5.588162366e-02 3.344746393e-01 1.946073421e-02 8.200758039e-18
8.200758039e-18 7.766326462e-02 3.754739243e-01 8.200758039e-18 2.826879617e-03 8.200758039e-18
8.200758039e-18 8.200758039e-18 4.807881281e-02 1.223119774e-02 1.766799761e-04 8.200758039e-18
8.200758039e-18 8.200758039e-18 8.200758039e-18 8.200758039e-18 8.200758039e-18 8.200758039e-18

5.819244173e-18 5.819244173e-18 5.819244173e-18 5.819244173e-18 5.819244173e-18 5.819244173e-18
5.819244173e-18 5.819244173e-18 5.819244173e-18 5.819244173e-18 5.819244173e-18 5.819244173e-18
5.819244173e-18 5.819244173e-18 5.819244173e-18 5.819244173e-18 5.819244173e-18 5.819244173e-18
5.819244173e-18 6.514310823e-01 3.474970037e-01 0.000000000e+00 5.819244173e-18 1.071913942e-03
5.819244173e-18 5.819244173e-18 5.819244173e-18 5.819244173e-18 5.819244173e-18 0.000000000e+00
5.819244173e-18 5.819244173e-18 5.819244173e-18 5.819244173e-18 5.819244173e-18 5.819244173e-18

6.703426644e-18 6.703426644e-18 6.703426644e-18 6.703426644e-18 6.703426644e-18 6.703426644e-18
6.703426644e-18 6.703426644e-18 6.703426644e-18 1.346248402e-02 6.703426644e-18 6.703426644e-18
6.703426644e-18 6.703426644e-18 3.930036629e-02 8.902809947e-03 1.285919159e-01 6.703426644e-18
6.703426644e-18 1.169809687e-02 7.553188947e-01 0.000000000e+00 0.000000000e+00 0.000000000e+00
6.703426644e-18 6.703426644e-18 9.170158658e-04 4.166399540e-02 6.703426644e-18 0.000000000e+00
6.703426644e-18 6.703426644e-18 1.444209491e-04 6.703426644e-18 6.703426644e-18 6.703426644e-18

4.779940082e-18 4.779940082e-18 4.779940082e-18 4.779940082e-18 4.779940082e-18 4.779940082e-18
4.779940082e-18 4.779940082e-18 4.779940082e-18 4.779940082e-18 4.779940082e-18 4.779940082e-18
4.779940082e-18 4.779940082e-18 4.779940082e-18 9.929016666e-01 1.029806873e-04 0.000000000e+00
4.779940082e-18 4.779940082e-18 0.000000000e+00 0.000000000e+00 0.000000000e+00 0.000000000e+00
4.779940082e-18 4.779940082e-18 4.779940082e-18 4.779940082e-18 4.779940082e-18 0.000000000e+00
4.779940082e-18 4.779940082e-18 6.735857651e-03 2.594950713e-04 4.779940082e-18 4.779940082e-18

8.202438692e-02 1.155045281e-01 1.683104966e-02 1.705724873e-01 2.302455206e-04 1.068705037e-17
2.302455206e-04 2.302455206e-04 1.419345410e-02 1.140539302e-01 2.302455206e-04 1.068705037e-17
2.437117359e-02 1.461967927e-03 3.361426171e-02 1.068705037e-17 5.288435420e-02 0.000000000e+00
2.736914250e-02 1.068705037e-17 0.000000000e+00 0.000000000e+00 0.000000000e+00 0.000000000e+00
9.424240915e-02 2.302455206e-04 4.241158752e-02 0.000000000e+00 2.302455206e-04 0.000000000e+00
2.302455206e-04 6.141150922e-02 0.000000000e+00 1.469815482e-01 2.302455206e-04 2.302455206e-04

3.917969513e-02 3.917969513e-02 3.917969513e-02 3.917969513e-02 3.917969513e-02 3.917969513e-02
3.917969513e-02 3.917969513e-02 3.917969513e-02 3.917969513e-02 3.917969513e-02 3.917969513e-02
3.784597560e-02 3.784597560e-02 3.784597560e-02 0.000000000e+00 3.784597560e-02 0.000000000e+00
3.784597560e-02 3.784597560e-02 0.000000000e+00 0.000000000e+00 0.000000000e+00 0.000000000e+00
3.784597560e-02 3.784597560e-02 0.000000000e+00 0.000000000e+00 3.784597560e-02 0.000000000e+00
3.784597560e-02 3.784597560e-02 0.000000000e+00 3.784597560e-02 3.784597560e-02 3.784597560e-02

