7.773818344e-18 7.773818344e-18 7.773818344e-18 7.773818344e-18 7.773818344e-18 7.773818344e-18
7.773818344e-18 0.000000000e+00 7.773818344e-18 7.773818344e-18 7.773818344e-18 7.773818344e-18
7.773818344e-18 7.773818344e-18 3.742359770e-01 1.063443391e-03 2.278409306e-01 7.773818344e-18
7.773818344e-18 7.773818344e-18 1.674818392e-04 9.584045576e-02 1.602036170e-01 7.773818344e-18
7.773818344e-18 7.773818344e-18 1.406480944e-01 7.773818344e-18 7.773818344e-18 7.773818344e-18
7.773818344e-18 7.773818344e-18 7.773818344e-18 7.773818344e-18 7.773818344e-18 7.773818344e-18

6.161005667e-18 6.161005667e-18 6.161005667e-18 6.161005667e-18 6.161005667e-18 6.161005667e-18
3.247196138e-03 0.000000000e+00 0.000000000e+00 4.348126162e-01 6.161005667e-18 6.161005667e-18
6.161005667e-18 6.161005667e-18 1.327348434e-04 8.428137199e-04 6.161005667e-18 6.161005667e-18
6.161005667e-18 6.161005667e-18 1.327348434e-04 3.344708464e-04 3.344708464e-04 6.161005667e-18
6.161005667e-18 3.646643176e-03 5.521934972e-01 6.161005667e-18 0.000000000e+00 4.057352539e-03
6.161005667e-18 6.161005667e-18 6.161005667e-18 1.327348434e-04 6.161005667e-18 1.327348434e-04

1.367461075e-04 1.367461075e-04 1.367461075e-04 1.367461075e-04 1.367461075e-04 1.367461075e-04
0.000000000e+00 0.000000000e+00 0.000000000e+00 5.844563895e-02 2.421764092e-01 1.367461075e-04
1.367461075e-04 1.367461075e-04 1.367461075e-04 5.916660442e-04 1.367461075e-04 1.367461075e-04
1.367461075e-04 1.367461075e-04 1.367461075e-04 1.367461075e-04 1.367461075e-04 1.367461075e-04
1.367461075e-04 1.367461075e-04 6.950941409e-01 0.000000000e+00 0.000000000e+00 1.367461075e-04
1.367461075e-04 1.367461075e-04 1.367461075e-04 1.367461075e-04 1.367461075e-04 1.367461075e-04

