7.908028948e-18 7.908028948e-18 7.908028948e-18 7.908028948e-18 7.908028948e-18 7.908028948e-18
7.908028948e-18 6.302651045e-03 7.908028948e-18 2.569342920e-01 2.281387042e-03 7.908028948e-18
7.908028948e-18 1.456671387e-03 1.064833243e-01 1.121999647e-01 7.908028948e-18 7.908028948e-18
7.908028948e-18 7.908028948e-18 3.963948406e-01 1.156654819e-01 2.281387042e-03 7.908028948e-18
7.908028948e-18 7.908028948e-18 7.908028948e-18 7.908028948e-18 7.908028948e-18 7.908028948e-18
7.908028948e-18 7.908028948e-18 7.908028948e-18 7.908028948e-18 7.908028948e-18 7.908028948e-18

6.651557752e-18 6.651557752e-18 6.651557752e-18 6.651557752e-18 6.651557752e-18 6.651557752e-18
3.611021108e-04 2.650058802e-01 0.000000000e+00 6.651557752e-18 2.637536385e-01 6.651557752e-18
6.651557752e-18 6.651557752e-18 6.651557752e-18 6.651557752e-18 6.651557752e-18 6.651557752e-18
6.651557752e-18 6.651557752e-18 4.708793792e-01 0.000000000e+00 6.651557752e-18 6.651557752e-18
6.651557752e-18 6.651557752e-18 6.651557752e-18 6.651557752e-18 6.651557752e-18 6.651557752e-18
6.651557752e-18 6.651557752e-18 6.651557752e-18 6.651557752e-18 6.651557752e-18 6.651557752e-18

5.826199085e-18 5.826199085e-18 5.826199085e-18 5.826199085e-18 5.826199085e-18 5.826199085e-18
5.826199085e-18 6.001720691e-01 0.000000000e+00 0.000000000e+00 5.826199085e-18 3.998279309e-01
5.826199085e-18 5.826199085e-18 5.826199085e-18 5.826199085e-18 5.826199085e-18 5.826199085e-18
5.826199085e-18 5.826199085e-18 5.826199085e-18 0.000000000e+00 5.826199085e-18 5.826199085e-18
5.826199085e-18 5.826199085e-18 5.826199085e-18 5.826199085e-18 5.826199085e-18 5.826199085e-18
5.826199085e-18 5.826199085e-18 5.826199085e-18 0.000000000e+00 5.826199085e-18 5.826199085e-18

5.813410041e-18 5.813410041e-18 5.813410041e-18 5.813410041e-18 5.813410041e-18 5.813410041e-18
1.677110494e-03 2.867708134e-01 0.000000000e+00 0.000000000e+00 0.000000000e+00 7.095481382e-01
5.813410041e-18 5.813410041e-18 5.813410041e-18 0.000000000e+00 5.813410041e-18 5.813410041e-18
5.813410041e-18 5.813410041e-18 5.813410041e-18 0.000000000e+00 5.813410041e-18 5.813410041e-18
5.813410041e-18 5.813410041e-18 5.813410041e-18 2.003937962e-03 5.813410041e-18 5.813410041e-18
5.813410041e-18 5.813410041e-18 5.813410041e-18 0.000000000e+00 5.813410041e-18 5.813410041e-18

