8.201760919e-18 8.201760919e-18 8.201760919e-18 8.201760919e-18 8.201760919e-18 8.201760919e-18
8.201760919e-18 8.201760919e-18 2.290052508e-01 3.307986928e-03 8.201760919e-18 8.201760919e-18
8.201760919e-18 1.767015824e-04 2.417243646e-02 3.532932635e-01 9.539621324e-02 8.201760919e-18
8.201760919e-18 8.201760919e-18 1.370871934e-01 7.723941941e-03 1.496603105e-01 8.201760919e-18
8.201760919e-18 1.767015824e-04 8.201760919e-18 8.201760919e-18 8.201760919e-18 8.201760919e-18
8.201760919e-18 8.201760919e-18 8.201760919e-18 8.201760919e-18 8.201760919e-18 8.201760919e-18

5.956772367e-18 5.956772367e-18 5.956772367e-18 5.956772367e-18 5.956772367e-18 5.956772367e-18
5.956772367e-18 2.053356325e-03 3.117303850e-01 5.956772367e-18 0.000000000e+00 6.967083226e-03
5.956772367e-18 5.956772367e-18 3.233833571e-04 1.283347703e-04 3.233833571e-04 5.956772367e-18
5.956772367e-18 5.956772367e-18 6.784740739e-01 0.000000000e+00 5.956772367e-18 5.956772367e-18
5.956772367e-18 5.956772367e-18 5.956772367e-18 5.956772367e-18 5.956772367e-18 5.956772367e-18
5.956772367e-18 5.956772367e-18 5.956772367e-18 5.956772367e-18 5.956772367e-18 5.956772367e-18

4.647784847e-18 4.647784847e-18 4.647784847e-18 4.647784847e-18 4.647784847e-18 4.647784847e-18
4.647784847e-18 4.647784847e-18 1.000000000e+00 0.000000000e+00 0.000000000e+00 4.647784847e-18
4.647784847e-18 4.647784847e-18 4.647784847e-18 4.647784847e-18 4.647784847e-18 4.647784847e-18
4.647784847e-18 4.647784847e-18 0.000000000e+00 0.000000000e+00 4.647784847e-18 4.647784847e-18
4.647784847e-18 4.647784847e-18 4.647784847e-18 4.647784847e-18 4.647784847e-18 4.647784847e-18
4.647784847e-18 4.647784847e-18 4.647784847e-18 4.647784847e-18 4.647784847e-18 4.647784847e-18

4.647784847e-18 4.647784847e-18 4.647784847e-18 4.647784847e-18 4.647784847e-18 4.647784847e-18
4.647784847e-18 4.647784847e-18 1.000000000e+00 0.000000000e+00 0.000000000e+00 0.000000000e+00
4.647784847e-18 4.647784847e-18 4.647784847e-18 4.647784847e-18 4.647784847e-18 4.647784847e-18
4.647784847e-18 4.647784847e-18 0.000000000e+00 0.000000000e+00 4.647784847e-18 4.647784847e-18
4.647784847e-18 4.647784847e-18 4.647784847e-18 4.647784847e-18 0.000000000e+00 4.647784847e-18
4.647784847e-18 4.647784847e-18 4.647784847e-18 4.647784847e-18 4.647784847e-18 4.647784847e-18

