8.677006841e-18 8.088443314e-04 1.186997839e-03 1.384908452e-01 1.529766623e-01 8.677006841e-18
8.677006841e-18 1.869404455e-04 8.088443314e-04 2.437714936e-01 8.677006841e-18 2.422748173e-01
4.710604046e-04 0.000000000e+00 4.710604046e-04 1.598318326e-03 9.378018682e-02 1.168377784e-01
8.677006841e-18 8.677006841e-18 4.027509806e-03 1.869404455e-04 8.677006841e-18 1.869404455e-04
1.869404455e-04 8.677006841e-18 8.677006841e-18 8.677006841e-18 8.677006841e-18 1.186997839e-03
8.677006841e-18 1.869404455e-04 8.677006841e-18 1.869404455e-04 1.869404455e-04 8.677006841e-18

7.337829278e-03 1.695922220e-03 8.670506863e-03 1.297427322e-02 1.767298552e-02 2.184830822e-02
1.983562662e-04 0.000000000e+00 4.998264702e-04 6.022040452e-01 0.000000000e+00 7.337829278e-03
5.613641991e-02 0.000000000e+00 1.483294232e-01 1.606685756e-02 9.357128594e-03 2.357848656e-02
3.173700258e-03 2.162623535e-03 7.997223522e-03 3.713378943e-03 1.983562662e-04 2.162623535e-03
4.273456207e-03 4.852544254e-03 3.713378943e-03 1.259483782e-03 3.173700258e-03 4.273456207e-03
6.692935485e-03 2.162623535e-03 2.162623535e-03 6.692935485e-03 3.713378943e-03 3.713378943e-03

1.689548986e-04 1.444544064e-03 1.842068553e-03 4.967241245e-02 2.008356421e-02 1.689548986e-04
4.257396665e-04 0.000000000e+00 0.000000000e+00 3.362991788e-01 0.000000000e+00 1.301373379e-02
5.129423204e-01 0.000000000e+00 0.000000000e+00 2.704295464e-02 7.310253898e-04 1.689548986e-04
4.257396665e-04 1.689548986e-04 1.716474776e-02 2.703278378e-03 1.689548986e-04 1.689548986e-04
1.842068553e-03 4.641721891e-03 2.262393658e-03 1.689548986e-04 4.257396665e-04 1.072796735e-03
1.689548986e-04 1.444544064e-03 4.257396665e-04 7.310253898e-04 1.842068553e-03 1.689548986e-04

