6.560231792e-18 6.560231792e-18 6.560231792e-18 6.560231792e-18 6.560231792e-18 6.560231792e-18
6.560231792e-18 6.560231792e-18 4.871983781e-02 1.208405028e-03 6.560231792e-18 6.560231792e-18
6.560231792e-18 0.000000000e+00 1.413359095e-04 1.899866787e-01 1.259263209e-02 6.560231792e-18
6.560231792e-18 6.560231792e-18 3.319868271e-02 3.561441749e-04 7.136549477e-01 6.560231792e-18
6.560231792e-18 1.413359095e-04 6.560231792e-18 6.560231792e-18 6.560231792e-18 6.560231792e-18
6.560231792e-18 6.560231792e-18 6.560231792e-18 6.560231792e-18 6.560231792e-18 6.560231792e-18

5.116372149e-04 1.251658077e-02 5.116372149e-04 5.116372149e-04 5.116372149e-04 5.116372149e-04
8.785176103e-04 0.000000000e+00 2.030433633e-04 8.555250493e-02 0.000000000e+00 1.029422366e-02
2.030433633e-04 0.000000000e+00 2.503366468e-02 1.603874896e-01 2.406526368e-01 5.116372149e-04
2.030433633e-04 1.109243068e-01 2.390654826e-01 8.785176103e-04 9.578234645e-03 2.030433633e-04
8.785176103e-04 9.424438077e-02 8.785176103e-04 8.785176103e-04 2.030433633e-04 5.116372149e-04
5.116372149e-04 5.116372149e-04 5.116372149e-04 5.116372149e-04 5.116372149e-04 2.030433633e-04

3.631929956e-04 6.236282922e-04 1.441332358e-04 1.441332358e-04 1.441332358e-04 1.441332358e-04
1.441332358e-04 0.000000000e+00 0.000000000e+00 1.906266486e-02 0.000000000e+00 2.584395106e-02
1.776295641e-01 0.000000000e+00 0.000000000e+00 7.391415827e-01 1.441332358e-04 1.441332358e-04
1.441332358e-04 3.631929956e-04 9.151890005e-04 3.088029966e-02 1.232321832e-03 1.441332358e-04
1.441332358e-04 6.236282922e-04 1.441332358e-04 1.441332358e-04 1.441332358e-04 1.441332358e-04
1.441332358e-04 3.631929956e-04 1.441332358e-04 3.631929956e-04 1.441332358e-04 1.441332358e-04

