5.117629137e-18 1.102559774e-04 1.202090442e-03 2.064075075e-03 1.476384681e-03 2.064075075e-03
1.102559774e-04 5.117629137e-18 5.117629137e-18 1.102559774e-04 4.770499082e-04 5.117629137e-18
4.770499082e-04 5.117629137e-18 5.117629137e-18 5.117629137e-18 1.102559774e-04 9.765545632e-01
1.102559774e-04 5.117629137e-18 5.117629137e-18 5.117629137e-18 5.117629137e-18 1.458215196e-02
1.102559774e-04 5.117629137e-18 5.117629137e-18 5.117629137e-18 5.117629137e-18 1.102559774e-04
5.117629137e-18 1.102559774e-04 1.102559774e-04 1.102559774e-04 5.117629137e-18 5.117629137e-18

1.316268326e-04 1.316268326e-04 1.316268326e-04 3.316788341e-04 1.125393588e-03 6.673431883e-03
1.316268326e-04 6.109576361e-18 1.316268326e-04 3.220090005e-03 2.464153606e-03 0.000000000e+00
1.316268326e-04 1.316268326e-04 0.000000000e+00 3.316788341e-04 3.220090005e-03 7.704427613e-02
6.109576361e-18 1.316268326e-04 8.794348704e-01 6.109576361e-18 1.435090968e-03 1.681599461e-02
5.695162281e-04 6.109576361e-18 1.316268326e-04 3.220090005e-03 1.316268326e-04 1.316268326e-04
1.316268326e-04 8.357782898e-04 6.109576361e-18 1.435090968e-03 1.316268326e-04 1.316268326e-04

1.261014379e-04 5.853110259e-18 1.261014379e-04 3.177557120e-04 3.177557120e-04 1.688563609e-03
5.853110259e-18 1.261014379e-04 5.853110259e-18 3.637900015e-02 3.177557120e-04 0.000000000e+00
3.177557120e-04 5.853110259e-18 0.000000000e+00 5.853110259e-18 0.000000000e+00 1.374849117e-03
5.853110259e-18 5.853110259e-18 1.498959986e-02 0.000000000e+00 4.712795621e-02 1.078152128e-03
3.177557120e-04 5.853110259e-18 5.853110259e-18 8.945941018e-01 5.853110259e-18 5.853110259e-18
5.853110259e-18 5.853110259e-18 5.853110259e-18 8.006942205e-04 5.853110259e-18 5.853110259e-18

6.417436172e-18 6.417436172e-18 3.483920360e-04 8.778929195e-04 6.417436172e-18 2.978710008e-03
6.417436172e-18 6.417436172e-18 1.382594711e-04 0.000000000e+00 1.382594711e-04 0.000000000e+00
6.417436172e-18 6.417436172e-18 0.000000000e+00 0.000000000e+00 0.000000000e+00 3.483920360e-04
6.417436172e-18 6.417436172e-18 4.845533306e-02 0.000000000e+00 4.293577753e-01 3.483920360e-04
1.382594711e-04 6.417436172e-18 6.417436172e-18 5.167320747e-01 6.417436172e-18 6.417436172e-18
6.417436172e-18 6.417436172e-18 6.417436172e-18 1.382594711e-04 6.417436172e-18 6.417436172e-18

5.036870619e-18 1.085160879e-04 0.000000000e+00 1.085160879e-04 0.000000000e+00 2.734434068e-04
5.036870619e-18 5.036870619e-18 3.661548937e-03 0.000000000e+00 1.085160879e-04 0.000000000e+00
1.085160879e-04 5.036870619e-18 0.000000000e+00 0.000000000e+00 0.000000000e+00 9.794346050e-01
5.036870619e-18 5.036870619e-18 1.085160879e-04 0.000000000e+00 7.512349495e-03 5.036870619e-18
1.085160879e-04 5.036870619e-18 5.036870619e-18 8.358440578e-03 5.036870619e-18 5.036870619e-18
5.036870619e-18 5.036870619e-18 5.036870619e-18 1.085160879e-04 5.036870619e-18 5.036870619e-18

1.084401666e-04 1.084401666e-04 0.000000000e+00 5.033346661e-18 0.000000000e+00 2.732520970e-04
5.033346661e-18 5.033346661e-18 2.652856485e-03 0.000000000e+00 5.033346661e-18 0.000000000e+00
2.732520970e-04 5.033346661e-18 0.000000000e+00 0.000000000e+00 0.000000000e+00 9.773403282e-01
2.732520970e-04 0.000000000e+00 5.033346661e-18 0.000000000e+00 1.735695460e-02 0.000000000e+00
5.033346661e-18 5.033346661e-18 5.033346661e-18 9.271503822e-04 1.084401666e-04 1.084401666e-04
4.691933508e-04 5.033346661e-18 5.033346661e-18 5.033346661e-18 5.033346661e-18 5.033346661e-18

4.211050269e-02 4.211050269e-02 0.000000000e+00 4.211050269e-02 0.000000000e+00 4.211050269e-02
4.211050269e-02 4.211050269e-02 4.211050269e-02 0.000000000e+00 4.211050269e-02 0.000000000e+00
4.211050269e-02 4.211050269e-02 0.000000000e+00 0.000000000e+00 0.000000000e+00 4.077899461e-02
4.211050269e-02 0.000000000e+00 4.211050269e-02 0.000000000e+00 4.211050269e-02 0.000000000e+00
0.000000000e+00 4.211050269e-02 4.211050269e-02 4.211050269e-02 4.077899461e-02 4.077899461e-02
4.077899461e-02 4.077899461e-02 4.077899461e-02 0.000000000e+00 4.077899461e-02 4.077899461e-02

0.000000000e+00 4.618203788e-02 0.000000000e+00 4.618203788e-02 0.000000000e+00 4.484830177e-02
4.618203788e-02 4.618203788e-02 4.618203788e-02 0.000000000e+00 4.618203788e-02 0.000000000e+00
4.618203788e-02 4.618203788e-02 0.000000000e+00 0.000000000e+00 0.000000000e+00 0.000000000e+00
4.618203788e-02 0.000000000e+00 4.618203788e-02 0.000000000e+00 4.484830177e-02 0.000000000e+00
0.000000000e+00 4.484830177e-02 4.484830177e-02 4.484830177e-02 4.484830177e-02 4.484830177e-02
4.484830177e-02 4.484830177e-02 4.484830177e-02 0.000000000e+00 4.484830177e-02 4.484830177e-02

