4.797614235e-04 1.318551270e-01 1.208923033e-03 7.004186663e-02 1.854104702e-02 8.837280979e-18
8.837280979e-18 0.000000000e+00 8.837280979e-18 2.316371915e-01 8.837280979e-18 4.797614235e-04
1.618810597e-02 2.347402858e-02 3.587622241e-01 1.228189244e-01 8.837280979e-18 4.797614235e-04
4.797614235e-04 8.837280979e-18 4.101902471e-03 4.797614235e-04 8.837280979e-18 1.033614654e-02
7.676182775e-03 8.837280979e-18 8.837280979e-18 8.837280979e-18 8.837280979e-18 4.797614235e-04
8.837280979e-18 8.837280979e-18 8.837280979e-18 4.797614235e-04 8.837280979e-18 8.837280979e-18

4.689967824e-04 1.861214965e-04 3.490784313e-01 1.288481512e-02 1.591316410e-03 2.029231224e-03
1.591316410e-03 0.000000000e+00 0.000000000e+00 1.276251504e-01 6.885226227e-03 4.689967824e-04
2.029231224e-03 0.000000000e+00 4.689967824e-04 3.837883354e-01 1.010422937e-02 2.977943943e-03
8.053009448e-04 4.009866085e-03 5.574935719e-02 8.779973581e-03 1.591316410e-03 5.113342267e-03
4.689967824e-04 4.689967824e-04 1.861214965e-04 4.689967824e-04 4.689967824e-04 4.009866085e-03
4.689967824e-04 4.689967824e-04 4.689967824e-04 3.484334825e-03 8.779973581e-03 2.029231224e-03

8.205396688e-18 4.454574665e-04 1.730415168e-01 7.648822595e-04 7.648822595e-04 8.205396688e-18
5.403693631e-03 0.000000000e+00 0.000000000e+00 2.150746421e-01 8.205396688e-18 8.205396688e-18
0.000000000e+00 0.000000000e+00 0.000000000e+00 1.236378544e-01 8.205396688e-18 8.205396688e-18
8.205396688e-18 8.205396688e-18 2.918541908e-01 1.927382519e-03 8.205396688e-18 8.205396688e-18
7.648822595e-04 8.205396688e-18 1.836683684e-01 8.205396688e-18 8.205396688e-18 8.205396688e-18
8.205396688e-18 1.122482478e-03 8.205396688e-18 7.648822595e-04 7.648822595e-04 8.205396688e-18

4.428136327e-03 0.000000000e+00 2.302520686e-01 3.388603449e-03 2.896125552e-03 8.401640014e-18
8.401640014e-18 0.000000000e+00 0.000000000e+00 3.899695847e-03 8.401640014e-18 4.561111933e-04
0.000000000e+00 0.000000000e+00 0.000000000e+00 2.131206241e-01 1.149328187e-03 4.561111933e-04
1.973478517e-03 0.000000000e+00 2.714689268e-01 2.245048793e-01 8.401640014e-18 4.561111933e-04
2.896125552e-03 4.561111933e-04 2.897215196e-02 8.401640014e-18 8.401640014e-18 4.561111933e-04
8.401640014e-18 3.899695847e-03 8.401640014e-18 2.896125552e-03 1.973478517e-03 8.401640014e-18

1.649203462e-03 0.000000000e+00 0.000000000e+00 8.431654333e-03 5.896197673e-03 4.860574001e-04
0.000000000e+00 0.000000000e+00 0.000000000e+00 1.649203462e-03 1.485748712e-02 1.649203462e-03
0.000000000e+00 0.000000000e+00 0.000000000e+00 1.859412314e-01 3.611083891e-03 4.860574001e-04
1.309532918e-01 0.000000000e+00 2.453693824e-01 1.830806220e-01 8.953253859e-18 4.860574001e-04
2.033339371e-01 4.860574001e-04 2.582923946e-03 8.953253859e-18 4.860574001e-04 4.860574001e-04
4.860574001e-04 2.582923946e-03 1.224787900e-03 1.649203462e-03 1.649203462e-03 4.860574001e-04

0.000000000e+00 0.000000000e+00 0.000000000e+00 6.465491410e-04 6.465491410e-04 4.726302892e-18
0.000000000e+00 0.000000000e+00 0.000000000e+00 2.565831966e-04 4.726302892e-18 4.726302892e-18
0.000000000e+00 0.000000000e+00 0.000000000e+00 9.979371521e-01 4.726302892e-18 4.726302892e-18
2.565831966e-04 0.000000000e+00 0.000000000e+00 4.726302892e-18 4.726302892e-18 4.726302892e-18
4.726302892e-18 4.726302892e-18 2.565831966e-04 4.726302892e-18 4.726302892e-18 4.726302892e-18
4.726302892e-18 4.726302892e-18 4.726302892e-18 4.726302892e-18 4.726302892e-18 4.726302892e-18

0.000000000e+00 0.000000000e+00 0.000000000e+00 3.167209907e-04 5.834050530e-18 5.834050530e-18
0.000000000e+00 0.000000000e+00 0.000000000e+00 6.093568481e-01 5.834050530e-18 5.834050530e-18
0.000000000e+00 0.000000000e+00 0.000000000e+00 5.834050530e-18 3.903264309e-01 0.000000000e+00
5.834050530e-18 0.000000000e+00 0.000000000e+00 0.000000000e+00 5.834050530e-18 5.834050530e-18
5.834050530e-18 5.834050530e-18 5.834050530e-18 5.834050530e-18 5.834050530e-18 5.834050530e-18
5.834050530e-18 5.834050530e-18 5.834050530e-18 5.834050530e-18 5.834050530e-18 5.834050530e-18

0.000000000e+00 0.000000000e+00 0.000000000e+00 9.977308648e-01 4.712563376e-18 4.712563376e-18
0.000000000e+00 0.000000000e+00 0.000000000e+00 4.712563376e-18 4.712563376e-18 4.712563376e-18
0.000000000e+00 0.000000000e+00 0.000000000e+00 0.000000000e+00 0.000000000e+00 0.000000000e+00
1.624465603e-03 0.000000000e+00 0.000000000e+00 0.000000000e+00 4.712563376e-18 4.712563376e-18
4.712563376e-18 4.712563376e-18 4.712563376e-18 6.446696016e-04 4.712563376e-18 4.712563376e-18
4.712563376e-18 4.712563376e-18 4.712563376e-18 4.712563376e-18 4.712563376e-18 4.712563376e-18

