6.468507115e-18 1.393597612e-04 6.468507115e-18 3.409266678e-03 1.393597612e-04 6.468507115e-18
1.393597612e-04 6.468507115e-18 1.393597612e-04 5.208299632e-02 8.848793262e-04 1.393597612e-04
1.393597612e-04 6.468507115e-18 7.750300650e-01 6.468507115e-18 1.458459893e-01 7.565611817e-03
1.393597612e-04 6.468507115e-18 1.866099430e-03 1.073417136e-02 3.511645933e-04 1.393597612e-04
1.393597612e-04 6.468507115e-18 6.468507115e-18 1.393597612e-04 6.468507115e-18 6.468507115e-18
1.393597612e-04 1.393597612e-04 1.393597612e-04 1.393597612e-04 1.393597612e-04 1.393597612e-04

8.366616739e-18 1.144537070e-03 8.366616739e-18 2.413685020e-03 4.542098374e-04 8.366616739e-18
8.366616739e-18 8.366616739e-18 8.366616739e-18 7.923398869e-02 8.366616739e-18 8.366616739e-18
8.366616739e-18 8.366616739e-18 2.052223408e-01 0.000000000e+00 3.130061820e-01 8.366616739e-18
7.799107049e-04 0.000000000e+00 1.475044478e-01 8.366616739e-18 7.704072242e-02 8.366616739e-18
8.366616739e-18 8.366616739e-18 7.799107049e-04 1.724200649e-01 8.366616739e-18 8.366616739e-18
8.366616739e-18 8.366616739e-18 8.366616739e-18 8.366616739e-18 8.366616739e-18 8.366616739e-18

5.951970849e-18 5.951970849e-18 5.951970849e-18 5.951970849e-18 5.951970849e-18 5.951970849e-18
5.951970849e-18 5.951970849e-18 5.951970849e-18 3.522917370e-03 5.951970849e-18 5.951970849e-18
5.951970849e-18 5.951970849e-18 1.717083898e-03 0.000000000e+00 3.559093077e-02 5.951970849e-18
5.951970849e-18 0.000000000e+00 0.000000000e+00 0.000000000e+00 8.536583892e-01 5.951970849e-18
5.951970849e-18 5.951970849e-18 8.880535476e-02 5.951970849e-18 3.231226906e-04 5.951970849e-18
5.951970849e-18 5.951970849e-18 5.951970849e-18 1.638220128e-02 5.951970849e-18 5.951970849e-18

6.389602213e-18 6.389602213e-18 6.389602213e-18 6.389602213e-18 6.389602213e-18 6.389602213e-18
6.389602213e-18 6.389602213e-18 6.389602213e-18 0.000000000e+00 6.389602213e-18 6.389602213e-18
6.389602213e-18 6.389602213e-18 6.389602213e-18 0.000000000e+00 6.389602213e-18 6.389602213e-18
6.389602213e-18 0.000000000e+00 0.000000000e+00 0.000000000e+00 4.047171612e-02 6.389602213e-18
6.389602213e-18 6.389602213e-18 5.638545680e-01 0.000000000e+00 3.842219051e-01 6.389602213e-18
6.389602213e-18 6.389602213e-18 2.965790628e-03 6.389602213e-18 8.486020234e-03 6.389602213e-18

