6.793969232e-18 6.793969232e-18 6.793969232e-18 6.793969232e-18 6.793969232e-18 6.793969232e-18
6.793969232e-18 0.000000000e+00 6.104921063e-01 6.333132613e-04 6.793969232e-18 6.793969232e-18
6.793969232e-18 6.793969232e-18 2.642996580e-01 7.528155532e-02 1.463716300e-04 6.793969232e-18
6.793969232e-18 1.463716300e-04 3.983119285e-02 9.023059409e-03 6.793969232e-18 6.793969232e-18
6.793969232e-18 6.793969232e-18 6.793969232e-18 1.463716300e-04 6.793969232e-18 6.793969232e-18
6.793969232e-18 6.793969232e-18 6.793969232e-18 6.793969232e-18 6.793969232e-18 6.793969232e-18

1.250998406e-04 1.250998406e-04 1.250998406e-04 1.250998406e-04 1.250998406e-04 1.250998406e-04
1.250998406e-04 0.000000000e+00 5.412755740e-04 1.250998406e-04 1.250998406e-04 1.250998406e-04
1.250998406e-04 0.000000000e+00 0.000000000e+00 1.250998406e-04 1.250998406e-04 1.250998406e-04
1.250998406e-04 1.250998406e-04 7.943344742e-04 8.222815953e-01 1.250998406e-04 1.250998406e-04
1.250998406e-04 1.701848048e-01 1.250998406e-04 1.250998406e-04 1.250998406e-04 1.250998406e-04
1.250998406e-04 2.695194363e-03 1.250998406e-04 1.250998406e-04 1.250998406e-04 1.250998406e-04

1.040891947e-04 1.040891947e-04 1.040891947e-04 1.040891947e-04 1.040891947e-04 1.040891947e-04
1.040891947e-04 0.000000000e+00 0.000000000e+00 1.040891947e-04 1.040891947e-04 1.040891947e-04
1.040891947e-04 0.000000000e+00 0.000000000e+00 1.040891947e-04 1.040891947e-04 1.040891947e-04
1.040891947e-04 0.000000000e+00 1.040891947e-04 2.622883349e-04 1.040891947e-04 1.040891947e-04
1.040891947e-04 1.040891947e-04 1.040891947e-04 1.040891947e-04 1.040891947e-04 1.040891947e-04
1.040891947e-04 9.967191250e-01 1.040891947e-04 1.040891947e-04 1.040891947e-04 1.040891947e-04

