7.312828517e-18 7.312828517e-18 7.312828517e-18 7.312828517e-18 7.312828517e-18 7.312828517e-18
7.312828517e-18 7.312828517e-18 3.375484299e-02 6.816797544e-04 7.312828517e-18 7.312828517e-18
7.312828517e-18 2.083714428e-02 1.222292563e-01 7.312828517e-18 3.970014111e-04 7.312828517e-18
7.312828517e-18 7.312828517e-18 5.795947429e-02 6.740513025e-01 4.806724190e-02 7.312828517e-18
7.312828517e-18 7.312828517e-18 7.312828517e-18 4.202205662e-02 7.312828517e-18 7.312828517e-18
7.312828517e-18 7.312828517e-18 7.312828517e-18 7.312828517e-18 7.312828517e-18 7.312828517e-18

6.876472210e-18 6.876472210e-18 6.876472210e-18 6.876472210e-18 6.876472210e-18 6.876472210e-18
6.876472210e-18 6.876472210e-18 6.876472210e-18 6.876472210e-18 6.876472210e-18 6.876472210e-18
6.876472210e-18 1.955650209e-01 6.876472210e-18 0.000000000e+00 2.875434530e-02 5.480506589e-03
6.876472210e-18 6.876472210e-18 0.000000000e+00 2.087706645e-01 6.876472210e-18 6.876472210e-18
6.876472210e-18 6.876472210e-18 6.876472210e-18 5.614294628e-01 6.876472210e-18 6.876472210e-18
6.876472210e-18 6.876472210e-18 6.876472210e-18 6.876472210e-18 6.876472210e-18 6.876472210e-18

5.778174391e-18 5.778174391e-18 5.778174391e-18 5.778174391e-18 5.778174391e-18 5.778174391e-18
5.778174391e-18 5.778174391e-18 5.778174391e-18 5.778174391e-18 5.778174391e-18 5.778174391e-18
5.778174391e-18 3.390359713e-01 0.000000000e+00 0.000000000e+00 5.778174391e-18 6.609640287e-01
5.778174391e-18 5.778174391e-18 0.000000000e+00 5.778174391e-18 5.778174391e-18 5.778174391e-18
5.778174391e-18 5.778174391e-18 0.000000000e+00 5.778174391e-18 5.778174391e-18 5.778174391e-18
5.778174391e-18 5.778174391e-18 5.778174391e-18 5.778174391e-18 5.778174391e-18 5.778174391e-18

5.157951190e-18 5.157951190e-18 5.157951190e-18 5.157951190e-18 5.157951190e-18 5.157951190e-18
5.157951190e-18 5.157951190e-18 5.157951190e-18 5.157951190e-18 5.157951190e-18 5.157951190e-18
5.157951190e-18 3.894549725e-02 0.000000000e+00 0.000000000e+00 0.000000000e+00 9.541801271e-01
5.157951190e-18 4.480266744e-03 0.000000000e+00 0.000000000e+00 5.157951190e-18 2.394108865e-03
5.157951190e-18 5.157951190e-18 0.000000000e+00 5.157951190e-18 5.157951190e-18 5.157951190e-18
5.157951190e-18 5.157951190e-18 5.157951190e-18 5.157951190e-18 5.157951190e-18 5.157951190e-18

