9.532520739e-18 2.998288916e-02 1.304030494e-03 7.597361137e-03 6.277675969e-03 9.532520739e-18
8.280077512e-03 0.000000000e+00 3.986075775e-02 5.175048445e-04 9.532520739e-18 9.532520739e-18
1.581875219e-02 9.532520739e-18 3.851834087e-01 1.304030494e-03 9.532520739e-18 5.175048445e-04
5.175048445e-04 1.366373676e-01 9.027539614e-02 2.053719337e-04 9.532520739e-18 1.755905333e-03
5.175048445e-04 1.304030494e-03 9.532520739e-18 9.532520739e-18 9.532520739e-18 5.175048445e-04
8.406133481e-02 1.755905333e-03 1.304030494e-03 8.406133481e-02 1.004428155e-01 9.532520739e-18

3.625837117e-04 1.438914413e-04 6.225821083e-04 6.225821083e-04 1.230254518e-03 9.136537014e-04
1.438914413e-04 0.000000000e+00 8.052066205e-01 1.438914413e-04 6.678849073e-18 9.136537014e-04
2.302263061e-03 0.000000000e+00 0.000000000e+00 1.438914413e-04 6.678849073e-18 3.625837117e-04
8.336697102e-03 6.678849073e-18 9.573337218e-02 3.625837117e-04 6.678849073e-18 2.693756335e-03
6.678849073e-18 6.325039959e-02 2.302263061e-03 6.678849073e-18 3.520128708e-03 9.136537014e-04
1.230254518e-03 1.926780975e-03 1.230254518e-03 2.693756335e-03 2.693756335e-03 6.678849073e-18

2.681757429e-03 1.224774547e-03 6.757605270e-03 6.198089161e-04 2.681757429e-03 3.086238465e-03
1.432505000e-04 0.000000000e+00 0.000000000e+00 1.432505000e-04 2.681757429e-03 3.086238465e-03
1.918198438e-03 0.000000000e+00 0.000000000e+00 9.095839774e-04 2.681757429e-03 3.086238465e-03
1.894591665e-02 0.000000000e+00 9.039418428e-01 2.292008000e-03 2.681757429e-03 3.086238465e-03
2.681757429e-03 1.918198438e-03 4.378788305e-03 2.681757429e-03 3.086238465e-03 3.086238465e-03
2.681757429e-03 5.299291690e-03 2.681757429e-03 3.086238465e-03 3.086238465e-03 2.681757429e-03

