8.462224713e-18 8.462224713e-18 8.462224713e-18 8.462224713e-18 1.823131048e-04 8.462224713e-18
8.462224713e-18 1.823131048e-04 5.008713783e-03 0.000000000e+00 2.840665706e-01 8.462224713e-18
8.462224713e-18 8.462224713e-18 7.136108589e-02 2.246823721e-01 2.247778533e-02 8.462224713e-18
8.462224713e-18 1.823131048e-04 2.704052307e-01 6.706927347e-02 8.462224713e-18 8.462224713e-18
8.462224713e-18 8.462224713e-18 8.462224713e-18 5.572828655e-03 4.862688701e-02 8.462224713e-18
8.462224713e-18 8.462224713e-18 8.462224713e-18 8.462224713e-18 1.823131048e-04 8.462224713e-18

6.143026423e-18 6.143026423e-18 6.143026423e-18 1.323474923e-04 3.334947829e-04 6.143026423e-18
3.334947829e-04 1.125277819e-02 0.000000000e+00 0.000000000e+00 6.143026423e-18 6.143026423e-18
6.143026423e-18 6.143026423e-18 6.143026423e-18 5.785145398e-03 8.414384915e-01 6.143026423e-18
6.143026423e-18 2.477644899e-03 9.165596650e-02 4.260564781e-02 0.000000000e+00 6.143026423e-18
6.143026423e-18 6.143026423e-18 6.143026423e-18 3.334947829e-04 2.477644899e-03 6.143026423e-18
6.143026423e-18 6.143026423e-18 8.403541939e-04 6.143026423e-18 3.334947829e-04 6.143026423e-18

1.183336354e-04 1.183336354e-04 1.183336354e-04 1.183336354e-04 3.250996746e-03 1.183336354e-04
4.353253136e-02 0.000000000e+00 0.000000000e+00 0.000000000e+00 0.000000000e+00 1.183336354e-04
1.183336354e-04 1.183336354e-04 1.183336354e-04 1.183336354e-04 9.349037424e-01 1.183336354e-04
1.183336354e-04 1.183336354e-04 1.511772133e-02 1.183336354e-04 0.000000000e+00 1.183336354e-04
1.183336354e-04 1.183336354e-04 1.183336354e-04 1.183336354e-04 1.183336354e-04 1.183336354e-04
1.183336354e-04 1.183336354e-04 1.183336354e-04 1.183336354e-04 1.183336354e-04 1.183336354e-04

