5.639409848e-18 5.639409848e-18 5.639409848e-18 5.639409848e-18 5.639409848e-18 5.639409848e-18
5.639409848e-18 0.000000000e+00 5.639409848e-18 3.061542688e-04 5.639409848e-18 5.639409848e-18
5.639409848e-18 1.033025479e-02 8.932938175e-01 8.001255304e-02 5.639409848e-18 5.639409848e-18
5.639409848e-18 5.639409848e-18 3.713853727e-03 1.234336665e-02 5.639409848e-18 5.639409848e-18
5.639409848e-18 5.639409848e-18 5.639409848e-18 5.639409848e-18 5.639409848e-18 5.639409848e-18
5.639409848e-18 5.639409848e-18 5.639409848e-18 5.639409848e-18 5.639409848e-18 5.639409848e-18

3.537776631e-04 5.660442610e-03 3.537776631e-04 3.537776631e-04 1.403967587e-04 1.403967587e-04
1.403967587e-04 0.000000000e+00 0.000000000e+00 3.537776631e-04 3.537776631e-04 1.403967587e-04
3.537776631e-04 0.000000000e+00 7.856506163e-01 2.655322748e-02 1.403967587e-04 1.403967587e-04
1.403967587e-04 4.599155020e-02 1.291156966e-01 1.530707048e-03 3.537776631e-04 1.403967587e-04
1.403967587e-04 1.403967587e-04 1.403967587e-04 3.537776631e-04 1.403967587e-04 1.403967587e-04
1.403967587e-04 1.403967587e-04 1.403967587e-04 1.403967587e-04 1.403967587e-04 1.403967587e-04

5.606858815e-18 0.000000000e+00 5.606858815e-18 5.606858815e-18 5.606858815e-18 5.606858815e-18
0.000000000e+00 0.000000000e+00 0.000000000e+00 5.606858815e-18 5.606858815e-18 5.606858815e-18
5.606858815e-18 0.000000000e+00 5.606858815e-18 1.207961113e-04 5.606858815e-18 5.606858815e-18
5.606858815e-18 7.838579187e-01 2.160212851e-01 5.606858815e-18 5.606858815e-18 5.606858815e-18
5.606858815e-18 5.606858815e-18 5.606858815e-18 5.606858815e-18 5.606858815e-18 5.606858815e-18
5.606858815e-18 5.606858815e-18 5.606858815e-18 5.606858815e-18 5.606858815e-18 5.606858815e-18

5.785567311e-18 0.000000000e+00 1.246462692e-04 5.785567311e-18 5.785567311e-18 5.785567311e-18
0.000000000e+00 0.000000000e+00 0.000000000e+00 6.018139498e-02 5.785567311e-18 5.785567311e-18
5.785567311e-18 0.000000000e+00 0.000000000e+00 1.065710611e-03 5.785567311e-18 5.785567311e-18
8.584368350e-01 0.000000000e+00 7.873599936e-02 1.246462692e-04 5.785567311e-18 5.785567311e-18
5.785567311e-18 7.914544752e-04 5.393130844e-04 5.785567311e-18 5.785567311e-18 5.785567311e-18
5.785567311e-18 5.785567311e-18 5.785567311e-18 5.785567311e-18 5.785567311e-18 5.785567311e-18

5.326897588e-18 0.000000000e+00 1.891551295e-02 5.326897588e-18 5.326897588e-18 5.326897588e-18
0.000000000e+00 0.000000000e+00 0.000000000e+00 5.326897588e-18 5.326897588e-18 5.326897588e-18
0.000000000e+00 0.000000000e+00 0.000000000e+00 9.284098133e-01 5.326897588e-18 5.326897588e-18
5.326897588e-18 0.000000000e+00 5.326897588e-18 5.326897588e-18 5.326897588e-18 5.326897588e-18
5.326897588e-18 0.000000000e+00 5.255990927e-02 5.326897588e-18 5.326897588e-18 5.326897588e-18
5.326897588e-18 5.326897588e-18 1.147645296e-04 5.326897588e-18 5.326897588e-18 5.326897588e-18

