6.560231792e-18 6.560231792e-18 6.560231792e-18 6.560231792e-18 6.560231792e-18 6.560231792e-18
6.560231792e-18 6.560231792e-18 4.871983781e-02 1.208405028e-03 6.560231792e-18 6.560231792e-18
6.560231792e-18 0.000000000e+00 1.413359095e-04 1.899866787e-01 1.259263209e-02 6.560231792e-18
6.560231792e-18 6.560231792e-18 3.319868271e-02 3.561441749e-04 7.136549477e-01 6.560231792e-18
6.560231792e-18 1.413359095e-04 6.560231792e-18 6.560231792e-18 6.560231792e-18 6.560231792e-18
6.560231792e-18 6.560231792e-18 6.560231792e-18 6.560231792e-18 6.560231792e-18 6.560231792e-18

7.276582264e-18 3.950336618e-04 7.276582264e-18 7.276582264e-18 3.950336618e-04 7.276582264e-18
3.950336618e-04 0.000000000e+00 1.145989896e-02 4.306942810e-03 0.000000000e+00 7.276582264e-18
7.276582264e-18 0.000000000e+00 1.350382940e-01 6.387844640e-01 2.734738219e-02 7.276582264e-18
7.276582264e-18 7.276582264e-18 1.407297472e-01 3.377490298e-03 3.682384304e-02 7.276582264e-18
7.276582264e-18 3.950336618e-04 7.276582264e-18 7.276582264e-18 7.276582264e-18 7.276582264e-18
7.276582264e-18 1.567692126e-04 3.950336618e-04 7.276582264e-18 7.276582264e-18 7.276582264e-18

4.119107573e-04 1.634668924e-04 1.634668924e-04 7.072801658e-04 1.037950068e-03 1.037950068e-03
4.119107573e-04 0.000000000e+00 7.072801658e-04 1.259102067e-02 0.000000000e+00 8.874348246e-03
4.119107573e-04 0.000000000e+00 0.000000000e+00 6.695603910e-01 1.624529099e-01 4.119107573e-04
1.634668924e-04 0.000000000e+00 7.072801658e-04 5.918349336e-02 3.502250256e-02 4.119107573e-04
1.037950068e-03 1.634668924e-04 3.091647998e-02 4.119107573e-04 2.188906410e-03 1.634668924e-04
1.634668924e-04 4.119107573e-04 4.119107573e-04 8.874348246e-03 4.119107573e-04 4.119107573e-04

9.697991339e-04 2.241403878e-04 2.241403878e-04 9.040174179e-02 5.148208585e-02 4.196077152e-03
4.688173816e-02 0.000000000e+00 0.000000000e+00 4.574866922e-02 0.000000000e+00 2.241403878e-04
0.000000000e+00 0.000000000e+00 0.000000000e+00 1.210070897e-01 1.466078530e-02 1.916373359e-03
9.797576898e-03 0.000000000e+00 1.491243327e-01 2.094284725e-01 2.566123249e-02 2.241403878e-04
1.916373359e-03 9.697991339e-04 1.138584208e-01 2.241403878e-04 2.241403878e-04 2.241403878e-04
9.697991339e-04 3.001355960e-03 5.647983854e-04 1.054262156e-01 2.241403878e-04 2.241403878e-04

