7.173310368e-18 7.173310368e-18 7.173310368e-18 7.173310368e-18 7.173310368e-18 7.173310368e-18
7.173310368e-18 7.173310368e-18 1.545442870e-04 1.545442870e-04 5.717084799e-03 7.173310368e-18
7.173310368e-18 1.545442870e-04 2.525207786e-01 6.755406962e-03 7.173310368e-18 7.173310368e-18
7.173310368e-18 7.173310368e-18 1.190375791e-02 3.972487669e-01 3.214552901e-01 7.173310368e-18
7.173310368e-18 7.173310368e-18 1.545442870e-04 7.173310368e-18 3.780737591e-03 7.173310368e-18
7.173310368e-18 7.173310368e-18 7.173310368e-18 7.173310368e-18 7.173310368e-18 7.173310368e-18

6.873695184e-18 6.873695184e-18 6.873695184e-18 6.873695184e-18 6.873695184e-18 6.873695184e-18
6.873695184e-18 6.873695184e-18 6.873695184e-18 6.873695184e-18 6.873695184e-18 6.873695184e-18
6.873695184e-18 1.025192117e-02 1.471706782e-01 6.873695184e-18 0.000000000e+00 5.970585376e-03
6.873695184e-18 6.873695184e-18 0.000000000e+00 3.349824549e-01 4.970976636e-01 6.873695184e-18
6.873695184e-18 6.873695184e-18 6.873695184e-18 4.526696795e-03 6.873695184e-18 6.873695184e-18
6.873695184e-18 6.873695184e-18 6.873695184e-18 6.873695184e-18 6.873695184e-18 6.873695184e-18

4.647784847e-18 4.647784847e-18 4.647784847e-18 4.647784847e-18 4.647784847e-18 4.647784847e-18
4.647784847e-18 0.000000000e+00 4.647784847e-18 4.647784847e-18 4.647784847e-18 4.647784847e-18
4.647784847e-18 4.647784847e-18 1.000000000e+00 0.000000000e+00 0.000000000e+00 4.647784847e-18
4.647784847e-18 4.647784847e-18 0.000000000e+00 4.647784847e-18 4.647784847e-18 4.647784847e-18
4.647784847e-18 4.647784847e-18 4.647784847e-18 4.647784847e-18 4.647784847e-18 4.647784847e-18
4.647784847e-18 4.647784847e-18 4.647784847e-18 4.647784847e-18 4.647784847e-18 4.647784847e-18

6.305551790e-18 5.025486482e-03 6.305551790e-18 6.305551790e-18 6.305551790e-18 6.305551790e-18
6.305551790e-18 0.000000000e+00 1.796701401e-02 6.305551790e-18 9.930621790e-03 6.305551790e-18
6.305551790e-18 6.305551790e-18 8.669366823e-01 0.000000000e+00 0.000000000e+00 0.000000000e+00
5.156887994e-02 0.000000000e+00 0.000000000e+00 4.152543910e-03 6.305551790e-18 6.305551790e-18
6.305551790e-18 6.305551790e-18 6.305551790e-18 1.380139762e-02 1.380139762e-02 6.305551790e-18
6.305551790e-18 6.305551790e-18 1.266343241e-02 6.305551790e-18 4.152543910e-03 6.305551790e-18

