1.439980377e-04 3.628523176e-04 1.439980377e-04 6.230433239e-04 3.628523176e-04 1.439980377e-04
1.439980377e-04 6.683796837e-18 6.230433239e-04 1.439980377e-04 6.683796837e-18 3.628523176e-04
1.439980377e-04 1.231165904e-03 1.166384105e-02 5.805637082e-03 1.439980377e-04 3.628523176e-04
2.303968603e-03 3.382399548e-02 6.683796837e-18 7.859378555e-01 1.439980377e-04 1.439980377e-04
1.439980377e-04 1.439980377e-04 1.250786593e-01 1.439980377e-04 1.439980377e-04 1.439980377e-04
6.683796837e-18 3.628523176e-04 2.794866267e-02 1.439980377e-04 3.628523176e-04 6.230433239e-04

5.520089101e-18 5.520089101e-18 5.520089101e-18 1.592490345e-03 5.520089101e-18 5.520089101e-18
5.520089101e-18 5.520089101e-18 2.996765420e-04 4.375071309e-02 1.189267145e-04 5.520089101e-18
1.189267145e-04 7.551375669e-04 0.000000000e+00 5.520089101e-18 1.016809106e-03 2.226397815e-03
5.520089101e-18 9.633063875e-03 0.000000000e+00 9.351071732e-01 7.551375669e-04 5.520089101e-18
1.189267145e-04 5.520089101e-18 1.189267145e-04 3.635274619e-03 5.520089101e-18 5.520089101e-18
1.189267145e-04 5.520089101e-18 5.145660087e-04 5.520089101e-18 5.520089101e-18 1.189267145e-04

5.918420573e-18 5.918420573e-18 5.918420573e-18 2.040136095e-03 1.275085059e-04 5.918420573e-18
5.918420573e-18 5.918420573e-18 5.918420573e-18 7.970390329e-01 5.918420573e-18 5.918420573e-18
1.275085059e-04 5.918420573e-18 0.000000000e+00 0.000000000e+00 3.061814934e-02 3.213013013e-04
5.918420573e-18 1.275085059e-04 0.000000000e+00 1.693438379e-01 1.275085059e-04 5.918420573e-18
5.918420573e-18 0.000000000e+00 5.918420573e-18 1.275085059e-04 5.918420573e-18 5.918420573e-18
5.918420573e-18 5.918420573e-18 5.918420573e-18 5.918420573e-18 5.918420573e-18 5.918420573e-18

6.283105624e-18 6.283105624e-18 6.283105624e-18 7.064241247e-01 1.549762280e-02 6.283105624e-18
6.283105624e-18 6.283105624e-18 6.283105624e-18 2.491434384e-01 0.000000000e+00 1.353654072e-04
6.283105624e-18 3.410994519e-04 0.000000000e+00 0.000000000e+00 1.353654072e-04 2.166661397e-02
6.283105624e-18 0.000000000e+00 0.000000000e+00 6.385639067e-03 1.353654072e-04 6.283105624e-18
1.353654072e-04 0.000000000e+00 6.283105624e-18 6.283105624e-18 6.283105624e-18 6.283105624e-18
6.283105624e-18 6.283105624e-18 6.283105624e-18 6.283105624e-18 6.283105624e-18 6.283105624e-18

