7.307161763e-18 7.307161763e-18 7.307161763e-18 7.307161763e-18 7.307161763e-18 7.307161763e-18
7.307161763e-18 2.518848446e-03 0.000000000e+00 1.588130170e-01 7.307161763e-18 7.307161763e-18
7.307161763e-18 1.574280279e-04 7.307161763e-18 4.272340403e-01 9.996056682e-04 7.307161763e-18
7.307161763e-18 1.133535490e-01 1.345990705e-03 2.952626648e-01 1.574280279e-04 7.307161763e-18
7.307161763e-18 7.307161763e-18 1.574280279e-04 7.307161763e-18 7.307161763e-18 7.307161763e-18
7.307161763e-18 7.307161763e-18 7.307161763e-18 7.307161763e-18 7.307161763e-18 7.307161763e-18

1.341142216e-04 1.341142216e-04 1.341142216e-04 1.341142216e-04 1.341142216e-04 1.341142216e-04
1.341142216e-04 3.379466618e-04 0.000000000e+00 3.942932100e-02 1.341142216e-04 1.341142216e-04
1.341142216e-04 0.000000000e+00 0.000000000e+00 1.302788244e-01 1.341142216e-04 1.341142216e-04
1.341142216e-04 1.773757763e-02 8.082572997e-01 3.379466618e-04 1.341142216e-04 1.341142216e-04
1.341142216e-04 1.341142216e-04 1.341142216e-04 1.341142216e-04 1.341142216e-04 1.341142216e-04
1.341142216e-04 1.341142216e-04 1.341142216e-04 1.341142216e-04 1.341142216e-04 1.341142216e-04

1.716751889e-04 7.427954022e-04 1.716751889e-04 2.298819755e-03 1.716751889e-04 1.716751889e-04
1.716751889e-04 0.000000000e+00 0.000000000e+00 3.084984431e-01 1.716751889e-04 1.716751889e-04
1.331876574e-01 0.000000000e+00 0.000000000e+00 3.590799201e-02 7.427954022e-04 1.716751889e-04
0.000000000e+00 2.646189915e-01 2.489610175e-01 1.716751889e-04 4.325943685e-04 1.716751889e-04
1.716751889e-04 7.427954022e-04 4.325943685e-04 1.716751889e-04 1.716751889e-04 1.716751889e-04
1.716751889e-04 1.716751889e-04 1.716751889e-04 1.716751889e-04 1.716751889e-04 1.716751889e-04

5.187584407e-18 5.187584407e-18 5.187584407e-18 2.816254100e-04 5.187584407e-18 5.187584407e-18
0.000000000e+00 0.000000000e+00 0.000000000e+00 4.641755699e-02 5.187584407e-18 5.187584407e-18
9.496338871e-01 0.000000000e+00 0.000000000e+00 1.496566075e-03 5.187584407e-18 1.117631181e-04
0.000000000e+00 7.096515646e-04 0.000000000e+00 1.117631181e-04 5.187584407e-18 5.187584407e-18
9.555612179e-04 5.187584407e-18 5.187584407e-18 2.816254100e-04 5.187584407e-18 5.187584407e-18
5.187584407e-18 5.187584407e-18 5.187584407e-18 5.187584407e-18 5.187584407e-18 5.187584407e-18

2.785890151e-04 0.000000000e+00 2.785890151e-04 2.785890151e-04 4.783572202e-04 5.131653535e-18
0.000000000e+00 0.000000000e+00 0.000000000e+00 1.170242627e-02 1.105581239e-04 5.131653535e-18
9.720869775e-01 0.000000000e+00 0.000000000e+00 0.000000000e+00 5.131653535e-18 1.105581239e-04
0.000000000e+00 7.020003289e-04 0.000000000e+00 5.131653535e-18 2.785890151e-04 5.131653535e-18
1.314197575e-02 1.105581239e-04 1.105581239e-04 1.105581239e-04 5.131653535e-18 5.131653535e-18
5.131653535e-18 5.131653535e-18 1.105581239e-04 5.131653535e-18 5.131653535e-18 1.105581239e-04

1.088559003e-04 0.000000000e+00 1.088559003e-04 0.000000000e+00 1.088559003e-04 5.052643314e-18
0.000000000e+00 0.000000000e+00 0.000000000e+00 2.786711048e-02 5.052643314e-18 5.052643314e-18
9.683802846e-01 0.000000000e+00 0.000000000e+00 0.000000000e+00 5.052643314e-18 5.052643314e-18
0.000000000e+00 5.052643314e-18 0.000000000e+00 0.000000000e+00 1.088559003e-04 5.052643314e-18
2.990613588e-03 1.088559003e-04 5.052643314e-18 1.088559003e-04 5.052643314e-18 5.052643314e-18
5.052643314e-18 5.052643314e-18 5.052643314e-18 1.088559003e-04 5.052643314e-18 5.052643314e-18

