9.532520739e-18 2.998288916e-02 1.304030494e-03 7.597361137e-03 6.277675969e-03 9.532520739e-18
8.280077512e-03 0.000000000e+00 3.986075775e-02 5.175048445e-04 9.532520739e-18 9.532520739e-18
1.581875219e-02 9.532520739e-18 3.851834087e-01 1.304030494e-03 9.532520739e-18 5.175048445e-04
5.175048445e-04 1.366373676e-01 9.027539614e-02 2.053719337e-04 9.532520739e-18 1.755905333e-03
5.175048445e-04 1.304030494e-03 9.532520739e-18 9.532520739e-18 9.532520739e-18 5.175048445e-04
8.406133481e-02 1.755905333e-03 1.304030494e-03 8.406133481e-02 1.004428155e-01 9.532520739e-18

1.888777957e-04 3.479158744e-02 1.668018738e-01 2.245178665e-02 2.059282393e-03 8.766930674e-18
4.759422213e-04 0.000000000e+00 8.766930674e-18 4.289849962e-01 4.759422213e-04 1.888777957e-04
1.167911189e-01 0.000000000e+00 0.000000000e+00 1.605923848e-02 1.888777957e-04 1.888777957e-04
1.888777957e-04 1.105546093e-01 8.650233520e-02 7.615075541e-03 8.766930674e-18 1.888777957e-04
1.888777957e-04 1.888777957e-04 8.172267591e-04 8.766930674e-18 8.766930674e-18 4.759422213e-04
1.888777957e-04 1.888777957e-04 1.888777957e-04 2.059282393e-03 8.172267591e-04 1.888777957e-04

6.030996645e-18 5.621912646e-04 3.971734627e-03 8.250287358e-04 8.250287358e-04 3.274128708e-04
6.030996645e-18 0.000000000e+00 0.000000000e+00 1.957403502e-02 6.030996645e-18 3.274128708e-04
1.957403502e-02 0.000000000e+00 0.000000000e+00 8.775343335e-01 0.000000000e+00 6.030996645e-18
6.030996645e-18 7.014764850e-02 6.030996645e-18 3.569692019e-03 6.030996645e-18 6.030996645e-18
6.030996645e-18 3.274128708e-04 5.621912646e-04 6.030996645e-18 6.030996645e-18 3.274128708e-04
3.274128708e-04 6.030996645e-18 5.621912646e-04 3.274128708e-04 3.274128708e-04 6.030996645e-18

5.751022614e-18 5.751022614e-18 5.751022614e-18 5.751022614e-18 5.751022614e-18 5.751022614e-18
5.751022614e-18 0.000000000e+00 0.000000000e+00 0.000000000e+00 5.751022614e-18 5.751022614e-18
5.751022614e-18 0.000000000e+00 0.000000000e+00 5.751022614e-18 0.000000000e+00 5.751022614e-18
3.137877825e-01 5.751022614e-18 0.000000000e+00 5.751022614e-18 5.751022614e-18 5.751022614e-18
5.751022614e-18 6.862122175e-01 5.751022614e-18 5.751022614e-18 5.751022614e-18 5.751022614e-18
5.751022614e-18 5.751022614e-18 5.751022614e-18 5.751022614e-18 5.751022614e-18 5.751022614e-18

