6.083106025e-18 1.310565464e-04 1.120517710e-03 1.310565464e-04 6.182375692e-03 6.083106025e-18
1.310565464e-04 6.083106025e-18 1.310565464e-04 3.302418032e-04 3.078414197e-02 1.120517710e-03
1.310565464e-04 6.083106025e-18 3.302418032e-04 8.803673476e-01 6.083106025e-18 6.002133426e-02
1.310565464e-04 6.083106025e-18 6.083106025e-18 1.754915081e-03 1.009461709e-02 3.302418032e-04
1.310565464e-04 6.083106025e-18 6.083106025e-18 1.310565464e-04 1.310565464e-04 1.310565464e-04
6.083106025e-18 1.310565464e-04 5.728715848e-03 1.310565464e-04 1.310565464e-04 1.310565464e-04

7.238535719e-18 1.333349680e-03 7.238535719e-18 1.700274555e-03 7.238535719e-18 7.238535719e-18
7.238535719e-18 7.238535719e-18 7.238535719e-18 1.775519652e-01 2.088244960e-03 7.238535719e-18
7.238535719e-18 7.238535719e-18 1.265053344e-01 7.238535719e-18 0.000000000e+00 5.140078256e-01
7.238535719e-18 7.238535719e-18 0.000000000e+00 1.763451570e-01 1.559495246e-04 7.238535719e-18
7.238535719e-18 7.238535719e-18 7.238535719e-18 1.559495246e-04 7.238535719e-18 7.238535719e-18
7.238535719e-18 7.238535719e-18 1.559495246e-04 7.238535719e-18 7.238535719e-18 7.238535719e-18

6.238639646e-18 6.238639646e-18 6.238639646e-18 6.238639646e-18 6.238639646e-18 6.238639646e-18
6.238639646e-18 0.000000000e+00 6.238639646e-18 6.814406475e-03 6.516155065e-01 1.799784971e-03
6.238639646e-18 6.238639646e-18 3.692594022e-03 0.000000000e+00 0.000000000e+00 6.238639646e-18
6.238639646e-18 6.238639646e-18 0.000000000e+00 1.962255800e-02 3.164551500e-01 6.238639646e-18
6.238639646e-18 6.238639646e-18 6.238639646e-18 6.238639646e-18 6.238639646e-18 6.238639646e-18
6.238639646e-18 6.238639646e-18 6.238639646e-18 6.238639646e-18 6.238639646e-18 6.238639646e-18

4.647784847e-18 4.647784847e-18 4.647784847e-18 4.647784847e-18 4.647784847e-18 4.647784847e-18
4.647784847e-18 0.000000000e+00 4.647784847e-18 4.647784847e-18 1.000000000e+00 4.647784847e-18
4.647784847e-18 4.647784847e-18 4.647784847e-18 0.000000000e+00 0.000000000e+00 0.000000000e+00
4.647784847e-18 0.000000000e+00 0.000000000e+00 4.647784847e-18 4.647784847e-18 4.647784847e-18
4.647784847e-18 4.647784847e-18 4.647784847e-18 4.647784847e-18 4.647784847e-18 4.647784847e-18
4.647784847e-18 4.647784847e-18 4.647784847e-18 4.647784847e-18 4.647784847e-18 4.647784847e-18

