1.494458114e-04 1.494458114e-04 1.494458114e-04 1.494458114e-04 1.494458114e-04 1.494458114e-04
1.494458114e-04 1.494458114e-04 1.485188014e-01 1.494458114e-04 3.765798472e-04 1.494458114e-04
1.494458114e-04 9.489217528e-04 3.219712403e-03 3.765798472e-04 6.466144718e-04 1.494458114e-04
1.494458114e-04 1.494458114e-04 4.041340448e-01 0.000000000e+00 4.375165744e-01 1.494458114e-04
1.494458114e-04 1.494458114e-04 3.765798472e-04 1.494458114e-04 1.494458114e-04 1.494458114e-04
1.494458114e-04 1.494458114e-04 1.494458114e-04 1.494458114e-04 1.494458114e-04 1.494458114e-04

1.874470526e-04 8.700521463e-18 1.874470526e-04 1.874470526e-04 1.874470526e-04 1.874470526e-04
8.700521463e-18 1.507235840e-01 1.349682706e-01 8.110362933e-04 1.190214594e-03 1.874470526e-04
1.874470526e-04 2.565204384e-01 2.310094411e-01 0.000000000e+00 0.000000000e+00 8.700521463e-18
1.874470526e-04 8.700521463e-18 4.723369747e-04 0.000000000e+00 1.547294246e-01 1.874470526e-04
1.874470526e-04 1.370246267e-02 5.202640687e-02 1.874470526e-04 1.874470526e-04 1.874470526e-04
1.874470526e-04 4.723369747e-04 1.874470526e-04 1.874470526e-04 1.874470526e-04 1.874470526e-04

5.637180473e-18 5.637180473e-18 5.637180473e-18 5.637180473e-18 5.637180473e-18 5.637180473e-18
5.637180473e-18 1.214493717e-04 5.637180473e-18 5.637180473e-18 1.214493717e-04 5.637180473e-18
5.637180473e-18 7.750437550e-01 5.637180473e-18 0.000000000e+00 0.000000000e+00 5.637180473e-18
5.637180473e-18 0.000000000e+00 5.637180473e-18 0.000000000e+00 1.214493717e-04 5.637180473e-18
5.637180473e-18 5.637180473e-18 0.000000000e+00 5.637180473e-18 5.637180473e-18 5.637180473e-18
5.637180473e-18 2.245918969e-01 5.637180473e-18 5.637180473e-18 5.637180473e-18 5.637180473e-18

