2.420064211e-03 5.593262684e-04 2.219687767e-04 1.030287795e-01 3.552836650e-02 3.551500427e-03
5.593262684e-04 1.030287795e-17 4.782172326e-03 7.651475722e-02 2.219687767e-04 9.604031185e-04
1.057853314e-01 1.030287795e-17 1.085599599e-01 1.030287795e-17 1.644408379e-01 2.069125795e-02
1.270202718e-01 2.219687767e-04 7.779265260e-02 0.000000000e+00 1.582938361e-01 1.030287795e-17
9.604031185e-04 1.030287795e-17 2.219687767e-04 1.897806345e-03 2.219687767e-04 2.219687767e-04
2.420064211e-03 5.593262684e-04 1.897806345e-03 2.219687767e-04 2.219687767e-04 1.030287795e-17

1.266945950e-03 2.163368336e-02 1.615597164e-03 5.974360046e-03 6.411501595e-04 3.733975029e-04
1.632187213e-02 1.481828972e-04 5.481756755e-03 6.878040810e-02 9.409027477e-04 9.409027477e-04
3.733975029e-04 1.893111573e-02 0.000000000e+00 0.000000000e+00 6.477339246e-03 1.984245794e-03
6.411501595e-04 5.481756755e-03 8.343518320e-01 0.000000000e+00 1.615597164e-03 1.481828972e-04
1.266945950e-03 1.481828972e-04 3.733975029e-04 1.481828972e-04 1.481828972e-04 9.409027477e-04
3.733975029e-04 9.409027477e-04 3.733975029e-04 1.481828972e-04 3.733975029e-04 6.411501595e-04

1.713598360e-04 1.257576813e-01 6.809194085e-02 1.713598360e-04 2.294597015e-03 1.713598360e-04
3.207985404e-03 0.000000000e+00 5.238016242e-03 0.000000000e+00 1.713598360e-04 1.713598360e-04
2.829059337e-01 4.601020272e-01 0.000000000e+00 0.000000000e+00 1.713598360e-04 1.713598360e-04
3.207985404e-03 7.953819010e-18 3.671355225e-02 0.000000000e+00 4.317997288e-04 1.713598360e-04
1.713598360e-04 7.490444656e-03 4.317997288e-04 1.713598360e-04 1.713598360e-04 1.713598360e-04
1.713598360e-04 4.317997288e-04 4.317997288e-04 4.317997288e-04 4.317997288e-04 1.713598360e-04

1.064291527e-04 3.591131588e-03 4.604921994e-04 1.064291527e-04 2.681846597e-04 4.940003669e-18
1.064291527e-04 0.000000000e+00 1.064291527e-04 0.000000000e+00 1.064291527e-04 1.064291527e-04
4.604921994e-04 9.911477237e-01 0.000000000e+00 0.000000000e+00 1.064291527e-04 1.064291527e-04
1.064291527e-04 0.000000000e+00 1.425141515e-03 0.000000000e+00 1.064291527e-04 1.064291527e-04
4.940003669e-18 1.064291527e-04 4.940003669e-18 1.064291527e-04 0.000000000e+00 2.681846597e-04
4.940003669e-18 1.064291527e-04 1.064291527e-04 6.757829960e-04 1.064291527e-04 4.940003669e-18

0.000000000e+00 5.112836971e-18 4.909352963e-02 1.101527334e-04 1.101527334e-04 5.112836971e-18
1.101527334e-04 0.000000000e+00 1.101527334e-04 0.000000000e+00 5.112836971e-18 5.112836971e-18
1.101527334e-04 9.500781392e-01 0.000000000e+00 0.000000000e+00 5.112836971e-18 5.112836971e-18
5.112836971e-18 0.000000000e+00 2.775674949e-04 0.000000000e+00 5.112836971e-18 5.112836971e-18
5.112836971e-18 5.112836971e-18 5.112836971e-18 5.112836971e-18 0.000000000e+00 5.112836971e-18
5.112836971e-18 5.112836971e-18 5.112836971e-18 5.112836971e-18 5.112836971e-18 0.000000000e+00

0.000000000e+00 0.000000000e+00 1.000000000e+00 4.647784847e-18 4.647784847e-18 4.647784847e-18
4.647784847e-18 0.000000000e+00 4.647784847e-18 0.000000000e+00 4.647784847e-18 4.647784847e-18
4.647784847e-18 0.000000000e+00 0.000000000e+00 0.000000000e+00 4.647784847e-18 4.647784847e-18
4.647784847e-18 0.000000000e+00 4.647784847e-18 0.000000000e+00 4.647784847e-18 4.647784847e-18
4.647784847e-18 4.647784847e-18 4.647784847e-18 4.647784847e-18 0.000000000e+00 4.647784847e-18
4.647784847e-18 4.647784847e-18 4.647784847e-18 4.647784847e-18 4.647784847e-18 0.000000000e+00

0.000000000e+00 0.000000000e+00 3.794151391e-02 5.024983390e-18 5.024983390e-18 5.024983390e-18
9.616774280e-01 0.000000000e+00 0.000000000e+00 0.000000000e+00 5.024983390e-18 5.024983390e-18
5.024983390e-18 0.000000000e+00 0.000000000e+00 0.000000000e+00 5.024983390e-18 5.024983390e-18
5.024983390e-18 0.000000000e+00 2.727980688e-04 0.000000000e+00 0.000000000e+00 5.024983390e-18
5.024983390e-18 5.024983390e-18 5.024983390e-18 5.024983390e-18 0.000000000e+00 5.024983390e-18
5.024983390e-18 5.024983390e-18 5.024983390e-18 1.082599853e-04 5.024983390e-18 0.000000000e+00

0.000000000e+00 0.000000000e+00 4.812654667e-02 4.812654667e-02 4.812654667e-02 4.812654667e-02
4.812654667e-02 0.000000000e+00 0.000000000e+00 0.000000000e+00 4.679436166e-02 4.812654667e-02
4.812654667e-02 0.000000000e+00 0.000000000e+00 0.000000000e+00 0.000000000e+00 4.812654667e-02
4.812654667e-02 0.000000000e+00 4.812654667e-02 0.000000000e+00 0.000000000e+00 4.812654667e-02
4.812654667e-02 4.812654667e-02 4.679436166e-02 4.679436166e-02 0.000000000e+00 4.679436166e-02
4.679436166e-02 4.679436166e-02 4.679436166e-02 4.679436166e-02 0.000000000e+00 0.000000000e+00

0.000000000e+00 0.000000000e+00 5.312238650e-02 5.312238650e-02 5.312238650e-02 5.312238650e-02
5.312238650e-02 0.000000000e+00 0.000000000e+00 0.000000000e+00 0.000000000e+00 5.312238650e-02
5.312238650e-02 0.000000000e+00 0.000000000e+00 0.000000000e+00 0.000000000e+00 5.312238650e-02
5.312238650e-02 0.000000000e+00 0.000000000e+00 0.000000000e+00 0.000000000e+00 5.179019457e-02
5.312238650e-02 5.312238650e-02 5.312238650e-02 5.179019457e-02 0.000000000e+00 5.179019457e-02
5.179019457e-02 5.179019457e-02 5.179019457e-02 5.179019457e-02 0.000000000e+00 0.000000000e+00

0.000000000e+00 0.000000000e+00 5.905838853e-02 5.905838853e-02 5.905838853e-02 5.905838853e-02
0.000000000e+00 0.000000000e+00 0.000000000e+00 0.000000000e+00 0.000000000e+00 5.905838853e-02
5.905838853e-02 0.000000000e+00 0.000000000e+00 0.000000000e+00 0.000000000e+00 5.905838853e-02
5.905838853e-02 0.000000000e+00 0.000000000e+00 0.000000000e+00 0.000000000e+00 0.000000000e+00
5.905838853e-02 5.905838853e-02 5.772752019e-02 5.905838853e-02 0.000000000e+00 5.905838853e-02
5.905838853e-02 5.905838853e-02 5.772752019e-02 5.772752019e-02 0.000000000e+00 0.000000000e+00

0.000000000e+00 0.000000000e+00 0.000000000e+00 6.711073456e-02 6.711073456e-02 6.711073456e-02
0.000000000e+00 0.000000000e+00 0.000000000e+00 0.000000000e+00 0.000000000e+00 6.711073456e-02
6.711073456e-02 0.000000000e+00 0.000000000e+00 0.000000000e+00 0.000000000e+00 6.577853088e-02
6.711073456e-02 0.000000000e+00 0.000000000e+00 0.000000000e+00 0.000000000e+00 0.000000000e+00
6.711073456e-02 6.711073456e-02 0.000000000e+00 6.711073456e-02 0.000000000e+00 6.711073456e-02
6.577853088e-02 6.577853088e-02 6.577853088e-02 6.577853088e-02 0.000000000e+00 0.000000000e+00

