1.798390188e-04 1.960735106e-03 7.781182427e-04 7.905188588e-02 4.520520000e-01 1.798390188e-04
1.798390188e-04 1.798390188e-04 4.531659307e-04 7.905188588e-02 8.347387814e-18 8.795523839e-02
1.798390188e-04 1.798390188e-04 1.798390188e-04 1.798390188e-04 2.316337674e-01 6.068126678e-03
4.531659307e-04 8.347387814e-18 1.798390188e-04 1.141906590e-03 1.798390188e-04 1.960735106e-03
1.798390188e-04 1.798390188e-04 1.798390188e-04 1.798390188e-04 1.798390188e-04 5.188175331e-02
1.798390188e-04 1.798390188e-04 1.798390188e-04 1.960735106e-03 1.798390188e-04 1.798390188e-04

5.606396219e-18 5.606396219e-18 5.606396219e-18 9.090035967e-01 7.669442145e-04 5.606396219e-18
5.606396219e-18 5.606396219e-18 1.125931908e-02 5.606396219e-18 0.000000000e+00 4.163613774e-02
5.606396219e-18 5.606396219e-18 1.207861450e-04 0.000000000e+00 3.685085772e-02 1.207861450e-04
5.606396219e-18 5.606396219e-18 5.606396219e-18 1.207861450e-04 1.207861450e-04 5.606396219e-18
5.606396219e-18 5.606396219e-18 5.606396219e-18 5.606396219e-18 5.606396219e-18 5.606396219e-18
5.606396219e-18 5.606396219e-18 5.606396219e-18 5.606396219e-18 5.606396219e-18 5.606396219e-18

4.711073831e-18 4.711073831e-18 4.711073831e-18 4.711073831e-18 2.483000597e-03 4.711073831e-18
4.711073831e-18 4.711073831e-18 4.711073831e-18 0.000000000e+00 0.000000000e+00 4.711073831e-18
4.711073831e-18 4.711073831e-18 0.000000000e+00 0.000000000e+00 9.974155024e-01 1.014970089e-04
4.711073831e-18 4.711073831e-18 4.711073831e-18 4.711073831e-18 4.711073831e-18 4.711073831e-18
4.711073831e-18 4.711073831e-18 4.711073831e-18 4.711073831e-18 4.711073831e-18 4.711073831e-18
4.711073831e-18 4.711073831e-18 4.711073831e-18 4.711073831e-18 4.711073831e-18 4.711073831e-18

6.106714555e-18 6.106714555e-18 6.106714555e-18 7.195877716e-01 6.106714555e-18 2.127458976e-01
6.106714555e-18 6.106714555e-18 6.106714555e-18 0.000000000e+00 0.000000000e+00 0.000000000e+00
6.106714555e-18 6.106714555e-18 0.000000000e+00 0.000000000e+00 0.000000000e+00 6.766633081e-02
6.106714555e-18 6.106714555e-18 6.106714555e-18 6.106714555e-18 6.106714555e-18 6.106714555e-18
6.106714555e-18 6.106714555e-18 6.106714555e-18 6.106714555e-18 6.106714555e-18 6.106714555e-18
6.106714555e-18 6.106714555e-18 6.106714555e-18 6.106714555e-18 6.106714555e-18 6.106714555e-18

