7.173310368e-18 7.173310368e-18 7.173310368e-18 7.173310368e-18 7.173310368e-18 7.173310368e-18
7.173310368e-18 7.173310368e-18 1.545442870e-04 1.545442870e-04 5.717084799e-03 7.173310368e-18
7.173310368e-18 1.545442870e-04 2.525207786e-01 6.755406962e-03 7.173310368e-18 7.173310368e-18
7.173310368e-18 7.173310368e-18 1.190375791e-02 3.972487669e-01 3.214552901e-01 7.173310368e-18
7.173310368e-18 7.173310368e-18 1.545442870e-04 7.173310368e-18 3.780737591e-03 7.173310368e-18
7.173310368e-18 7.173310368e-18 7.173310368e-18 7.173310368e-18 7.173310368e-18 7.173310368e-18

7.603845239e-18 7.603845239e-18 7.603845239e-18 7.603845239e-18 7.603845239e-18 7.603845239e-18
7.603845239e-18 7.603845239e-18 7.603845239e-18 7.603845239e-18 7.603845239e-18 4.128002294e-04
7.603845239e-18 7.603845239e-18 1.023874248e-01 4.148816474e-01 0.000000000e+00 7.603845239e-18
7.603845239e-18 7.603845239e-18 0.000000000e+00 7.603845239e-18 7.603845239e-18 7.603845239e-18
7.603845239e-18 7.603845239e-18 1.993071579e-01 7.603845239e-18 2.188885112e-01 7.603845239e-18
7.603845239e-18 6.412245852e-02 7.603845239e-18 7.603845239e-18 7.603845239e-18 7.603845239e-18

5.682731057e-18 5.682731057e-18 5.682731057e-18 5.682731057e-18 5.682731057e-18 5.682731057e-18
5.682731057e-18 3.085061058e-04 7.773866735e-04 1.224307292e-04 7.773866735e-04 7.773866735e-04
3.085061058e-04 3.085061058e-04 9.240747264e-02 8.895903833e-01 0.000000000e+00 5.682731057e-18
5.682731057e-18 5.682731057e-18 0.000000000e+00 0.000000000e+00 1.224307292e-04 5.682731057e-18
5.682731057e-18 3.085061058e-04 0.000000000e+00 2.995118547e-03 9.430214404e-03 5.682731057e-18
5.682731057e-18 1.334828396e-03 5.682731057e-18 3.085061058e-04 1.224307292e-04 5.682731057e-18

6.958763406e-03 3.391728882e-03 2.153613598e-02 2.761587088e-03 1.238800947e-01 2.466641315e-02
1.318840899e-01 2.466641315e-02 6.382591809e-04 1.351204391e-01 8.154084343e-02 3.815765559e-02
7.742505919e-03 1.656764795e-02 0.000000000e+00 8.586045745e-02 0.000000000e+00 6.382591809e-04
6.382591809e-04 6.958763406e-03 0.000000000e+00 0.000000000e+00 3.235950516e-02 6.382591809e-04
6.382591809e-04 1.095936562e-03 0.000000000e+00 9.615126697e-02 7.030220713e-02 6.382591809e-04
6.382591809e-04 2.153613598e-02 0.000000000e+00 2.899887403e-02 2.165627456e-03 3.122909329e-02

1.128288203e-03 7.688383984e-04 1.128288203e-03 7.688383984e-04 1.937351364e-03 1.128288203e-03
1.095393855e-02 1.095393855e-02 0.000000000e+00 1.957245403e-02 1.029514463e-02 1.162279310e-02
1.368688200e-02 6.622641269e-01 0.000000000e+00 0.000000000e+00 0.000000000e+00 1.519264529e-03
1.519264529e-03 4.477614703e-04 0.000000000e+00 0.000000000e+00 8.247836801e-02 5.431642721e-03
7.688383984e-04 1.128288203e-03 0.000000000e+00 7.688383984e-04 6.433453736e-02 7.688383984e-04
1.937351364e-03 3.828306720e-03 0.000000000e+00 8.579388979e-02 1.128288203e-03 1.937351364e-03

3.917969513e-02 3.917969513e-02 3.917969513e-02 3.917969513e-02 3.917969513e-02 3.917969513e-02
3.917969513e-02 3.917969513e-02 0.000000000e+00 3.917969513e-02 3.917969513e-02 3.917969513e-02
3.784597560e-02 0.000000000e+00 0.000000000e+00 0.000000000e+00 0.000000000e+00 3.917969513e-02
3.784597560e-02 3.784597560e-02 0.000000000e+00 0.000000000e+00 3.784597560e-02 3.784597560e-02
3.784597560e-02 3.784597560e-02 0.000000000e+00 0.000000000e+00 3.784597560e-02 3.784597560e-02
3.784597560e-02 3.784597560e-02 0.000000000e+00 3.784597560e-02 3.784597560e-02 3.784597560e-02

4.211050269e-02 4.211050269e-02 4.211050269e-02 4.211050269e-02 4.211050269e-02 0.000000000e+00
4.211050269e-02 4.211050269e-02 0.000000000e+00 4.211050269e-02 4.077899461e-02 4.211050269e-02
0.000000000e+00 0.000000000e+00 0.000000000e+00 0.000000000e+00 0.000000000e+00 4.211050269e-02
4.211050269e-02 4.211050269e-02 0.000000000e+00 0.000000000e+00 4.211050269e-02 4.211050269e-02
4.211050269e-02 4.211050269e-02 0.000000000e+00 0.000000000e+00 4.077899461e-02 4.077899461e-02
4.077899461e-02 4.077899461e-02 0.000000000e+00 4.077899461e-02 4.077899461e-02 4.077899461e-02

4.618203788e-02 4.618203788e-02 4.618203788e-02 4.618203788e-02 4.618203788e-02 0.000000000e+00
4.618203788e-02 4.618203788e-02 0.000000000e+00 4.618203788e-02 0.000000000e+00 4.618203788e-02
0.000000000e+00 0.000000000e+00 0.000000000e+00 0.000000000e+00 0.000000000e+00 4.618203788e-02
4.484830177e-02 4.484830177e-02 0.000000000e+00 0.000000000e+00 4.484830177e-02 4.484830177e-02
4.484830177e-02 0.000000000e+00 0.000000000e+00 0.000000000e+00 4.484830177e-02 4.484830177e-02
4.484830177e-02 4.484830177e-02 0.000000000e+00 4.484830177e-02 4.484830177e-02 4.484830177e-02

5.000000000e-02 5.000000000e-02 5.000000000e-02 5.000000000e-02 5.000000000e-02 0.000000000e+00
5.000000000e-02 5.000000000e-02 0.000000000e+00 5.000000000e-02 0.000000000e+00 5.000000000e-02
0.000000000e+00 0.000000000e+00 0.000000000e+00 0.000000000e+00 0.000000000e+00 5.000000000e-02
5.000000000e-02 0.000000000e+00 0.000000000e+00 0.000000000e+00 5.000000000e-02 5.000000000e-02
5.000000000e-02 0.000000000e+00 0.000000000e+00 0.000000000e+00 5.000000000e-02 5.000000000e-02
0.000000000e+00 5.000000000e-02 0.000000000e+00 5.000000000e-02 5.000000000e-02 5.000000000e-02

