1.798390188e-04 1.960735106e-03 7.781182427e-04 7.905188588e-02 4.520520000e-01 1.798390188e-04
1.798390188e-04 1.798390188e-04 4.531659307e-04 7.905188588e-02 8.347387814e-18 8.795523839e-02
1.798390188e-04 1.798390188e-04 1.798390188e-04 1.798390188e-04 2.316337674e-01 6.068126678e-03
4.531659307e-04 8.347387814e-18 1.798390188e-04 1.141906590e-03 1.798390188e-04 1.960735106e-03
1.798390188e-04 1.798390188e-04 1.798390188e-04 1.798390188e-04 1.798390188e-04 5.188175331e-02
1.798390188e-04 1.798390188e-04 1.798390188e-04 1.960735106e-03 1.798390188e-04 1.798390188e-04

6.034076909e-18 3.275800933e-04 8.254501100e-04 7.515574989e-01 6.034076909e-18 1.320720176e-02
6.034076909e-18 6.034076909e-18 1.300002462e-04 2.800770400e-03 0.000000000e+00 3.571515199e-03
6.034076909e-18 1.300002462e-04 6.034076909e-18 6.034076909e-18 2.268624024e-01 3.275800933e-04
6.034076909e-18 0.000000000e+00 6.034076909e-18 6.034076909e-18 6.034076909e-18 1.300002462e-04
6.034076909e-18 6.034076909e-18 6.034076909e-18 6.034076909e-18 6.034076909e-18 6.034076909e-18
6.034076909e-18 6.034076909e-18 6.034076909e-18 6.034076909e-18 1.300002462e-04 6.034076909e-18

4.647784847e-18 4.647784847e-18 4.647784847e-18 1.000000000e+00 0.000000000e+00 4.647784847e-18
4.647784847e-18 4.647784847e-18 4.647784847e-18 4.647784847e-18 0.000000000e+00 4.647784847e-18
4.647784847e-18 4.647784847e-18 4.647784847e-18 4.647784847e-18 4.647784847e-18 4.647784847e-18
4.647784847e-18 0.000000000e+00 0.000000000e+00 4.647784847e-18 4.647784847e-18 4.647784847e-18
4.647784847e-18 4.647784847e-18 4.647784847e-18 4.647784847e-18 4.647784847e-18 4.647784847e-18
4.647784847e-18 4.647784847e-18 4.647784847e-18 4.647784847e-18 4.647784847e-18 4.647784847e-18

4.653528752e-18 4.653528752e-18 4.653528752e-18 9.998997428e-01 0.000000000e+00 0.000000000e+00
0.000000000e+00 4.653528752e-18 4.653528752e-18 4.653528752e-18 0.000000000e+00 4.653528752e-18
4.653528752e-18 4.653528752e-18 4.653528752e-18 4.653528752e-18 1.002572378e-04 4.653528752e-18
4.653528752e-18 0.000000000e+00 0.000000000e+00 4.653528752e-18 4.653528752e-18 4.653528752e-18
4.653528752e-18 4.653528752e-18 4.653528752e-18 4.653528752e-18 4.653528752e-18 4.653528752e-18
4.653528752e-18 4.653528752e-18 4.653528752e-18 4.653528752e-18 4.653528752e-18 4.653528752e-18

1.104307377e-04 1.104307377e-04 1.104307377e-04 9.723929865e-01 0.000000000e+00 0.000000000e+00
0.000000000e+00 1.104307377e-04 1.104307377e-04 2.198489857e-02 0.000000000e+00 2.782680221e-04
1.104307377e-04 1.104307377e-04 2.782680221e-04 0.000000000e+00 2.379158122e-03 4.778060521e-04
1.104307377e-04 0.000000000e+00 0.000000000e+00 0.000000000e+00 1.104307377e-04 1.104307377e-04
1.104307377e-04 5.125740791e-18 1.104307377e-04 1.104307377e-04 1.104307377e-04 1.104307377e-04
1.104307377e-04 1.104307377e-04 5.125740791e-18 1.104307377e-04 1.104307377e-04 1.104307377e-04

