1.563430679e-04 3.939598445e-04 4.778993423e-03 1.704565249e-03 1.563430679e-04 1.563430679e-04
1.563430679e-04 7.256802380e-18 1.563430679e-04 1.563430679e-04 2.501489086e-03 9.927166016e-04
1.563430679e-04 7.256802380e-18 1.563430679e-04 1.082331468e-02 1.588346563e-02 1.392972770e-02
3.939598445e-04 7.256802380e-18 1.563430679e-04 4.048437725e-01 7.256802380e-18 5.074227140e-01
1.563430679e-04 1.563430679e-04 1.563430679e-04 1.563430679e-04 2.803324697e-02 6.764571674e-04
1.563430679e-04 6.764571674e-04 1.563430679e-04 2.501489086e-03 1.704565249e-03 3.939598445e-04

6.021804930e-18 6.021804930e-18 6.021804930e-18 6.021804930e-18 6.021804930e-18 6.021804930e-18
6.021804930e-18 6.021804930e-18 6.021804930e-18 6.021804930e-18 6.021804930e-18 1.109225952e-03
6.021804930e-18 6.021804930e-18 0.000000000e+00 8.237713268e-04 1.109225952e-03 1.231368851e-01
6.021804930e-18 6.021804930e-18 6.021804930e-18 8.125003593e-01 0.000000000e+00 6.021804930e-18
6.021804930e-18 6.021804930e-18 6.021804930e-18 6.021804930e-18 8.237713268e-04 5.941648314e-02
6.021804930e-18 1.297358544e-04 1.297358544e-04 1.297358544e-04 1.297358544e-04 5.613344407e-04

4.776480796e-18 4.776480796e-18 4.776480796e-18 4.776480796e-18 4.776480796e-18 4.776480796e-18
4.776480796e-18 4.776480796e-18 4.776480796e-18 4.776480796e-18 4.776480796e-18 2.517473743e-03
4.776480796e-18 0.000000000e+00 0.000000000e+00 1.029061592e-04 2.217045993e-03 4.776480796e-18
4.776480796e-18 4.776480796e-18 4.776480796e-18 2.593072724e-04 0.000000000e+00 0.000000000e+00
4.776480796e-18 4.776480796e-18 4.776480796e-18 4.776480796e-18 4.776480796e-18 9.949032668e-01
4.776480796e-18 4.776480796e-18 4.776480796e-18 4.776480796e-18 4.776480796e-18 4.776480796e-18

6.274471476e-18 6.274471476e-18 6.274471476e-18 6.274471476e-18 6.274471476e-18 5.000715661e-03
6.274471476e-18 6.274471476e-18 6.274471476e-18 6.274471476e-18 6.274471476e-18 8.268955052e-02
6.274471476e-18 0.000000000e+00 0.000000000e+00 6.274471476e-18 6.611321371e-02 0.000000000e+00
6.274471476e-18 6.274471476e-18 6.274471476e-18 0.000000000e+00 0.000000000e+00 0.000000000e+00
6.274471476e-18 6.274471476e-18 6.274471476e-18 6.274471476e-18 6.274471476e-18 5.052066404e-02
6.274471476e-18 6.274471476e-18 6.274471476e-18 6.274471476e-18 6.274471476e-18 7.956758561e-01

