6.428240417e-18 6.428240417e-18 6.428240417e-18 6.428240417e-18 6.428240417e-18 6.428240417e-18
6.428240417e-18 6.428240417e-18 1.384922415e-04 5.992211274e-04 6.428240417e-18 6.428240417e-18
6.428240417e-18 6.428240417e-18 1.153101955e-01 7.133405026e-01 1.619815083e-01 6.428240417e-18
6.428240417e-18 3.489785806e-04 3.388043866e-03 6.428240417e-18 0.000000000e+00 6.428240417e-18
6.428240417e-18 6.428240417e-18 1.854482891e-03 1.184092009e-03 1.854482891e-03 6.428240417e-18
6.428240417e-18 6.428240417e-18 6.428240417e-18 6.428240417e-18 6.428240417e-18 6.428240417e-18

5.848898258e-18 5.848898258e-18 5.848898258e-18 5.848898258e-18 5.848898258e-18 5.848898258e-18
5.848898258e-18 5.848898258e-18 5.848898258e-18 5.848898258e-18 5.848898258e-18 5.848898258e-18
5.848898258e-18 5.848898258e-18 5.848898258e-18 5.486479824e-01 4.513520176e-01 5.848898258e-18
5.848898258e-18 5.848898258e-18 5.848898258e-18 0.000000000e+00 0.000000000e+00 5.848898258e-18
5.848898258e-18 5.848898258e-18 5.848898258e-18 5.848898258e-18 0.000000000e+00 5.848898258e-18
5.848898258e-18 5.848898258e-18 5.848898258e-18 5.848898258e-18 5.848898258e-18 5.848898258e-18

5.165833057e-18 5.165833057e-18 5.165833057e-18 1.213413161e-03 5.165833057e-18 5.165833057e-18
5.165833057e-18 5.165833057e-18 5.165833057e-18 3.900500988e-02 5.165833057e-18 5.165833057e-18
5.165833057e-18 5.165833057e-18 5.165833057e-18 7.066760218e-04 9.542100195e-01 5.165833057e-18
5.165833057e-18 5.165833057e-18 5.165833057e-18 0.000000000e+00 0.000000000e+00 0.000000000e+00
5.165833057e-18 5.165833057e-18 5.165833057e-18 0.000000000e+00 0.000000000e+00 5.165833057e-18
5.165833057e-18 5.165833057e-18 5.165833057e-18 4.864881457e-03 5.165833057e-18 5.165833057e-18

