9.023309524e-18 9.023309524e-18 9.023309524e-18 1.662107825e-03 9.023309524e-18 9.023309524e-18
4.364520254e-02 9.023309524e-18 9.023309524e-18 4.898606067e-04 9.023309524e-18 1.773549466e-01
7.837769706e-03 9.023309524e-18 6.813117521e-02 8.191116821e-02 9.023309524e-18 9.023309524e-18
1.234371380e-03 9.023309524e-18 3.973720345e-01 9.023309524e-18 9.386034684e-02 2.748385598e-02
8.411256199e-04 9.023309524e-18 0.000000000e+00 8.783493603e-02 6.559487407e-03 2.119503748e-03
9.023309524e-18 9.023309524e-18 9.023309524e-18 1.662107825e-03 9.023309524e-18 9.023309524e-18

1.203803336e-03 3.869610331e-02 4.777296706e-04 3.033394326e-03 1.620947292e-03 1.895871454e-04
1.203803336e-03 5.890034615e-02 1.767274023e-02 5.795176807e-03 1.895871454e-04 1.895871454e-04
7.988271535e-02 1.895871454e-04 7.760042097e-02 5.812172681e-01 1.895871454e-04 4.777296706e-04
7.643674729e-03 5.996399675e-02 0.000000000e+00 0.000000000e+00 4.084531228e-03 2.067016236e-03
2.067016236e-03 8.202959370e-04 0.000000000e+00 4.752582014e-02 4.777296706e-04 1.895871454e-04
8.202959370e-04 1.203803336e-03 1.895871454e-04 3.549214388e-03 4.777296706e-04 1.895871454e-04

9.931253541e-04 8.310232726e-02 9.931253541e-04 3.035721123e-02 2.454508489e-01 2.502519078e-03
9.254132356e-03 1.767964446e-02 1.501341575e-02 4.454991242e-02 2.295315537e-04 8.984335458e-02
1.329846321e-02 0.000000000e+00 1.573918092e-01 2.043741054e-01 8.491102337e-03 1.246088986e-02
6.305952927e-03 0.000000000e+00 0.000000000e+00 0.000000000e+00 9.254132356e-03 1.962467179e-03
9.931253541e-04 1.767964446e-02 0.000000000e+00 7.744851779e-03 5.783832723e-04 2.502519078e-03
4.945107417e-03 9.931253541e-04 2.295315537e-04 9.254132356e-03 5.783832723e-04 9.931253541e-04

5.402450174e-04 3.229798164e-02 5.402450174e-04 1.822894289e-02 2.195106230e-01 7.234160780e-03
5.402450174e-04 2.870878608e-03 5.244946018e-03 2.178131422e-02 0.000000000e+00 1.198987245e-01
2.337504432e-03 0.000000000e+00 3.533685421e-02 2.932901185e-02 2.178131422e-02 5.244946018e-03
4.013661924e-03 0.000000000e+00 0.000000000e+00 0.000000000e+00 1.361332139e-03 9.276392487e-04
8.643920277e-03 0.000000000e+00 0.000000000e+00 1.339977358e-01 1.361332139e-03 9.276392487e-04
9.276392487e-04 2.337504432e-03 2.337504432e-03 2.143963772e-04 3.162180954e-01 4.013661924e-03

