1.494458114e-04 1.494458114e-04 1.494458114e-04 1.494458114e-04 1.494458114e-04 1.494458114e-04
1.494458114e-04 1.494458114e-04 1.485188014e-01 1.494458114e-04 3.765798472e-04 1.494458114e-04
1.494458114e-04 9.489217528e-04 3.219712403e-03 3.765798472e-04 6.466144718e-04 1.494458114e-04
1.494458114e-04 1.494458114e-04 4.041340448e-01 0.000000000e+00 4.375165744e-01 1.494458114e-04
1.494458114e-04 1.494458114e-04 3.765798472e-04 1.494458114e-04 1.494458114e-04 1.494458114e-04
1.494458114e-04 1.494458114e-04 1.494458114e-04 1.494458114e-04 1.494458114e-04 1.494458114e-04

1.519508970e-04 1.519508970e-04 1.519508970e-04 1.519508970e-04 1.519508970e-04 1.519508970e-04
1.519508970e-04 1.519508970e-04 3.381400520e-01 2.431214352e-03 3.828922674e-04 1.519508970e-04
1.519508970e-04 3.273682837e-03 0.000000000e+00 0.000000000e+00 1.519508970e-04 1.519508970e-04
1.519508970e-04 1.941249680e-02 5.193338520e-01 0.000000000e+00 1.125695839e-01 1.519508970e-04
1.519508970e-04 1.519508970e-04 1.519508970e-04 1.519508970e-04 6.574533478e-04 1.519508970e-04
1.519508970e-04 1.519508970e-04 1.519508970e-04 1.519508970e-04 1.519508970e-04 1.519508970e-04

4.853913269e-18 4.853913269e-18 4.853913269e-18 4.853913269e-18 4.853913269e-18 4.853913269e-18
4.853913269e-18 0.000000000e+00 1.335990820e-02 0.000000000e+00 4.853913269e-18 4.853913269e-18
4.853913269e-18 9.862217942e-01 0.000000000e+00 0.000000000e+00 4.853913269e-18 4.853913269e-18
4.853913269e-18 4.853913269e-18 4.853913269e-18 0.000000000e+00 1.045743913e-04 1.045743913e-04
4.853913269e-18 1.045743913e-04 4.853913269e-18 4.853913269e-18 1.045743913e-04 4.853913269e-18
4.853913269e-18 4.853913269e-18 4.853913269e-18 4.853913269e-18 4.853913269e-18 4.853913269e-18

4.796892308e-18 1.033459119e-04 4.796892308e-18 4.796892308e-18 4.796892308e-18 4.796892308e-18
4.796892308e-18 0.000000000e+00 7.154428659e-03 0.000000000e+00 4.796892308e-18 4.796892308e-18
4.796892308e-18 9.923288418e-01 0.000000000e+00 0.000000000e+00 4.796892308e-18 1.033459119e-04
4.796892308e-18 0.000000000e+00 4.796892308e-18 0.000000000e+00 4.796892308e-18 1.033459119e-04
4.796892308e-18 1.033459119e-04 4.796892308e-18 4.796892308e-18 0.000000000e+00 1.033459119e-04
4.796892308e-18 4.796892308e-18 4.796892308e-18 4.796892308e-18 4.796892308e-18 4.796892308e-18

0.000000000e+00 4.647784847e-18 4.647784847e-18 4.647784847e-18 4.647784847e-18 4.647784847e-18
4.647784847e-18 0.000000000e+00 4.647784847e-18 0.000000000e+00 4.647784847e-18 4.647784847e-18
4.647784847e-18 1.000000000e+00 0.000000000e+00 0.000000000e+00 4.647784847e-18 4.647784847e-18
4.647784847e-18 0.000000000e+00 4.647784847e-18 0.000000000e+00 4.647784847e-18 4.647784847e-18
4.647784847e-18 4.647784847e-18 4.647784847e-18 4.647784847e-18 0.000000000e+00 4.647784847e-18
4.647784847e-18 4.647784847e-18 4.647784847e-18 4.647784847e-18 4.647784847e-18 0.000000000e+00

0.000000000e+00 0.000000000e+00 5.727875210e-18 5.727875210e-18 5.727875210e-18 5.727875210e-18
8.921029277e-01 0.000000000e+00 5.727875210e-18 0.000000000e+00 2.212695509e-02 5.727875210e-18
5.727875210e-18 0.000000000e+00 0.000000000e+00 0.000000000e+00 5.727875210e-18 5.727875210e-18
3.109569076e-04 0.000000000e+00 5.727875210e-18 0.000000000e+00 5.424443522e-02 3.109569076e-04
5.727875210e-18 5.727875210e-18 5.727875210e-18 5.727875210e-18 0.000000000e+00 3.028185440e-02
5.727875210e-18 5.727875210e-18 3.109569076e-04 3.109569076e-04 5.727875210e-18 0.000000000e+00

0.000000000e+00 0.000000000e+00 5.381626574e-18 1.159436298e-04 5.381626574e-18 1.159436298e-04
9.541102229e-01 0.000000000e+00 0.000000000e+00 0.000000000e+00 1.746645757e-02 5.381626574e-18
1.159436298e-04 0.000000000e+00 0.000000000e+00 0.000000000e+00 1.159436298e-04 5.016589508e-04
2.921596396e-04 0.000000000e+00 1.159436298e-04 0.000000000e+00 0.000000000e+00 1.855098077e-03
1.159436298e-04 2.921596396e-04 5.381626574e-18 5.381626574e-18 0.000000000e+00 1.227247471e-02
1.159436298e-04 1.159436298e-04 1.129091534e-02 9.913040907e-04 5.381626574e-18 0.000000000e+00

0.000000000e+00 0.000000000e+00 4.812654667e-02 4.812654667e-02 4.812654667e-02 4.812654667e-02
4.812654667e-02 0.000000000e+00 0.000000000e+00 0.000000000e+00 4.679436166e-02 4.812654667e-02
4.812654667e-02 0.000000000e+00 0.000000000e+00 0.000000000e+00 0.000000000e+00 4.812654667e-02
4.812654667e-02 0.000000000e+00 4.812654667e-02 0.000000000e+00 0.000000000e+00 4.812654667e-02
4.812654667e-02 4.812654667e-02 4.679436166e-02 4.679436166e-02 0.000000000e+00 4.679436166e-02
4.679436166e-02 4.679436166e-02 4.679436166e-02 4.679436166e-02 0.000000000e+00 0.000000000e+00

0.000000000e+00 0.000000000e+00 5.312238650e-02 5.312238650e-02 5.312238650e-02 5.312238650e-02
5.312238650e-02 0.000000000e+00 0.000000000e+00 0.000000000e+00 0.000000000e+00 5.312238650e-02
5.312238650e-02 0.000000000e+00 0.000000000e+00 0.000000000e+00 0.000000000e+00 5.312238650e-02
5.312238650e-02 0.000000000e+00 0.000000000e+00 0.000000000e+00 0.000000000e+00 5.179019457e-02
5.312238650e-02 5.312238650e-02 5.312238650e-02 5.179019457e-02 0.000000000e+00 5.179019457e-02
5.179019457e-02 5.179019457e-02 5.179019457e-02 5.179019457e-02 0.000000000e+00 0.000000000e+00

0.000000000e+00 0.000000000e+00 5.905838853e-02 5.905838853e-02 5.905838853e-02 5.905838853e-02
0.000000000e+00 0.000000000e+00 0.000000000e+00 0.000000000e+00 0.000000000e+00 5.905838853e-02
5.905838853e-02 0.000000000e+00 0.000000000e+00 0.000000000e+00 0.000000000e+00 5.905838853e-02
5.905838853e-02 0.000000000e+00 0.000000000e+00 0.000000000e+00 0.000000000e+00 0.000000000e+00
5.905838853e-02 5.905838853e-02 5.772752019e-02 5.905838853e-02 0.000000000e+00 5.905838853e-02
5.905838853e-02 5.905838853e-02 5.772752019e-02 5.772752019e-02 0.000000000e+00 0.000000000e+00

0.000000000e+00 0.000000000e+00 0.000000000e+00 6.711073456e-02 6.711073456e-02 6.711073456e-02
0.000000000e+00 0.000000000e+00 0.000000000e+00 0.000000000e+00 0.000000000e+00 6.711073456e-02
6.711073456e-02 0.000000000e+00 0.000000000e+00 0.000000000e+00 0.000000000e+00 6.577853088e-02
6.711073456e-02 0.000000000e+00 0.000000000e+00 0.000000000e+00 0.000000000e+00 0.000000000e+00
6.711073456e-02 6.711073456e-02 0.000000000e+00 6.711073456e-02 0.000000000e+00 6.711073456e-02
6.577853088e-02 6.577853088e-02 6.577853088e-02 6.577853088e-02 0.000000000e+00 0.000000000e+00

