6.793969232e-18 6.793969232e-18 6.793969232e-18 6.793969232e-18 6.793969232e-18 6.793969232e-18
6.793969232e-18 0.000000000e+00 6.104921063e-01 6.333132613e-04 6.793969232e-18 6.793969232e-18
6.793969232e-18 6.793969232e-18 2.642996580e-01 7.528155532e-02 1.463716300e-04 6.793969232e-18
6.793969232e-18 1.463716300e-04 3.983119285e-02 9.023059409e-03 6.793969232e-18 6.793969232e-18
6.793969232e-18 6.793969232e-18 6.793969232e-18 1.463716300e-04 6.793969232e-18 6.793969232e-18
6.793969232e-18 6.793969232e-18 6.793969232e-18 6.793969232e-18 6.793969232e-18 6.793969232e-18

1.434821386e-04 1.434821386e-04 1.434821386e-04 9.385014671e-03 1.434821386e-04 1.434821386e-04
6.208111582e-04 0.000000000e+00 1.434821386e-04 3.941905142e-03 3.615523334e-04 1.434821386e-04
1.434821386e-04 0.000000000e+00 0.000000000e+00 4.933172431e-01 1.434821386e-04 1.434821386e-04
7.274491528e-03 1.434821386e-04 1.705563299e-02 4.642382254e-01 1.434821386e-04 1.434821386e-04
1.434821386e-04 1.434821386e-04 1.434821386e-04 3.615523334e-04 1.434821386e-04 1.434821386e-04
1.434821386e-04 1.434821386e-04 1.434821386e-04 1.434821386e-04 1.434821386e-04 1.434821386e-04

6.226021477e-18 1.341355665e-04 6.226021477e-18 1.462443001e-03 6.226021477e-18 1.341355665e-04
2.511118998e-03 0.000000000e+00 0.000000000e+00 1.341355665e-04 1.341355665e-04 6.226021477e-18
6.226021477e-18 0.000000000e+00 0.000000000e+00 4.318126931e-02 0.000000000e+00 1.462443001e-03
1.834948739e-02 6.226021477e-18 6.226021477e-18 8.099621226e-01 1.341355665e-04 6.226021477e-18
6.226021477e-18 3.380004476e-04 6.226021477e-18 1.213917596e-01 1.341355665e-04 6.226021477e-18
6.226021477e-18 1.341355665e-04 1.341355665e-04 1.341355665e-04 1.341355665e-04 6.226021477e-18

4.848515371e-18 4.848515371e-18 4.848515371e-18 4.848515371e-18 4.848515371e-18 4.848515371e-18
4.848515371e-18 0.000000000e+00 0.000000000e+00 0.000000000e+00 4.848515371e-18 4.848515371e-18
4.848515371e-18 0.000000000e+00 0.000000000e+00 4.848515371e-18 0.000000000e+00 4.848515371e-18
9.892447500e-01 4.848515371e-18 0.000000000e+00 4.211486572e-03 4.848515371e-18 4.848515371e-18
4.848515371e-18 6.439305322e-03 4.848515371e-18 1.044580971e-04 4.848515371e-18 4.848515371e-18
4.848515371e-18 4.848515371e-18 4.848515371e-18 4.848515371e-18 4.848515371e-18 4.848515371e-18

