8.201760919e-18 8.201760919e-18 8.201760919e-18 8.201760919e-18 8.201760919e-18 8.201760919e-18
8.201760919e-18 8.201760919e-18 2.290052508e-01 3.307986928e-03 8.201760919e-18 8.201760919e-18
8.201760919e-18 1.767015824e-04 2.417243646e-02 3.532932635e-01 9.539621324e-02 8.201760919e-18
8.201760919e-18 8.201760919e-18 1.370871934e-01 7.723941941e-03 1.496603105e-01 8.201760919e-18
8.201760919e-18 1.767015824e-04 8.201760919e-18 8.201760919e-18 8.201760919e-18 8.201760919e-18
8.201760919e-18 8.201760919e-18 8.201760919e-18 8.201760919e-18 8.201760919e-18 8.201760919e-18

5.797721198e-18 5.797721198e-18 5.797721198e-18 5.797721198e-18 3.522669889e-01 5.797721198e-18
5.797721198e-18 5.797721198e-18 5.797721198e-18 5.797721198e-18 0.000000000e+00 5.797721198e-18
5.797721198e-18 5.797721198e-18 5.797721198e-18 5.797721198e-18 5.797721198e-18 5.797721198e-18
5.797721198e-18 5.797721198e-18 0.000000000e+00 5.797721198e-18 6.476081030e-01 5.797721198e-18
5.797721198e-18 5.797721198e-18 5.797721198e-18 5.797721198e-18 1.249081167e-04 5.797721198e-18
5.797721198e-18 5.797721198e-18 5.797721198e-18 5.797721198e-18 5.797721198e-18 5.797721198e-18

4.659284791e-18 4.659284791e-18 4.659284791e-18 4.659284791e-18 1.003812479e-04 4.659284791e-18
4.659284791e-18 4.659284791e-18 1.003812479e-04 4.659284791e-18 0.000000000e+00 4.659284791e-18
4.659284791e-18 4.659284791e-18 4.659284791e-18 4.659284791e-18 0.000000000e+00 4.659284791e-18
4.659284791e-18 4.659284791e-18 0.000000000e+00 0.000000000e+00 9.997992375e-01 4.659284791e-18
4.659284791e-18 4.659284791e-18 4.659284791e-18 4.659284791e-18 4.659284791e-18 4.659284791e-18
4.659284791e-18 4.659284791e-18 4.659284791e-18 4.659284791e-18 4.659284791e-18 4.659284791e-18

5.036651440e-18 5.036651440e-18 1.085113658e-04 5.036651440e-18 5.036651440e-18 5.036651440e-18
5.036651440e-18 5.036651440e-18 2.734315079e-04 9.596989384e-01 0.000000000e+00 0.000000000e+00
5.036651440e-18 5.036651440e-18 5.036651440e-18 0.000000000e+00 0.000000000e+00 5.036651440e-18
5.036651440e-18 5.036651440e-18 0.000000000e+00 0.000000000e+00 3.991911870e-02 5.036651440e-18
5.036651440e-18 5.036651440e-18 5.036651440e-18 5.036651440e-18 5.036651440e-18 5.036651440e-18
5.036651440e-18 5.036651440e-18 5.036651440e-18 5.036651440e-18 5.036651440e-18 5.036651440e-18

