5.393404421e-18 5.393404421e-18 5.393404421e-18 5.393404421e-18 5.393404421e-18 5.393404421e-18
5.393404421e-18 5.393404421e-18 5.393404421e-18 1.161973758e-04 5.393404421e-18 5.393404421e-18
5.393404421e-18 5.393404421e-18 2.927990395e-04 9.934735887e-04 2.927990395e-04 5.393404421e-18
5.393404421e-18 2.927990395e-04 9.005400870e-01 5.393404421e-18 5.393404421e-18 5.393404421e-18
5.393404421e-18 5.393404421e-18 9.591590185e-02 0.000000000e+00 1.555943085e-03 5.393404421e-18
5.393404421e-18 5.393404421e-18 5.393404421e-18 5.393404421e-18 5.393404421e-18 5.393404421e-18

5.713266824e-18 5.713266824e-18 5.713266824e-18 5.713266824e-18 5.713266824e-18 5.713266824e-18
5.713266824e-18 5.713266824e-18 5.713266824e-18 5.713266824e-18 5.713266824e-18 5.713266824e-18
5.713266824e-18 5.713266824e-18 5.713266824e-18 5.713266824e-18 2.841036534e-01 5.713266824e-18
5.713266824e-18 5.713266824e-18 7.158963466e-01 0.000000000e+00 5.713266824e-18 5.713266824e-18
5.713266824e-18 5.713266824e-18 5.713266824e-18 0.000000000e+00 0.000000000e+00 5.713266824e-18
5.713266824e-18 5.713266824e-18 5.713266824e-18 5.713266824e-18 5.713266824e-18 5.713266824e-18

3.673287024e-04 1.457744921e-04 1.457744921e-04 1.457744921e-04 1.457744921e-04 9.256103287e-04
3.673287024e-04 6.307295959e-04 1.457744921e-04 1.457744921e-04 6.307295959e-04 1.246354376e-03
6.307295959e-04 6.307295959e-04 1.029537792e-01 1.457744921e-04 7.640512430e-01 6.307295959e-04
1.457744921e-04 8.532523352e-02 3.272795443e-02 0.000000000e+00 0.000000000e+00 1.246354376e-03
1.457744921e-04 3.673287024e-04 0.000000000e+00 0.000000000e+00 0.000000000e+00 1.246354376e-03
6.307295959e-04 1.457744921e-04 3.673287024e-04 1.246354376e-03 3.673287024e-04 1.951996002e-03

1.456781873e-04 1.456781873e-04 1.456781873e-04 1.456781873e-04 1.456781873e-04 1.456781873e-04
1.456781873e-04 1.456781873e-04 1.456781873e-04 1.456781873e-04 1.456781873e-04 1.456781873e-04
1.456781873e-04 1.456781873e-04 6.852089501e-02 9.528655887e-03 7.585924127e-01 1.008500654e-02
1.456781873e-04 1.008880094e-01 4.854978737e-02 0.000000000e+00 0.000000000e+00 6.303129089e-04
1.456781873e-04 1.456781873e-04 0.000000000e+00 0.000000000e+00 0.000000000e+00 1.456781873e-04
1.456781873e-04 1.456781873e-04 1.456781873e-04 0.000000000e+00 0.000000000e+00 1.456781873e-04

