1.867351291e-04 1.867351291e-04 1.867351291e-04 1.867351291e-04 4.705430398e-04 8.667476900e-18
6.011425685e-02 8.667476900e-18 8.667476900e-18 1.867351291e-04 8.667476900e-18 1.596562896e-03
4.641049967e-01 8.667476900e-18 5.130200684e-03 1.867351291e-04 4.705430398e-04 8.079559791e-04
2.987762065e-03 4.705430398e-04 1.649096407e-01 0.000000000e+00 5.707998223e-03 5.130200684e-03
1.867351291e-04 1.867351291e-04 2.813092203e-02 8.667476900e-18 3.624352954e-02 1.596562896e-03
1.867351291e-04 1.867351291e-04 1.867351291e-04 9.961467703e-02 1.204590182e-01 8.667476900e-18

1.253646563e-04 1.253646563e-04 1.253646563e-04 1.253646563e-04 5.424213652e-04 5.424213652e-04
1.253646563e-04 1.253646563e-04 1.253646563e-04 1.253646563e-04 1.253646563e-04 7.960159493e-04
1.253646563e-04 5.424213652e-04 1.253646563e-04 1.253646563e-04 5.424213652e-04 1.253646563e-04
1.253646563e-04 1.253646563e-04 9.001217407e-01 0.000000000e+00 3.276369869e-02 5.424213652e-04
5.424213652e-04 1.253646563e-04 0.000000000e+00 0.000000000e+00 1.253646563e-04 5.741455995e-02
1.253646563e-04 1.253646563e-04 1.253646563e-04 3.158991389e-04 2.700899645e-03 1.253646563e-04

5.810648556e-18 5.810648556e-18 5.810648556e-18 5.810648556e-18 5.810648556e-18 5.810648556e-18
5.810648556e-18 5.810648556e-18 5.810648556e-18 5.810648556e-18 5.810648556e-18 1.364875200e-03
5.810648556e-18 5.810648556e-18 5.810648556e-18 5.810648556e-18 0.000000000e+00 5.810648556e-18
5.810648556e-18 5.810648556e-18 5.810648556e-18 0.000000000e+00 6.847006861e-01 3.154505361e-04
5.810648556e-18 5.810648556e-18 0.000000000e+00 0.000000000e+00 0.000000000e+00 5.810648556e-18
5.810648556e-18 1.251866282e-04 5.810648556e-18 5.810648556e-18 3.134938015e-01 5.810648556e-18

