8.200758039e-18 8.200758039e-18 8.200758039e-18 8.200758039e-18 8.200758039e-18 8.200758039e-18
8.200758039e-18 1.766799761e-04 1.766799761e-04 7.337888385e-02 8.200758039e-18 8.200758039e-18
8.200758039e-18 8.200758039e-18 5.588162366e-02 3.344746393e-01 1.946073421e-02 8.200758039e-18
8.200758039e-18 7.766326462e-02 3.754739243e-01 8.200758039e-18 2.826879617e-03 8.200758039e-18
8.200758039e-18 8.200758039e-18 4.807881281e-02 1.223119774e-02 1.766799761e-04 8.200758039e-18
8.200758039e-18 8.200758039e-18 8.200758039e-18 8.200758039e-18 8.200758039e-18 8.200758039e-18

0.000000000e+00 7.282002946e-18 7.282002946e-18 7.282002946e-18 7.282002946e-18 7.282002946e-18
7.282002946e-18 7.282002946e-18 7.282002946e-18 1.677669178e-01 7.282002946e-18 7.282002946e-18
7.282002946e-18 7.282002946e-18 1.442800038e-01 7.282002946e-18 7.282002946e-18 7.282002946e-18
7.282002946e-18 7.282002946e-18 3.943561830e-01 0.000000000e+00 7.282002946e-18 7.282002946e-18
7.282002946e-18 7.282002946e-18 7.282002946e-18 2.914961106e-01 7.282002946e-18 7.282002946e-18
7.282002946e-18 7.282002946e-18 7.282002946e-18 2.100784819e-03 7.282002946e-18 7.282002946e-18

0.000000000e+00 6.684258383e-18 6.684258383e-18 6.684258383e-18 6.684258383e-18 2.695938052e-03
6.684258383e-18 6.684258383e-18 6.684258383e-18 0.000000000e+00 6.684258383e-18 6.684258383e-18
6.684258383e-18 6.684258383e-18 2.652649697e-02 0.000000000e+00 1.109220004e-02 6.684258383e-18
6.684258383e-18 2.304127702e-03 6.965578978e-01 0.000000000e+00 6.684258383e-18 6.684258383e-18
6.684258383e-18 6.684258383e-18 6.684258383e-18 1.774752007e-01 6.684258383e-18 6.684258383e-18
6.684258383e-18 6.684258383e-18 6.684258383e-18 8.334813870e-02 6.684258383e-18 6.684258383e-18

0.000000000e+00 8.983011067e-18 8.983011067e-18 8.983011067e-18 8.983011067e-18 1.313885307e-01
2.131705263e-02 0.000000000e+00 1.724325557e-02 0.000000000e+00 0.000000000e+00 8.983011067e-18
8.983011067e-18 8.983011067e-18 1.966173805e-02 0.000000000e+00 8.983011067e-18 8.983011067e-18
8.983011067e-18 2.983106402e-01 8.983011067e-18 0.000000000e+00 9.465271022e-02 3.756295294e-02
8.983011067e-18 4.851499608e-02 8.983011067e-18 2.601512402e-01 8.983011067e-18 8.983011067e-18
8.983011067e-18 8.983011067e-18 8.983011067e-18 7.119688335e-02 8.983011067e-18 8.983011067e-18

0.000000000e+00 7.882992844e-18 7.882992844e-18 7.882992844e-18 7.882992844e-18 2.379423658e-01
4.665871712e-03 0.000000000e+00 7.348287483e-04 0.000000000e+00 0.000000000e+00 7.882992844e-18
7.882992844e-18 7.882992844e-18 2.274164377e-03 0.000000000e+00 7.882992844e-18 7.882992844e-18
7.882992844e-18 0.000000000e+00 0.000000000e+00 0.000000000e+00 1.005231588e-01 9.220004362e-03
7.882992844e-18 5.952112861e-02 7.882992844e-18 4.397777966e-01 7.882992844e-18 7.882992844e-18
2.717342919e-03 7.882992844e-18 7.882992844e-18 1.426233381e-01 7.882992844e-18 7.882992844e-18

