7.629586269e-18 7.629586269e-18 7.629586269e-18 7.629586269e-18 7.629586269e-18 7.629586269e-18
7.629586269e-18 1.643744533e-04 6.080733921e-03 4.141976675e-04 1.043712720e-03 7.629586269e-18
7.629586269e-18 2.397270229e-01 6.629656096e-02 3.582794499e-01 7.112069539e-04 7.629586269e-18
7.629586269e-18 4.141976675e-04 7.629586269e-18 0.000000000e+00 1.643744533e-04 7.629586269e-18
7.629586269e-18 1.643744533e-04 2.173971255e-02 3.039716861e-01 4.141976675e-04 7.629586269e-18
7.629586269e-18 7.629586269e-18 7.629586269e-18 7.629586269e-18 4.141976675e-04 7.629586269e-18

6.089196171e-18 6.089196171e-18 6.089196171e-18 6.089196171e-18 6.089196171e-18 1.311877547e-04
6.089196171e-18 1.311877547e-04 1.311877547e-04 1.311877547e-04 1.311877547e-04 6.089196171e-18
6.089196171e-18 2.099004074e-03 1.756672027e-03 7.998810719e-01 8.580852043e-03 6.089196171e-18
6.089196171e-18 3.305724272e-04 0.000000000e+00 0.000000000e+00 1.311877547e-04 6.089196171e-18
6.089196171e-18 2.416499102e-02 0.000000000e+00 1.616755743e-01 6.089196171e-18 1.311877547e-04
1.311877547e-04 6.089196171e-18 6.089196171e-18 3.305724272e-04 1.311877547e-04 6.089196171e-18

1.535705762e-04 1.535705762e-04 6.644612926e-04 1.535705762e-04 1.535705762e-04 6.644612926e-04
1.535705762e-04 1.535705762e-04 3.869736032e-04 9.751123768e-04 1.105760522e-01 1.535705762e-04
3.869736032e-04 1.313009957e-03 1.004488869e-02 8.588259020e-02 0.000000000e+00 9.751123768e-04
3.869736032e-04 6.644612926e-04 0.000000000e+00 0.000000000e+00 1.674337539e-03 9.466837479e-03
9.751123768e-04 7.393983293e-01 0.000000000e+00 2.313481093e-02 1.535705762e-04 6.644612926e-04
2.056389608e-03 0.000000000e+00 1.535705762e-04 7.785971595e-03 3.869736032e-04 1.535705762e-04

1.470904639e-04 1.470904639e-04 0.000000000e+00 1.470904639e-04 1.470904639e-04 1.470904639e-04
1.470904639e-04 1.470904639e-04 3.706447435e-04 1.470904639e-04 3.302340437e-02 0.000000000e+00
3.706447435e-04 1.470904639e-04 9.339662286e-04 1.450779493e-01 0.000000000e+00 9.339662286e-04
1.470904639e-04 1.470904639e-04 0.000000000e+00 0.000000000e+00 1.470904639e-04 7.065652406e-01
1.470904639e-04 1.028733926e-01 0.000000000e+00 5.930315895e-03 1.470904639e-04 1.470904639e-04
6.364234752e-04 0.000000000e+00 1.470904639e-04 6.364234752e-04 1.470904639e-04 1.470904639e-04

5.082760092e-18 5.082760092e-18 0.000000000e+00 5.082760092e-18 5.082760092e-18 0.000000000e+00
5.082760092e-18 5.082760092e-18 1.095047466e-04 5.082760092e-18 5.944832267e-03 0.000000000e+00
1.095047466e-04 1.095047466e-04 5.082760092e-18 5.082760092e-18 0.000000000e+00 9.684846218e-01
5.082760092e-18 5.082760092e-18 0.000000000e+00 0.000000000e+00 1.095047466e-04 1.095047466e-04
5.082760092e-18 2.458500322e-02 0.000000000e+00 0.000000000e+00 1.095047466e-04 1.095047466e-04
1.095047466e-04 0.000000000e+00 5.082760092e-18 1.095047466e-04 5.082760092e-18 5.082760092e-18

4.000000000e-02 4.000000000e-02 0.000000000e+00 4.000000000e-02 4.000000000e-02 0.000000000e+00
4.000000000e-02 4.000000000e-02 4.000000000e-02 4.000000000e-02 4.000000000e-02 0.000000000e+00
4.000000000e-02 4.000000000e-02 4.000000000e-02 0.000000000e+00 0.000000000e+00 4.000000000e-02
4.000000000e-02 4.000000000e-02 0.000000000e+00 0.000000000e+00 4.000000000e-02 4.000000000e-02
4.000000000e-02 4.000000000e-02 0.000000000e+00 0.000000000e+00 0.000000000e+00 4.000000000e-02
4.000000000e-02 0.000000000e+00 4.000000000e-02 4.000000000e-02 4.000000000e-02 4.000000000e-02

