7.173310368e-18 7.173310368e-18 7.173310368e-18 7.173310368e-18 7.173310368e-18 7.173310368e-18
7.173310368e-18 7.173310368e-18 1.545442870e-04 1.545442870e-04 5.717084799e-03 7.173310368e-18
7.173310368e-18 1.545442870e-04 2.525207786e-01 6.755406962e-03 7.173310368e-18 7.173310368e-18
7.173310368e-18 7.173310368e-18 1.190375791e-02 3.972487669e-01 3.214552901e-01 7.173310368e-18
7.173310368e-18 7.173310368e-18 1.545442870e-04 7.173310368e-18 3.780737591e-03 7.173310368e-18
7.173310368e-18 7.173310368e-18 7.173310368e-18 7.173310368e-18 7.173310368e-18 7.173310368e-18

4.789424365e-18 4.789424365e-18 4.789424365e-18 4.789424365e-18 2.223053865e-03 4.789424365e-18
4.789424365e-18 4.789424365e-18 4.789424365e-18 4.789424365e-18 4.789424365e-18 4.789424365e-18
4.789424365e-18 4.789424365e-18 0.000000000e+00 4.789424365e-18 0.000000000e+00 4.789424365e-18
4.789424365e-18 4.789424365e-18 6.551840370e-04 1.124997748e-03 9.948717666e-01 4.789424365e-18
4.789424365e-18 4.789424365e-18 4.789424365e-18 4.789424365e-18 1.124997748e-03 4.789424365e-18
4.789424365e-18 4.789424365e-18 4.789424365e-18 4.789424365e-18 4.789424365e-18 4.789424365e-18

6.196548927e-18 6.196548927e-18 6.196548927e-18 6.196548927e-18 5.776235475e-04 3.364004314e-04
3.364004314e-04 6.196548927e-18 1.455520133e-03 7.967270864e-01 0.000000000e+00 6.196548927e-18
6.196548927e-18 8.476759694e-04 0.000000000e+00 1.316740237e-01 0.000000000e+00 6.196548927e-18
3.364004314e-04 6.196548927e-18 6.196548927e-18 6.768431184e-03 0.000000000e+00 6.196548927e-18
6.196548927e-18 1.787642220e-03 1.335005997e-04 5.868289452e-02 3.364004314e-04 6.196548927e-18
6.196548927e-18 6.196548927e-18 6.196548927e-18 6.196548927e-18 6.196548927e-18 6.196548927e-18

4.847956470e-18 4.847956470e-18 4.847956470e-18 4.847956470e-18 4.847956470e-18 4.847956470e-18
4.847956470e-18 1.138746475e-03 4.847956470e-18 9.918792563e-01 0.000000000e+00 1.044460560e-04
4.847956470e-18 5.670204285e-03 0.000000000e+00 0.000000000e+00 0.000000000e+00 4.847956470e-18
2.631875690e-04 4.847956470e-18 0.000000000e+00 4.847956470e-18 0.000000000e+00 4.847956470e-18
4.847956470e-18 1.044460560e-04 4.847956470e-18 2.631875690e-04 1.044460560e-04 2.631875690e-04
4.847956470e-18 4.847956470e-18 1.044460560e-04 1.044460560e-04 4.847956470e-18 4.847956470e-18

1.985177568e-04 9.214378029e-18 9.214378029e-18 1.260509184e-03 1.084519296e-01 8.589364481e-04
8.589364481e-04 1.985177568e-04 0.000000000e+00 0.000000000e+00 0.000000000e+00 1.307345858e-01
2.658255650e-03 1.008426839e-01 0.000000000e+00 0.000000000e+00 0.000000000e+00 1.260509184e-03
1.928405479e-01 1.136005693e-01 0.000000000e+00 9.214378029e-18 0.000000000e+00 8.589364481e-04
1.985177568e-04 9.214378029e-18 1.884202198e-01 1.512249195e-01 1.985177568e-04 8.589364481e-04
9.214378029e-18 9.214378029e-18 4.276935417e-03 1.985177568e-04 9.214378029e-18 9.214378029e-18

1.146210174e-04 5.320236344e-18 5.320236344e-18 5.320236344e-18 1.146210174e-04 1.146210174e-04
5.320236344e-18 1.146210174e-04 0.000000000e+00 0.000000000e+00 0.000000000e+00 1.515946012e-02
1.146210174e-04 9.432263302e-01 0.000000000e+00 0.000000000e+00 0.000000000e+00 5.320236344e-18
1.146210174e-04 0.000000000e+00 0.000000000e+00 0.000000000e+00 0.000000000e+00 1.146210174e-04
1.146210174e-04 5.320236344e-18 3.951095937e-02 7.277980943e-04 1.146210174e-04 1.146210174e-04
5.320236344e-18 1.146210174e-04 1.146210174e-04 5.320236344e-18 5.320236344e-18 5.320236344e-18

1.077460490e-04 5.001128581e-18 5.001128581e-18 5.001128581e-18 0.000000000e+00 5.001128581e-18
5.001128581e-18 1.077460490e-04 0.000000000e+00 0.000000000e+00 0.000000000e+00 9.794920796e-01
2.960122486e-03 0.000000000e+00 0.000000000e+00 0.000000000e+00 0.000000000e+00 5.001128581e-18
2.715030305e-04 0.000000000e+00 0.000000000e+00 0.000000000e+00 0.000000000e+00 1.077460490e-04
5.001128581e-18 1.077460490e-04 1.573018177e-02 1.077460490e-04 1.077460490e-04 1.077460490e-04
5.001128581e-18 1.077460490e-04 6.841447664e-04 5.001128581e-18 5.001128581e-18 5.001128581e-18

