6.013231718e-18 3.264484422e-04 2.072818402e-03 7.077488910e-02 5.605352718e-04 6.013231718e-18
1.295511501e-04 1.295511501e-04 5.662912285e-03 6.013231718e-18 4.765922629e-02 3.264484422e-04
1.295511501e-04 6.013231718e-18 8.225985279e-04 8.671287104e-01 3.264484422e-04 1.412460376e-03
1.107646753e-03 6.013231718e-18 6.013231718e-18 1.295511501e-04 6.013231718e-18 3.264484422e-04
3.264484422e-04 6.013231718e-18 6.013231718e-18 6.013231718e-18 1.295511501e-04 1.295511501e-04
6.013231718e-18 1.295511501e-04 1.295511501e-04 1.295511501e-04 6.013231718e-18 6.013231718e-18

5.013846703e-18 5.013846703e-18 4.673756237e-04 2.022216877e-03 9.184350020e-03 5.013846703e-18
5.013846703e-18 1.080200527e-04 1.080200527e-04 0.000000000e+00 9.833895778e-01 6.858845810e-04
5.013846703e-18 5.013846703e-18 0.000000000e+00 2.642578912e-03 5.013846703e-18 2.721934764e-04
5.013846703e-18 5.013846703e-18 5.013846703e-18 2.721934764e-04 4.673756237e-04 2.721934764e-04
5.013846703e-18 5.013846703e-18 5.013846703e-18 5.013846703e-18 5.013846703e-18 5.013846703e-18
5.013846703e-18 5.013846703e-18 1.080200527e-04 5.013846703e-18 5.013846703e-18 5.013846703e-18

1.134496878e-04 4.959088590e-03 5.265868038e-18 1.200849435e-02 1.398746256e-02 5.265868038e-18
5.265868038e-18 1.134496878e-04 4.959088590e-03 0.000000000e+00 9.625123816e-01 2.858752994e-04
5.265868038e-18 5.265868038e-18 0.000000000e+00 7.203606147e-04 0.000000000e+00 5.265868038e-18
5.265868038e-18 5.265868038e-18 5.265868038e-18 0.000000000e+00 1.134496878e-04 1.134496878e-04
5.265868038e-18 5.265868038e-18 5.265868038e-18 5.265868038e-18 1.134496878e-04 5.265868038e-18
5.265868038e-18 5.265868038e-18 5.265868038e-18 5.265868038e-18 5.265868038e-18 5.265868038e-18

1.522743533e-04 2.039032511e-03 0.000000000e+00 2.730370211e-02 1.877424132e-02 7.067949379e-18
7.067949379e-18 7.067949379e-18 1.522743533e-04 0.000000000e+00 5.675244840e-01 7.067949379e-18
7.067949379e-18 7.067949379e-18 0.000000000e+00 1.745480757e-01 0.000000000e+00 2.083867595e-01
7.067949379e-18 7.067949379e-18 7.067949379e-18 0.000000000e+00 7.067949379e-18 0.000000000e+00
7.067949379e-18 7.067949379e-18 7.067949379e-18 7.067949379e-18 9.668818745e-04 1.522743533e-04
7.067949379e-18 7.067949379e-18 7.067949379e-18 7.067949379e-18 7.067949379e-18 7.067949379e-18

5.028956161e-18 5.028956161e-18 0.000000000e+00 4.176734343e-02 5.028956161e-18 5.028956161e-18
5.028956161e-18 5.028956161e-18 5.028956161e-18 0.000000000e+00 9.582326566e-01 5.028956161e-18
5.028956161e-18 5.028956161e-18 0.000000000e+00 5.028956161e-18 0.000000000e+00 5.028956161e-18
5.028956161e-18 5.028956161e-18 5.028956161e-18 0.000000000e+00 0.000000000e+00 0.000000000e+00
5.028956161e-18 5.028956161e-18 5.028956161e-18 5.028956161e-18 0.000000000e+00 5.028956161e-18
5.028956161e-18 5.028956161e-18 5.028956161e-18 5.028956161e-18 5.028956161e-18 5.028956161e-18

