7.312828517e-18 7.312828517e-18 7.312828517e-18 7.312828517e-18 7.312828517e-18 7.312828517e-18
7.312828517e-18 7.312828517e-18 3.375484299e-02 6.816797544e-04 7.312828517e-18 7.312828517e-18
7.312828517e-18 2.083714428e-02 1.222292563e-01 7.312828517e-18 3.970014111e-04 7.312828517e-18
7.312828517e-18 7.312828517e-18 5.795947429e-02 6.740513025e-01 4.806724190e-02 7.312828517e-18
7.312828517e-18 7.312828517e-18 7.312828517e-18 4.202205662e-02 7.312828517e-18 7.312828517e-18
7.312828517e-18 7.312828517e-18 7.312828517e-18 7.312828517e-18 7.312828517e-18 7.312828517e-18

7.865245045e-18 7.865245045e-18 7.865245045e-18 7.865245045e-18 7.865245045e-18 1.075950387e-03
7.865245045e-18 7.865245045e-18 6.831859107e-03 1.847483599e-03 4.795615760e-02 7.865245045e-18
7.865245045e-18 9.199246411e-03 2.236854545e-01 0.000000000e+00 7.865245045e-18 7.865245045e-18
7.865245045e-18 0.000000000e+00 7.865245045e-18 4.614954158e-01 4.145426042e-03 7.865245045e-18
7.865245045e-18 8.500674981e-02 7.865245045e-18 1.583292656e-01 7.865245045e-18 7.865245045e-18
4.269911942e-04 7.865245045e-18 7.865245045e-18 7.865245045e-18 7.865245045e-18 7.865245045e-18

5.384479626e-18 5.384479626e-18 5.384479626e-18 5.384479626e-18 5.384479626e-18 5.384479626e-18
5.384479626e-18 5.384479626e-18 5.384479626e-18 0.000000000e+00 6.638320559e-02 5.384479626e-18
5.384479626e-18 5.384479626e-18 9.150489955e-01 0.000000000e+00 5.384479626e-18 5.384479626e-18
5.384479626e-18 0.000000000e+00 0.000000000e+00 5.384479626e-18 5.384479626e-18 5.384479626e-18
5.384479626e-18 5.384479626e-18 5.384479626e-18 5.384479626e-18 5.384479626e-18 5.384479626e-18
1.856779887e-02 5.384479626e-18 5.384479626e-18 5.384479626e-18 5.384479626e-18 5.384479626e-18

5.719462195e-18 5.719462195e-18 5.719462195e-18 5.719462195e-18 5.719462195e-18 1.798957545e-02
5.719462195e-18 5.719462195e-18 5.719462195e-18 0.000000000e+00 8.143801133e-01 5.719462195e-18
5.719462195e-18 5.719462195e-18 0.000000000e+00 0.000000000e+00 5.719462195e-18 5.719462195e-18
5.719462195e-18 0.000000000e+00 0.000000000e+00 5.719462195e-18 5.719462195e-18 5.719462195e-18
5.719462195e-18 0.000000000e+00 5.719462195e-18 5.719462195e-18 5.719462195e-18 5.719462195e-18
1.676303113e-01 5.719462195e-18 5.719462195e-18 5.719462195e-18 5.719462195e-18 5.719462195e-18

