8.201760919e-18 8.201760919e-18 8.201760919e-18 8.201760919e-18 8.201760919e-18 8.201760919e-18
8.201760919e-18 8.201760919e-18 2.290052508e-01 3.307986928e-03 8.201760919e-18 8.201760919e-18
8.201760919e-18 1.767015824e-04 2.417243646e-02 3.532932635e-01 9.539621324e-02 8.201760919e-18
8.201760919e-18 8.201760919e-18 1.370871934e-01 7.723941941e-03 1.496603105e-01 8.201760919e-18
8.201760919e-18 1.767015824e-04 8.201760919e-18 8.201760919e-18 8.201760919e-18 8.201760919e-18
8.201760919e-18 8.201760919e-18 8.201760919e-18 8.201760919e-18 8.201760919e-18 8.201760919e-18

4.670344784e-18 4.670344784e-18 4.670344784e-18 4.670344784e-18 4.670344784e-18 4.670344784e-18
4.670344784e-18 4.670344784e-18 9.994929094e-01 4.670344784e-18 0.000000000e+00 2.535453232e-04
4.670344784e-18 4.670344784e-18 2.535453232e-04 0.000000000e+00 4.670344784e-18 4.670344784e-18
4.670344784e-18 4.670344784e-18 4.670344784e-18 4.670344784e-18 4.670344784e-18 4.670344784e-18
4.670344784e-18 4.670344784e-18 4.670344784e-18 4.670344784e-18 4.670344784e-18 4.670344784e-18
4.670344784e-18 4.670344784e-18 4.670344784e-18 4.670344784e-18 4.670344784e-18 4.670344784e-18

4.934405054e-18 4.934405054e-18 4.934405054e-18 4.934405054e-18 4.934405054e-18 4.934405054e-18
4.934405054e-18 4.934405054e-18 9.733505124e-01 0.000000000e+00 0.000000000e+00 4.934405054e-18
4.934405054e-18 4.934405054e-18 0.000000000e+00 0.000000000e+00 2.664948758e-02 4.934405054e-18
4.934405054e-18 4.934405054e-18 4.934405054e-18 4.934405054e-18 4.934405054e-18 4.934405054e-18
4.934405054e-18 4.934405054e-18 4.934405054e-18 4.934405054e-18 4.934405054e-18 4.934405054e-18
4.934405054e-18 4.934405054e-18 4.934405054e-18 4.934405054e-18 4.934405054e-18 4.934405054e-18

4.647784847e-18 4.647784847e-18 4.647784847e-18 4.647784847e-18 4.647784847e-18 4.647784847e-18
4.647784847e-18 4.647784847e-18 1.000000000e+00 0.000000000e+00 0.000000000e+00 0.000000000e+00
4.647784847e-18 4.647784847e-18 0.000000000e+00 0.000000000e+00 0.000000000e+00 4.647784847e-18
4.647784847e-18 4.647784847e-18 4.647784847e-18 4.647784847e-18 4.647784847e-18 4.647784847e-18
4.647784847e-18 4.647784847e-18 4.647784847e-18 4.647784847e-18 4.647784847e-18 4.647784847e-18
4.647784847e-18 4.647784847e-18 4.647784847e-18 4.647784847e-18 4.647784847e-18 4.647784847e-18

