9.817828025e-18 5.329937070e-04 4.557032093e-03 1.343059982e-03 5.174546977e-03 9.817828025e-18
1.343059982e-03 0.000000000e+00 1.581721934e-01 5.190441969e-02 9.817828025e-18 1.971713273e-02
8.527899311e-03 1.791492346e-01 9.817828025e-18 1.960775158e-01 9.817828025e-18 1.808459385e-03
9.817828025e-18 3.385572400e-02 1.508415092e-01 1.596487086e-01 9.817828025e-18 9.151882314e-04
6.465566113e-03 9.817828025e-18 5.329937070e-04 9.817828025e-18 9.817828025e-18 3.384299085e-03
9.817828025e-18 1.343059982e-03 9.817828025e-18 9.978044289e-03 3.384299085e-03 1.343059982e-03

5.124240777e-18 4.776662254e-04 1.103984209e-04 5.124240777e-18 1.103984209e-04 1.103984209e-04
9.806732299e-01 0.000000000e+00 5.993348371e-03 2.781865888e-04 5.124240777e-18 5.124240777e-18
5.124240777e-18 0.000000000e+00 0.000000000e+00 2.066741725e-03 5.124240777e-18 2.781865888e-04
1.478292073e-03 3.032991475e-03 2.066741725e-03 2.378461877e-03 5.124240777e-18 5.124240777e-18
5.124240777e-18 5.124240777e-18 5.124240777e-18 5.124240777e-18 5.124240777e-18 1.103984209e-04
5.124240777e-18 5.124240777e-18 5.124240777e-18 2.781865888e-04 2.781865888e-04 2.781865888e-04

1.998674911e-04 6.209421205e-02 1.998674911e-04 3.741670214e-03 5.547373119e-02 5.490987927e-03
5.289857613e-01 0.000000000e+00 0.000000000e+00 6.889623298e-02 1.998674911e-04 7.393734295e-03
0.000000000e+00 0.000000000e+00 0.000000000e+00 6.743927224e-03 8.663771065e-02 2.179100003e-03
2.201476481e-02 1.618926677e-02 5.116607771e-02 6.097792488e-02 1.998674911e-04 1.269079462e-03
8.647764093e-04 8.647764093e-04 5.036345183e-04 1.998674911e-04 1.998674911e-04 6.109419740e-03
1.998674911e-04 5.036345183e-04 1.998674911e-04 5.490987927e-03 4.306014561e-03 5.036345183e-04

