6.468507115e-18 1.393597612e-04 6.468507115e-18 3.409266678e-03 1.393597612e-04 6.468507115e-18
1.393597612e-04 6.468507115e-18 1.393597612e-04 5.208299632e-02 8.848793262e-04 1.393597612e-04
1.393597612e-04 6.468507115e-18 7.750300650e-01 6.468507115e-18 1.458459893e-01 7.565611817e-03
1.393597612e-04 6.468507115e-18 1.866099430e-03 1.073417136e-02 3.511645933e-04 1.393597612e-04
1.393597612e-04 6.468507115e-18 6.468507115e-18 1.393597612e-04 6.468507115e-18 6.468507115e-18
1.393597612e-04 1.393597612e-04 1.393597612e-04 1.393597612e-04 1.393597612e-04 1.393597612e-04

1.414579785e-04 1.414579785e-04 6.565897735e-18 2.263327656e-03 1.414579785e-04 1.414579785e-04
6.565897735e-18 6.565897735e-18 1.414579785e-04 8.982021756e-04 1.414579785e-04 1.414579785e-04
6.565897735e-18 1.894195647e-03 3.676455321e-01 0.000000000e+00 4.323995673e-03 1.145809626e-02
1.209448704e-03 1.209448704e-03 6.565897735e-18 6.006319630e-01 6.120531262e-04 1.414579785e-04
1.414579785e-04 1.414579785e-04 1.894195647e-03 8.982021756e-04 6.565897735e-18 6.565897735e-18
0.000000000e+00 8.982021756e-04 1.894195647e-03 3.564517696e-04 1.414579785e-04 3.564517696e-04

1.483344464e-04 1.483344464e-04 6.885075101e-18 6.885075101e-18 6.885075101e-18 1.483344464e-04
1.483344464e-04 6.885075101e-18 6.885075101e-18 6.885075101e-18 6.885075101e-18 6.885075101e-18
6.885075101e-18 1.483344464e-04 9.172145358e-02 0.000000000e+00 1.483344464e-04 1.483344464e-04
1.483344464e-04 6.895829923e-01 0.000000000e+00 7.441317508e-02 1.483344464e-04 6.885075101e-18
1.483344464e-04 6.885075101e-18 1.320764805e-01 2.373351143e-03 0.000000000e+00 6.885075101e-18
0.000000000e+00 5.005099660e-03 3.195768771e-03 6.885075101e-18 1.483344464e-04 6.885075101e-18

6.155473451e-18 6.155473451e-18 6.155473451e-18 1.326156554e-04 1.326156554e-04 1.326156554e-04
6.155473451e-18 6.155473451e-18 6.155473451e-18 1.085217288e-01 6.155473451e-18 1.326156554e-04
1.326156554e-04 6.155473451e-18 8.368336579e-01 0.000000000e+00 2.249358128e-02 1.326156554e-04
1.326156554e-04 2.059989616e-02 0.000000000e+00 3.244280350e-03 2.857117684e-03 6.155473451e-18
6.155473451e-18 0.000000000e+00 1.133847904e-03 0.000000000e+00 0.000000000e+00 2.857117684e-03
0.000000000e+00 1.326156554e-04 1.326156554e-04 1.326156554e-04 1.326156554e-04 6.155473451e-18

