1.637004407e-04 1.637004407e-04 1.637004407e-04 1.637004407e-04 1.637004407e-04 1.637004407e-04
1.637004407e-04 1.637004407e-04 5.067346992e-01 1.637004407e-04 1.637004407e-04 1.637004407e-04
4.124992621e-04 1.070747239e-02 2.647098421e-01 7.082906706e-04 7.082906706e-04 1.637004407e-04
5.003888818e-03 4.124992621e-04 0.000000000e+00 7.155638800e-03 1.602386387e-01 1.637004407e-04
4.124992621e-04 7.082906706e-04 4.124992621e-04 1.399619080e-03 1.637004407e-04 1.637004407e-04
1.637004407e-04 4.124992621e-04 3.675252428e-02 1.637004407e-04 1.637004407e-04 1.637004407e-04

4.857261334e-18 4.857261334e-18 4.857261334e-18 4.857261334e-18 4.857261334e-18 4.857261334e-18
4.857261334e-18 4.857261334e-18 6.644640039e-04 4.857261334e-18 4.857261334e-18 4.857261334e-18
4.857261334e-18 0.000000000e+00 4.857261334e-18 0.000000000e+00 4.857261334e-18 4.857261334e-18
4.857261334e-18 4.857261334e-18 0.000000000e+00 9.869020567e-01 1.198070007e-02 4.857261334e-18
4.857261334e-18 4.857261334e-18 4.857261334e-18 4.857261334e-18 4.857261334e-18 4.857261334e-18
4.857261334e-18 4.857261334e-18 4.857261334e-18 4.527792092e-04 4.857261334e-18 4.857261334e-18

1.095356694e-04 1.095356694e-04 1.095356694e-04 1.095356694e-04 1.095356694e-04 1.095356694e-04
1.095356694e-04 1.095356694e-04 9.759320119e-03 1.095356694e-04 1.095356694e-04 1.095356694e-04
1.095356694e-04 0.000000000e+00 1.466739383e-03 0.000000000e+00 1.095356694e-04 2.760125911e-04
1.095356694e-04 1.095356694e-04 0.000000000e+00 0.000000000e+00 9.829470597e-01 1.095356694e-04
1.095356694e-04 6.955081471e-04 4.739333162e-04 0.000000000e+00 1.752570710e-03 1.095356694e-04
1.095356694e-04 1.095356694e-04 1.095356694e-04 1.095356694e-04 1.095356694e-04 1.095356694e-04

1.764948842e-04 1.764948842e-04 1.764948842e-04 7.636490126e-04 4.447392396e-04 1.764948842e-04
1.924274931e-03 1.764948842e-04 8.083120399e-02 5.955288916e-03 1.120672659e-03 1.764948842e-04
1.764948842e-04 0.000000000e+00 3.425599446e-02 0.000000000e+00 1.764948842e-04 3.304117381e-03
1.764948842e-04 0.000000000e+00 0.000000000e+00 0.000000000e+00 0.000000000e+00 7.436627923e-02
4.447392396e-04 1.022565606e-02 6.185557002e-02 0.000000000e+00 1.456888838e-01 5.710513700e-01
1.509010033e-03 1.509010033e-03 1.764948842e-04 2.363357973e-03 4.447392396e-04 1.764948842e-04

1.653218061e-04 1.653218061e-04 1.653218061e-04 1.653218061e-04 1.653218061e-04 1.653218061e-04
1.653218061e-04 1.653218061e-04 2.646144114e-02 1.653218061e-04 1.653218061e-04 1.653218061e-04
1.484073027e-01 0.000000000e+00 0.000000000e+00 0.000000000e+00 1.653218061e-04 1.653218061e-04
1.653218061e-04 0.000000000e+00 0.000000000e+00 0.000000000e+00 0.000000000e+00 0.000000000e+00
1.653218061e-04 2.631464581e-01 7.982025438e-02 0.000000000e+00 4.646363832e-01 1.653218061e-04
1.653218061e-04 1.653218061e-04 1.653218061e-04 1.405640245e-02 1.653218061e-04 1.653218061e-04

5.038756132e-18 5.038756132e-18 5.038756132e-18 5.038756132e-18 5.038756132e-18 5.038756132e-18
1.085567101e-04 1.085567101e-04 2.735457682e-04 1.085567101e-04 5.038756132e-18 5.038756132e-18
1.789233889e-02 0.000000000e+00 0.000000000e+00 0.000000000e+00 1.085567101e-04 1.085567101e-04
5.038756132e-18 0.000000000e+00 0.000000000e+00 0.000000000e+00 0.000000000e+00 0.000000000e+00
5.038756132e-18 5.120983145e-03 0.000000000e+00 0.000000000e+00 0.000000000e+00 9.755711328e-01
1.085567101e-04 1.085567101e-04 5.038756132e-18 1.085567101e-04 2.735457682e-04 5.038756132e-18

1.080969824e-04 5.017417462e-18 2.723873270e-04 1.080969824e-04 5.017417462e-18 5.017417462e-18
1.080969824e-04 5.017417462e-18 2.023657059e-03 1.178551516e-03 1.080969824e-04 5.017417462e-18
0.000000000e+00 0.000000000e+00 0.000000000e+00 0.000000000e+00 4.677084790e-04 1.080969824e-04
5.017417462e-18 0.000000000e+00 0.000000000e+00 0.000000000e+00 0.000000000e+00 0.000000000e+00
5.017417462e-18 1.144191780e-02 0.000000000e+00 0.000000000e+00 0.000000000e+00 9.826823255e-01
2.723873270e-04 2.723873270e-04 1.080969824e-04 2.723873270e-04 4.677084790e-04 0.000000000e+00

4.812654667e-02 4.812654667e-02 4.812654667e-02 4.812654667e-02 4.812654667e-02 4.812654667e-02
4.812654667e-02 0.000000000e+00 4.812654667e-02 4.812654667e-02 4.812654667e-02 4.812654667e-02
0.000000000e+00 0.000000000e+00 0.000000000e+00 0.000000000e+00 0.000000000e+00 4.812654667e-02
4.812654667e-02 0.000000000e+00 0.000000000e+00 0.000000000e+00 0.000000000e+00 0.000000000e+00
4.679436166e-02 4.679436166e-02 0.000000000e+00 0.000000000e+00 0.000000000e+00 4.679436166e-02
4.679436166e-02 4.679436166e-02 4.679436166e-02 4.679436166e-02 4.679436166e-02 0.000000000e+00

