6.157510029e-18 6.157510029e-18 6.157510029e-18 1.776379890e-03 6.157510029e-18 6.157510029e-18
6.157510029e-18 6.157510029e-18 6.157510029e-18 6.157510029e-18 6.157510029e-18 6.157510029e-18
5.739844596e-04 6.157510029e-18 6.157510029e-18 6.157510029e-18 6.157510029e-18 8.481640297e-01
8.826059592e-02 1.326595321e-04 0.000000000e+00 3.342810740e-04 6.157510029e-18 5.739844596e-04
6.257993888e-03 1.446350206e-03 1.326595321e-04 6.157510029e-18 6.157510029e-18 6.157510029e-18
6.157510029e-18 1.236612031e-02 3.325517165e-02 6.725789370e-03 6.157510029e-18 6.157510029e-18

1.662463348e-04 6.702632213e-03 4.189145133e-04 4.567309133e-03 2.226124585e-03 1.662463348e-04
1.481208094e-02 4.189145133e-04 1.662463348e-04 1.662463348e-04 1.662463348e-04 4.189145133e-04
1.662463348e-04 4.189145133e-04 1.055598427e-03 2.226124585e-03 1.662463348e-04 4.189145133e-04
1.944428927e-01 1.662463348e-04 0.000000000e+00 0.000000000e+00 1.662463348e-04 1.662463348e-04
2.035694203e-01 3.226684757e-02 1.662463348e-04 4.189145133e-04 1.662463348e-04 4.567309133e-03
0.000000000e+00 4.189145133e-04 5.278848956e-01 4.189145133e-04 1.662463348e-04 1.662463348e-04

3.338557233e-04 1.324907316e-04 5.732541022e-04 1.774119563e-03 3.338557233e-04 5.732541022e-04
1.132779821e-03 1.324907316e-04 1.324907316e-04 1.324907316e-04 1.324907316e-04 8.412637069e-04
1.324907316e-04 1.324907316e-04 5.732541022e-04 8.412637069e-04 3.338557233e-04 1.324907316e-04
5.732541022e-04 0.000000000e+00 0.000000000e+00 0.000000000e+00 1.324907316e-04 1.324907316e-04
1.235038524e-02 8.645052980e-01 9.266250631e-02 1.444509820e-03 3.338557233e-04 1.324907316e-04
0.000000000e+00 0.000000000e+00 2.119851706e-03 1.633507491e-02 3.338557233e-04 5.732541022e-04

