6.083106025e-18 1.310565464e-04 1.120517710e-03 1.310565464e-04 6.182375692e-03 6.083106025e-18
1.310565464e-04 6.083106025e-18 1.310565464e-04 3.302418032e-04 3.078414197e-02 1.120517710e-03
1.310565464e-04 6.083106025e-18 3.302418032e-04 8.803673476e-01 6.083106025e-18 6.002133426e-02
1.310565464e-04 6.083106025e-18 6.083106025e-18 1.754915081e-03 1.009461709e-02 3.302418032e-04
1.310565464e-04 6.083106025e-18 6.083106025e-18 1.310565464e-04 1.310565464e-04 1.310565464e-04
6.083106025e-18 1.310565464e-04 5.728715848e-03 1.310565464e-04 1.310565464e-04 1.310565464e-04

6.232857881e-18 1.342828524e-04 1.342828524e-04 1.342828524e-04 1.342828524e-04 6.232857881e-18
6.232857881e-18 6.232857881e-18 6.232857881e-18 6.232857881e-18 1.254689212e-01 6.232857881e-18
6.232857881e-18 6.232857881e-18 1.342828524e-04 7.716359835e-01 0.000000000e+00 9.207893529e-02
6.232857881e-18 6.232857881e-18 6.232857881e-18 0.000000000e+00 6.232857881e-18 1.464048818e-03
6.232857881e-18 6.232857881e-18 6.232857881e-18 1.342828524e-04 8.277848343e-03 1.342828524e-04
6.232857881e-18 6.232857881e-18 1.342828524e-04 6.232857881e-18 6.232857881e-18 6.232857881e-18

5.377488818e-18 5.377488818e-18 5.377488818e-18 5.377488818e-18 1.428395527e-02 5.377488818e-18
5.377488818e-18 5.377488818e-18 5.377488818e-18 3.909161056e-03 5.377488818e-18 1.551351593e-03
5.377488818e-18 5.377488818e-18 5.377488818e-18 4.742070858e-02 0.000000000e+00 9.328348235e-01
5.377488818e-18 5.377488818e-18 5.377488818e-18 0.000000000e+00 0.000000000e+00 5.377488818e-18
5.377488818e-18 5.377488818e-18 5.377488818e-18 5.377488818e-18 0.000000000e+00 5.377488818e-18
5.377488818e-18 5.377488818e-18 5.377488818e-18 5.377488818e-18 5.377488818e-18 5.377488818e-18

4.889612711e-18 4.889612711e-18 4.889612711e-18 4.889612711e-18 0.000000000e+00 4.889612711e-18
4.889612711e-18 4.889612711e-18 4.889612711e-18 4.889612711e-18 0.000000000e+00 2.269557176e-03
4.889612711e-18 4.889612711e-18 4.889612711e-18 9.837980000e-01 0.000000000e+00 1.393244287e-02
4.889612711e-18 4.889612711e-18 4.889612711e-18 0.000000000e+00 0.000000000e+00 4.889612711e-18
4.889612711e-18 4.889612711e-18 4.889612711e-18 4.889612711e-18 0.000000000e+00 4.889612711e-18
4.889612711e-18 4.889612711e-18 4.889612711e-18 4.889612711e-18 4.889612711e-18 4.889612711e-18

5.661909288e-18 5.661909288e-18 5.661909288e-18 5.661909288e-18 0.000000000e+00 5.661909288e-18
5.661909288e-18 5.661909288e-18 5.661909288e-18 0.000000000e+00 0.000000000e+00 1.086826546e-02
5.661909288e-18 5.661909288e-18 0.000000000e+00 8.415709706e-01 0.000000000e+00 1.445766197e-01
5.661909288e-18 5.661909288e-18 5.661909288e-18 0.000000000e+00 0.000000000e+00 2.984144305e-03
5.661909288e-18 5.661909288e-18 5.661909288e-18 5.661909288e-18 0.000000000e+00 5.661909288e-18
5.661909288e-18 5.661909288e-18 5.661909288e-18 5.661909288e-18 5.661909288e-18 5.661909288e-18

