6.468507115e-18 1.393597612e-04 6.468507115e-18 3.409266678e-03 1.393597612e-04 6.468507115e-18
1.393597612e-04 6.468507115e-18 1.393597612e-04 5.208299632e-02 8.848793262e-04 1.393597612e-04
1.393597612e-04 6.468507115e-18 7.750300650e-01 6.468507115e-18 1.458459893e-01 7.565611817e-03
1.393597612e-04 6.468507115e-18 1.866099430e-03 1.073417136e-02 3.511645933e-04 1.393597612e-04
1.393597612e-04 6.468507115e-18 6.468507115e-18 1.393597612e-04 6.468507115e-18 6.468507115e-18
1.393597612e-04 1.393597612e-04 1.393597612e-04 1.393597612e-04 1.393597612e-04 1.393597612e-04

7.700397820e-18 4.180419100e-04 7.700397820e-18 9.611818366e-03 1.418425406e-03 1.659000419e-04
7.700397820e-18 7.700397820e-18 4.180419100e-04 7.700397820e-18 7.700397820e-18 1.659000419e-04
1.659000419e-04 4.158792273e-02 3.480663888e-01 0.000000000e+00 1.053399604e-03 3.105773941e-03
7.700397820e-18 0.000000000e+00 7.700397820e-18 5.102463397e-01 4.058542293e-03 7.700397820e-18
7.826059928e-03 1.659000419e-04 3.302790209e-02 2.345443477e-02 7.700397820e-18 7.700397820e-18
7.700397820e-18 2.221487544e-03 6.137170297e-03 2.221487544e-03 2.654400671e-03 1.808762295e-03

7.800303285e-18 7.800303285e-18 7.800303285e-18 7.800303285e-18 7.800303285e-18 7.800303285e-18
7.800303285e-18 7.800303285e-18 1.067066480e-03 0.000000000e+00 7.800303285e-18 7.800303285e-18
7.800303285e-18 2.688839038e-03 3.894396007e-01 0.000000000e+00 1.680524399e-04 7.800303285e-18
2.250309268e-03 0.000000000e+00 0.000000000e+00 8.643238484e-02 4.111198085e-03 7.800303285e-18
1.294422200e-02 7.800303285e-18 3.601849486e-01 4.848144351e-02 7.800303285e-18 7.800303285e-18
7.800303285e-18 7.800303285e-18 9.180846936e-02 7.800303285e-18 4.234656130e-04 7.800303285e-18

7.466504792e-18 7.466504792e-18 4.053442429e-04 1.753822680e-03 2.154011751e-03 6.960049919e-04
7.466504792e-18 1.021403488e-03 7.466504792e-18 0.000000000e+00 7.466504792e-18 4.053442429e-04
6.960049919e-04 7.466504792e-18 0.000000000e+00 0.000000000e+00 1.757068998e-01 1.021403488e-03
7.466504792e-18 0.000000000e+00 0.000000000e+00 5.530687702e-01 1.375341942e-03 7.466504792e-18
6.960049919e-04 0.000000000e+00 1.818989379e-01 5.917747031e-02 7.466504792e-18 6.960049919e-04
7.466504792e-18 7.466504792e-18 1.841654141e-02 7.466504792e-18 4.053442429e-04 4.053442429e-04

