1.579805242e-04 1.579805242e-04 1.579805242e-04 1.579805242e-04 1.579805242e-04 1.579805242e-04
1.579805242e-04 1.579805242e-04 3.980859757e-04 1.579805242e-04 1.579805242e-04 1.579805242e-04
1.579805242e-04 3.980859757e-04 4.409390035e-01 0.000000000e+00 3.530054131e-01 1.579805242e-04
1.579805242e-04 2.115441097e-03 5.355166836e-02 1.579805242e-04 2.115441097e-03 1.579805242e-04
1.579805242e-04 1.579805242e-04 1.429712813e-01 1.579805242e-04 3.980859757e-04 1.579805242e-04
1.579805242e-04 1.579805242e-04 1.579805242e-04 1.579805242e-04 1.579805242e-04 1.579805242e-04

7.308093515e-18 7.308093515e-18 7.308093515e-18 7.308093515e-18 7.308093515e-18 7.308093515e-18
7.308093515e-18 1.574481019e-04 5.884316132e-02 1.574481019e-04 7.308093515e-18 1.574481019e-04
7.308093515e-18 1.574481019e-04 5.851672782e-01 0.000000000e+00 7.113863541e-02 1.574481019e-04
7.308093515e-18 1.574481019e-04 9.997331301e-04 0.000000000e+00 0.000000000e+00 1.574481019e-04
7.308093515e-18 1.574481019e-04 1.716613129e-03 7.113863541e-02 2.091065662e-01 7.308093515e-18
7.308093515e-18 1.574481019e-04 1.574481019e-04 7.308093515e-18 1.574481019e-04 1.574481019e-04

3.808169842e-04 1.511273203e-04 3.808169842e-04 2.418037125e-03 1.511273203e-04 1.511273203e-04
6.538899384e-04 9.316223301e-03 0.000000000e+00 1.511273203e-04 1.511273203e-04 1.511273203e-04
1.511273203e-04 9.595986691e-04 2.347541168e-02 0.000000000e+00 4.610770034e-02 7.716000255e-01
3.808169842e-04 2.829217448e-03 5.590680332e-03 0.000000000e+00 0.000000000e+00 1.511273203e-04
1.511273203e-04 1.511273203e-04 7.129181235e-03 5.590680332e-03 1.151242953e-01 0.000000000e+00
1.511273203e-04 1.511273203e-04 4.151942304e-03 1.511273203e-04 6.538899384e-04 1.292120413e-03

1.181913834e-04 0.000000000e+00 1.181913834e-04 1.181913834e-04 1.181913834e-04 1.181913834e-04
1.181913834e-04 9.263586290e-01 0.000000000e+00 1.181913834e-04 2.978236238e-04 1.181913834e-04
1.181913834e-04 1.181913834e-04 1.181913834e-04 0.000000000e+00 5.113844159e-04 1.181913834e-04
0.000000000e+00 6.078794895e-02 7.504685056e-04 0.000000000e+00 0.000000000e+00 1.181913834e-04
1.181913834e-04 1.181913834e-04 1.181913834e-04 5.113844159e-04 8.182150654e-03 0.000000000e+00
1.181913834e-04 1.181913834e-04 1.181913834e-04 1.181913834e-04 1.181913834e-04 1.181913834e-04

1.722471520e-04 0.000000000e+00 1.722471520e-04 1.192432228e-02 1.722471520e-04 1.722471520e-04
6.371970088e-03 0.000000000e+00 0.000000000e+00 1.722471520e-04 1.472692434e-03 1.722471520e-04
1.722471520e-04 0.000000000e+00 1.288052109e-01 0.000000000e+00 2.435176956e-02 4.340356251e-04
0.000000000e+00 4.908003447e-01 2.483742257e-01 0.000000000e+00 0.000000000e+00 1.722471520e-04
1.722471520e-04 1.722471520e-04 2.306478637e-03 6.538578138e-02 1.192432228e-02 0.000000000e+00
1.722471520e-04 1.722471520e-04 5.265139142e-03 1.722471520e-04 1.722471520e-04 1.722471520e-04

2.776231882e-04 0.000000000e+00 1.101748352e-04 9.419815908e-04 1.101748352e-04 1.101748352e-04
3.026848873e-03 0.000000000e+00 0.000000000e+00 0.000000000e+00 1.101748352e-04 1.101748352e-04
1.101748352e-04 0.000000000e+00 2.695293040e-03 0.000000000e+00 1.762797364e-03 1.101748352e-04
0.000000000e+00 9.843958138e-01 0.000000000e+00 0.000000000e+00 0.000000000e+00 1.101748352e-04
4.766988263e-04 1.101748352e-04 1.201205771e-03 1.201205771e-03 2.776231882e-04 0.000000000e+00
1.101748352e-04 1.101748352e-04 9.419815908e-04 1.201205771e-03 1.101748352e-04 2.776231882e-04

4.417400516e-02 0.000000000e+00 4.417400516e-02 4.417400516e-02 4.417400516e-02 4.417400516e-02
4.417400516e-02 0.000000000e+00 0.000000000e+00 0.000000000e+00 0.000000000e+00 4.417400516e-02
4.417400516e-02 0.000000000e+00 0.000000000e+00 0.000000000e+00 4.417400516e-02 4.417400516e-02
0.000000000e+00 4.417400516e-02 0.000000000e+00 0.000000000e+00 0.000000000e+00 4.284049527e-02
4.284049527e-02 4.284049527e-02 4.284049527e-02 4.284049527e-02 4.284049527e-02 0.000000000e+00
4.284049527e-02 4.284049527e-02 4.284049527e-02 4.284049527e-02 4.284049527e-02 4.284049527e-02

