8.201760919e-18 8.201760919e-18 8.201760919e-18 8.201760919e-18 8.201760919e-18 8.201760919e-18
8.201760919e-18 8.201760919e-18 2.290052508e-01 3.307986928e-03 8.201760919e-18 8.201760919e-18
8.201760919e-18 1.767015824e-04 2.417243646e-02 3.532932635e-01 9.539621324e-02 8.201760919e-18
8.201760919e-18 8.201760919e-18 1.370871934e-01 7.723941941e-03 1.496603105e-01 8.201760919e-18
8.201760919e-18 1.767015824e-04 8.201760919e-18 8.201760919e-18 8.201760919e-18 8.201760919e-18
8.201760919e-18 8.201760919e-18 8.201760919e-18 8.201760919e-18 8.201760919e-18 8.201760919e-18

5.046021866e-18 5.046021866e-18 5.046021866e-18 5.046021866e-18 5.046021866e-18 5.046021866e-18
5.046021866e-18 5.046021866e-18 4.703748951e-04 2.739402130e-04 0.000000000e+00 5.046021866e-18
5.046021866e-18 5.046021866e-18 4.752050238e-03 1.087132456e-04 9.755668240e-01 5.046021866e-18
5.046021866e-18 0.000000000e+00 2.342155875e-03 1.087132456e-04 1.637722827e-02 5.046021866e-18
5.046021866e-18 5.046021866e-18 5.046021866e-18 5.046021866e-18 5.046021866e-18 5.046021866e-18
5.046021866e-18 5.046021866e-18 5.046021866e-18 5.046021866e-18 5.046021866e-18 5.046021866e-18

5.501355530e-18 5.501355530e-18 1.185231120e-04 5.501355530e-18 0.000000000e+00 5.501355530e-18
5.501355530e-18 5.501355530e-18 1.185231120e-04 5.501355530e-18 0.000000000e+00 5.501355530e-18
5.501355530e-18 5.501355530e-18 1.185231120e-04 2.986595274e-04 2.125190272e-02 5.501355530e-18
2.899523454e-03 0.000000000e+00 0.000000000e+00 9.096790278e-01 6.551531714e-02 5.501355530e-18
5.501355530e-18 5.501355530e-18 5.501355530e-18 5.501355530e-18 5.501355530e-18 5.501355530e-18
5.501355530e-18 5.501355530e-18 5.501355530e-18 5.501355530e-18 5.501355530e-18 5.501355530e-18

6.016337950e-18 6.016337950e-18 1.296180719e-04 2.074669434e-02 0.000000000e+00 0.000000000e+00
0.000000000e+00 6.016337950e-18 6.016337950e-18 6.016337950e-18 0.000000000e+00 6.016337950e-18
6.016337950e-18 6.016337950e-18 1.413190006e-03 6.016337950e-18 6.748919077e-02 6.016337950e-18
5.608248254e-04 0.000000000e+00 0.000000000e+00 6.997715048e-02 8.395537134e-01 6.016337950e-18
6.016337950e-18 6.016337950e-18 6.016337950e-18 6.016337950e-18 6.016337950e-18 6.016337950e-18
6.016337950e-18 6.016337950e-18 6.016337950e-18 1.296180719e-04 6.016337950e-18 6.016337950e-18

1.191172528e-04 1.191172528e-04 1.191172528e-04 8.816817615e-01 0.000000000e+00 0.000000000e+00
0.000000000e+00 1.191172528e-04 1.191172528e-04 1.191172528e-04 0.000000000e+00 1.191172528e-04
1.191172528e-04 1.191172528e-04 1.191172528e-04 0.000000000e+00 1.191172528e-04 1.191172528e-04
5.153904198e-04 0.000000000e+00 0.000000000e+00 0.000000000e+00 1.148249168e-01 1.191172528e-04
1.191172528e-04 1.191172528e-04 1.191172528e-04 1.191172528e-04 1.191172528e-04 1.191172528e-04
1.191172528e-04 1.191172528e-04 1.191172528e-04 1.191172528e-04 1.191172528e-04 1.191172528e-04

