3.786860130e-04 1.502816439e-04 1.502816439e-04 3.786860130e-04 1.502816439e-04 3.786860130e-04
1.502816439e-04 1.502816439e-04 9.542289582e-04 3.676457223e-03 4.128708915e-03 1.502816439e-04
1.502816439e-04 6.502309089e-04 6.569079212e-03 7.638966262e-01 8.599774945e-02 6.502309089e-04
1.502816439e-04 3.786860130e-04 2.012349099e-03 0.000000000e+00 1.502816439e-04 1.502816439e-04
1.502816439e-04 1.502816439e-04 4.584969142e-02 7.633979227e-02 3.676457223e-03 1.502816439e-04
1.502816439e-04 1.502816439e-04 1.502816439e-04 6.502309089e-04 6.502309089e-04 3.786860130e-04

1.522700560e-04 1.522700560e-04 1.522700560e-04 1.522700560e-04 9.668545884e-04 1.522700560e-04
1.522700560e-04 1.522700560e-04 3.340265452e-02 2.513897269e-01 1.743299076e-02 1.522700560e-04
1.522700560e-04 1.522700560e-04 2.436320896e-03 6.350934757e-01 0.000000000e+00 9.668545884e-04
1.522700560e-04 1.522700560e-04 3.836964977e-04 0.000000000e+00 0.000000000e+00 1.522700560e-04
3.836964977e-04 1.522700560e-04 5.248894254e-02 6.588342685e-04 1.522700560e-04 9.668545884e-04
1.522700560e-04 3.836964977e-04 1.522700560e-04 1.522700560e-04 1.522700560e-04 1.522700560e-04

7.437745095e-04 1.719014806e-04 1.719014806e-04 4.331645878e-04 2.750423689e-03 1.719014806e-04
4.331645878e-04 7.437745095e-04 3.595532372e-02 4.722673755e-03 1.124389372e-02 0.000000000e+00
1.874194322e-03 1.719014806e-04 1.674024754e-02 1.970461341e-01 0.000000000e+00 6.930633405e-03
1.091506364e-03 1.124389372e-02 1.719014806e-04 0.000000000e+00 0.000000000e+00 6.514420547e-01
5.254572884e-03 1.874194322e-03 0.000000000e+00 2.043382258e-02 4.205360174e-03 5.254572884e-03
7.437745095e-04 1.469736985e-03 2.301849918e-03 1.190039215e-02 1.874194322e-03 4.331645878e-04

1.128029748e-04 1.128029748e-04 1.128029748e-04 1.128029748e-04 1.128029748e-04 1.128029748e-04
1.128029748e-04 1.128029748e-04 1.128029748e-04 1.128029748e-04 1.146006789e-02 0.000000000e+00
1.128029748e-04 1.128029748e-04 0.000000000e+00 9.729367318e-01 0.000000000e+00 7.162542434e-04
7.162542434e-04 4.880701257e-04 1.128029748e-04 0.000000000e+00 0.000000000e+00 7.162542434e-04
1.128029748e-04 1.128029748e-04 0.000000000e+00 4.880701257e-04 1.128029748e-04 1.128029748e-04
1.128029748e-04 0.000000000e+00 1.804847597e-03 8.245947480e-03 2.842456849e-04 1.128029748e-04

3.832629941e-02 3.698745002e-02 3.698745002e-02 3.698745002e-02 3.698745002e-02 3.698745002e-02
3.698745002e-02 3.698745002e-02 3.698745002e-02 3.698745002e-02 3.698745002e-02 0.000000000e+00
3.698745002e-02 3.698745002e-02 0.000000000e+00 0.000000000e+00 0.000000000e+00 3.698745002e-02
3.698745002e-02 3.698745002e-02 0.000000000e+00 0.000000000e+00 0.000000000e+00 3.698745002e-02
3.698745002e-02 3.698745002e-02 0.000000000e+00 3.698745002e-02 3.698745002e-02 3.698745002e-02
3.698745002e-02 0.000000000e+00 3.698745002e-02 3.698745002e-02 3.698745002e-02 3.698745002e-02

