1.798390188e-04 1.960735106e-03 7.781182427e-04 7.905188588e-02 4.520520000e-01 1.798390188e-04
1.798390188e-04 1.798390188e-04 4.531659307e-04 7.905188588e-02 8.347387814e-18 8.795523839e-02
1.798390188e-04 1.798390188e-04 1.798390188e-04 1.798390188e-04 2.316337674e-01 6.068126678e-03
4.531659307e-04 8.347387814e-18 1.798390188e-04 1.141906590e-03 1.798390188e-04 1.960735106e-03
1.798390188e-04 1.798390188e-04 1.798390188e-04 1.798390188e-04 1.798390188e-04 5.188175331e-02
1.798390188e-04 1.798390188e-04 1.798390188e-04 1.960735106e-03 1.798390188e-04 1.798390188e-04

5.710806131e-18 3.100302554e-04 3.100302554e-04 5.710806131e-18 1.050929379e-01 5.710806131e-18
5.710806131e-18 5.710806131e-18 5.710806131e-18 7.584512269e-03 0.000000000e+00 1.341423008e-03
5.710806131e-18 5.710806131e-18 5.710806131e-18 8.758566273e-01 5.710806131e-18 1.968569414e-03
5.710806131e-18 5.710806131e-18 0.000000000e+00 1.051939484e-03 6.237858970e-03 1.230355884e-04
5.710806131e-18 5.710806131e-18 5.710806131e-18 5.710806131e-18 5.710806131e-18 5.710806131e-18
5.710806131e-18 5.710806131e-18 1.230355884e-04 5.710806131e-18 5.710806131e-18 5.710806131e-18

5.867843246e-18 5.867843246e-18 5.867843246e-18 5.867843246e-18 4.751165442e-01 5.867843246e-18
5.867843246e-18 5.867843246e-18 5.867843246e-18 5.245649003e-01 0.000000000e+00 5.867843246e-18
5.867843246e-18 5.867843246e-18 5.867843246e-18 5.867843246e-18 0.000000000e+00 3.185555416e-04
5.867843246e-18 5.867843246e-18 0.000000000e+00 0.000000000e+00 5.867843246e-18 5.867843246e-18
5.867843246e-18 5.867843246e-18 5.867843246e-18 5.867843246e-18 5.867843246e-18 5.867843246e-18
5.867843246e-18 5.867843246e-18 5.867843246e-18 5.867843246e-18 5.867843246e-18 5.867843246e-18

4.647784847e-18 4.647784847e-18 4.647784847e-18 4.647784847e-18 4.647784847e-18 4.647784847e-18
4.647784847e-18 4.647784847e-18 4.647784847e-18 1.000000000e+00 0.000000000e+00 0.000000000e+00
4.647784847e-18 4.647784847e-18 4.647784847e-18 0.000000000e+00 0.000000000e+00 4.647784847e-18
4.647784847e-18 4.647784847e-18 0.000000000e+00 0.000000000e+00 4.647784847e-18 4.647784847e-18
4.647784847e-18 4.647784847e-18 4.647784847e-18 4.647784847e-18 4.647784847e-18 4.647784847e-18
4.647784847e-18 4.647784847e-18 4.647784847e-18 4.647784847e-18 4.647784847e-18 4.647784847e-18

