1.452448138e-04 1.452448138e-04 1.452448138e-04 1.452448138e-04 1.452448138e-04 1.452448138e-04
1.452448138e-04 1.452448138e-04 1.452448138e-04 1.452448138e-04 1.452448138e-04 1.452448138e-04
1.452448138e-04 1.452448138e-04 3.129204653e-03 1.452448138e-04 3.659939965e-04 1.452448138e-04
1.452448138e-04 3.659939965e-04 2.878122224e-01 0.000000000e+00 8.122650267e-02 1.452448138e-04
1.452448138e-04 1.452448138e-04 6.151481258e-01 1.452448138e-04 7.885101623e-03 1.452448138e-04
1.452448138e-04 1.452448138e-04 1.452448138e-04 1.452448138e-04 1.452448138e-04 1.452448138e-04

1.304055118e-04 1.304055118e-04 1.304055118e-04 1.304055118e-04 1.304055118e-04 1.304055118e-04
1.304055118e-04 1.304055118e-04 1.304055118e-04 1.304055118e-04 1.304055118e-04 1.304055118e-04
1.304055118e-04 1.304055118e-04 1.304055118e-04 1.304055118e-04 6.163050913e-01 1.304055118e-04
1.304055118e-04 1.304055118e-04 1.304055118e-04 0.000000000e+00 5.642318801e-04 1.304055118e-04
1.304055118e-04 1.304055118e-04 0.000000000e+00 0.000000000e+00 1.304055118e-04 3.792185114e-01
1.304055118e-04 1.304055118e-04 1.304055118e-04 1.304055118e-04 1.304055118e-04 1.304055118e-04

5.915307670e-18 5.915307670e-18 5.915307670e-18 1.274414405e-04 5.915307670e-18 5.915307670e-18
5.915307670e-18 5.915307670e-18 5.915307670e-18 5.915307670e-18 5.915307670e-18 9.316025813e-03
5.915307670e-18 5.915307670e-18 1.274414405e-04 5.915307670e-18 0.000000000e+00 1.274414405e-04
5.915307670e-18 5.915307670e-18 5.514070883e-04 0.000000000e+00 6.554541924e-02 5.915307670e-18
5.915307670e-18 5.915307670e-18 0.000000000e+00 0.000000000e+00 0.000000000e+00 5.915307670e-18
1.274414405e-04 7.375984828e-02 1.274414405e-04 1.274414405e-04 8.499352095e-01 1.274414405e-04

