1.788014208e-04 1.788014208e-04 1.788014208e-04 1.788014208e-04 1.788014208e-04 1.788014208e-04
1.788014208e-04 5.465485777e-03 2.047049563e-02 3.649465915e-02 1.135318254e-03 1.788014208e-04
1.788014208e-04 1.237806107e-02 1.189595628e-01 5.756021689e-02 2.860822732e-03 1.788014208e-04
1.788014208e-04 4.199903378e-02 0.000000000e+00 6.478286333e-01 1.593070379e-02 1.788014208e-04
6.614433341e-03 1.788014208e-04 1.035929081e-02 4.374158799e-03 4.505513475e-04 1.788014208e-04
1.788014208e-04 8.434661125e-03 5.465485777e-03 1.788014208e-04 1.788014208e-04 1.788014208e-04

1.240965255e-04 1.240965255e-04 1.240965255e-04 1.240965255e-04 1.240965255e-04 1.240965255e-04
1.240965255e-04 5.369344818e-04 3.127036495e-04 1.240965255e-04 1.240965255e-04 1.240965255e-04
1.240965255e-04 1.240965255e-04 1.240965255e-04 1.240965255e-04 1.240965255e-04 1.240965255e-04
1.240965255e-04 8.231444878e-01 0.000000000e+00 0.000000000e+00 1.718412534e-01 1.240965255e-04
3.127036495e-04 1.240965255e-04 1.240965255e-04 1.240965255e-04 1.240965255e-04 3.127036495e-04
0.000000000e+00 1.240965255e-04 1.240965255e-04 3.127036495e-04 1.240965255e-04 1.240965255e-04

1.321791799e-04 1.321791799e-04 1.321791799e-04 1.321791799e-04 1.321791799e-04 1.321791799e-04
1.321791799e-04 3.330706621e-04 1.321791799e-04 1.321791799e-04 1.321791799e-04 1.321791799e-04
1.321791799e-04 1.321791799e-04 1.321791799e-04 1.321791799e-04 1.321791799e-04 1.321791799e-04
4.183884184e-01 0.000000000e+00 0.000000000e+00 0.000000000e+00 5.740742876e-01 1.321791799e-04
3.330706621e-04 1.321791799e-04 1.321791799e-04 3.330706621e-04 1.321791799e-04 1.321791799e-04
0.000000000e+00 0.000000000e+00 1.321791799e-04 3.233602508e-03 1.321791799e-04 1.321791799e-04

