5.639409848e-18 5.639409848e-18 5.639409848e-18 5.639409848e-18 5.639409848e-18 5.639409848e-18
5.639409848e-18 0.000000000e+00 5.639409848e-18 3.061542688e-04 5.639409848e-18 5.639409848e-18
5.639409848e-18 1.033025479e-02 8.932938175e-01 8.001255304e-02 5.639409848e-18 5.639409848e-18
5.639409848e-18 5.639409848e-18 3.713853727e-03 1.234336665e-02 5.639409848e-18 5.639409848e-18
5.639409848e-18 5.639409848e-18 5.639409848e-18 5.639409848e-18 5.639409848e-18 5.639409848e-18
5.639409848e-18 5.639409848e-18 5.639409848e-18 5.639409848e-18 5.639409848e-18 5.639409848e-18

4.779542922e-18 4.779542922e-18 4.779542922e-18 4.779542922e-18 4.779542922e-18 4.779542922e-18
4.779542922e-18 0.000000000e+00 0.000000000e+00 4.779542922e-18 4.779542922e-18 4.779542922e-18
4.779542922e-18 0.000000000e+00 4.779542922e-18 4.455345340e-04 4.779542922e-18 4.779542922e-18
4.779542922e-18 6.735297976e-03 9.928191675e-01 4.779542922e-18 4.779542922e-18 4.779542922e-18
4.779542922e-18 4.779542922e-18 4.779542922e-18 4.779542922e-18 4.779542922e-18 4.779542922e-18
4.779542922e-18 4.779542922e-18 4.779542922e-18 4.779542922e-18 4.779542922e-18 4.779542922e-18

6.806533550e-04 6.806533550e-04 6.806533550e-04 1.573128925e-04 1.573128925e-04 3.964036495e-04
0.000000000e+00 0.000000000e+00 0.000000000e+00 1.778868310e-01 3.964036495e-04 1.573128925e-04
1.573128925e-04 0.000000000e+00 0.000000000e+00 2.106501163e-03 3.703848807e-01 1.573128925e-04
1.573128925e-04 6.806533550e-04 4.238964565e-01 1.715138979e-03 1.573128925e-04 3.964036495e-04
3.964036495e-04 6.806533550e-04 6.806533550e-04 1.337544865e-02 6.806533550e-04 1.573128925e-04
3.964036495e-04 9.988746044e-04 1.573128925e-04 6.806533550e-04 3.964036495e-04 3.964036495e-04

8.451227777e-03 0.000000000e+00 5.168373053e-02 1.791526075e-04 1.791526075e-04 1.791526075e-04
0.000000000e+00 0.000000000e+00 0.000000000e+00 4.514362826e-04 4.514362826e-04 1.791526075e-04
0.000000000e+00 0.000000000e+00 0.000000000e+00 2.398946265e-03 5.565857628e-02 1.791526075e-04
1.791526075e-04 1.569125336e-01 5.670739989e-01 1.791526075e-04 1.791526075e-04 4.921884993e-03
1.953251354e-03 1.137548150e-03 1.036889500e-01 1.104383835e-02 1.596199354e-02 1.791526075e-04
2.398946265e-03 1.791526075e-04 1.791526075e-04 3.353871966e-03 3.859725924e-03 6.627424856e-03

0.000000000e+00 0.000000000e+00 3.821928949e-03 4.795430454e-18 4.795430454e-18 4.795430454e-18
0.000000000e+00 0.000000000e+00 0.000000000e+00 4.795430454e-18 4.795430454e-18 4.795430454e-18
0.000000000e+00 0.000000000e+00 0.000000000e+00 4.795430454e-18 0.000000000e+00 4.795430454e-18
4.795430454e-18 4.795430454e-18 9.933902738e-01 4.795430454e-18 2.527461277e-03 4.795430454e-18
4.795430454e-18 4.795430454e-18 2.603360181e-04 4.795430454e-18 4.795430454e-18 4.795430454e-18
4.795430454e-18 4.795430454e-18 4.795430454e-18 4.795430454e-18 4.795430454e-18 4.795430454e-18

