1.494458114e-04 1.494458114e-04 1.494458114e-04 1.494458114e-04 1.494458114e-04 1.494458114e-04
1.494458114e-04 1.494458114e-04 1.485188014e-01 1.494458114e-04 3.765798472e-04 1.494458114e-04
1.494458114e-04 9.489217528e-04 3.219712403e-03 3.765798472e-04 6.466144718e-04 1.494458114e-04
1.494458114e-04 1.494458114e-04 4.041340448e-01 0.000000000e+00 4.375165744e-01 1.494458114e-04
1.494458114e-04 1.494458114e-04 3.765798472e-04 1.494458114e-04 1.494458114e-04 1.494458114e-04
1.494458114e-04 1.494458114e-04 1.494458114e-04 1.494458114e-04 1.494458114e-04 1.494458114e-04

5.220685152e-18 5.220685152e-18 1.124762520e-04 5.220685152e-18 5.220685152e-18 5.220685152e-18
5.220685152e-18 5.220685152e-18 1.124762520e-04 1.124762520e-04 1.124762520e-04 1.124762520e-04
2.751594395e-03 7.786503651e-03 5.220685152e-18 0.000000000e+00 0.000000000e+00 1.124762520e-04
5.220685152e-18 1.124762520e-04 9.628992420e-01 0.000000000e+00 1.799620031e-03 1.124762520e-04
5.220685152e-18 5.220685152e-18 2.352580116e-02 5.220685152e-18 5.220685152e-18 5.220685152e-18
5.220685152e-18 1.124762520e-04 5.220685152e-18 5.220685152e-18 1.124762520e-04 1.124762520e-04

4.647784847e-18 4.647784847e-18 4.647784847e-18 4.647784847e-18 4.647784847e-18 4.647784847e-18
4.647784847e-18 4.647784847e-18 4.647784847e-18 4.647784847e-18 4.647784847e-18 4.647784847e-18
1.000000000e+00 4.647784847e-18 0.000000000e+00 0.000000000e+00 0.000000000e+00 4.647784847e-18
4.647784847e-18 4.647784847e-18 4.647784847e-18 0.000000000e+00 4.647784847e-18 4.647784847e-18
4.647784847e-18 4.647784847e-18 0.000000000e+00 4.647784847e-18 4.647784847e-18 4.647784847e-18
4.647784847e-18 4.647784847e-18 4.647784847e-18 4.647784847e-18 4.647784847e-18 4.647784847e-18

