7.461337435e-18 7.461337435e-18 7.461337435e-18 7.461337435e-18 7.461337435e-18 7.461337435e-18
7.461337435e-18 6.955233065e-04 4.050637156e-04 1.565425028e-02 7.461337435e-18 7.461337435e-18
7.461337435e-18 4.050637156e-04 7.461337435e-18 2.599382885e-01 1.981917839e-02 7.461337435e-18
7.461337435e-18 5.174894150e-02 5.576151879e-01 4.287544052e-02 7.461337435e-18 7.461337435e-18
7.461337435e-18 7.461337435e-18 5.084306214e-02 7.461337435e-18 7.461337435e-18 7.461337435e-18
7.461337435e-18 7.461337435e-18 7.461337435e-18 7.461337435e-18 7.461337435e-18 7.461337435e-18

5.077227666e-18 5.077227666e-18 5.077227666e-18 5.077227666e-18 5.077227666e-18 5.077227666e-18
5.077227666e-18 5.077227666e-18 5.077227666e-18 5.077227666e-18 5.077227666e-18 5.077227666e-18
7.996132514e-03 5.077227666e-18 0.000000000e+00 9.745087704e-01 6.945549747e-04 5.077227666e-18
5.077227666e-18 1.300259310e-02 2.047780094e-03 0.000000000e+00 5.077227666e-18 5.077227666e-18
5.077227666e-18 5.077227666e-18 1.750168866e-03 5.077227666e-18 5.077227666e-18 5.077227666e-18
5.077227666e-18 5.077227666e-18 5.077227666e-18 5.077227666e-18 5.077227666e-18 5.077227666e-18

5.604897409e-18 5.604897409e-18 5.604897409e-18 5.604897409e-18 5.604897409e-18 5.604897409e-18
5.604897409e-18 5.604897409e-18 5.604897409e-18 5.224715826e-04 5.604897409e-18 5.604897409e-18
5.604897409e-18 0.000000000e+00 0.000000000e+00 8.024255591e-01 5.604897409e-18 5.604897409e-18
5.604897409e-18 1.962852301e-01 0.000000000e+00 0.000000000e+00 7.667391802e-04 5.604897409e-18
5.604897409e-18 5.604897409e-18 5.604897409e-18 5.604897409e-18 5.604897409e-18 5.604897409e-18
5.604897409e-18 5.604897409e-18 5.604897409e-18 5.604897409e-18 5.604897409e-18 5.604897409e-18

4.782323045e-18 4.782323045e-18 4.782323045e-18 4.782323045e-18 4.782323045e-18 4.782323045e-18
4.782323045e-18 4.782323045e-18 4.782323045e-18 5.223685768e-03 4.782323045e-18 4.782323045e-18
0.000000000e+00 0.000000000e+00 0.000000000e+00 0.000000000e+00 4.782323045e-18 4.782323045e-18
4.782323045e-18 9.933966620e-01 0.000000000e+00 0.000000000e+00 4.782323045e-18 4.782323045e-18
4.782323045e-18 1.379652237e-03 4.782323045e-18 4.782323045e-18 4.782323045e-18 4.782323045e-18
4.782323045e-18 4.782323045e-18 4.782323045e-18 4.782323045e-18 4.782323045e-18 4.782323045e-18

