1.404935970e-04 1.404935970e-04 1.404935970e-04 1.404935970e-04 3.540216804e-04 1.404935970e-04
1.404935970e-04 6.521135109e-18 1.404935970e-04 1.201203357e-03 1.404935970e-04 1.404935970e-04
1.404935970e-04 6.521135109e-18 6.078804896e-04 1.794876868e-02 3.437004588e-03 1.404935970e-04
1.404935970e-04 3.540216804e-04 7.878131145e-01 6.521135109e-18 1.438449539e-01 4.740533783e-03
3.540216804e-04 6.521135109e-18 1.404935970e-04 2.867575611e-02 1.404935970e-04 1.404935970e-04
1.404935970e-04 6.521135109e-18 1.404935970e-04 8.139834807e-03 1.404935970e-04 6.521135109e-18

1.126550599e-04 5.228984678e-18 1.126550599e-04 2.838729626e-04 1.228246975e-03 5.228984678e-18
5.228984678e-18 5.228984678e-18 5.228984678e-18 4.874301350e-04 1.802480958e-03 7.153150421e-04
5.228984678e-18 5.228984678e-18 0.000000000e+00 1.541099541e-02 5.228984678e-18 2.838729626e-04
5.228984678e-18 5.228984678e-18 7.153150421e-04 0.000000000e+00 9.716609510e-01 2.108987708e-03
1.126550599e-04 5.228984678e-18 1.126550599e-04 4.874301350e-04 1.126550599e-04 1.126550599e-04
5.228984678e-18 1.126550599e-04 1.126550599e-04 3.801206094e-03 5.228984678e-18 1.126550599e-04

5.954883995e-18 5.954883995e-18 5.954883995e-18 5.954883995e-18 5.954883995e-18 5.954883995e-18
5.954883995e-18 5.954883995e-18 5.954883995e-18 5.954883995e-18 5.954883995e-18 5.954883995e-18
5.954883995e-18 1.398754960e-03 0.000000000e+00 8.622606104e-02 0.000000000e+00 1.096899011e-03
5.550962736e-04 8.881540377e-03 5.954883995e-18 0.000000000e+00 8.664596360e-01 6.052061218e-03
5.954883995e-18 5.954883995e-18 0.000000000e+00 2.683429717e-02 5.954883995e-18 5.954883995e-18
5.954883995e-18 1.398754960e-03 5.954883995e-18 1.096899011e-03 5.954883995e-18 5.954883995e-18

6.022833304e-18 6.022833304e-18 6.022833304e-18 3.966358630e-03 8.239120065e-04 6.022833304e-18
6.022833304e-18 6.022833304e-18 6.022833304e-18 6.022833304e-18 1.657724306e-02 6.022833304e-18
6.022833304e-18 1.414715713e-03 0.000000000e+00 7.531758223e-01 0.000000000e+00 6.022833304e-18
6.022833304e-18 0.000000000e+00 0.000000000e+00 0.000000000e+00 2.230912439e-01 1.297580100e-04
5.614303026e-04 6.022833304e-18 0.000000000e+00 6.022833304e-18 1.297580100e-04 6.022833304e-18
6.022833304e-18 6.022833304e-18 6.022833304e-18 1.297580100e-04 6.022833304e-18 6.022833304e-18

1.137572757e-04 5.280145003e-18 5.280145003e-18 1.240264129e-03 2.866503723e-04 5.280145003e-18
2.866503723e-04 2.866503723e-04 5.280145003e-18 0.000000000e+00 9.726110255e-04 5.280145003e-18
0.000000000e+00 1.929492049e-02 0.000000000e+00 9.665779351e-01 0.000000000e+00 5.280145003e-18
1.137572757e-04 0.000000000e+00 0.000000000e+00 0.000000000e+00 2.450826209e-03 2.866503723e-04
2.866503723e-04 4.921991457e-04 0.000000000e+00 4.586405957e-03 9.726110255e-04 5.280145003e-18
5.280145003e-18 5.280145003e-18 2.866503723e-04 5.280145003e-18 9.726110255e-04 4.921991457e-04

1.536126035e-03 1.122914944e-17 7.394996928e-03 7.380923005e-02 7.651769507e-02 1.122914944e-17
3.309483219e-02 2.875743825e-02 2.056952375e-02 0.000000000e+00 1.213634784e-01 8.062560721e-02
0.000000000e+00 1.122914944e-17 0.000000000e+00 0.000000000e+00 0.000000000e+00 1.582403772e-02
1.401648945e-02 0.000000000e+00 0.000000000e+00 0.000000000e+00 8.200675927e-02 1.137912042e-01
7.246420357e-02 4.529012723e-03 0.000000000e+00 1.078224445e-01 1.213634784e-01 1.122914944e-17
1.122914944e-17 1.122914944e-17 1.046747344e-03 0.000000000e+00 1.959589996e-02 3.870795054e-03

6.441825665e-18 6.441825665e-18 6.441825665e-18 1.409966968e-02 6.441825665e-18 6.441825665e-18
6.441825665e-18 6.441825665e-18 6.441825665e-18 0.000000000e+00 6.962258130e-02 6.441825665e-18
0.000000000e+00 0.000000000e+00 0.000000000e+00 0.000000000e+00 0.000000000e+00 1.649727833e-02
2.990030607e-03 0.000000000e+00 0.000000000e+00 0.000000000e+00 9.611414906e-02 0.000000000e+00
6.441825665e-18 6.441825665e-18 0.000000000e+00 6.441825665e-18 7.910684910e-01 6.441825665e-18
6.441825665e-18 6.441825665e-18 9.607800049e-03 0.000000000e+00 6.441825665e-18 6.441825665e-18

5.685044081e-18 5.685044081e-18 5.685044081e-18 3.086316761e-04 5.685044081e-18 5.685044081e-18
5.685044081e-18 5.299426130e-04 5.685044081e-18 0.000000000e+00 1.640078202e-03 5.685044081e-18
0.000000000e+00 0.000000000e+00 0.000000000e+00 0.000000000e+00 0.000000000e+00 7.777030908e-04
3.086316761e-04 0.000000000e+00 0.000000000e+00 0.000000000e+00 1.908400013e-01 0.000000000e+00
5.685044081e-18 5.685044081e-18 0.000000000e+00 0.000000000e+00 8.050650688e-01 5.685044081e-18
5.685044081e-18 5.685044081e-18 5.299426130e-04 0.000000000e+00 5.685044081e-18 0.000000000e+00

