6.013231718e-18 3.264484422e-04 2.072818402e-03 7.077488910e-02 5.605352718e-04 6.013231718e-18
1.295511501e-04 1.295511501e-04 5.662912285e-03 6.013231718e-18 4.765922629e-02 3.264484422e-04
1.295511501e-04 6.013231718e-18 8.225985279e-04 8.671287104e-01 3.264484422e-04 1.412460376e-03
1.107646753e-03 6.013231718e-18 6.013231718e-18 1.295511501e-04 6.013231718e-18 3.264484422e-04
3.264484422e-04 6.013231718e-18 6.013231718e-18 6.013231718e-18 1.295511501e-04 1.295511501e-04
6.013231718e-18 1.295511501e-04 1.295511501e-04 1.295511501e-04 6.013231718e-18 6.013231718e-18

6.850328688e-18 6.850328688e-18 5.515733963e-02 1.830514295e-01 1.609087807e-03 6.850328688e-18
6.850328688e-18 1.083104168e-01 6.850328688e-18 0.000000000e+00 4.511308704e-03 6.850328688e-18
6.850328688e-18 6.850328688e-18 6.457847389e-01 0.000000000e+00 6.850328688e-18 6.385669193e-04
6.850328688e-18 6.850328688e-18 9.371117827e-04 6.850328688e-18 6.850328688e-18 6.850328688e-18
6.850328688e-18 6.850328688e-18 6.850328688e-18 6.850328688e-18 6.850328688e-18 6.850328688e-18
6.850328688e-18 6.850328688e-18 6.850328688e-18 6.850328688e-18 6.850328688e-18 6.850328688e-18

5.325303423e-18 5.325303423e-18 3.500323400e-02 5.325303423e-18 7.284912610e-04 5.325303423e-18
2.876063191e-02 5.325303423e-18 0.000000000e+00 0.000000000e+00 5.325303423e-18 5.325303423e-18
5.325303423e-18 1.147301843e-04 9.353929126e-01 0.000000000e+00 5.325303423e-18 5.325303423e-18
5.325303423e-18 5.325303423e-18 5.325303423e-18 0.000000000e+00 5.325303423e-18 5.325303423e-18
5.325303423e-18 5.325303423e-18 5.325303423e-18 5.325303423e-18 5.325303423e-18 5.325303423e-18
5.325303423e-18 5.325303423e-18 5.325303423e-18 5.325303423e-18 5.325303423e-18 5.325303423e-18

4.647784847e-18 4.647784847e-18 1.000000000e+00 4.647784847e-18 4.647784847e-18 4.647784847e-18
4.647784847e-18 0.000000000e+00 0.000000000e+00 0.000000000e+00 4.647784847e-18 4.647784847e-18
4.647784847e-18 4.647784847e-18 4.647784847e-18 0.000000000e+00 0.000000000e+00 4.647784847e-18
4.647784847e-18 4.647784847e-18 4.647784847e-18 0.000000000e+00 4.647784847e-18 4.647784847e-18
4.647784847e-18 4.647784847e-18 4.647784847e-18 4.647784847e-18 4.647784847e-18 4.647784847e-18
4.647784847e-18 4.647784847e-18 4.647784847e-18 4.647784847e-18 4.647784847e-18 4.647784847e-18

