7.312828517e-18 7.312828517e-18 7.312828517e-18 7.312828517e-18 7.312828517e-18 7.312828517e-18
7.312828517e-18 7.312828517e-18 3.375484299e-02 6.816797544e-04 7.312828517e-18 7.312828517e-18
7.312828517e-18 2.083714428e-02 1.222292563e-01 7.312828517e-18 3.970014111e-04 7.312828517e-18
7.312828517e-18 7.312828517e-18 5.795947429e-02 6.740513025e-01 4.806724190e-02 7.312828517e-18
7.312828517e-18 7.312828517e-18 7.312828517e-18 4.202205662e-02 7.312828517e-18 7.312828517e-18
7.312828517e-18 7.312828517e-18 7.312828517e-18 7.312828517e-18 7.312828517e-18 7.312828517e-18

4.697113949e-18 4.697113949e-18 4.697113949e-18 8.652157871e-04 4.697113949e-18 4.697113949e-18
4.697113949e-18 4.697113949e-18 4.697113949e-18 4.697113949e-18 4.697113949e-18 4.697113949e-18
4.697113949e-18 0.000000000e+00 4.697113949e-18 0.000000000e+00 4.697113949e-18 4.697113949e-18
4.697113949e-18 4.697113949e-18 4.697113949e-18 9.984922281e-01 4.697113949e-18 4.697113949e-18
4.697113949e-18 4.697113949e-18 4.697113949e-18 6.425561497e-04 4.697113949e-18 4.697113949e-18
4.697113949e-18 4.697113949e-18 4.697113949e-18 4.697113949e-18 4.697113949e-18 4.697113949e-18

6.663857843e-18 6.663857843e-18 6.663857843e-18 2.249010692e-01 6.663857843e-18 6.663857843e-18
6.663857843e-18 6.663857843e-18 6.663857843e-18 0.000000000e+00 6.663857843e-18 6.663857843e-18
1.898796984e-02 0.000000000e+00 0.000000000e+00 0.000000000e+00 6.663857843e-18 6.663857843e-18
6.663857843e-18 6.663857843e-18 6.663857843e-18 6.663857843e-18 6.663857843e-18 6.663857843e-18
6.663857843e-18 6.663857843e-18 6.663857843e-18 1.634558565e-01 6.663857843e-18 6.663857843e-18
6.663857843e-18 6.663857843e-18 6.663857843e-18 5.926551045e-01 6.663857843e-18 6.663857843e-18

5.486482903e-18 5.486482903e-18 5.486482903e-18 8.836943843e-01 5.486482903e-18 5.486482903e-18
5.486482903e-18 5.486482903e-18 0.000000000e+00 0.000000000e+00 5.486482903e-18 5.486482903e-18
5.486482903e-18 0.000000000e+00 0.000000000e+00 0.000000000e+00 5.486482903e-18 5.486482903e-18
5.486482903e-18 5.486482903e-18 5.486482903e-18 0.000000000e+00 5.486482903e-18 5.486482903e-18
5.486482903e-18 5.486482903e-18 5.576016330e-03 1.078379146e-01 5.486482903e-18 5.486482903e-18
5.486482903e-18 5.486482903e-18 5.486482903e-18 2.891684744e-03 5.486482903e-18 5.486482903e-18

