6.918127424e-18 6.918127424e-18 6.918127424e-18 6.918127424e-18 6.918127424e-18 6.918127424e-18
1.490465371e-04 6.918127424e-18 1.490465371e-04 2.038927947e-02 6.918127424e-18 6.918127424e-18
6.918127424e-18 6.918127424e-18 0.000000000e+00 5.922547681e-02 1.526019173e-01 6.918127424e-18
6.918127424e-18 2.818915938e-02 3.736307596e-02 6.918127424e-18 3.755737391e-04 6.918127424e-18
6.918127424e-18 6.918127424e-18 7.011102847e-01 1.490465371e-04 1.490465371e-04 6.918127424e-18
6.918127424e-18 6.918127424e-18 6.918127424e-18 1.490465371e-04 6.918127424e-18 6.918127424e-18

1.356358686e-04 1.356358686e-04 1.356358686e-04 1.356358686e-04 1.356358686e-04 1.356358686e-04
1.356358686e-04 1.356358686e-04 1.356358686e-04 0.000000000e+00 1.356358686e-04 1.356358686e-04
1.356358686e-04 1.356358686e-04 0.000000000e+00 1.356358686e-04 4.830318707e-01 1.356358686e-04
1.356358686e-04 1.320860069e-02 3.417809719e-04 0.000000000e+00 1.356358686e-04 1.356358686e-04
1.356358686e-04 1.159670364e-03 4.984602730e-01 1.356358686e-04 1.356358686e-04 1.356358686e-04
1.356358686e-04 1.356358686e-04 1.356358686e-04 1.356358686e-04 1.356358686e-04 1.356358686e-04

6.383131879e-18 6.383131879e-18 6.383131879e-18 6.383131879e-18 1.375204075e-04 6.383131879e-18
6.383131879e-18 6.383131879e-18 6.383131879e-18 0.000000000e+00 6.383131879e-18 5.950162460e-04
6.383131879e-18 6.383131879e-18 0.000000000e+00 6.383131879e-18 3.811696393e-01 6.383131879e-18
6.383131879e-18 0.000000000e+00 6.383131879e-18 0.000000000e+00 6.383131879e-18 6.383131879e-18
6.383131879e-18 1.175782945e-03 0.000000000e+00 5.486627048e-01 1.375204075e-04 6.383131879e-18
6.383131879e-18 6.812181587e-02 6.383131879e-18 6.383131879e-18 6.383131879e-18 6.383131879e-18

