6.685811664e-18 6.685811664e-18 6.685811664e-18 6.685811664e-18 6.685811664e-18 6.685811664e-18
6.685811664e-18 6.685811664e-18 2.512710503e-02 3.629616992e-04 6.685811664e-18 6.685811664e-18
6.685811664e-18 0.000000000e+00 1.440414458e-04 6.685811664e-18 6.685811664e-18 6.685811664e-18
6.685811664e-18 6.685811664e-18 5.655396263e-01 3.324653964e-01 3.957271068e-03 6.685811664e-18
6.685811664e-18 1.440414458e-04 6.685811664e-18 7.225955658e-02 6.685811664e-18 6.685811664e-18
6.685811664e-18 6.685811664e-18 6.685811664e-18 6.685811664e-18 6.685811664e-18 6.685811664e-18

7.751696176e-18 4.208268132e-04 7.751696176e-18 1.670052315e-04 7.751696176e-18 7.751696176e-18
7.751696176e-18 0.000000000e+00 1.747781641e-01 1.202494622e-01 7.751696176e-18 7.751696176e-18
7.751696176e-18 0.000000000e+00 7.751696176e-18 0.000000000e+00 1.839509204e-02 2.672083704e-03
7.751696176e-18 5.336403363e-01 9.016142615e-02 4.208268132e-04 7.225896701e-04 7.751696176e-18
7.751696176e-18 5.470802575e-02 2.236286605e-03 1.427874644e-03 7.751696176e-18 7.751696176e-18
7.751696176e-18 7.751696176e-18 7.751696176e-18 7.751696176e-18 7.751696176e-18 7.751696176e-18

3.827219260e-04 3.827219260e-04 1.518832970e-04 3.827219260e-04 1.518832970e-04 3.827219260e-04
6.432637632e-01 0.000000000e+00 0.000000000e+00 9.089859622e-02 3.827219260e-04 1.518832970e-04
6.571608594e-04 0.000000000e+00 0.000000000e+00 0.000000000e+00 2.328438626e-01 1.169879542e-02
2.430132752e-03 1.298583923e-03 5.618646313e-03 2.430132752e-03 6.571608594e-04 1.518832970e-04
3.827219260e-04 6.571608594e-04 6.571608594e-04 2.033796064e-03 1.518832970e-04 1.518832970e-04
1.518832970e-04 1.518832970e-04 1.518832970e-04 6.571608594e-04 3.827219260e-04 1.518832970e-04

6.338799078e-18 0.000000000e+00 6.338799078e-18 6.338799078e-18 6.338799078e-18 6.338799078e-18
6.258648765e-01 0.000000000e+00 0.000000000e+00 2.681861469e-01 6.338799078e-18 6.338799078e-18
6.338799078e-18 0.000000000e+00 0.000000000e+00 0.000000000e+00 6.338799078e-18 1.059489765e-01
6.338799078e-18 6.338799078e-18 6.338799078e-18 6.338799078e-18 6.338799078e-18 6.338799078e-18
6.338799078e-18 6.338799078e-18 0.000000000e+00 6.338799078e-18 6.338799078e-18 6.338799078e-18
6.338799078e-18 6.338799078e-18 6.338799078e-18 6.338799078e-18 6.338799078e-18 6.338799078e-18

