6.793969232e-18 6.793969232e-18 6.793969232e-18 6.793969232e-18 6.793969232e-18 6.793969232e-18
6.793969232e-18 0.000000000e+00 6.104921063e-01 6.333132613e-04 6.793969232e-18 6.793969232e-18
6.793969232e-18 6.793969232e-18 2.642996580e-01 7.528155532e-02 1.463716300e-04 6.793969232e-18
6.793969232e-18 1.463716300e-04 3.983119285e-02 9.023059409e-03 6.793969232e-18 6.793969232e-18
6.793969232e-18 6.793969232e-18 6.793969232e-18 1.463716300e-04 6.793969232e-18 6.793969232e-18
6.793969232e-18 6.793969232e-18 6.793969232e-18 6.793969232e-18 6.793969232e-18 6.793969232e-18

1.434821386e-04 1.434821386e-04 1.434821386e-04 9.385014671e-03 1.434821386e-04 1.434821386e-04
6.208111582e-04 0.000000000e+00 1.434821386e-04 3.941905142e-03 3.615523334e-04 1.434821386e-04
1.434821386e-04 0.000000000e+00 0.000000000e+00 4.933172431e-01 1.434821386e-04 1.434821386e-04
7.274491528e-03 1.434821386e-04 1.705563299e-02 4.642382254e-01 1.434821386e-04 1.434821386e-04
1.434821386e-04 1.434821386e-04 1.434821386e-04 3.615523334e-04 1.434821386e-04 1.434821386e-04
1.434821386e-04 1.434821386e-04 1.434821386e-04 1.434821386e-04 1.434821386e-04 1.434821386e-04

2.724973673e-04 5.019444422e-18 5.019444422e-18 8.329522656e-03 5.019444422e-18 5.019444422e-18
5.019444422e-18 0.000000000e+00 0.000000000e+00 1.081406519e-04 1.081406519e-04 5.019444422e-18
5.019444422e-18 0.000000000e+00 0.000000000e+00 1.081406519e-04 5.019444422e-18 5.019444422e-18
4.359957876e-03 2.724973673e-04 0.000000000e+00 9.830793141e-01 1.081406519e-04 5.019444422e-18
2.724973673e-04 4.678974261e-04 5.019444422e-18 2.024474585e-03 2.724973673e-04 5.019444422e-18
5.019444422e-18 1.081406519e-04 1.081406519e-04 5.019444422e-18 5.019444422e-18 5.019444422e-18

1.519198938e-04 1.519198938e-04 1.519198938e-04 1.543409915e-02 1.519198938e-04 7.051496825e-18
7.051496825e-18 0.000000000e+00 0.000000000e+00 2.576786631e-02 1.519198938e-04 1.519198938e-04
7.051496825e-18 0.000000000e+00 0.000000000e+00 1.110541160e-02 1.230551139e-02 1.519198938e-04
1.093875046e-01 0.000000000e+00 0.000000000e+00 7.534676705e-01 1.519198938e-04 1.519198938e-04
9.365081383e-03 1.298896821e-03 0.000000000e+00 5.412107959e-02 1.519198938e-04 1.519198938e-04
7.051496825e-18 5.620000145e-03 1.519198938e-04 1.519198938e-04 1.519198938e-04 7.051496825e-18

5.421897618e-18 1.168112432e-04 5.421897618e-18 1.088879075e-02 5.421897618e-18 5.421897618e-18
5.421897618e-18 0.000000000e+00 0.000000000e+00 6.684451781e-02 5.421897618e-18 5.421897618e-18
5.421897618e-18 0.000000000e+00 0.000000000e+00 5.421897618e-18 0.000000000e+00 5.421897618e-18
3.209171849e-03 0.000000000e+00 0.000000000e+00 0.000000000e+00 1.168112432e-04 5.421897618e-18
1.168112432e-04 5.421897618e-18 0.000000000e+00 9.184734634e-01 5.421897618e-18 5.421897618e-18
5.421897618e-18 1.168112432e-04 5.421897618e-18 1.168112432e-04 5.421897618e-18 5.421897618e-18

5.301505359e-18 1.142174706e-04 5.301505359e-18 1.160377170e-02 5.301505359e-18 5.301505359e-18
5.301505359e-18 0.000000000e+00 0.000000000e+00 2.863210451e-02 5.301505359e-18 5.301505359e-18
5.301505359e-18 0.000000000e+00 0.000000000e+00 0.000000000e+00 0.000000000e+00 5.301505359e-18
9.529823626e-01 0.000000000e+00 0.000000000e+00 0.000000000e+00 1.827479529e-03 5.301505359e-18
1.142174706e-04 0.000000000e+00 0.000000000e+00 1.245281507e-03 5.301505359e-18 1.142174706e-04
1.142174706e-04 5.301505359e-18 1.142174706e-04 3.137912767e-03 5.301505359e-18 5.301505359e-18

1.580396312e-04 1.580396312e-04 1.580396312e-04 6.204997005e-01 1.580396312e-04 1.580396312e-04
1.580396312e-04 0.000000000e+00 0.000000000e+00 9.877476951e-02 1.580396312e-04 1.580396312e-04
1.580396312e-04 0.000000000e+00 0.000000000e+00 0.000000000e+00 0.000000000e+00 1.580396312e-04
1.580396312e-04 0.000000000e+00 0.000000000e+00 0.000000000e+00 1.351219840e-03 1.580396312e-04
0.000000000e+00 0.000000000e+00 0.000000000e+00 9.250430746e-02 1.580396312e-04 1.580396312e-04
1.580396312e-04 0.000000000e+00 8.329576499e-02 1.008875639e-01 1.580396312e-04 1.580396312e-04

5.358361385e-18 5.358361385e-18 5.358361385e-18 4.270581482e-03 5.358361385e-18 5.358361385e-18
5.358361385e-18 0.000000000e+00 0.000000000e+00 0.000000000e+00 5.358361385e-18 5.358361385e-18
5.358361385e-18 0.000000000e+00 0.000000000e+00 0.000000000e+00 0.000000000e+00 5.358361385e-18
0.000000000e+00 0.000000000e+00 0.000000000e+00 0.000000000e+00 3.171565331e-03 5.358361385e-18
0.000000000e+00 0.000000000e+00 0.000000000e+00 7.602500725e-02 5.358361385e-18 5.358361385e-18
5.358361385e-18 0.000000000e+00 1.154423965e-04 9.164174035e-01 5.358361385e-18 5.358361385e-18

7.987974352e-01 1.307572963e-04 6.069216063e-18 1.580536077e-01 6.069216063e-18 6.069216063e-18
6.069216063e-18 0.000000000e+00 0.000000000e+00 0.000000000e+00 6.069216063e-18 6.069216063e-18
0.000000000e+00 0.000000000e+00 0.000000000e+00 0.000000000e+00 0.000000000e+00 6.069216063e-18
0.000000000e+00 0.000000000e+00 0.000000000e+00 0.000000000e+00 1.729359994e-02 1.307572963e-04
0.000000000e+00 0.000000000e+00 0.000000000e+00 0.000000000e+00 6.069216063e-18 6.069216063e-18
1.307572963e-04 0.000000000e+00 7.575738785e-03 1.788734652e-02 6.069216063e-18 6.069216063e-18

