1.439980377e-04 3.628523176e-04 1.439980377e-04 6.230433239e-04 3.628523176e-04 1.439980377e-04
1.439980377e-04 6.683796837e-18 6.230433239e-04 1.439980377e-04 6.683796837e-18 3.628523176e-04
1.439980377e-04 1.231165904e-03 1.166384105e-02 5.805637082e-03 1.439980377e-04 3.628523176e-04
2.303968603e-03 3.382399548e-02 6.683796837e-18 7.859378555e-01 1.439980377e-04 1.439980377e-04
1.439980377e-04 1.439980377e-04 1.250786593e-01 1.439980377e-04 1.439980377e-04 1.439980377e-04
6.683796837e-18 3.628523176e-04 2.794866267e-02 1.439980377e-04 3.628523176e-04 6.230433239e-04

7.385392545e-18 7.385392545e-18 7.385392545e-18 7.385392545e-18 7.385392545e-18 7.385392545e-18
7.385392545e-18 7.385392545e-18 7.385392545e-18 7.385392545e-18 7.385392545e-18 6.884439536e-04
7.385392545e-18 7.385392545e-18 1.861002306e-01 1.591134590e-04 7.385392545e-18 7.385392545e-18
7.385392545e-18 3.328055062e-02 0.000000000e+00 5.324888099e-01 4.009407926e-04 7.385392545e-18
7.385392545e-18 1.616491982e-02 7.385392545e-18 3.572269715e-02 0.000000000e+00 7.385392545e-18
7.385392545e-18 7.385392545e-18 1.948351802e-01 7.385392545e-18 7.385392545e-18 1.591134590e-04

6.367805531e-18 6.367805531e-18 6.367805531e-18 6.367805531e-18 6.367805531e-18 6.367805531e-18
6.367805531e-18 6.367805531e-18 6.367805531e-18 6.367805531e-18 6.367805531e-18 5.996829302e-03
6.367805531e-18 6.367805531e-18 0.000000000e+00 6.367805531e-18 6.367805531e-18 6.367805531e-18
6.367805531e-18 8.757794555e-02 0.000000000e+00 1.393765669e-02 6.367805531e-18 6.367805531e-18
2.568304254e-03 6.367805531e-18 0.000000000e+00 1.332668470e-01 0.000000000e+00 6.367805531e-18
6.367805531e-18 6.367805531e-18 7.566524172e-01 6.367805531e-18 6.367805531e-18 6.367805531e-18

5.626311046e-18 5.626311046e-18 5.626311046e-18 5.626311046e-18 5.626311046e-18 5.626311046e-18
5.626311046e-18 5.626311046e-18 5.626311046e-18 5.626311046e-18 5.626311046e-18 5.244676972e-04
5.626311046e-18 5.626311046e-18 0.000000000e+00 5.626311046e-18 5.626311046e-18 5.626311046e-18
5.626311046e-18 1.769658468e-02 0.000000000e+00 0.000000000e+00 5.626311046e-18 5.626311046e-18
5.626311046e-18 0.000000000e+00 0.000000000e+00 1.277770065e-01 0.000000000e+00 5.626311046e-18
5.626311046e-18 5.626311046e-18 8.540019412e-01 5.626311046e-18 5.626311046e-18 5.626311046e-18

