7.312828517e-18 7.312828517e-18 7.312828517e-18 7.312828517e-18 7.312828517e-18 7.312828517e-18
7.312828517e-18 7.312828517e-18 3.375484299e-02 6.816797544e-04 7.312828517e-18 7.312828517e-18
7.312828517e-18 2.083714428e-02 1.222292563e-01 7.312828517e-18 3.970014111e-04 7.312828517e-18
7.312828517e-18 7.312828517e-18 5.795947429e-02 6.740513025e-01 4.806724190e-02 7.312828517e-18
7.312828517e-18 7.312828517e-18 7.312828517e-18 4.202205662e-02 7.312828517e-18 7.312828517e-18
7.312828517e-18 7.312828517e-18 7.312828517e-18 7.312828517e-18 7.312828517e-18 7.312828517e-18

6.129581488e-18 3.327648795e-04 6.129581488e-18 6.129581488e-18 6.129581488e-18 6.129581488e-18
6.129581488e-18 6.129581488e-18 6.129581488e-18 6.129581488e-18 6.129581488e-18 6.129581488e-18
6.129581488e-18 3.327648795e-04 6.695283291e-03 0.000000000e+00 6.129581488e-18 6.129581488e-18
6.129581488e-18 6.129581488e-18 0.000000000e+00 6.787071292e-01 2.926627974e-01 6.129581488e-18
6.129581488e-18 6.129581488e-18 6.129581488e-18 2.113720250e-02 6.129581488e-18 1.320578299e-04
6.129581488e-18 6.129581488e-18 6.129581488e-18 6.129581488e-18 6.129581488e-18 6.129581488e-18

5.096385636e-18 5.096385636e-18 5.096385636e-18 5.096385636e-18 5.096385636e-18 5.096385636e-18
5.096385636e-18 5.096385636e-18 0.000000000e+00 9.456105482e-01 5.096385636e-18 5.096385636e-18
5.096385636e-18 5.096385636e-18 5.096385636e-18 0.000000000e+00 5.096385636e-18 5.096385636e-18
5.096385636e-18 5.096385636e-18 0.000000000e+00 5.096385636e-18 0.000000000e+00 5.096385636e-18
5.096385636e-18 5.096385636e-18 5.096385636e-18 5.438945183e-02 5.096385636e-18 5.096385636e-18
5.096385636e-18 5.096385636e-18 5.096385636e-18 5.096385636e-18 5.096385636e-18 5.096385636e-18

5.451091325e-18 5.451091325e-18 5.451091325e-18 9.337549420e-01 5.451091325e-18 5.451091325e-18
5.954174969e-03 3.069266507e-02 0.000000000e+00 5.451091325e-18 6.804180893e-03 5.451091325e-18
5.451091325e-18 5.451091325e-18 5.451091325e-18 0.000000000e+00 5.451091325e-18 5.451091325e-18
5.451091325e-18 5.451091325e-18 0.000000000e+00 0.000000000e+00 0.000000000e+00 5.451091325e-18
5.451091325e-18 5.451091325e-18 5.451091325e-18 0.000000000e+00 5.451091325e-18 5.451091325e-18
5.451091325e-18 5.451091325e-18 2.279403704e-02 5.451091325e-18 5.451091325e-18 5.451091325e-18

3.609445831e-02 3.609445831e-02 3.609445831e-02 0.000000000e+00 3.609445831e-02 3.609445831e-02
3.609445831e-02 3.609445831e-02 0.000000000e+00 0.000000000e+00 3.476385421e-02 3.609445831e-02
3.609445831e-02 3.609445831e-02 3.609445831e-02 0.000000000e+00 3.609445831e-02 3.609445831e-02
3.609445831e-02 3.609445831e-02 0.000000000e+00 0.000000000e+00 0.000000000e+00 3.609445831e-02
3.609445831e-02 3.609445831e-02 3.609445831e-02 0.000000000e+00 3.609445831e-02 3.476385421e-02
3.476385421e-02 3.476385421e-02 3.476385421e-02 3.476385421e-02 3.476385421e-02 3.476385421e-02

3.917969513e-02 3.917969513e-02 3.917969513e-02 0.000000000e+00 3.917969513e-02 3.917969513e-02
3.917969513e-02 3.784597560e-02 0.000000000e+00 0.000000000e+00 0.000000000e+00 3.917969513e-02
3.917969513e-02 0.000000000e+00 3.917969513e-02 0.000000000e+00 3.917969513e-02 3.917969513e-02
3.917969513e-02 3.784597560e-02 0.000000000e+00 0.000000000e+00 0.000000000e+00 3.784597560e-02
3.784597560e-02 3.784597560e-02 3.784597560e-02 0.000000000e+00 3.784597560e-02 3.784597560e-02
3.784597560e-02 3.784597560e-02 3.784597560e-02 3.784597560e-02 3.784597560e-02 3.784597560e-02

