1.839522216e-04 1.839522216e-04 1.839522216e-04 1.868838080e-02 1.839522216e-04 4.635305522e-04
1.839522216e-04 1.839522216e-04 8.085992753e-02 1.564044404e-02 4.500166862e-03 1.839522216e-04
1.168023800e-03 7.959150375e-04 0.000000000e+00 2.928009118e-01 1.638962566e-02 1.839522216e-04
1.839522216e-04 1.490012994e-02 8.040880334e-03 4.554575011e-01 2.944342913e-02 1.839522216e-04
1.839522216e-04 1.839522216e-04 5.205995935e-02 7.959150375e-04 4.500166862e-03 1.839522216e-04
1.839522216e-04 1.839522216e-04 1.839522216e-04 1.839522216e-04 1.839522216e-04 1.839522216e-04

1.637047676e-04 1.637047676e-04 7.083093923e-04 5.004021082e-03 1.039460481e-03 0.000000000e+00
1.637047676e-04 1.637047676e-04 5.004021082e-03 0.000000000e+00 4.474217177e-01 1.637047676e-04
1.039460481e-03 1.637047676e-04 0.000000000e+00 7.083093923e-04 2.428055049e-01 1.637047676e-04
1.637047676e-04 3.096146931e-02 7.083093923e-04 5.004021082e-03 2.537020240e-01 1.637047676e-04
1.637047676e-04 1.637047676e-04 2.619276282e-03 1.637047676e-04 1.637047676e-04 1.637047676e-04
1.637047676e-04 1.637047676e-04 1.637047676e-04 1.637047676e-04 1.637047676e-04 1.637047676e-04

3.336439114e-04 1.324066740e-04 1.132061138e-03 2.182329476e-02 0.000000000e+00 0.000000000e+00
1.324066740e-04 1.324066740e-04 3.637627332e-03 0.000000000e+00 8.990392935e-01 3.336439114e-04
4.564184505e-02 5.728904059e-04 0.000000000e+00 1.324066740e-04 5.787732335e-03 1.324066740e-04
2.852615316e-03 0.000000000e+00 1.324066740e-04 4.898144071e-03 1.132061138e-03 3.336439114e-04
3.336439114e-04 1.132061138e-03 4.467664894e-03 3.336439114e-04 1.324066740e-04 1.324066740e-04
1.772993988e-03 2.852615316e-03 1.324066740e-04 1.324066740e-04 1.324066740e-04 1.324066740e-04

1.505887139e-04 1.505887139e-04 2.784782206e-01 1.505887139e-04 0.000000000e+00 0.000000000e+00
1.505887139e-04 1.505887139e-04 4.086732554e-01 0.000000000e+00 0.000000000e+00 1.505887139e-04
3.051183647e-01 1.505887139e-04 0.000000000e+00 1.505887139e-04 3.794597810e-04 1.505887139e-04
1.505887139e-04 0.000000000e+00 1.505887139e-04 2.016460926e-03 1.505887139e-04 1.505887139e-04
0.000000000e+00 3.794597810e-04 1.641827118e-03 1.505887139e-04 1.505887139e-04 1.505887139e-04
1.505887139e-04 1.505887139e-04 1.505887139e-04 1.505887139e-04 1.505887139e-04 1.505887139e-04

1.346370134e-04 6.351278294e-03 3.698901762e-03 0.000000000e+00 0.000000000e+00 0.000000000e+00
1.346370134e-04 1.346370134e-04 5.760215063e-01 0.000000000e+00 0.000000000e+00 0.000000000e+00
4.087541859e-01 1.346370134e-04 0.000000000e+00 1.346370134e-04 1.346370134e-04 1.346370134e-04
1.346370134e-04 0.000000000e+00 1.346370134e-04 1.802859389e-03 1.346370134e-04 1.346370134e-04
0.000000000e+00 1.346370134e-04 3.392640145e-04 1.346370134e-04 1.346370134e-04 1.346370134e-04
1.346370134e-04 1.346370134e-04 1.346370134e-04 1.346370134e-04 3.392640145e-04 1.346370134e-04

