7.461337435e-18 7.461337435e-18 7.461337435e-18 7.461337435e-18 7.461337435e-18 7.461337435e-18
7.461337435e-18 6.955233065e-04 4.050637156e-04 1.565425028e-02 7.461337435e-18 7.461337435e-18
7.461337435e-18 4.050637156e-04 7.461337435e-18 2.599382885e-01 1.981917839e-02 7.461337435e-18
7.461337435e-18 5.174894150e-02 5.576151879e-01 4.287544052e-02 7.461337435e-18 7.461337435e-18
7.461337435e-18 7.461337435e-18 5.084306214e-02 7.461337435e-18 7.461337435e-18 7.461337435e-18
7.461337435e-18 7.461337435e-18 7.461337435e-18 7.461337435e-18 7.461337435e-18 7.461337435e-18

5.274726785e-18 5.274726785e-18 5.274726785e-18 5.274726785e-18 5.274726785e-18 5.274726785e-18
5.274726785e-18 5.274726785e-18 5.274726785e-18 5.274726785e-18 5.274726785e-18 5.274726785e-18
4.916940758e-04 5.274726785e-18 0.000000000e+00 9.164442475e-01 5.274726785e-18 5.274726785e-18
5.274726785e-18 8.182506702e-02 0.000000000e+00 1.238991432e-03 5.274726785e-18 5.274726785e-18
5.274726785e-18 5.274726785e-18 5.274726785e-18 5.274726785e-18 5.274726785e-18 5.274726785e-18
5.274726785e-18 5.274726785e-18 5.274726785e-18 5.274726785e-18 5.274726785e-18 5.274726785e-18

1.254373651e-04 1.254373651e-04 5.822286729e-18 1.254373651e-04 5.822286729e-18 1.254373651e-04
5.822286729e-18 9.467680175e-02 7.964776209e-04 1.072474385e-03 1.072474385e-03 1.254373651e-04
5.822286729e-18 0.000000000e+00 0.000000000e+00 0.000000000e+00 5.822286729e-18 5.822286729e-18
5.822286729e-18 8.776246970e-01 0.000000000e+00 3.068672227e-03 1.254373651e-04 1.254373651e-04
1.254373651e-04 1.831299217e-02 3.160823533e-04 1.254373651e-04 7.964776209e-04 5.822286729e-18
1.254373651e-04 3.160823533e-04 1.254373651e-04 1.254373651e-04 1.254373651e-04 3.160823533e-04

5.637989937e-18 5.637989937e-18 5.637989937e-18 5.637989937e-18 2.273950338e-03 5.637989937e-18
5.637989937e-18 1.551800039e-02 5.637989937e-18 8.751180343e-01 5.637989937e-18 5.637989937e-18
0.000000000e+00 0.000000000e+00 0.000000000e+00 0.000000000e+00 5.637989937e-18 5.637989937e-18
5.637989937e-18 5.637989937e-18 0.000000000e+00 0.000000000e+00 5.637989937e-18 5.637989937e-18
5.637989937e-18 1.037529401e-01 5.637989937e-18 5.637989937e-18 5.637989937e-18 5.637989937e-18
5.637989937e-18 5.637989937e-18 5.637989937e-18 3.337074926e-03 5.637989937e-18 5.637989937e-18

