8.480436792e-18 1.160107435e-03 1.827054721e-04 2.583033451e-02 7.905206659e-04 4.603889405e-04
1.160107435e-03 8.480436792e-18 1.160107435e-03 5.152676079e-01 1.827054721e-04 7.905206659e-04
4.603889405e-04 0.000000000e+00 1.021759479e-01 8.480436792e-18 3.546141108e-02 2.924387417e-02
4.603889405e-04 1.195057136e-02 1.117613666e-01 1.521226279e-01 4.603889405e-04 4.603889405e-04
7.905206659e-04 8.480436792e-18 4.603889405e-04 1.827054721e-04 8.480436792e-18 4.603889405e-04
8.480436792e-18 1.562109813e-03 7.905206659e-04 7.905206659e-04 3.420384272e-03 8.480436792e-18

2.150292607e-03 1.215792526e-02 3.692205860e-03 1.972252710e-04 2.640948596e-03 7.295990168e-03
3.730119936e-02 0.000000000e+00 5.485643664e-01 6.460758806e-02 1.686252347e-03 6.028654071e-03
1.142672093e-02 0.000000000e+00 1.252302410e-03 0.000000000e+00 2.519652740e-02 4.824875835e-03
2.150292607e-03 6.028654071e-03 4.632664987e-02 1.828275349e-01 4.824875835e-03 2.640948596e-03
1.252302410e-03 8.533441868e-04 8.533441868e-04 1.686252347e-03 8.533441868e-04 3.692205860e-03
4.249089655e-03 2.640948596e-03 2.150292607e-03 2.640948596e-03 3.155604335e-03 2.150292607e-03

1.343896443e-03 1.571830815e-04 1.713723685e-03 3.845292481e-03 3.960765461e-04 3.960765461e-04
6.623304428e-01 0.000000000e+00 0.000000000e+00 1.503524102e-01 1.571830815e-04 1.571830815e-04
3.960765461e-04 0.000000000e+00 0.000000000e+00 0.000000000e+00 4.534574261e-02 3.960765461e-04
1.571830815e-04 6.800916951e-04 4.362656459e-02 8.587044691e-02 1.571830815e-04 1.571830815e-04
1.571830815e-04 1.571830815e-04 1.571830815e-04 1.571830815e-04 1.571830815e-04 1.571830815e-04
1.571830815e-04 3.960765461e-04 1.571830815e-04 3.960765461e-04 1.571830815e-04 1.571830815e-04

4.909860913e-18 0.000000000e+00 4.909860913e-18 4.909860913e-18 4.909860913e-18 4.909860913e-18
4.909860913e-18 0.000000000e+00 0.000000000e+00 2.320432808e-02 4.909860913e-18 4.909860913e-18
4.909860913e-18 0.000000000e+00 0.000000000e+00 0.000000000e+00 4.909860913e-18 4.909860913e-18
4.909860913e-18 4.909860913e-18 4.909860913e-18 9.767956719e-01 4.909860913e-18 4.909860913e-18
4.909860913e-18 4.909860913e-18 0.000000000e+00 4.909860913e-18 4.909860913e-18 4.909860913e-18
4.909860913e-18 4.909860913e-18 4.909860913e-18 4.909860913e-18 4.909860913e-18 4.909860913e-18

