6.468507115e-18 1.393597612e-04 6.468507115e-18 3.409266678e-03 1.393597612e-04 6.468507115e-18
1.393597612e-04 6.468507115e-18 1.393597612e-04 5.208299632e-02 8.848793262e-04 1.393597612e-04
1.393597612e-04 6.468507115e-18 7.750300650e-01 6.468507115e-18 1.458459893e-01 7.565611817e-03
1.393597612e-04 6.468507115e-18 1.866099430e-03 1.073417136e-02 3.511645933e-04 1.393597612e-04
1.393597612e-04 6.468507115e-18 6.468507115e-18 1.393597612e-04 6.468507115e-18 6.468507115e-18
1.393597612e-04 1.393597612e-04 1.393597612e-04 1.393597612e-04 1.393597612e-04 1.393597612e-04

7.757193357e-18 7.757193357e-18 1.671236647e-04 1.671236647e-04 7.757193357e-18 7.757193357e-18
7.757193357e-18 7.757193357e-18 5.665097716e-02 3.597112829e-01 7.757193357e-18 7.757193357e-18
7.883782307e-03 4.913403323e-02 7.757193357e-18 0.000000000e+00 1.524691811e-01 5.108527708e-03
7.757193357e-18 3.600570207e-03 0.000000000e+00 3.642717798e-01 7.757193357e-18 7.757193357e-18
7.757193357e-18 7.757193357e-18 1.671236647e-04 1.671236647e-04 7.757193357e-18 7.757193357e-18
7.757193357e-18 7.757193357e-18 7.757193357e-18 1.671236647e-04 1.671236647e-04 1.671236647e-04

5.554465627e-18 5.554465627e-18 5.554465627e-18 5.554465627e-18 5.554465627e-18 5.554465627e-18
5.554465627e-18 5.554465627e-18 5.554465627e-18 9.050448245e-01 1.914677349e-03 5.554465627e-18
5.554465627e-18 1.914677349e-03 0.000000000e+00 0.000000000e+00 5.554465627e-18 3.852361849e-02
5.554465627e-18 5.554465627e-18 0.000000000e+00 0.000000000e+00 5.260220235e-02 5.554465627e-18
5.554465627e-18 5.554465627e-18 5.554465627e-18 5.554465627e-18 5.554465627e-18 5.554465627e-18
5.554465627e-18 5.554465627e-18 5.554465627e-18 5.554465627e-18 5.554465627e-18 5.554465627e-18

6.872856190e-18 6.872856190e-18 6.872856190e-18 1.662925897e-01 6.872856190e-18 6.872856190e-18
6.872856190e-18 6.872856190e-18 1.801469376e-01 6.872856190e-18 6.175807262e-01 6.872856190e-18
6.872856190e-18 8.038541365e-03 0.000000000e+00 0.000000000e+00 0.000000000e+00 1.825602501e-02
6.872856190e-18 6.872856190e-18 0.000000000e+00 0.000000000e+00 9.685180182e-03 6.872856190e-18
6.872856190e-18 6.872856190e-18 6.872856190e-18 6.872856190e-18 0.000000000e+00 6.872856190e-18
6.872856190e-18 6.872856190e-18 6.872856190e-18 6.872856190e-18 6.872856190e-18 6.872856190e-18

