7.336339378e-18 7.336339378e-18 7.336339378e-18 7.336339378e-18 7.336339378e-18 7.336339378e-18
7.336339378e-18 1.580566406e-04 3.982777770e-04 1.580566406e-04 1.580566406e-04 7.336339378e-18
7.336339378e-18 1.395830765e-01 1.094194185e-02 1.315997339e-01 1.580566406e-04 7.336339378e-18
7.336339378e-18 2.958939550e-03 5.907221772e-01 4.831372800e-03 1.580566406e-04 7.336339378e-18
7.336339378e-18 7.336339378e-18 2.958939550e-03 1.148991443e-01 1.580566406e-04 7.336339378e-18
7.336339378e-18 1.580566406e-04 7.336339378e-18 7.336339378e-18 7.336339378e-18 7.336339378e-18

6.332882454e-18 1.364378165e-04 6.332882454e-18 6.332882454e-18 6.332882454e-18 6.332882454e-18
6.332882454e-18 1.364378165e-04 3.438017540e-04 1.364378165e-04 1.364378165e-04 6.332882454e-18
6.332882454e-18 0.000000000e+00 8.924253025e-03 5.500828063e-03 6.332882454e-18 6.332882454e-18
6.332882454e-18 1.364378165e-04 1.097077623e-01 1.487543796e-03 6.332882454e-18 6.332882454e-18
6.332882454e-18 0.000000000e+00 7.729516622e-01 1.001290842e-01 6.332882454e-18 6.332882454e-18
1.364378165e-04 6.332882454e-18 1.364378165e-04 6.332882454e-18 6.332882454e-18 6.332882454e-18

5.296818823e-18 1.141165022e-04 5.296818823e-18 5.296818823e-18 5.296818823e-18 5.296818823e-18
5.296818823e-18 0.000000000e+00 5.296818823e-18 1.141165022e-04 5.296818823e-18 5.296818823e-18
5.296818823e-18 0.000000000e+00 4.131609253e-02 2.875555665e-04 5.296818823e-18 5.296818823e-18
5.296818823e-18 5.296818823e-18 1.825864035e-03 7.245946225e-04 5.296818823e-18 5.296818823e-18
0.000000000e+00 0.000000000e+00 9.463275567e-01 7.464239506e-03 5.296818823e-18 5.296818823e-18
5.296818823e-18 1.825864035e-03 5.296818823e-18 5.296818823e-18 5.296818823e-18 5.296818823e-18

2.573314053e-03 7.747984000e-03 8.919942846e-18 3.074789488e-03 8.919942846e-18 3.074789488e-03
1.712219356e-02 0.000000000e+00 8.919942846e-18 1.113408326e-02 8.919942846e-18 8.919942846e-18
8.447412767e-02 0.000000000e+00 0.000000000e+00 1.099705897e-01 8.919942846e-18 8.919942846e-18
8.919942846e-18 0.000000000e+00 8.919942846e-18 5.345156642e-01 8.919942846e-18 4.140270711e-03
0.000000000e+00 0.000000000e+00 7.865939373e-02 6.295299142e-02 1.556612178e-02 8.919942846e-18
7.747984000e-03 1.113408326e-02 8.919942846e-18 3.825867259e-02 5.279632980e-03 2.573314053e-03

