2.420064211e-03 5.593262684e-04 2.219687767e-04 1.030287795e-01 3.552836650e-02 3.551500427e-03
5.593262684e-04 1.030287795e-17 4.782172326e-03 7.651475722e-02 2.219687767e-04 9.604031185e-04
1.057853314e-01 1.030287795e-17 1.085599599e-01 1.030287795e-17 1.644408379e-01 2.069125795e-02
1.270202718e-01 2.219687767e-04 7.779265260e-02 0.000000000e+00 1.582938361e-01 1.030287795e-17
9.604031185e-04 1.030287795e-17 2.219687767e-04 1.897806345e-03 2.219687767e-04 2.219687767e-04
2.420064211e-03 5.593262684e-04 1.897806345e-03 2.219687767e-04 2.219687767e-04 1.030287795e-17

1.495652233e-04 6.942202701e-18 1.495652233e-04 9.496799710e-04 2.799973812e-03 1.542620651e-01
3.768807462e-04 6.942202701e-18 1.495652233e-04 5.046628521e-03 3.658930866e-03 6.942202701e-18
1.495652233e-04 1.495652233e-04 8.665421318e-03 0.000000000e+00 0.000000000e+00 1.408518381e-01
1.495652233e-04 1.495652233e-04 2.799973812e-03 0.000000000e+00 6.756152160e-01 1.630668283e-03
1.495652233e-04 6.942202701e-18 6.942202701e-18 1.495652233e-04 9.496799710e-04 1.495652233e-04
1.495652233e-04 1.495652233e-04 1.495652233e-04 1.495652233e-04 1.495652233e-04 1.495652233e-04

1.127138712e-04 5.231714458e-18 5.231714458e-18 1.127138712e-04 1.228888179e-03 4.544338525e-03
5.231714458e-18 5.231714458e-18 5.231714458e-18 4.544338525e-03 2.840211578e-04 0.000000000e+00
5.231714458e-18 5.231714458e-18 4.876845968e-04 0.000000000e+00 0.000000000e+00 9.736167694e-01
1.127138712e-04 1.127138712e-04 2.840211578e-04 0.000000000e+00 1.228888179e-03 1.127138712e-04
1.127138712e-04 7.156884707e-04 0.000000000e+00 7.156884707e-04 1.127138712e-04 1.127138712e-04
7.156884707e-04 5.231714458e-18 1.050684613e-02 1.127138712e-04 5.231714458e-18 1.127138712e-04

4.220907810e-04 1.675068375e-04 2.680109399e-03 3.608825414e-03 4.097850586e-03 6.718514432e-01
1.675068375e-04 7.247599930e-04 1.675068375e-04 5.487234318e-02 1.063602120e-03 0.000000000e+00
4.601939101e-03 1.675068375e-04 0.000000000e+00 0.000000000e+00 0.000000000e+00 1.552785909e-01
1.675068375e-04 6.196610775e-03 1.675068375e-04 0.000000000e+00 4.199071520e-02 9.704911934e-03
7.247599930e-04 1.063602120e-03 0.000000000e+00 1.224482410e-02 1.675068375e-04 1.675068375e-04
1.826280742e-03 0.000000000e+00 1.561448071e-02 8.492534902e-03 1.675068375e-04 1.432163315e-03

1.284681920e-04 1.284681920e-04 1.284681920e-04 1.284681920e-04 5.558495842e-04 1.470797912e-02
1.284681920e-04 1.284681920e-04 1.284681920e-04 2.405021472e-03 1.284681920e-04 0.000000000e+00
1.284681920e-04 1.284681920e-04 0.000000000e+00 0.000000000e+00 0.000000000e+00 8.691886543e-01
1.284681920e-04 0.000000000e+00 0.000000000e+00 0.000000000e+00 1.284681920e-04 1.284681920e-04
3.237195587e-04 1.284681920e-04 0.000000000e+00 1.284681920e-04 1.284681920e-04 1.284681920e-04
8.721632842e-02 0.000000000e+00 2.241045093e-02 5.558495842e-04 1.284681920e-04 3.237195587e-04

1.040082135e-04 1.040082135e-04 1.040082135e-04 1.040082135e-04 1.040082135e-04 1.040082135e-04
1.040082135e-04 1.040082135e-04 1.040082135e-04 1.040082135e-04 1.040082135e-04 0.000000000e+00
1.040082135e-04 1.040082135e-04 0.000000000e+00 0.000000000e+00 0.000000000e+00 1.040082135e-04
1.040082135e-04 0.000000000e+00 0.000000000e+00 0.000000000e+00 1.040082135e-04 1.040082135e-04
1.664131416e-03 0.000000000e+00 0.000000000e+00 1.040082135e-04 1.040082135e-04 1.040082135e-04
1.040082135e-04 0.000000000e+00 9.959436797e-01 1.040082135e-04 1.040082135e-04 0.000000000e+00

