5.488774694e-18 5.488774694e-18 5.488774694e-18 5.488774694e-18 5.488774694e-18 5.488774694e-18
5.488774694e-18 0.000000000e+00 7.508538163e-04 1.289269586e-03 5.116469745e-04 5.488774694e-18
5.488774694e-18 1.182520661e-04 9.253510152e-01 4.982561510e-02 1.182520661e-04 5.488774694e-18
5.488774694e-18 1.182520661e-04 1.892033057e-03 1.949032942e-02 2.979765345e-04 5.488774694e-18
5.488774694e-18 5.488774694e-18 1.182520661e-04 1.182520661e-04 5.488774694e-18 5.488774694e-18
5.488774694e-18 5.488774694e-18 5.488774694e-18 5.488774694e-18 5.488774694e-18 5.488774694e-18

6.517755114e-04 3.795855695e-04 1.101175088e-02 1.506386331e-04 1.506386331e-04 0.000000000e+00
3.795855695e-04 0.000000000e+00 0.000000000e+00 3.795855695e-04 5.082847506e-03 3.795855695e-04
3.795855695e-04 1.506386331e-04 4.380563169e-01 4.949819232e-01 9.564956983e-04 1.506386331e-04
1.506386331e-04 2.017129370e-03 2.627794197e-02 1.342147860e-02 2.017129370e-03 1.506386331e-04
3.795855695e-04 1.506386331e-04 3.795855695e-04 3.795855695e-04 1.506386331e-04 1.506386331e-04
1.506386331e-04 3.795855695e-04 1.506386331e-04 1.506386331e-04 1.506386331e-04 1.506386331e-04

1.385696422e-04 1.234616546e-02 1.385696422e-04 1.385696422e-04 1.385696422e-04 0.000000000e+00
1.385696422e-04 0.000000000e+00 0.000000000e+00 0.000000000e+00 1.385696422e-04 1.385696422e-04
1.385696422e-04 0.000000000e+00 1.385696422e-04 7.467965269e-01 3.491736182e-04 1.385696422e-04
1.385696422e-04 6.057126691e-03 3.621478444e-02 1.941401699e-01 3.491736182e-04 1.385696422e-04
3.491736182e-04 3.491736182e-04 1.385696422e-04 1.385696422e-04 1.385696422e-04 1.385696422e-04
1.385696422e-04 1.385696422e-04 1.385696422e-04 1.385696422e-04 1.385696422e-04 1.385696422e-04

