6.468507115e-18 1.393597612e-04 6.468507115e-18 3.409266678e-03 1.393597612e-04 6.468507115e-18
1.393597612e-04 6.468507115e-18 1.393597612e-04 5.208299632e-02 8.848793262e-04 1.393597612e-04
1.393597612e-04 6.468507115e-18 7.750300650e-01 6.468507115e-18 1.458459893e-01 7.565611817e-03
1.393597612e-04 6.468507115e-18 1.866099430e-03 1.073417136e-02 3.511645933e-04 1.393597612e-04
1.393597612e-04 6.468507115e-18 6.468507115e-18 1.393597612e-04 6.468507115e-18 6.468507115e-18
1.393597612e-04 1.393597612e-04 1.393597612e-04 1.393597612e-04 1.393597612e-04 1.393597612e-04

4.710020655e-18 4.710020655e-18 4.710020655e-18 1.014743189e-04 2.556992608e-04 4.710020655e-18
4.710020655e-18 4.710020655e-18 4.710020655e-18 0.000000000e+00 4.710020655e-18 2.556992608e-04
4.710020655e-18 4.710020655e-18 1.014743189e-04 0.000000000e+00 9.985398568e-01 6.443217623e-04
4.710020655e-18 4.710020655e-18 4.710020655e-18 4.710020655e-18 1.014743189e-04 4.710020655e-18
4.710020655e-18 4.710020655e-18 4.710020655e-18 4.710020655e-18 4.710020655e-18 4.710020655e-18
4.710020655e-18 4.710020655e-18 4.710020655e-18 4.710020655e-18 4.710020655e-18 4.710020655e-18

6.435499465e-18 6.435499465e-18 6.435499465e-18 0.000000000e+00 2.987094246e-03 6.435499465e-18
6.435499465e-18 6.435499465e-18 4.238121421e-03 0.000000000e+00 0.000000000e+00 5.998977939e-04
6.435499465e-18 3.493726624e-04 4.625957291e-01 0.000000000e+00 5.037828697e-01 1.709429616e-02
6.435499465e-18 6.435499465e-18 6.435499465e-18 1.185429137e-03 6.540519809e-03 6.435499465e-18
6.435499465e-18 6.435499465e-18 3.493726624e-04 1.386486330e-04 6.435499465e-18 1.386486330e-04
6.435499465e-18 6.435499465e-18 6.435499465e-18 6.435499465e-18 6.435499465e-18 6.435499465e-18

4.960961281e-18 1.068806708e-04 9.869618699e-01 0.000000000e+00 0.000000000e+00 4.960961281e-18
4.960961281e-18 4.960961281e-18 4.624458046e-04 0.000000000e+00 0.000000000e+00 9.138168812e-04
4.960961281e-18 4.960961281e-18 2.936347827e-03 0.000000000e+00 5.802375514e-03 1.710090733e-03
4.960961281e-18 4.960961281e-18 0.000000000e+00 1.068806708e-04 6.786499571e-04 4.960961281e-18
4.960961281e-18 4.960961281e-18 4.960961281e-18 1.068806708e-04 4.960961281e-18 1.068806708e-04
4.960961281e-18 4.960961281e-18 4.960961281e-18 4.960961281e-18 4.960961281e-18 1.068806708e-04

