9.532520739e-18 2.998288916e-02 1.304030494e-03 7.597361137e-03 6.277675969e-03 9.532520739e-18
8.280077512e-03 0.000000000e+00 3.986075775e-02 5.175048445e-04 9.532520739e-18 9.532520739e-18
1.581875219e-02 9.532520739e-18 3.851834087e-01 1.304030494e-03 9.532520739e-18 5.175048445e-04
5.175048445e-04 1.366373676e-01 9.027539614e-02 2.053719337e-04 9.532520739e-18 1.755905333e-03
5.175048445e-04 1.304030494e-03 9.532520739e-18 9.532520739e-18 9.532520739e-18 5.175048445e-04
8.406133481e-02 1.755905333e-03 1.304030494e-03 8.406133481e-02 1.004428155e-01 9.532520739e-18

3.625837117e-04 1.438914413e-04 6.225821083e-04 6.225821083e-04 1.230254518e-03 9.136537014e-04
1.438914413e-04 0.000000000e+00 8.052066205e-01 1.438914413e-04 6.678849073e-18 9.136537014e-04
2.302263061e-03 0.000000000e+00 0.000000000e+00 1.438914413e-04 6.678849073e-18 3.625837117e-04
8.336697102e-03 6.678849073e-18 9.573337218e-02 3.625837117e-04 6.678849073e-18 2.693756335e-03
6.678849073e-18 6.325039959e-02 2.302263061e-03 6.678849073e-18 3.520128708e-03 9.136537014e-04
1.230254518e-03 1.926780975e-03 1.230254518e-03 2.693756335e-03 2.693756335e-03 6.678849073e-18

9.226804450e-03 1.583712311e-03 8.885491195e-02 1.005594636e-02 7.058760152e-02 3.339850479e-03
2.494190598e-04 0.000000000e+00 2.494190598e-04 0.000000000e+00 6.284966472e-04 6.101733254e-03
5.728826283e-02 0.000000000e+00 0.000000000e+00 4.230517036e-02 6.284966472e-04 6.284966472e-04
6.252452057e-02 0.000000000e+00 1.659426541e-01 3.526209518e-02 2.494190598e-04 2.428912647e-02
6.101733254e-03 2.293779142e-01 3.339850479e-03 1.921147758e-02 1.264545437e-02 7.624079930e-03
1.005594636e-02 3.874359114e-02 1.176593138e-02 5.858655636e-02 1.921147758e-02 3.339850479e-03

1.177105848e-04 7.474156244e-04 7.474156244e-04 1.006411343e-03 1.883369356e-03 5.093041209e-04
1.177105848e-04 0.000000000e+00 0.000000000e+00 0.000000000e+00 5.093041209e-04 1.177105848e-04
2.966120871e-04 0.000000000e+00 0.000000000e+00 0.000000000e+00 1.177105848e-04 7.474156244e-04
7.474156244e-04 0.000000000e+00 3.922909785e-02 9.477797341e-01 1.177105848e-04 5.093041209e-04
1.177105848e-04 2.203630949e-03 1.177105848e-04 1.177105848e-04 1.177105848e-04 1.177105848e-04
1.177105848e-04 7.474156244e-04 5.093041209e-04 2.966120871e-04 1.177105848e-04 1.177105848e-04

