8.200758039e-18 8.200758039e-18 8.200758039e-18 8.200758039e-18 8.200758039e-18 8.200758039e-18
8.200758039e-18 1.766799761e-04 1.766799761e-04 7.337888385e-02 8.200758039e-18 8.200758039e-18
8.200758039e-18 8.200758039e-18 5.588162366e-02 3.344746393e-01 1.946073421e-02 8.200758039e-18
8.200758039e-18 7.766326462e-02 3.754739243e-01 8.200758039e-18 2.826879617e-03 8.200758039e-18
8.200758039e-18 8.200758039e-18 4.807881281e-02 1.223119774e-02 1.766799761e-04 8.200758039e-18
8.200758039e-18 8.200758039e-18 8.200758039e-18 8.200758039e-18 8.200758039e-18 8.200758039e-18

4.167029560e-04 7.675734077e-18 7.675734077e-18 7.675734077e-18 7.675734077e-18 7.675734077e-18
7.675734077e-18 2.116759990e-01 7.675734077e-18 0.000000000e+00 7.675734077e-18 7.675734077e-18
7.675734077e-18 7.675734077e-18 7.675734077e-18 3.627602796e-02 8.977593038e-03 7.675734077e-18
7.675734077e-18 1.317978318e-01 4.922586034e-01 0.000000000e+00 7.675734077e-18 7.675734077e-18
7.675734077e-18 7.675734077e-18 8.977593038e-03 7.675734077e-18 1.089041401e-01 7.675734077e-18
7.675734077e-18 7.675734077e-18 7.675734077e-18 7.675734077e-18 7.675734077e-18 7.155087130e-04

4.773780004e-18 4.773780004e-18 6.530439185e-04 4.773780004e-18 4.773780004e-18 4.773780004e-18
4.773780004e-18 0.000000000e+00 4.773780004e-18 0.000000000e+00 4.773780004e-18 4.773780004e-18
4.773780004e-18 4.773780004e-18 0.000000000e+00 1.121323012e-03 4.773780004e-18 4.773780004e-18
4.773780004e-18 4.773780004e-18 9.957007277e-01 0.000000000e+00 4.773780004e-18 4.773780004e-18
4.773780004e-18 4.773780004e-18 8.793377951e-04 4.773780004e-18 1.645567559e-03 4.773780004e-18
4.773780004e-18 4.773780004e-18 4.773780004e-18 4.773780004e-18 4.773780004e-18 4.773780004e-18

6.097483069e-18 6.097483069e-18 0.000000000e+00 6.097483069e-18 6.097483069e-18 6.097483069e-18
6.097483069e-18 0.000000000e+00 0.000000000e+00 0.000000000e+00 6.097483069e-18 6.097483069e-18
6.097483069e-18 6.097483069e-18 0.000000000e+00 1.313662905e-04 2.814500342e-02 6.097483069e-18
6.097483069e-18 6.097483069e-18 6.885331997e-01 0.000000000e+00 6.097483069e-18 6.097483069e-18
6.097483069e-18 6.097483069e-18 4.015519502e-03 6.097483069e-18 6.097483069e-18 6.097483069e-18
6.097483069e-18 6.097483069e-18 6.097483069e-18 6.097483069e-18 6.097483069e-18 2.791749111e-01

4.952026451e-18 4.952026451e-18 0.000000000e+00 4.952026451e-18 4.952026451e-18 4.952026451e-18
4.952026451e-18 0.000000000e+00 0.000000000e+00 0.000000000e+00 4.952026451e-18 4.952026451e-18
4.952026451e-18 4.952026451e-18 0.000000000e+00 4.952026451e-18 4.952026451e-18 4.952026451e-18
4.952026451e-18 1.707010811e-03 4.952026451e-18 0.000000000e+00 2.285775947e-02 4.952026451e-18
4.952026451e-18 4.952026451e-18 9.754352297e-01 4.952026451e-18 0.000000000e+00 4.952026451e-18
4.952026451e-18 4.952026451e-18 4.952026451e-18 4.952026451e-18 4.952026451e-18 0.000000000e+00

3.917969513e-02 3.917969513e-02 0.000000000e+00 3.917969513e-02 3.917969513e-02 3.917969513e-02
3.917969513e-02 0.000000000e+00 0.000000000e+00 0.000000000e+00 3.917969513e-02 3.917969513e-02
3.917969513e-02 3.917969513e-02 0.000000000e+00 3.917969513e-02 3.917969513e-02 3.784597560e-02
3.784597560e-02 0.000000000e+00 0.000000000e+00 0.000000000e+00 3.784597560e-02 3.784597560e-02
3.784597560e-02 3.784597560e-02 3.784597560e-02 3.784597560e-02 0.000000000e+00 3.784597560e-02
3.784597560e-02 3.784597560e-02 3.784597560e-02 3.784597560e-02 3.784597560e-02 0.000000000e+00

