7.461337435e-18 7.461337435e-18 7.461337435e-18 7.461337435e-18 7.461337435e-18 7.461337435e-18
7.461337435e-18 6.955233065e-04 4.050637156e-04 1.565425028e-02 7.461337435e-18 7.461337435e-18
7.461337435e-18 4.050637156e-04 7.461337435e-18 2.599382885e-01 1.981917839e-02 7.461337435e-18
7.461337435e-18 5.174894150e-02 5.576151879e-01 4.287544052e-02 7.461337435e-18 7.461337435e-18
7.461337435e-18 7.461337435e-18 5.084306214e-02 7.461337435e-18 7.461337435e-18 7.461337435e-18
7.461337435e-18 7.461337435e-18 7.461337435e-18 7.461337435e-18 7.461337435e-18 7.461337435e-18

6.793210809e-18 6.793210809e-18 6.793210809e-18 0.000000000e+00 6.793210809e-18 6.793210809e-18
6.793210809e-18 6.793210809e-18 6.793210809e-18 6.793210809e-18 6.793210809e-18 6.793210809e-18
6.332425634e-04 3.136816861e-01 0.000000000e+00 6.793210809e-18 3.270289801e-01 6.793210809e-18
6.793210809e-18 6.793210809e-18 3.555029621e-01 6.793210809e-18 3.153129144e-03 6.793210809e-18
6.793210809e-18 6.793210809e-18 6.793210809e-18 6.793210809e-18 6.793210809e-18 6.793210809e-18
6.793210809e-18 6.793210809e-18 6.793210809e-18 6.793210809e-18 6.793210809e-18 6.793210809e-18

5.852712265e-18 5.852712265e-18 5.852712265e-18 0.000000000e+00 5.852712265e-18 5.852712265e-18
5.852712265e-18 5.852712265e-18 5.852712265e-18 5.852712265e-18 5.852712265e-18 5.852712265e-18
5.326789760e-01 5.852712265e-18 0.000000000e+00 0.000000000e+00 4.673210240e-01 5.852712265e-18
5.852712265e-18 5.852712265e-18 5.852712265e-18 0.000000000e+00 5.852712265e-18 5.852712265e-18
5.852712265e-18 5.852712265e-18 5.852712265e-18 5.852712265e-18 5.852712265e-18 5.852712265e-18
5.852712265e-18 5.852712265e-18 5.852712265e-18 5.852712265e-18 5.852712265e-18 5.852712265e-18

6.293652663e-18 6.293652663e-18 6.293652663e-18 0.000000000e+00 6.293652663e-18 6.293652663e-18
6.293652663e-18 6.293652663e-18 6.293652663e-18 6.293652663e-18 6.293652663e-18 6.293652663e-18
5.309370549e-01 0.000000000e+00 0.000000000e+00 0.000000000e+00 4.387116435e-01 5.016002951e-03
1.098300354e-02 6.293652663e-18 6.293652663e-18 0.000000000e+00 1.435229518e-02 6.293652663e-18
6.293652663e-18 6.293652663e-18 6.293652663e-18 0.000000000e+00 6.293652663e-18 6.293652663e-18
6.293652663e-18 6.293652663e-18 6.293652663e-18 6.293652663e-18 6.293652663e-18 6.293652663e-18

