9.608764045e-18 5.687339978e-03 9.608764045e-18 1.676817822e-02 1.769949470e-03 9.608764045e-18
8.956999196e-04 0.000000000e+00 1.769949470e-03 1.843250391e-01 5.216439680e-04 5.216439680e-04
9.608764045e-18 2.070145459e-04 1.490575331e-01 9.608764045e-18 1.679289785e-01 1.513285511e-02
2.070145459e-04 9.608764045e-18 1.171147281e-01 2.041821406e-01 4.541165570e-02 9.608764045e-18
9.608764045e-18 9.608764045e-18 9.608764045e-18 1.314460432e-03 9.608764045e-18 1.314460432e-03
9.608764045e-18 2.772032061e-03 2.257022366e-03 2.257022366e-03 7.858363802e-02 9.608764045e-18

5.348688065e-03 2.200670670e-02 6.989522462e-03 1.747688680e-01 1.655323895e-02 1.448534109e-02
2.200670670e-02 0.000000000e+00 2.782314270e-02 1.236191058e-03 4.039265501e-02 3.778708589e-02
4.571344038e-03 0.000000000e+00 3.522569389e-02 0.000000000e+00 3.146993269e-02 4.039265501e-02
3.650077230e-02 1.761249296e-02 1.868792314e-02 1.766659439e-01 2.088545477e-02 1.248885107e-02
2.902622534e-02 3.024190730e-02 6.989522462e-03 1.151906516e-02 9.640390785e-03 1.151906516e-02
3.146993269e-02 3.146993269e-02 2.663292898e-02 1.655323895e-02 1.448534109e-02 1.655323895e-02

1.804174510e-03 2.215852913e-03 4.683195952e-02 2.215852913e-03 7.680866357e-02 4.546234884e-03
1.050727738e-03 0.000000000e+00 2.570477326e-02 0.000000000e+00 7.765825374e-01 3.565142352e-03
3.565142352e-03 0.000000000e+00 0.000000000e+00 0.000000000e+00 3.097896386e-03 3.565142352e-03
3.565142352e-03 4.048248114e-03 7.159871286e-04 2.215852913e-03 2.215852913e-03 2.215852913e-03
2.647667989e-03 4.048248114e-03 3.097896386e-03 1.050727738e-03 1.804174510e-03 2.647667989e-03
3.097896386e-03 3.565142352e-03 3.097896386e-03 3.097896386e-03 3.097896386e-03 2.215852913e-03

