7.312828517e-18 7.312828517e-18 7.312828517e-18 7.312828517e-18 7.312828517e-18 7.312828517e-18
7.312828517e-18 7.312828517e-18 3.375484299e-02 6.816797544e-04 7.312828517e-18 7.312828517e-18
7.312828517e-18 2.083714428e-02 1.222292563e-01 7.312828517e-18 3.970014111e-04 7.312828517e-18
7.312828517e-18 7.312828517e-18 5.795947429e-02 6.740513025e-01 4.806724190e-02 7.312828517e-18
7.312828517e-18 7.312828517e-18 7.312828517e-18 4.202205662e-02 7.312828517e-18 7.312828517e-18
7.312828517e-18 7.312828517e-18 7.312828517e-18 7.312828517e-18 7.312828517e-18 7.312828517e-18

7.344024525e-18 7.344024525e-18 7.344024525e-18 3.986949910e-04 7.344024525e-18 7.344024525e-18
7.344024525e-18 7.344024525e-18 7.344024525e-18 2.229656186e-01 7.344024525e-18 7.344024525e-18
7.344024525e-18 1.106588102e-01 3.666593303e-01 0.000000000e+00 7.344024525e-18 7.344024525e-18
7.344024525e-18 7.344024525e-18 0.000000000e+00 7.344024525e-18 7.344024525e-18 7.344024525e-18
7.344024525e-18 7.344024525e-18 7.344024525e-18 2.939788133e-01 7.344024525e-18 7.344024525e-18
7.344024525e-18 7.344024525e-18 7.344024525e-18 5.338732564e-03 7.344024525e-18 7.344024525e-18

6.161948525e-18 6.161948525e-18 6.161948525e-18 3.327914286e-02 6.161948525e-18 6.161948525e-18
6.161948525e-18 3.647201245e-03 6.161948525e-18 3.829853128e-02 6.161948525e-18 6.161948525e-18
2.485276683e-03 6.161948525e-18 8.853735601e-01 0.000000000e+00 3.647201245e-03 5.743982028e-04
2.124082506e-03 7.691489633e-03 0.000000000e+00 0.000000000e+00 1.462255585e-02 6.161948525e-18
6.161948525e-18 2.124082506e-03 6.161948525e-18 0.000000000e+00 6.161948525e-18 6.161948525e-18
6.161948525e-18 6.161948525e-18 3.647201245e-03 6.161948525e-18 2.485276683e-03 6.161948525e-18

9.261383675e-18 9.261383675e-18 4.686812110e-02 1.436687379e-01 9.261383675e-18 9.261383675e-18
9.261383675e-18 4.791251736e-02 6.198950512e-02 1.077208834e-01 9.261383675e-18 9.261383675e-18
9.261383675e-18 0.000000000e+00 0.000000000e+00 0.000000000e+00 3.277193999e-01 1.194143090e-01
5.027852601e-04 4.791251736e-02 0.000000000e+00 0.000000000e+00 9.261383675e-18 9.261383675e-18
9.261383675e-18 9.261383675e-18 9.261383675e-18 0.000000000e+00 5.027852601e-04 9.261383675e-18
9.261383675e-18 9.261383675e-02 2.671816308e-03 9.261383675e-18 5.027852601e-04 9.261383675e-18

5.695285038e-18 5.695285038e-18 1.227011966e-04 7.791040340e-04 5.695285038e-18 5.695285038e-18
5.695285038e-18 5.695285038e-18 0.000000000e+00 8.569851097e-01 5.695285038e-18 5.695285038e-18
5.695285038e-18 0.000000000e+00 0.000000000e+00 0.000000000e+00 1.210223797e-01 2.297058966e-03
5.695285038e-18 5.695285038e-18 0.000000000e+00 0.000000000e+00 5.695285038e-18 5.695285038e-18
5.695285038e-18 5.695285038e-18 0.000000000e+00 0.000000000e+00 3.091876408e-04 5.695285038e-18
5.695285038e-18 1.848445876e-02 5.695285038e-18 5.695285038e-18 5.695285038e-18 5.695285038e-18

6.189134000e-18 6.189134000e-18 0.000000000e+00 1.335128978e-01 6.189134000e-18 6.189134000e-18
6.189134000e-18 6.189134000e-18 0.000000000e+00 6.189134000e-18 6.189134000e-18 0.000000000e+00
6.189134000e-18 0.000000000e+00 0.000000000e+00 0.000000000e+00 1.158216806e-01 6.189134000e-18
6.189134000e-18 7.461662357e-01 0.000000000e+00 0.000000000e+00 6.189134000e-18 6.189134000e-18
6.189134000e-18 6.189134000e-18 0.000000000e+00 0.000000000e+00 6.189134000e-18 6.189134000e-18
6.189134000e-18 4.499185850e-03 6.189134000e-18 6.189134000e-18 6.189134000e-18 6.189134000e-18

1.743419883e-03 5.602093034e-03 0.000000000e+00 4.265064220e-02 1.342867383e-01 9.464739286e-18
9.464739286e-18 2.227307213e-01 0.000000000e+00 0.000000000e+00 3.453402703e-01 0.000000000e+00
5.994962265e-02 0.000000000e+00 0.000000000e+00 0.000000000e+00 0.000000000e+00 5.438768450e-02
4.988449373e-03 5.548919091e-02 0.000000000e+00 0.000000000e+00 3.756084275e-02 1.294758122e-03
2.730482362e-03 4.393142818e-03 0.000000000e+00 0.000000000e+00 1.411638987e-02 2.039116265e-04
1.294758122e-03 4.988449373e-03 1.294758122e-03 9.464739286e-18 2.730482362e-03 2.223192094e-03

