6.518960590e-18 6.518960590e-18 6.518960590e-18 6.518960590e-18 6.518960590e-18 6.518960590e-18
6.518960590e-18 6.518960590e-18 6.191198223e-01 1.404467484e-04 3.539036294e-04 6.518960590e-18
6.518960590e-18 1.404467484e-04 0.000000000e+00 6.518960590e-18 1.404467484e-04 6.518960590e-18
6.518960590e-18 3.539036294e-04 2.808061445e-01 6.625342929e-03 9.154429883e-02 6.518960590e-18
6.518960590e-18 1.404467484e-04 1.404467484e-04 3.539036294e-04 1.404467484e-04 6.518960590e-18
6.518960590e-18 6.518960590e-18 6.518960590e-18 6.518960590e-18 6.518960590e-18 6.518960590e-18

6.580299788e-18 6.580299788e-18 6.580299788e-18 1.417682613e-04 6.580299788e-18 6.580299788e-18
6.580299788e-18 1.417682613e-04 1.366597066e-01 0.000000000e+00 7.543329445e-01 1.417682613e-04
6.580299788e-18 1.417682613e-04 0.000000000e+00 0.000000000e+00 6.196944049e-03 6.580299788e-18
6.580299788e-18 8.213685556e-03 3.182851217e-02 9.001723487e-04 6.059212047e-02 6.580299788e-18
1.417682613e-04 1.417682613e-04 1.417682613e-04 1.417682613e-04 6.580299788e-18 6.580299788e-18
6.580299788e-18 6.580299788e-18 6.580299788e-18 6.580299788e-18 6.580299788e-18 1.417682613e-04

8.230754375e-04 1.902295448e-04 8.230754375e-04 8.230754375e-04 0.000000000e+00 8.230754375e-04
1.902295448e-04 4.793484155e-04 4.233224641e-01 0.000000000e+00 1.990834077e-01 3.561240588e-03
1.919031086e-01 8.230754375e-04 0.000000000e+00 0.000000000e+00 6.231590914e-02 1.902295448e-04
1.902295448e-04 0.000000000e+00 8.315273348e-03 2.865734218e-02 2.261246822e-02 1.207882318e-03
4.793484155e-04 1.932611708e-02 1.852508575e-02 5.226203261e-03 1.902295448e-04 1.902295448e-04
1.626439729e-03 6.418723719e-03 1.902295448e-04 4.793484155e-04 1.902295448e-04 8.230754375e-04

3.805220431e-03 1.766226867e-04 7.642019817e-04 1.121484154e-03 0.000000000e+00 2.365069314e-03
4.450612816e-04 1.121484154e-03 7.120980505e-03 0.000000000e+00 4.852380119e-03 1.121484154e-03
3.340463428e-02 1.766226867e-04 0.000000000e+00 0.000000000e+00 2.099502942e-02 1.766226867e-04
2.648922242e-01 0.000000000e+00 1.510102729e-03 0.000000000e+00 5.555359996e-01 4.320858725e-03
0.000000000e+00 7.720493265e-03 3.694282244e-02 1.023306061e-02 1.766226867e-04 1.766226867e-04
2.825962986e-03 1.925668326e-03 4.450612816e-04 1.121484154e-03 3.340463428e-02 1.121484154e-03

3.832629941e-02 3.698745002e-02 3.698745002e-02 3.698745002e-02 0.000000000e+00 3.698745002e-02
3.698745002e-02 3.698745002e-02 3.698745002e-02 0.000000000e+00 3.698745002e-02 3.698745002e-02
3.698745002e-02 3.698745002e-02 0.000000000e+00 0.000000000e+00 3.698745002e-02 3.698745002e-02
3.698745002e-02 0.000000000e+00 0.000000000e+00 0.000000000e+00 3.698745002e-02 3.698745002e-02
0.000000000e+00 3.698745002e-02 3.698745002e-02 3.698745002e-02 0.000000000e+00 3.698745002e-02
3.698745002e-02 3.698745002e-02 3.698745002e-02 3.698745002e-02 3.698745002e-02 3.698745002e-02

4.000000000e-02 4.000000000e-02 4.000000000e-02 4.000000000e-02 0.000000000e+00 4.000000000e-02
4.000000000e-02 4.000000000e-02 4.000000000e-02 0.000000000e+00 4.000000000e-02 4.000000000e-02
4.000000000e-02 4.000000000e-02 0.000000000e+00 0.000000000e+00 4.000000000e-02 4.000000000e-02
0.000000000e+00 0.000000000e+00 0.000000000e+00 0.000000000e+00 4.000000000e-02 0.000000000e+00
0.000000000e+00 4.000000000e-02 4.000000000e-02 4.000000000e-02 0.000000000e+00 4.000000000e-02
4.000000000e-02 4.000000000e-02 4.000000000e-02 4.000000000e-02 4.000000000e-02 4.000000000e-02

4.417400516e-02 4.417400516e-02 4.284049527e-02 4.417400516e-02 0.000000000e+00 4.417400516e-02
4.417400516e-02 4.417400516e-02 0.000000000e+00 0.000000000e+00 4.417400516e-02 4.417400516e-02
4.417400516e-02 4.417400516e-02 0.000000000e+00 0.000000000e+00 4.417400516e-02 4.284049527e-02
0.000000000e+00 0.000000000e+00 0.000000000e+00 0.000000000e+00 0.000000000e+00 0.000000000e+00
0.000000000e+00 4.284049527e-02 4.284049527e-02 4.284049527e-02 0.000000000e+00 4.284049527e-02
4.284049527e-02 4.284049527e-02 4.284049527e-02 4.284049527e-02 4.284049527e-02 4.284049527e-02

