1.337107289e-04 1.337107289e-04 1.083056904e-02 1.337107289e-04 1.337107289e-04 1.337107289e-04
1.337107289e-04 1.337107289e-04 7.564442199e-02 8.490102071e-04 6.206302263e-18 1.337107289e-04
4.511666306e-03 3.422994661e-02 6.206302263e-18 8.596708129e-01 1.337107289e-04 1.337107289e-04
1.337107289e-04 5.785327241e-04 8.745877118e-03 3.369299240e-04 6.206302263e-18 1.337107289e-04
1.337107289e-04 6.206302263e-18 1.337107289e-04 6.206302263e-18 6.206302263e-18 3.369299240e-04
6.206302263e-18 8.490102071e-04 1.337107289e-04 1.143210651e-03 1.337107289e-04 1.337107289e-04

8.322054752e-18 8.322054752e-18 1.792932345e-04 0.000000000e+00 8.322054752e-18 8.322054752e-18
8.322054752e-18 1.792932345e-04 2.366769997e-01 2.497336309e-01 8.322054752e-18 1.792932345e-04
7.757567712e-04 1.583375503e-01 0.000000000e+00 8.322054752e-18 1.596420789e-01 1.792932345e-04
8.322054752e-18 8.322054752e-18 1.531463620e-01 4.025327561e-02 8.322054752e-18 8.322054752e-18
8.322054752e-18 8.322054752e-18 8.322054752e-18 8.322054752e-18 8.322054752e-18 1.792932345e-04
1.792932345e-04 8.322054752e-18 1.792932345e-04 8.322054752e-18 1.792932345e-04 8.322054752e-18

5.774131925e-18 5.774131925e-18 5.774131925e-18 0.000000000e+00 5.774131925e-18 5.774131925e-18
5.774131925e-18 5.774131925e-18 3.056707892e-01 5.774131925e-18 5.774131925e-18 5.774131925e-18
1.063604195e-03 5.774131925e-18 0.000000000e+00 0.000000000e+00 5.774131925e-18 5.774131925e-18
5.774131925e-18 5.774131925e-18 6.932656066e-01 0.000000000e+00 5.774131925e-18 5.774131925e-18
5.774131925e-18 5.774131925e-18 5.774131925e-18 5.774131925e-18 5.774131925e-18 5.774131925e-18
5.774131925e-18 5.774131925e-18 5.774131925e-18 5.774131925e-18 5.774131925e-18 5.774131925e-18

4.647784847e-18 4.647784847e-18 4.647784847e-18 0.000000000e+00 4.647784847e-18 4.647784847e-18
4.647784847e-18 4.647784847e-18 4.647784847e-18 4.647784847e-18 4.647784847e-18 4.647784847e-18
4.647784847e-18 0.000000000e+00 0.000000000e+00 0.000000000e+00 4.647784847e-18 4.647784847e-18
4.647784847e-18 4.647784847e-18 1.000000000e+00 0.000000000e+00 4.647784847e-18 4.647784847e-18
4.647784847e-18 4.647784847e-18 4.647784847e-18 0.000000000e+00 4.647784847e-18 4.647784847e-18
4.647784847e-18 4.647784847e-18 4.647784847e-18 4.647784847e-18 4.647784847e-18 4.647784847e-18

