8.228047915e-18 8.228047915e-18 8.228047915e-18 8.228047915e-18 8.228047915e-18 8.228047915e-18
8.228047915e-18 8.228047915e-18 9.684296332e-02 2.373709304e-03 4.466871642e-04 8.228047915e-18
8.228047915e-18 6.938629661e-02 2.325798772e-01 3.797934887e-02 8.228047915e-18 8.228047915e-18
8.228047915e-18 4.466871642e-04 8.228047915e-18 4.405755209e-01 5.907761428e-02 8.228047915e-18
8.228047915e-18 4.466871642e-04 7.669937383e-04 5.907761428e-02 8.228047915e-18 8.228047915e-18
8.228047915e-18 8.228047915e-18 8.228047915e-18 8.228047915e-18 8.228047915e-18 8.228047915e-18

6.063107626e-18 6.063107626e-18 6.063107626e-18 6.063107626e-18 6.063107626e-18 6.063107626e-18
6.063107626e-18 6.063107626e-18 1.116833974e-03 6.063107626e-18 6.063107626e-18 6.063107626e-18
6.063107626e-18 6.063107626e-18 5.972117350e-01 6.063107626e-18 6.063107626e-18 6.063107626e-18
6.063107626e-18 6.063107626e-18 0.000000000e+00 3.849833369e-01 6.063107626e-18 6.063107626e-18
6.063107626e-18 6.063107626e-18 6.063107626e-18 6.063107626e-18 0.000000000e+00 6.063107626e-18
6.063107626e-18 6.063107626e-18 1.668809409e-02 6.063107626e-18 6.063107626e-18 6.063107626e-18

5.509920911e-18 5.509920911e-18 5.509920911e-18 5.509920911e-18 5.509920911e-18 5.509920911e-18
5.509920911e-18 5.509920911e-18 5.509920911e-18 1.187076475e-04 1.187076475e-04 5.509920911e-18
5.509920911e-18 5.509920911e-18 0.000000000e+00 1.179713059e-01 5.509920911e-18 5.509920911e-18
5.509920911e-18 1.187076475e-04 0.000000000e+00 8.757150000e-01 5.509920911e-18 5.509920911e-18
2.991245278e-04 5.509920911e-18 0.000000000e+00 4.785992444e-03 0.000000000e+00 5.509920911e-18
7.537465781e-04 5.509920911e-18 1.187076475e-04 5.509920911e-18 5.509920911e-18 5.509920911e-18

6.088917978e-18 1.311817612e-04 1.311817612e-04 6.088917978e-18 6.088917978e-18 1.311817612e-04
6.088917978e-18 4.852830650e-03 1.311817612e-04 1.311817612e-04 2.288381564e-02 6.088917978e-18
6.088917978e-18 6.088917978e-18 0.000000000e+00 2.826225370e-03 6.088917978e-18 6.088917978e-18
6.088917978e-18 1.311817612e-04 0.000000000e+00 0.000000000e+00 6.088917978e-18 6.088917978e-18
2.677514329e-02 0.000000000e+00 0.000000000e+00 8.638333360e-01 0.000000000e+00 3.305573245e-04
7.600331180e-03 6.088917978e-18 6.997948825e-02 6.088917978e-18 1.311817612e-04 6.088917978e-18

