8.200758039e-18 8.200758039e-18 8.200758039e-18 8.200758039e-18 8.200758039e-18 8.200758039e-18
8.200758039e-18 1.766799761e-04 1.766799761e-04 7.337888385e-02 8.200758039e-18 8.200758039e-18
8.200758039e-18 8.200758039e-18 5.588162366e-02 3.344746393e-01 1.946073421e-02 8.200758039e-18
8.200758039e-18 7.766326462e-02 3.754739243e-01 8.200758039e-18 2.826879617e-03 8.200758039e-18
8.200758039e-18 8.200758039e-18 4.807881281e-02 1.223119774e-02 1.766799761e-04 8.200758039e-18
8.200758039e-18 8.200758039e-18 8.200758039e-18 8.200758039e-18 8.200758039e-18 8.200758039e-18

6.642564553e-18 6.642564553e-18 6.642564553e-18 3.606138849e-04 6.642564553e-18 6.642564553e-18
6.642564553e-18 6.642564553e-18 6.642564553e-18 1.684989479e-01 6.642564553e-18 6.642564553e-18
6.642564553e-18 6.642564553e-18 4.572857735e-01 6.642564553e-18 6.642564553e-18 6.642564553e-18
6.642564553e-18 6.642564553e-18 0.000000000e+00 0.000000000e+00 6.642564553e-18 6.642564553e-18
6.642564553e-18 6.642564553e-18 6.642564553e-18 3.719383515e-01 6.642564553e-18 6.642564553e-18
6.642564553e-18 6.642564553e-18 6.642564553e-18 1.916313255e-03 6.642564553e-18 6.642564553e-18

4.893278165e-18 4.893278165e-18 4.893278165e-18 4.893278165e-18 4.893278165e-18 4.893278165e-18
4.893278165e-18 4.893278165e-18 4.893278165e-18 9.790121607e-01 4.893278165e-18 4.893278165e-18
4.893278165e-18 2.098783932e-02 4.893278165e-18 0.000000000e+00 4.893278165e-18 4.893278165e-18
4.893278165e-18 4.893278165e-18 0.000000000e+00 0.000000000e+00 4.893278165e-18 4.893278165e-18
4.893278165e-18 4.893278165e-18 4.893278165e-18 0.000000000e+00 4.893278165e-18 4.893278165e-18
4.893278165e-18 4.893278165e-18 4.893278165e-18 4.893278165e-18 4.893278165e-18 4.893278165e-18

5.092626746e-18 5.092626746e-18 5.092626746e-18 0.000000000e+00 5.092626746e-18 5.092626746e-18
5.092626746e-18 5.092626746e-18 1.500911787e-02 0.000000000e+00 5.092626746e-18 5.092626746e-18
1.196217579e-03 5.092626746e-18 9.717835651e-01 0.000000000e+00 3.014279417e-03 5.092626746e-18
5.092626746e-18 8.887102697e-03 0.000000000e+00 0.000000000e+00 5.092626746e-18 5.092626746e-18
5.092626746e-18 5.092626746e-18 5.092626746e-18 0.000000000e+00 5.092626746e-18 5.092626746e-18
5.092626746e-18 5.092626746e-18 5.092626746e-18 5.092626746e-18 1.097173173e-04 5.092626746e-18

7.075118161e-03 5.316329741e-02 1.074342017e-17 0.000000000e+00 1.978954915e-03 1.173493519e-02
8.562440627e-03 2.111640640e-01 1.074342017e-17 0.000000000e+00 1.074342017e-17 3.703359536e-03
1.074342017e-17 0.000000000e+00 0.000000000e+00 0.000000000e+00 3.703359536e-03 1.011752896e-02
1.294413443e-01 9.331881268e-03 0.000000000e+00 0.000000000e+00 6.550503484e-02 1.074342017e-17
5.662386039e-03 1.017429217e-01 1.400518990e-01 0.000000000e+00 4.377600538e-02 2.649923196e-02
3.703359536e-03 3.099368972e-03 1.385233720e-01 8.562440627e-03 1.978954915e-03 1.091874109e-02

8.333359382e-03 4.747476425e-02 2.767732975e-03 0.000000000e+00 3.307095862e-03 4.534122772e-02
2.099874980e-02 3.307095862e-03 0.000000000e+00 0.000000000e+00 5.056504307e-03 6.318072489e-03
4.453076281e-03 0.000000000e+00 0.000000000e+00 0.000000000e+00 1.674217280e-02 1.674217280e-02
5.809113664e-01 2.012839098e-02 0.000000000e+00 0.000000000e+00 8.834133123e-02 1.510938588e-02
4.453076281e-03 2.767732975e-03 0.000000000e+00 0.000000000e+00 1.274159243e-02 4.323250370e-02
5.678519603e-03 4.453076281e-03 1.312421863e-03 1.757400894e-02 1.197528508e-02 1.047928381e-02

2.124065857e-03 2.969572531e-03 2.124065857e-03 0.000000000e+00 2.124065857e-03 2.124065857e-03
2.124065857e-03 2.124065857e-03 0.000000000e+00 0.000000000e+00 5.352310569e-03 2.124065857e-03
2.124065857e-03 0.000000000e+00 0.000000000e+00 0.000000000e+00 8.611469192e-03 2.124065857e-03
5.583744333e-01 3.690600198e-01 0.000000000e+00 0.000000000e+00 6.395343878e-03 5.868029251e-03
0.000000000e+00 2.124065857e-03 0.000000000e+00 0.000000000e+00 1.729440368e-03 9.778393252e-03
2.124065857e-03 2.124065857e-03 0.000000000e+00 2.124065857e-03 2.124065857e-03 2.124065857e-03

