8.991997861e-18 8.382068414e-04 7.166567686e-03 1.230088004e-03 2.986090765e-01 8.991997861e-18
8.991997861e-18 8.991997861e-18 8.991997861e-18 8.515650699e-02 1.543990203e-01 4.739288081e-03
8.991997861e-18 8.991997861e-18 1.051710450e-02 1.328401200e-01 8.991997861e-18 1.223724312e-01
8.991997861e-18 8.991997861e-18 4.881607481e-04 1.710840599e-01 0.000000000e+00 5.921712675e-03
8.991997861e-18 8.991997861e-18 1.937267213e-04 8.991997861e-18 1.937267213e-04 4.881607481e-04
8.991997861e-18 1.230088004e-03 1.656340168e-03 1.937267213e-04 1.937267213e-04 4.881607481e-04

3.298521144e-03 2.450582290e-02 2.061575715e-04 2.061575715e-04 4.628461061e-02 5.663796199e-03
2.007620160e-02 2.061575715e-04 2.061575715e-04 4.416890767e-02 5.610036582e-02 4.441530236e-03
8.919920067e-04 3.298521144e-03 8.069429887e-02 5.654378844e-01 0.000000000e+00 3.596286418e-02
4.441530236e-03 9.725142264e-03 2.061575715e-04 0.000000000e+00 0.000000000e+00 2.061575715e-04
1.762622442e-03 1.309018983e-03 2.007620160e-02 3.496738057e-02 1.507020990e-02 8.919920067e-04
5.194845278e-04 1.309018983e-03 3.298521144e-03 5.043393679e-03 5.663796199e-03 3.859425265e-03

6.246276226e-03 6.848132433e-03 3.465563154e-03 8.009624284e-04 5.658590612e-03 5.085794405e-03
4.528705211e-03 3.465563154e-03 9.520990803e-02 9.385453729e-03 1.210842306e-02 5.658590612e-03
4.664700870e-04 9.994041961e-02 1.851187767e-04 6.688032280e-01 0.000000000e+00 5.658590612e-03
2.961900427e-03 5.085794405e-03 0.000000000e+00 0.000000000e+00 0.000000000e+00 4.528705211e-03
6.848132433e-03 2.478836363e-03 1.072530204e-02 6.848132433e-03 0.000000000e+00 1.175430963e-03
3.988263143e-03 5.658590612e-03 2.478836363e-03 5.085794405e-03 5.658590612e-03 2.961900427e-03

5.845363754e-18 5.845363754e-18 5.845363754e-18 5.845363754e-18 5.845363754e-18 5.845363754e-18
5.845363754e-18 5.845363754e-18 8.066693800e-01 1.512348102e-01 5.845363754e-18 5.845363754e-18
5.845363754e-18 4.196987534e-02 0.000000000e+00 5.845363754e-18 0.000000000e+00 5.845363754e-18
5.845363754e-18 5.845363754e-18 0.000000000e+00 0.000000000e+00 0.000000000e+00 5.845363754e-18
5.845363754e-18 5.845363754e-18 1.259345445e-04 0.000000000e+00 0.000000000e+00 5.845363754e-18
5.845363754e-18 5.845363754e-18 5.845363754e-18 5.845363754e-18 5.845363754e-18 5.845363754e-18

