5.433141049e-04 5.828488898e-18 1.255709867e-04 1.255709867e-04 5.828488898e-18 5.828488898e-18
3.050170422e-01 5.828488898e-18 5.828488898e-18 5.828488898e-18 5.828488898e-18 5.828488898e-18
5.828488898e-18 1.369065755e-03 5.828488898e-18 5.828488898e-18 5.828488898e-18 1.255709867e-04
6.925682940e-01 5.828488898e-18 5.828488898e-18 5.828488898e-18 5.828488898e-18 5.828488898e-18
5.828488898e-18 5.828488898e-18 5.828488898e-18 5.828488898e-18 5.828488898e-18 5.828488898e-18
5.828488898e-18 5.828488898e-18 1.255709867e-04 5.828488898e-18 5.828488898e-18 5.828488898e-18

2.021031243e-01 3.084702860e-04 5.682071250e-18 5.682071250e-18 5.682071250e-18 5.682071250e-18
5.682071250e-18 5.296654947e-04 5.682071250e-18 5.682071250e-18 5.682071250e-18 1.046646473e-03
0.000000000e+00 1.639220570e-03 5.682071250e-18 5.682071250e-18 5.682071250e-18 0.000000000e+00
7.943728729e-01 5.682071250e-18 5.682071250e-18 5.682071250e-18 5.682071250e-18 5.682071250e-18
5.682071250e-18 5.682071250e-18 5.682071250e-18 5.682071250e-18 5.682071250e-18 5.682071250e-18
5.682071250e-18 5.682071250e-18 5.682071250e-18 5.682071250e-18 5.682071250e-18 5.682071250e-18

5.885105588e-18 3.875657545e-03 5.885105588e-18 5.885105588e-18 5.885105588e-18 5.885105588e-18
0.000000000e+00 3.151213370e-01 5.885105588e-18 5.885105588e-18 5.885105588e-18 5.885105588e-18
0.000000000e+00 2.028652101e-03 5.885105588e-18 5.885105588e-18 5.885105588e-18 0.000000000e+00
6.789743533e-01 5.885105588e-18 0.000000000e+00 5.885105588e-18 5.885105588e-18 5.885105588e-18
5.885105588e-18 5.885105588e-18 5.885105588e-18 5.885105588e-18 5.885105588e-18 5.885105588e-18
5.885105588e-18 5.885105588e-18 5.885105588e-18 5.885105588e-18 5.885105588e-18 5.885105588e-18

0.000000000e+00 4.647784847e-18 4.647784847e-18 4.647784847e-18 4.647784847e-18 4.647784847e-18
0.000000000e+00 0.000000000e+00 4.647784847e-18 4.647784847e-18 4.647784847e-18 4.647784847e-18
0.000000000e+00 4.647784847e-18 4.647784847e-18 4.647784847e-18 4.647784847e-18 0.000000000e+00
1.000000000e+00 4.647784847e-18 0.000000000e+00 4.647784847e-18 4.647784847e-18 4.647784847e-18
4.647784847e-18 4.647784847e-18 4.647784847e-18 4.647784847e-18 4.647784847e-18 4.647784847e-18
4.647784847e-18 4.647784847e-18 4.647784847e-18 4.647784847e-18 4.647784847e-18 4.647784847e-18

0.000000000e+00 3.609445831e-02 3.609445831e-02 3.609445831e-02 3.609445831e-02 3.609445831e-02
0.000000000e+00 0.000000000e+00 3.609445831e-02 3.609445831e-02 3.609445831e-02 3.609445831e-02
0.000000000e+00 0.000000000e+00 3.609445831e-02 3.609445831e-02 3.609445831e-02 0.000000000e+00
3.476385421e-02 3.609445831e-02 0.000000000e+00 0.000000000e+00 3.609445831e-02 3.609445831e-02
3.609445831e-02 3.609445831e-02 3.609445831e-02 3.609445831e-02 3.609445831e-02 3.476385421e-02
3.476385421e-02 3.476385421e-02 3.476385421e-02 3.476385421e-02 3.476385421e-02 3.476385421e-02

