6.746280474e-18 6.746280474e-18 6.746280474e-18 6.746280474e-18 6.746280474e-18 6.746280474e-18
6.746280474e-18 3.662444513e-04 2.189554033e-02 6.746280474e-18 2.325507309e-03 6.746280474e-18
6.746280474e-18 0.000000000e+00 1.220573277e-01 7.108459803e-02 1.453442068e-04 6.746280474e-18
6.746280474e-18 3.662444513e-04 7.273671455e-01 5.346916980e-02 6.746280474e-18 6.746280474e-18
6.746280474e-18 6.746280474e-18 6.746280474e-18 9.228781873e-04 6.746280474e-18 6.746280474e-18
6.746280474e-18 6.746280474e-18 6.746280474e-18 6.746280474e-18 6.746280474e-18 6.746280474e-18

7.198237676e-18 1.550813296e-04 1.550813296e-04 7.198237676e-18 7.198237676e-18 7.198237676e-18
1.550813296e-04 0.000000000e+00 7.198237676e-18 0.000000000e+00 3.642737273e-02 6.709979428e-04
7.198237676e-18 0.000000000e+00 5.618866191e-01 1.510225414e-02 1.550813296e-04 7.198237676e-18
7.198237676e-18 8.419109860e-03 1.564456734e-01 2.198073222e-01 1.550813296e-04 7.198237676e-18
7.198237676e-18 1.550813296e-04 7.198237676e-18 7.198237676e-18 7.198237676e-18 7.198237676e-18
7.198237676e-18 1.550813296e-04 1.550813296e-04 7.198237676e-18 7.198237676e-18 7.198237676e-18

4.680116277e-18 4.680116277e-18 4.680116277e-18 4.680116277e-18 4.680116277e-18 4.680116277e-18
4.680116277e-18 0.000000000e+00 0.000000000e+00 0.000000000e+00 4.680116277e-18 9.989006779e-01
4.680116277e-18 0.000000000e+00 4.680116277e-18 4.680116277e-18 4.680116277e-18 4.680116277e-18
4.680116277e-18 4.680116277e-18 1.099322146e-03 0.000000000e+00 4.680116277e-18 4.680116277e-18
4.680116277e-18 4.680116277e-18 4.680116277e-18 4.680116277e-18 4.680116277e-18 4.680116277e-18
4.680116277e-18 4.680116277e-18 4.680116277e-18 4.680116277e-18 4.680116277e-18 4.680116277e-18

3.517249117e-02 3.517249117e-02 3.517249117e-02 3.383900824e-02 3.517249117e-02 3.517249117e-02
3.517249117e-02 0.000000000e+00 0.000000000e+00 0.000000000e+00 0.000000000e+00 3.517249117e-02
3.517249117e-02 0.000000000e+00 3.517249117e-02 0.000000000e+00 3.517249117e-02 3.517249117e-02
3.517249117e-02 3.517249117e-02 3.517249117e-02 0.000000000e+00 3.383900824e-02 3.383900824e-02
3.383900824e-02 3.383900824e-02 3.383900824e-02 3.383900824e-02 3.383900824e-02 3.383900824e-02
3.383900824e-02 3.383900824e-02 3.383900824e-02 3.383900824e-02 3.383900824e-02 3.383900824e-02

