1.404935970e-04 1.404935970e-04 1.404935970e-04 1.404935970e-04 3.540216804e-04 1.404935970e-04
1.404935970e-04 6.521135109e-18 1.404935970e-04 1.201203357e-03 1.404935970e-04 1.404935970e-04
1.404935970e-04 6.521135109e-18 6.078804896e-04 1.794876868e-02 3.437004588e-03 1.404935970e-04
1.404935970e-04 3.540216804e-04 7.878131145e-01 6.521135109e-18 1.438449539e-01 4.740533783e-03
3.540216804e-04 6.521135109e-18 1.404935970e-04 2.867575611e-02 1.404935970e-04 1.404935970e-04
1.404935970e-04 6.521135109e-18 1.404935970e-04 8.139834807e-03 1.404935970e-04 6.521135109e-18

6.695412876e-18 6.695412876e-18 6.695412876e-18 1.233305597e-03 6.695412876e-18 6.695412876e-18
6.695412876e-18 6.695412876e-18 6.695412876e-18 1.232121339e-01 6.695412876e-18 6.695412876e-18
6.695412876e-18 3.634829332e-04 6.500213418e-01 6.695412876e-18 1.904157421e-01 3.634829332e-04
6.695412876e-18 6.695412876e-18 0.000000000e+00 0.000000000e+00 3.634829332e-04 6.695412876e-18
6.695412876e-18 6.695412876e-18 6.695412876e-18 3.388277956e-02 6.695412876e-18 6.695412876e-18
6.695412876e-18 6.695412876e-18 6.695412876e-18 1.442482977e-04 6.695412876e-18 6.695412876e-18

4.794190206e-18 4.794190206e-18 4.794190206e-18 4.794190206e-18 2.837637545e-03 4.794190206e-18
4.794190206e-18 4.794190206e-18 4.794190206e-18 9.944973119e-01 4.794190206e-18 4.794190206e-18
4.794190206e-18 4.794190206e-18 8.830973864e-04 0.000000000e+00 1.126117206e-03 4.794190206e-18
4.794190206e-18 4.794190206e-18 0.000000000e+00 0.000000000e+00 4.794190206e-18 4.794190206e-18
4.794190206e-18 4.794190206e-18 6.558359949e-04 0.000000000e+00 4.794190206e-18 4.794190206e-18
4.794190206e-18 4.794190206e-18 4.794190206e-18 4.794190206e-18 4.794190206e-18 4.794190206e-18

5.525242649e-18 1.297835619e-03 9.168870089e-03 0.000000000e+00 1.628413437e-02 5.525242649e-18
5.525242649e-18 1.190377444e-04 6.462363005e-03 0.000000000e+00 1.190377444e-04 1.190377444e-04
6.035169752e-03 5.525242649e-18 9.524565501e-01 0.000000000e+00 1.190377444e-04 2.999563197e-04
1.190377444e-04 1.017758398e-03 0.000000000e+00 0.000000000e+00 1.190377444e-04 1.190377444e-04
1.190377444e-04 1.190377444e-04 2.228476377e-03 0.000000000e+00 1.190377444e-04 5.525242649e-18
1.190377444e-04 5.525242649e-18 2.564590458e-03 1.190377444e-04 7.558425624e-04 5.525242649e-18

2.189290560e-04 1.729358749e-01 1.901647636e-01 0.000000000e+00 3.504182819e-02 2.189290560e-04
1.775939587e-01 1.870019722e-01 2.189290560e-04 0.000000000e+00 8.826666432e-03 2.189290560e-04
5.028511177e-02 0.000000000e+00 0.000000000e+00 0.000000000e+00 1.600381107e-02 2.189290560e-04
5.355832478e-03 9.569780270e-03 0.000000000e+00 0.000000000e+00 2.411433521e-02 4.716683527e-03
2.931573525e-03 4.098517089e-03 8.569331965e-02 0.000000000e+00 2.931573525e-03 2.386922975e-03
8.826666432e-03 2.189290560e-04 2.386922975e-03 3.502864895e-03 4.098517089e-03 2.189290560e-04

2.106202527e-04 1.330436618e-01 8.620953831e-02 0.000000000e+00 2.503629906e-02 2.106202527e-04
6.438103179e-03 6.192194573e-02 0.000000000e+00 0.000000000e+00 3.369924043e-03 2.106202527e-04
2.831201385e-01 0.000000000e+00 0.000000000e+00 0.000000000e+00 3.942970024e-03 1.800777830e-03
1.800777830e-03 1.634017020e-01 0.000000000e+00 0.000000000e+00 2.503629906e-02 7.791513154e-03
1.337355243e-03 5.152567735e-03 0.000000000e+00 0.000000000e+00 9.113009069e-04 2.106202527e-04
2.229386581e-02 5.307297798e-04 2.106202527e-04 1.604442408e-01 5.152567735e-03 2.106202527e-04

1.474746052e-04 6.380855577e-04 2.760835864e-03 0.000000000e+00 1.474746052e-04 1.474746052e-04
1.260890138e-03 4.976086903e-03 0.000000000e+00 0.000000000e+00 1.474746052e-04 1.474746052e-04
3.268290151e-01 0.000000000e+00 0.000000000e+00 0.000000000e+00 1.474746052e-04 1.474746052e-04
4.976086903e-03 5.915043697e-01 0.000000000e+00 0.000000000e+00 6.380855577e-04 1.474746052e-04
0.000000000e+00 1.474746052e-04 0.000000000e+00 0.000000000e+00 1.474746052e-04 1.474746052e-04
4.999040982e-02 1.474746052e-04 0.000000000e+00 1.436149001e-02 1.474746052e-04 1.474746052e-04

