8.976149031e-18 1.653420788e-03 4.873003412e-04 3.987664603e-01 8.618910420e-02 8.976149031e-18
8.976149031e-18 0.000000000e+00 4.873003412e-04 4.873003412e-04 3.620318119e-03 9.946151311e-02
8.367294615e-04 8.976149031e-18 1.933852686e-04 1.653420788e-03 8.976149031e-18 1.170136416e-01
4.873003412e-04 8.976149031e-18 5.911275371e-03 1.653420788e-03 8.976149031e-18 1.352514508e-01
4.873003412e-04 8.976149031e-18 8.976149031e-18 8.976149031e-18 8.976149031e-18 8.453215676e-03
8.976149031e-18 1.653420788e-03 7.153936265e-03 1.182942231e-01 9.804561820e-03 8.976149031e-18

1.617238421e-03 1.291315002e-02 6.418014927e-04 2.193934012e-01 6.250042654e-02 0.000000000e+00
2.480331071e-02 0.000000000e+00 0.000000000e+00 2.776913781e-03 5.327346945e-02 1.851532940e-01
2.177646597e-03 8.779720919e-02 3.718431474e-02 8.199339170e-02 2.695955060e-02 5.587195520e-02
7.785476503e-03 4.768159133e-03 8.594054619e-03 1.570089116e-02 3.410552836e-03 2.063062638e-02
3.410552836e-03 8.594054619e-03 4.768159133e-03 1.617238421e-03 1.617238421e-03 1.570089116e-02
3.410552836e-03 6.230902786e-03 1.026882388e-02 1.665959771e-02 1.113335243e-02 6.418014927e-04

1.051982620e-04 1.051982620e-04 2.650830094e-04 1.051982620e-04 9.948708535e-01 0.000000000e+00
1.051982620e-04 0.000000000e+00 0.000000000e+00 0.000000000e+00 1.051982620e-04 2.650830094e-04
1.051982620e-04 0.000000000e+00 1.051982620e-04 4.551664444e-04 1.051982620e-04 1.051982620e-04
1.051982620e-04 1.051982620e-04 1.051982620e-04 1.408659250e-03 1.051982620e-04 1.051982620e-04
1.051982620e-04 1.051982620e-04 1.051982620e-04 1.051982620e-04 1.051982620e-04 1.051982620e-04
1.051982620e-04 1.051982620e-04 1.051982620e-04 1.051982620e-04 1.051982620e-04 1.051982620e-04

