6.059467246e-18 6.059467246e-18 6.059467246e-18 6.059467246e-18 6.059467246e-18 6.059467246e-18
6.059467246e-18 6.059467246e-18 3.289584928e-04 3.289584928e-04 6.158351154e-03 6.059467246e-18
6.059467246e-18 0.000000000e+00 9.037523326e-03 4.404924711e-03 6.059467246e-18 6.059467246e-18
6.059467246e-18 6.059467246e-18 2.089542108e-02 5.109887497e-02 8.722219802e-01 6.059467246e-18
6.059467246e-18 6.059467246e-18 6.059467246e-18 6.059467246e-18 3.552500758e-02 6.059467246e-18
6.059467246e-18 6.059467246e-18 6.059467246e-18 6.059467246e-18 6.059467246e-18 6.059467246e-18

6.840660784e-18 1.473775690e-04 6.840660784e-18 6.840660784e-18 8.000885389e-03 6.840660784e-18
6.840660784e-18 0.000000000e+00 6.840660784e-18 6.376657065e-04 1.253070282e-02 6.840660784e-18
6.840660784e-18 0.000000000e+00 7.292908038e-01 4.972812708e-03 0.000000000e+00 6.840660784e-18
6.840660784e-18 6.840660784e-18 3.851671120e-02 1.122678463e-01 9.112977583e-02 6.840660784e-18
6.840660784e-18 6.840660784e-18 6.840660784e-18 6.840660784e-18 2.358041103e-03 6.840660784e-18
6.840660784e-18 1.473775690e-04 6.840660784e-18 6.840660784e-18 6.840660784e-18 6.840660784e-18

1.347340663e-02 2.897394399e-03 4.003414488e-02 3.635403359e-02 9.621513766e-02 7.300976386e-03
1.071435239e-02 0.000000000e+00 0.000000000e+00 7.960052723e-02 2.812923161e-02 8.966920719e-03
1.071435239e-02 0.000000000e+00 1.266502869e-01 3.158949017e-02 0.000000000e+00 2.272127099e-03
2.272127099e-03 0.000000000e+00 8.705497249e-02 1.714296382e-01 2.477237365e-02 7.812986622e-02
1.161638982e-02 1.149831729e-03 4.895149443e-02 1.738239963e-02 8.966920719e-03 7.300976386e-03
4.975032952e-03 4.251993563e-03 3.558524846e-03 1.942641344e-02 5.725401521e-03 8.123261215e-03

8.466905998e-03 1.670013327e-04 2.913230982e-02 1.670013327e-04 1.670013327e-04 1.670013327e-04
1.670013327e-04 0.000000000e+00 0.000000000e+00 0.000000000e+00 1.670013327e-04 1.670013327e-04
3.835799979e-02 0.000000000e+00 0.000000000e+00 3.663417461e-02 0.000000000e+00 1.670013327e-04
7.036616272e-02 0.000000000e+00 9.066227189e-03 6.751452492e-01 1.077291491e-01 5.104788344e-03
1.670013327e-04 1.670013327e-04 1.670013327e-04 2.236234398e-03 1.419920334e-02 1.670013327e-04
1.670013327e-04 1.670013327e-04 7.225728010e-04 1.670013327e-04 1.670013327e-04 1.670013327e-04

