8.815545281e-18 4.785814283e-04 2.257628687e-02 1.049838066e-01 1.187032285e-01 8.815545281e-18
8.815545281e-18 1.899251657e-04 8.815545281e-18 1.899251657e-04 1.899251657e-04 3.729739802e-01
4.362330136e-02 8.815545281e-18 0.000000000e+00 8.217584657e-04 1.899251657e-04 2.340634635e-01
1.205949631e-03 8.815545281e-18 8.301968395e-03 1.314813545e-02 8.815545281e-18 1.538393842e-02
8.815545281e-18 8.815545281e-18 8.815545281e-18 8.815545281e-18 8.815545281e-18 1.899251657e-04
8.815545281e-18 1.899251657e-04 6.221619982e-02 1.899251657e-04 1.899251657e-04 8.815545281e-18

1.121192947e-02 2.765483571e-03 1.196555248e-02 3.693322977e-01 5.204116662e-04 0.000000000e+00
2.251690506e-03 1.765768243e-03 1.765768243e-03 0.000000000e+00 6.300923056e-02 3.392084304e-01
7.640035469e-03 1.765768243e-03 0.000000000e+00 5.052394763e-03 6.312937638e-03 7.238030152e-02
1.196555248e-02 2.065255066e-04 1.765768243e-03 5.052394763e-03 1.765768243e-03 1.121192947e-02
2.251690506e-03 1.765768243e-03 1.672856603e-02 1.765768243e-03 1.765768243e-03 5.673904532e-03
1.121192947e-02 1.429734351e-02 8.326586658e-03 1.765768243e-03 2.765483571e-03 2.765483571e-03

6.617505375e-18 6.617505375e-18 9.052620015e-04 1.036410212e-01 0.000000000e+00 0.000000000e+00
6.617505375e-18 6.617505375e-18 6.617505375e-18 0.000000000e+00 7.023130486e-01 1.634240382e-01
1.425698314e-04 6.617505375e-18 0.000000000e+00 6.617505375e-18 6.617505375e-18 2.669014800e-03
2.147759145e-02 0.000000000e+00 6.617505375e-18 6.617505375e-18 6.617505375e-18 6.617505375e-18
6.617505375e-18 6.168638343e-04 6.617505375e-18 6.617505375e-18 6.617505375e-18 6.617505375e-18
4.810590068e-03 6.617505375e-18 6.617505375e-18 6.617505375e-18 6.617505375e-18 6.617505375e-18

1.160386914e-04 1.160386914e-04 2.368433355e-02 2.923991797e-04 0.000000000e+00 0.000000000e+00
2.923991797e-04 1.160386914e-04 1.160386914e-04 0.000000000e+00 0.000000000e+00 9.607914342e-01
2.923991797e-04 1.160386914e-04 0.000000000e+00 1.160386914e-04 2.923991797e-04 1.160386914e-04
2.923991797e-04 0.000000000e+00 5.883118871e-03 1.160386914e-04 1.160386914e-04 2.923991797e-04
0.000000000e+00 5.020702582e-04 5.020702582e-04 1.160386914e-04 2.923991797e-04 5.020702582e-04
1.856619062e-03 5.020702582e-04 9.921168555e-04 2.923991797e-04 9.921168555e-04 2.923991797e-04

1.535661844e-04 5.675446697e-01 2.457058950e-03 0.000000000e+00 0.000000000e+00 0.000000000e+00
3.869625366e-04 1.535661844e-04 1.677388759e-01 0.000000000e+00 0.000000000e+00 0.000000000e+00
1.535661844e-04 1.535661844e-04 0.000000000e+00 6.644422904e-04 2.431423196e-01 3.869625366e-04
6.644422904e-04 0.000000000e+00 1.674289656e-03 6.644422904e-04 1.535661844e-04 1.535661844e-04
0.000000000e+00 1.312972408e-03 2.056330799e-03 3.869625366e-04 1.312972408e-03 6.644422904e-04
2.457058950e-03 1.674289656e-03 1.674289656e-03 1.535661844e-04 1.674289656e-03 3.869625366e-04

