1.404935970e-04 1.404935970e-04 1.404935970e-04 1.404935970e-04 3.540216804e-04 1.404935970e-04
1.404935970e-04 6.521135109e-18 1.404935970e-04 1.201203357e-03 1.404935970e-04 1.404935970e-04
1.404935970e-04 6.521135109e-18 6.078804896e-04 1.794876868e-02 3.437004588e-03 1.404935970e-04
1.404935970e-04 3.540216804e-04 7.878131145e-01 6.521135109e-18 1.438449539e-01 4.740533783e-03
3.540216804e-04 6.521135109e-18 1.404935970e-04 2.867575611e-02 1.404935970e-04 1.404935970e-04
1.404935970e-04 6.521135109e-18 1.404935970e-04 8.139834807e-03 1.404935970e-04 6.521135109e-18

7.554292714e-18 7.554292714e-18 7.554292714e-18 7.554292714e-18 7.554292714e-18 4.101101045e-04
7.554292714e-18 7.554292714e-18 4.101101045e-04 4.101101045e-04 7.554292714e-18 7.554292714e-18
7.554292714e-18 4.101101045e-04 0.000000000e+00 4.605775617e-01 4.101101045e-04 7.554292714e-18
7.554292714e-18 2.896417921e-01 7.554292714e-18 0.000000000e+00 1.366763189e-01 2.179337686e-03
7.554292714e-18 7.554292714e-18 5.331483986e-02 5.239364324e-02 7.554292714e-18 7.554292714e-18
7.554292714e-18 7.554292714e-18 1.391512615e-03 1.774443366e-03 7.554292714e-18 7.554292714e-18

5.305019824e-18 5.305019824e-18 5.305019824e-18 9.771930067e-04 5.305019824e-18 5.305019824e-18
5.305019824e-18 5.305019824e-18 5.305019824e-18 5.305019824e-18 2.880007854e-04 5.305019824e-18
5.305019824e-18 2.139654692e-03 0.000000000e+00 9.463387960e-01 2.880007854e-04 5.305019824e-18
5.305019824e-18 0.000000000e+00 0.000000000e+00 0.000000000e+00 4.071666021e-02 1.142931874e-04
4.945179013e-04 5.305019824e-18 2.880007854e-04 8.354882684e-03 5.305019824e-18 5.305019824e-18
5.305019824e-18 5.305019824e-18 5.305019824e-18 5.305019824e-18 5.305019824e-18 5.305019824e-18

6.656383742e-18 6.656383742e-18 6.656383742e-18 2.027450035e-02 6.656383742e-18 6.656383742e-18
6.656383742e-18 6.656383742e-18 1.161600268e-02 0.000000000e+00 6.656383742e-18 6.656383742e-18
6.656383742e-18 6.656383742e-18 0.000000000e+00 6.656383742e-18 3.594946380e-02 6.656383742e-18
6.656383742e-18 0.000000000e+00 0.000000000e+00 0.000000000e+00 5.092317342e-01 0.000000000e+00
3.089619645e-03 6.656383742e-18 6.656383742e-18 4.198386794e-01 6.656383742e-18 6.656383742e-18
6.656383742e-18 6.656383742e-18 6.656383742e-18 6.656383742e-18 6.656383742e-18 6.656383742e-18

3.609445831e-02 3.609445831e-02 3.609445831e-02 0.000000000e+00 3.609445831e-02 3.609445831e-02
3.609445831e-02 3.609445831e-02 3.609445831e-02 0.000000000e+00 3.609445831e-02 3.609445831e-02
3.609445831e-02 3.609445831e-02 0.000000000e+00 0.000000000e+00 3.609445831e-02 3.609445831e-02
3.609445831e-02 0.000000000e+00 0.000000000e+00 0.000000000e+00 3.609445831e-02 0.000000000e+00
3.609445831e-02 3.609445831e-02 3.609445831e-02 3.476385421e-02 3.609445831e-02 3.476385421e-02
3.476385421e-02 3.476385421e-02 3.476385421e-02 3.476385421e-02 3.476385421e-02 3.476385421e-02

