7.312828517e-18 7.312828517e-18 7.312828517e-18 7.312828517e-18 7.312828517e-18 7.312828517e-18
7.312828517e-18 7.312828517e-18 3.375484299e-02 6.816797544e-04 7.312828517e-18 7.312828517e-18
7.312828517e-18 2.083714428e-02 1.222292563e-01 7.312828517e-18 3.970014111e-04 7.312828517e-18
7.312828517e-18 7.312828517e-18 5.795947429e-02 6.740513025e-01 4.806724190e-02 7.312828517e-18
7.312828517e-18 7.312828517e-18 7.312828517e-18 4.202205662e-02 7.312828517e-18 7.312828517e-18
7.312828517e-18 7.312828517e-18 7.312828517e-18 7.312828517e-18 7.312828517e-18 7.312828517e-18

6.129581488e-18 3.327648795e-04 6.129581488e-18 6.129581488e-18 6.129581488e-18 6.129581488e-18
6.129581488e-18 6.129581488e-18 6.129581488e-18 6.129581488e-18 6.129581488e-18 6.129581488e-18
6.129581488e-18 3.327648795e-04 6.695283291e-03 0.000000000e+00 6.129581488e-18 6.129581488e-18
6.129581488e-18 6.129581488e-18 0.000000000e+00 6.787071292e-01 2.926627974e-01 6.129581488e-18
6.129581488e-18 6.129581488e-18 6.129581488e-18 2.113720250e-02 6.129581488e-18 1.320578299e-04
6.129581488e-18 6.129581488e-18 6.129581488e-18 6.129581488e-18 6.129581488e-18 6.129581488e-18

5.371613760e-18 5.371613760e-18 5.371613760e-18 5.371613760e-18 5.371613760e-18 5.371613760e-18
5.371613760e-18 5.371613760e-18 0.000000000e+00 5.371613760e-18 5.371613760e-18 5.371613760e-18
5.371613760e-18 6.397023009e-02 5.371613760e-18 0.000000000e+00 1.530585473e-02 2.916160604e-04
5.371613760e-18 5.371613760e-18 0.000000000e+00 9.201406831e-01 0.000000000e+00 2.916160604e-04
5.371613760e-18 5.371613760e-18 5.371613760e-18 5.371613760e-18 5.371613760e-18 5.371613760e-18
5.371613760e-18 5.371613760e-18 5.371613760e-18 5.371613760e-18 5.371613760e-18 5.371613760e-18

5.289523658e-18 5.289523658e-18 5.289523658e-18 5.289523658e-18 5.289523658e-18 5.289523658e-18
5.289523658e-18 5.289523658e-18 0.000000000e+00 8.777705947e-03 5.289523658e-18 5.289523658e-18
5.289523658e-18 9.305522903e-01 0.000000000e+00 0.000000000e+00 5.289523658e-18 1.139593326e-04
5.289523658e-18 5.289523658e-18 0.000000000e+00 0.000000000e+00 0.000000000e+00 6.006297102e-02
4.930733956e-04 5.289523658e-18 5.289523658e-18 5.289523658e-18 5.289523658e-18 5.289523658e-18
5.289523658e-18 5.289523658e-18 5.289523658e-18 5.289523658e-18 5.289523658e-18 5.289523658e-18

