6.468507115e-18 1.393597612e-04 6.468507115e-18 3.409266678e-03 1.393597612e-04 6.468507115e-18
1.393597612e-04 6.468507115e-18 1.393597612e-04 5.208299632e-02 8.848793262e-04 1.393597612e-04
1.393597612e-04 6.468507115e-18 7.750300650e-01 6.468507115e-18 1.458459893e-01 7.565611817e-03
1.393597612e-04 6.468507115e-18 1.866099430e-03 1.073417136e-02 3.511645933e-04 1.393597612e-04
1.393597612e-04 6.468507115e-18 6.468507115e-18 1.393597612e-04 6.468507115e-18 6.468507115e-18
1.393597612e-04 1.393597612e-04 1.393597612e-04 1.393597612e-04 1.393597612e-04 1.393597612e-04

7.757193357e-18 7.757193357e-18 1.671236647e-04 1.671236647e-04 7.757193357e-18 7.757193357e-18
7.757193357e-18 7.757193357e-18 5.665097716e-02 3.597112829e-01 7.757193357e-18 7.757193357e-18
7.883782307e-03 4.913403323e-02 7.757193357e-18 0.000000000e+00 1.524691811e-01 5.108527708e-03
7.757193357e-18 3.600570207e-03 0.000000000e+00 3.642717798e-01 7.757193357e-18 7.757193357e-18
7.757193357e-18 7.757193357e-18 1.671236647e-04 1.671236647e-04 7.757193357e-18 7.757193357e-18
7.757193357e-18 7.757193357e-18 7.757193357e-18 1.671236647e-04 1.671236647e-04 1.671236647e-04

5.736075268e-18 5.736075268e-18 5.736075268e-18 5.736075268e-18 5.736075268e-18 5.736075268e-18
5.736075268e-18 7.159904579e-03 8.706627440e-01 5.736075268e-18 5.736075268e-18 5.736075268e-18
7.233427340e-02 5.736075268e-18 0.000000000e+00 0.000000000e+00 5.736075268e-18 5.736075268e-18
5.736075268e-18 4.984307803e-02 0.000000000e+00 0.000000000e+00 5.736075268e-18 5.736075268e-18
5.736075268e-18 5.736075268e-18 5.736075268e-18 5.736075268e-18 5.736075268e-18 5.736075268e-18
5.736075268e-18 5.736075268e-18 5.736075268e-18 5.736075268e-18 5.736075268e-18 5.736075268e-18

5.753915437e-18 5.753915437e-18 5.753915437e-18 5.753915437e-18 5.753915437e-18 5.753915437e-18
5.753915437e-18 3.162928732e-01 0.000000000e+00 5.753915437e-18 5.753915437e-18 5.753915437e-18
6.837071268e-01 0.000000000e+00 0.000000000e+00 0.000000000e+00 5.753915437e-18 5.753915437e-18
5.753915437e-18 5.753915437e-18 0.000000000e+00 0.000000000e+00 5.753915437e-18 5.753915437e-18
5.753915437e-18 5.753915437e-18 5.753915437e-18 5.753915437e-18 5.753915437e-18 5.753915437e-18
5.753915437e-18 5.753915437e-18 5.753915437e-18 5.753915437e-18 5.753915437e-18 5.753915437e-18

4.816229799e-18 4.816229799e-18 4.816229799e-18 4.816229799e-18 4.816229799e-18 4.816229799e-18
4.816229799e-18 1.187949355e-02 0.000000000e+00 4.816229799e-18 4.816229799e-18 4.816229799e-18
9.881205064e-01 0.000000000e+00 0.000000000e+00 0.000000000e+00 4.816229799e-18 4.816229799e-18
4.816229799e-18 0.000000000e+00 0.000000000e+00 0.000000000e+00 0.000000000e+00 4.816229799e-18
4.816229799e-18 4.816229799e-18 4.816229799e-18 4.816229799e-18 4.816229799e-18 4.816229799e-18
4.816229799e-18 4.816229799e-18 4.816229799e-18 4.816229799e-18 4.816229799e-18 4.816229799e-18

5.914648115e-18 5.914648115e-18 5.914648115e-18 5.914648115e-18 5.914648115e-18 5.914648115e-18
5.914648115e-18 8.299391545e-01 0.000000000e+00 5.914648115e-18 5.914648115e-18 5.914648115e-18
1.143898198e-01 0.000000000e+00 0.000000000e+00 0.000000000e+00 5.914648115e-18 0.000000000e+00
5.914648115e-18 0.000000000e+00 0.000000000e+00 0.000000000e+00 0.000000000e+00 5.914648115e-18
1.274272308e-04 5.914648115e-18 4.912334313e-02 0.000000000e+00 5.914648115e-18 5.914648115e-18
5.914648115e-18 1.706316663e-03 5.914648115e-18 5.914648115e-18 4.713938628e-03 5.914648115e-18

4.211050269e-02 4.211050269e-02 4.211050269e-02 4.211050269e-02 4.211050269e-02 4.211050269e-02
4.211050269e-02 4.211050269e-02 0.000000000e+00 4.211050269e-02 4.211050269e-02 4.211050269e-02
4.211050269e-02 0.000000000e+00 0.000000000e+00 0.000000000e+00 4.211050269e-02 0.000000000e+00
4.077899461e-02 0.000000000e+00 0.000000000e+00 0.000000000e+00 0.000000000e+00 4.211050269e-02
4.211050269e-02 0.000000000e+00 0.000000000e+00 0.000000000e+00 4.211050269e-02 4.077899461e-02
4.077899461e-02 4.077899461e-02 4.077899461e-02 4.077899461e-02 4.077899461e-02 4.077899461e-02

