1.544289600e-04 1.544289600e-04 1.544289600e-04 1.544289600e-04 1.544289600e-04 1.544289600e-04
1.544289600e-04 3.891365947e-04 1.320349035e-03 2.226810308e-01 1.544289600e-04 1.544289600e-04
1.544289600e-04 6.681753034e-04 1.768015789e-02 7.284930620e-03 1.250874575e-02 1.544289600e-04
1.544289600e-04 6.590332248e-01 6.320973015e-02 0.000000000e+00 3.891365947e-04 6.681753034e-04
1.544289600e-04 1.544289600e-04 2.470863359e-03 1.544289600e-04 1.544289600e-04 3.891365947e-04
1.544289600e-04 1.544289600e-04 1.544289600e-04 7.829491335e-03 3.891365947e-04 1.544289600e-04

1.105151505e-04 1.105151505e-04 7.228678905e-03 1.105151505e-04 1.105151505e-04 1.105151505e-04
1.105151505e-04 1.105151505e-04 1.105151505e-04 7.017274644e-04 1.105151505e-04 1.105151505e-04
1.105151505e-04 1.105151505e-04 0.000000000e+00 1.105151505e-04 0.000000000e+00 1.105151505e-04
1.105151505e-04 1.105151505e-04 9.788500996e-01 0.000000000e+00 1.105151505e-04 2.784807288e-04
1.105151505e-04 1.105151505e-04 9.846589131e-03 1.105151505e-04 1.105151505e-04 1.105151505e-04
1.105151505e-04 1.105151505e-04 1.105151505e-04 1.105151505e-04 1.105151505e-04 1.105151505e-04

5.346021497e-18 5.346021497e-18 2.009180791e-02 5.346021497e-18 5.346021497e-18 5.346021497e-18
5.346021497e-18 1.268632764e-02 0.000000000e+00 9.477977880e-01 5.346021497e-18 1.735089873e-02
5.346021497e-18 5.346021497e-18 0.000000000e+00 5.346021497e-18 0.000000000e+00 5.346021497e-18
5.346021497e-18 5.346021497e-18 1.842824667e-03 0.000000000e+00 5.346021497e-18 5.346021497e-18
5.346021497e-18 5.346021497e-18 0.000000000e+00 5.346021497e-18 5.346021497e-18 5.346021497e-18
5.346021497e-18 1.151765417e-04 5.346021497e-18 1.151765417e-04 5.346021497e-18 5.346021497e-18

