1.085041883e-17 2.337651873e-04 3.521581766e-02 2.337651873e-04 2.337651873e-04 1.085041883e-17
1.085041883e-17 1.085041883e-17 2.337651873e-04 6.422264143e-03 1.085041883e-17 1.797147171e-01
1.262032481e-01 2.337651873e-04 0.000000000e+00 7.131983273e-02 5.008379222e-02 1.085041883e-17
2.337651873e-04 1.085041883e-17 7.924088017e-02 1.085041883e-17 1.041858681e-01 1.011443223e-03
1.269072685e-02 1.085041883e-17 5.718780347e-03 5.736347095e-02 5.860039837e-02 4.653870867e-02
1.085041883e-17 2.337651873e-04 1.085041883e-17 9.011674692e-02 7.393694811e-02 1.085041883e-17

2.216986649e-04 2.216986649e-04 1.407698775e-03 2.216986649e-04 2.216986649e-04 1.895496922e-03
5.586456292e-04 4.525029597e-02 8.938330067e-03 0.000000000e+00 2.216986649e-04 1.407698775e-03
4.776352943e-03 5.586456292e-04 0.000000000e+00 4.150366258e-03 2.216986649e-04 2.158963679e-02
9.690844826e-03 1.203565523e-02 2.269871006e-01 0.000000000e+00 3.975189632e-02 1.407698775e-03
4.413646744e-02 3.236647958e-02 9.592344125e-04 3.417248439e-01 2.733371802e-02 4.150366258e-03
3.547178638e-03 2.417119256e-03 3.236647958e-02 1.098201780e-01 1.124004057e-02 8.201338862e-03

6.534841208e-18 6.534841208e-18 6.091581307e-04 6.534841208e-18 6.534841208e-18 6.534841208e-18
6.534841208e-18 6.534841208e-18 1.407888859e-04 0.000000000e+00 6.534841208e-18 1.407888859e-04
1.490231110e-02 6.091581307e-04 0.000000000e+00 6.534841208e-18 6.534841208e-18 1.407888859e-04
1.152100274e-01 0.000000000e+00 1.203728042e-03 0.000000000e+00 2.635674157e-03 6.091581307e-04
6.534841208e-18 6.154133799e-03 0.000000000e+00 8.008603126e-01 1.203728042e-03 6.534841208e-18
2.387988236e-02 2.252622175e-03 6.534841208e-18 2.944773921e-02 6.534841208e-18 6.534841208e-18

