7.071057808e-04 4.118091978e-04 4.118091978e-04 6.045669384e-03 2.614825415e-03 7.585590279e-18
1.634265884e-04 4.118091978e-04 7.709378853e-03 2.615809222e-02 4.118091978e-04 1.037694154e-03
6.227470796e-01 4.118091978e-04 0.000000000e+00 7.585590279e-18 1.729848096e-02 1.131369249e-02
7.071057808e-04 1.634265884e-04 3.171956136e-02 2.423929119e-01 2.385915738e-02 7.585590279e-18
7.585590279e-18 7.585590279e-18 1.634265884e-04 1.634265884e-04 7.585590279e-18 7.071057808e-04
4.118091978e-04 4.118091978e-04 1.634265884e-04 1.634265884e-04 7.071057808e-04 4.118091978e-04

2.143583399e-03 1.966099010e-04 8.506816356e-04 5.401491693e-03 4.954259058e-04 4.954259058e-04
1.680991008e-03 8.506816356e-04 1.680991008e-03 8.594170122e-03 1.248395055e-03 1.680991008e-03
8.506816356e-04 1.966099010e-04 0.000000000e+00 0.000000000e+00 1.308078413e-01 3.145758416e-03
1.248395055e-03 8.506816356e-04 2.314906535e-01 0.000000000e+00 3.687498603e-01 3.145758416e-03
4.954259058e-04 1.966099010e-04 2.143583399e-03 7.347912095e-02 1.966099010e-04 5.244015482e-02
1.248395055e-03 1.680991008e-03 4.954259058e-04 4.809821559e-03 9.615750146e-02 8.506816356e-04

2.048670347e-03 1.193118929e-03 4.734895608e-04 3.647048502e-02 4.734895608e-04 1.606560506e-03
8.130153659e-04 1.606560506e-03 5.162325788e-03 1.088669712e-02 1.879044567e-04 4.734895608e-04
3.006471308e-03 6.369517511e-02 0.000000000e+00 0.000000000e+00 5.162325788e-03 2.516138063e-03
4.734895608e-04 1.879044567e-04 0.000000000e+00 0.000000000e+00 4.610973931e-02 5.743741472e-03
4.596853477e-03 2.048670347e-03 6.498889259e-01 5.732810166e-02 0.000000000e+00 4.025820900e-02
1.193118929e-03 2.316715546e-02 2.516138063e-03 1.300824585e-02 1.751588508e-02 1.879044567e-04

3.517249117e-02 3.517249117e-02 3.517249117e-02 3.517249117e-02 3.517249117e-02 3.517249117e-02
3.517249117e-02 3.517249117e-02 3.383900824e-02 3.517249117e-02 3.517249117e-02 3.517249117e-02
3.517249117e-02 3.517249117e-02 0.000000000e+00 0.000000000e+00 3.517249117e-02 3.383900824e-02
3.383900824e-02 0.000000000e+00 0.000000000e+00 0.000000000e+00 3.383900824e-02 3.383900824e-02
3.383900824e-02 3.383900824e-02 0.000000000e+00 3.383900824e-02 0.000000000e+00 3.383900824e-02
3.383900824e-02 3.383900824e-02 3.383900824e-02 3.383900824e-02 3.383900824e-02 3.383900824e-02

