6.468507115e-18 1.393597612e-04 6.468507115e-18 3.409266678e-03 1.393597612e-04 6.468507115e-18
1.393597612e-04 6.468507115e-18 1.393597612e-04 5.208299632e-02 8.848793262e-04 1.393597612e-04
1.393597612e-04 6.468507115e-18 7.750300650e-01 6.468507115e-18 1.458459893e-01 7.565611817e-03
1.393597612e-04 6.468507115e-18 1.866099430e-03 1.073417136e-02 3.511645933e-04 1.393597612e-04
1.393597612e-04 6.468507115e-18 6.468507115e-18 1.393597612e-04 6.468507115e-18 6.468507115e-18
1.393597612e-04 1.393597612e-04 1.393597612e-04 1.393597612e-04 1.393597612e-04 1.393597612e-04

5.612435556e-18 5.231742659e-04 5.612435556e-18 3.046898789e-04 5.612435556e-18 5.612435556e-18
5.612435556e-18 5.612435556e-18 7.677703843e-04 1.033819469e-03 5.612435556e-18 1.619131371e-03
5.612435556e-18 3.321949520e-03 7.718916245e-02 0.000000000e+00 0.000000000e+00 5.231742659e-04
3.046898789e-04 5.612435556e-18 5.612435556e-18 9.069807921e-01 5.285465745e-03 5.612435556e-18
5.612435556e-18 5.612435556e-18 5.612435556e-18 5.231742659e-04 5.612435556e-18 5.612435556e-18
5.612435556e-18 1.318316541e-03 3.046898789e-04 5.612435556e-18 5.612435556e-18 5.612435556e-18

6.963467194e-18 1.500233529e-04 6.963467194e-18 1.500233529e-04 1.500233529e-04 1.500233529e-04
6.963467194e-18 6.963467194e-18 1.500233529e-04 5.985454817e-01 6.963467194e-18 2.808550344e-03
6.963467194e-18 6.963467194e-18 1.111416039e-01 0.000000000e+00 0.000000000e+00 1.500233529e-04
6.963467194e-18 6.963467194e-18 0.000000000e+00 2.004542332e-01 8.584994401e-02 6.963467194e-18
6.963467194e-18 6.963467194e-18 6.963467194e-18 6.963467194e-18 0.000000000e+00 6.963467194e-18
6.963467194e-18 6.963467194e-18 1.500233529e-04 1.500233529e-04 6.963467194e-18 6.963467194e-18

8.026975740e-04 8.109402177e-03 1.855198043e-04 2.370109474e-02 4.674806132e-04 1.586172015e-03
8.026975740e-04 1.855198043e-04 1.284316118e-02 5.742765373e-01 0.000000000e+00 9.306751068e-02
4.674806132e-04 1.177977330e-03 2.287314639e-02 0.000000000e+00 0.000000000e+00 8.026975740e-04
2.022671140e-03 1.806643804e-02 0.000000000e+00 1.665387912e-01 0.000000000e+00 2.022671140e-03
8.026975740e-04 1.855198043e-04 3.236273825e-02 2.968316868e-03 0.000000000e+00 1.177977330e-03
4.674806132e-04 1.729359499e-02 2.022671140e-03 6.862967720e-03 5.670848964e-03 1.855198043e-04

