1.337107289e-04 1.337107289e-04 1.083056904e-02 1.337107289e-04 1.337107289e-04 1.337107289e-04
1.337107289e-04 1.337107289e-04 7.564442199e-02 8.490102071e-04 6.206302263e-18 1.337107289e-04
4.511666306e-03 3.422994661e-02 6.206302263e-18 8.596708129e-01 1.337107289e-04 1.337107289e-04
1.337107289e-04 5.785327241e-04 8.745877118e-03 3.369299240e-04 6.206302263e-18 1.337107289e-04
1.337107289e-04 6.206302263e-18 1.337107289e-04 6.206302263e-18 6.206302263e-18 3.369299240e-04
6.206302263e-18 8.490102071e-04 1.337107289e-04 1.143210651e-03 1.337107289e-04 1.337107289e-04

1.156250402e-04 2.913568440e-04 2.477246742e-02 1.156250402e-04 1.156250402e-04 5.366838954e-18
1.156250402e-04 5.366838954e-18 9.529571508e-01 7.341732417e-04 5.366838954e-18 1.156250402e-04
7.341732417e-04 1.688046026e-02 0.000000000e+00 5.002804936e-04 1.156250402e-04 1.156250402e-04
5.366838954e-18 9.885801877e-04 2.913568440e-04 1.156250402e-04 5.366838954e-18 1.156250402e-04
1.156250402e-04 5.366838954e-18 1.156250402e-04 0.000000000e+00 5.366838954e-18 1.156250402e-04
5.366838954e-18 5.366838954e-18 1.156250402e-04 1.156250402e-04 1.156250402e-04 1.156250402e-04

6.386466635e-18 1.375922527e-04 6.386466635e-18 6.386466635e-18 6.386466635e-18 6.386466635e-18
6.386466635e-18 0.000000000e+00 6.035487218e-01 6.386466635e-18 6.386466635e-18 6.386466635e-18
1.125941661e-01 6.386466635e-18 0.000000000e+00 6.386466635e-18 6.386466635e-18 6.386466635e-18
6.386466635e-18 2.837195199e-01 6.386466635e-18 0.000000000e+00 6.386466635e-18 6.386466635e-18
6.386466635e-18 6.386466635e-18 6.386466635e-18 0.000000000e+00 6.386466635e-18 6.386466635e-18
6.386466635e-18 6.386466635e-18 6.386466635e-18 6.386466635e-18 6.386466635e-18 6.386466635e-18

4.748295878e-18 4.748295878e-18 4.748295878e-18 4.748295878e-18 4.748295878e-18 4.748295878e-18
4.748295878e-18 0.000000000e+00 5.553640550e-03 4.748295878e-18 4.748295878e-18 4.748295878e-18
9.944463594e-01 0.000000000e+00 0.000000000e+00 4.748295878e-18 4.748295878e-18 4.748295878e-18
4.748295878e-18 4.748295878e-18 0.000000000e+00 0.000000000e+00 4.748295878e-18 4.748295878e-18
4.748295878e-18 4.748295878e-18 4.748295878e-18 0.000000000e+00 4.748295878e-18 4.748295878e-18
4.748295878e-18 4.748295878e-18 4.748295878e-18 4.748295878e-18 4.748295878e-18 4.748295878e-18

