7.312828517e-18 7.312828517e-18 7.312828517e-18 7.312828517e-18 7.312828517e-18 7.312828517e-18
7.312828517e-18 7.312828517e-18 3.375484299e-02 6.816797544e-04 7.312828517e-18 7.312828517e-18
7.312828517e-18 2.083714428e-02 1.222292563e-01 7.312828517e-18 3.970014111e-04 7.312828517e-18
7.312828517e-18 7.312828517e-18 5.795947429e-02 6.740513025e-01 4.806724190e-02 7.312828517e-18
7.312828517e-18 7.312828517e-18 7.312828517e-18 4.202205662e-02 7.312828517e-18 7.312828517e-18
7.312828517e-18 7.312828517e-18 7.312828517e-18 7.312828517e-18 7.312828517e-18 7.312828517e-18

8.876860018e-18 8.876860018e-18 8.876860018e-18 8.876860018e-18 8.876860018e-18 1.250920816e-02
8.876860018e-18 8.876860018e-18 4.000150126e-02 8.876860018e-18 2.221928809e-01 8.876860018e-18
8.876860018e-18 1.032484170e-01 2.741998836e-01 0.000000000e+00 8.876860018e-18 8.876860018e-18
8.876860018e-18 8.876860018e-18 8.876860018e-18 0.000000000e+00 1.972519122e-01 8.876860018e-18
8.876860018e-18 7.942852076e-02 5.254132646e-03 5.412420027e-02 8.876860018e-18 8.876860018e-18
1.178934325e-02 8.876860018e-18 8.876860018e-18 8.876860018e-18 8.876860018e-18 8.876860018e-18

6.347617924e-18 6.347617924e-18 6.347617924e-18 6.347617924e-18 6.347617924e-18 6.347617924e-18
6.347617924e-18 6.347617924e-18 7.605456166e-01 6.347617924e-18 6.347617924e-18 6.347617924e-18
2.946303248e-03 1.504256629e-01 6.347617924e-18 0.000000000e+00 3.945252749e-02 6.347617924e-18
6.347617924e-18 6.347617924e-18 0.000000000e+00 0.000000000e+00 6.347617924e-18 6.347617924e-18
6.347617924e-18 0.000000000e+00 4.479866560e-02 6.347617924e-18 6.347617924e-18 6.347617924e-18
6.347617924e-18 6.347617924e-18 1.831224111e-03 6.347617924e-18 6.347617924e-18 6.347617924e-18

6.959573985e-18 6.959573985e-18 4.566966210e-01 6.959573985e-18 6.959573985e-18 6.959573985e-18
6.959573985e-18 6.959573985e-18 6.959573985e-18 6.959573985e-18 6.959573985e-18 6.959573985e-18
6.959573985e-18 6.959573985e-02 0.000000000e+00 0.000000000e+00 1.335918569e-02 5.059256562e-03
6.959573985e-18 6.959573985e-18 0.000000000e+00 0.000000000e+00 3.679354008e-02 6.959573985e-18
6.959573985e-18 0.000000000e+00 4.184956568e-01 6.959573985e-18 6.959573985e-18 6.959573985e-18
6.959573985e-18 6.959573985e-18 0.000000000e+00 6.959573985e-18 6.959573985e-18 6.959573985e-18

3.609445831e-02 3.609445831e-02 3.476385421e-02 3.609445831e-02 3.609445831e-02 3.609445831e-02
3.609445831e-02 3.609445831e-02 0.000000000e+00 3.609445831e-02 3.609445831e-02 3.609445831e-02
3.609445831e-02 3.609445831e-02 0.000000000e+00 0.000000000e+00 3.609445831e-02 3.609445831e-02
3.609445831e-02 3.609445831e-02 0.000000000e+00 0.000000000e+00 3.609445831e-02 3.609445831e-02
3.609445831e-02 0.000000000e+00 0.000000000e+00 3.609445831e-02 3.476385421e-02 3.476385421e-02
3.476385421e-02 3.476385421e-02 0.000000000e+00 3.476385421e-02 3.476385421e-02 3.476385421e-02

