6.982442023e-18 6.982442023e-18 6.982442023e-18 6.982442023e-18 1.504321532e-04 6.982442023e-18
6.982442023e-18 6.982442023e-18 1.921846957e-02 1.504321532e-04 6.982442023e-18 6.982442023e-18
6.982442023e-18 2.496348047e-01 5.710471127e-02 0.000000000e+00 1.504321532e-04 6.982442023e-18
1.504321532e-04 9.551846327e-04 6.982442023e-18 4.012354089e-02 7.096387874e-03 6.982442023e-18
6.982442023e-18 1.504321532e-04 3.790652727e-04 6.242061776e-01 1.504321532e-04 6.982442023e-18
6.982442023e-18 6.982442023e-18 3.790652727e-04 6.982442023e-18 6.982442023e-18 6.982442023e-18

5.126344164e-18 5.126344164e-18 5.126344164e-18 5.126344164e-18 5.126344164e-18 5.126344164e-18
5.126344164e-18 5.126344164e-18 0.000000000e+00 5.126344164e-18 5.126344164e-18 5.126344164e-18
5.126344164e-18 2.701871394e-03 5.126344164e-18 0.000000000e+00 4.085665166e-03 5.126344164e-18
5.126344164e-18 9.442806686e-04 0.000000000e+00 9.725074509e-01 5.126344164e-18 5.126344164e-18
5.126344164e-18 5.126344164e-18 5.126344164e-18 1.561419392e-02 1.767099792e-03 5.126344164e-18
5.126344164e-18 5.126344164e-18 2.379438183e-03 5.126344164e-18 5.126344164e-18 5.126344164e-18

1.232005661e-03 1.232005661e-03 8.395135713e-04 3.013951667e-02 1.658922334e-03 1.232005661e-03
4.746676436e-03 1.940287332e-04 0.000000000e+00 1.232005661e-03 1.124152182e-02 1.658922334e-03
1.232005661e-03 1.186878320e-01 8.395135713e-04 0.000000000e+00 2.598145299e-03 1.418358644e-02
1.232005661e-03 8.395135713e-04 0.000000000e+00 0.000000000e+00 0.000000000e+00 4.889217705e-04
1.232005661e-03 1.232005661e-03 2.452715616e-01 3.104459731e-03 1.899255735e-01 1.232005661e-03
8.395135713e-04 8.395135713e-04 3.385980093e-01 8.395135713e-04 2.053767615e-02 8.395135713e-04

1.969252539e-04 8.520460886e-04 1.969252539e-04 2.636931212e-03 2.147021605e-03 8.520460886e-04
7.359697797e-02 2.636931212e-03 0.000000000e+00 0.000000000e+00 5.465710578e-02 1.969252539e-04
1.969252539e-04 1.270324596e-01 1.969252539e-04 0.000000000e+00 2.147021605e-03 1.555546884e-01
1.683687237e-03 1.969252539e-04 0.000000000e+00 0.000000000e+00 0.000000000e+00 1.969252539e-04
2.636931212e-03 1.250397421e-03 6.675301241e-02 0.000000000e+00 2.636931212e-03 1.969252539e-04
1.969252539e-04 1.969252539e-04 3.151099444e-01 1.969252539e-04 1.854527635e-01 1.969252539e-04

1.786953789e-04 1.786953789e-04 1.786953789e-04 0.000000000e+00 4.502841387e-04 4.502841387e-04
7.964202622e-02 0.000000000e+00 0.000000000e+00 0.000000000e+00 2.076111896e-01 1.786953789e-04
1.786953789e-04 4.273805921e-01 1.786953789e-04 0.000000000e+00 4.502841387e-04 8.073863868e-02
1.527823998e-03 1.786953789e-04 0.000000000e+00 0.000000000e+00 0.000000000e+00 1.786953789e-04
4.371564614e-03 1.786953789e-04 1.786953789e-04 0.000000000e+00 1.134644930e-03 1.786953789e-04
1.786953789e-04 1.786953789e-04 6.365977874e-02 1.786953789e-04 1.299024581e-01 1.786953789e-04

