1.404935970e-04 1.404935970e-04 1.404935970e-04 1.404935970e-04 3.540216804e-04 1.404935970e-04
1.404935970e-04 6.521135109e-18 1.404935970e-04 1.201203357e-03 1.404935970e-04 1.404935970e-04
1.404935970e-04 6.521135109e-18 6.078804896e-04 1.794876868e-02 3.437004588e-03 1.404935970e-04
1.404935970e-04 3.540216804e-04 7.878131145e-01 6.521135109e-18 1.438449539e-01 4.740533783e-03
3.540216804e-04 6.521135109e-18 1.404935970e-04 2.867575611e-02 1.404935970e-04 1.404935970e-04
1.404935970e-04 6.521135109e-18 1.404935970e-04 8.139834807e-03 1.404935970e-04 6.521135109e-18

1.343665151e-04 1.343665151e-04 1.343665151e-04 6.236741162e-18 3.691470326e-03 6.236741162e-18
6.236741162e-18 6.236741162e-18 6.236741162e-18 1.148817544e-03 3.385824016e-04 3.385824016e-04
1.343665151e-04 6.236741162e-18 5.873400494e-03 7.134193753e-01 6.236741162e-18 3.385824016e-04
6.236741162e-18 6.236741162e-18 0.000000000e+00 0.000000000e+00 2.638682124e-01 4.533793838e-03
6.236741162e-18 1.343665151e-04 1.343665151e-04 2.894838814e-03 1.343665151e-04 6.236741162e-18
6.236741162e-18 6.236741162e-18 1.148817544e-03 1.464960970e-03 6.236741162e-18 6.236741162e-18

5.197766229e-18 5.197766229e-18 5.197766229e-18 5.197766229e-18 5.197766229e-18 5.197766229e-18
5.197766229e-18 5.197766229e-18 5.197766229e-18 6.701889097e-02 5.197766229e-18 5.197766229e-18
5.197766229e-18 5.197766229e-18 9.314816056e-01 5.197766229e-18 0.000000000e+00 5.197766229e-18
5.197766229e-18 5.197766229e-18 0.000000000e+00 0.000000000e+00 5.197766229e-18 5.197766229e-18
5.197766229e-18 5.197766229e-18 0.000000000e+00 1.499503429e-03 5.197766229e-18 5.197766229e-18
5.197766229e-18 5.197766229e-18 5.197766229e-18 5.197766229e-18 5.197766229e-18 5.197766229e-18

1.145511679e-04 2.886508554e-04 1.145511679e-04 3.865184555e-03 1.145511679e-04 5.316994216e-18
1.145511679e-04 1.145511679e-04 1.145511679e-04 9.572266136e-01 3.304686309e-02 2.886508554e-04
1.145511679e-04 2.886508554e-04 0.000000000e+00 0.000000000e+00 0.000000000e+00 1.145511679e-04
1.145511679e-04 1.145511679e-04 0.000000000e+00 0.000000000e+00 7.273545775e-04 1.145511679e-04
2.886508554e-04 1.145511679e-04 0.000000000e+00 2.886508554e-04 7.273545775e-04 1.145511679e-04
1.145511679e-04 1.145511679e-04 2.886508554e-04 7.273545775e-04 1.145511679e-04 1.145511679e-04

