6.468507115e-18 1.393597612e-04 6.468507115e-18 3.409266678e-03 1.393597612e-04 6.468507115e-18
1.393597612e-04 6.468507115e-18 1.393597612e-04 5.208299632e-02 8.848793262e-04 1.393597612e-04
1.393597612e-04 6.468507115e-18 7.750300650e-01 6.468507115e-18 1.458459893e-01 7.565611817e-03
1.393597612e-04 6.468507115e-18 1.866099430e-03 1.073417136e-02 3.511645933e-04 1.393597612e-04
1.393597612e-04 6.468507115e-18 6.468507115e-18 1.393597612e-04 6.468507115e-18 6.468507115e-18
1.393597612e-04 1.393597612e-04 1.393597612e-04 1.393597612e-04 1.393597612e-04 1.393597612e-04

5.906885814e-18 3.206750983e-04 5.506220283e-04 9.163153797e-02 5.906885814e-18 5.906885814e-18
3.206750983e-04 1.272599971e-04 5.906885814e-18 8.564006612e-01 1.272599971e-04 5.906885814e-18
1.272599971e-04 1.272599971e-04 4.460038429e-02 0.000000000e+00 1.387480568e-03 2.382403151e-03
5.906885814e-18 5.906885814e-18 0.000000000e+00 1.387480568e-03 5.906885814e-18 1.272599971e-04
1.272599971e-04 5.906885814e-18 5.906885814e-18 1.272599971e-04 5.906885814e-18 5.906885814e-18
5.906885814e-18 5.906885814e-18 5.906885814e-18 1.272599971e-04 5.906885814e-18 5.906885814e-18

6.692302802e-18 3.527219579e-03 6.692302802e-18 1.344014402e-02 6.692302802e-18 6.692302802e-18
6.692302802e-18 6.692302802e-18 0.000000000e+00 6.544489240e-01 6.692302802e-18 6.692302802e-18
6.692302802e-18 1.232732716e-03 2.603446206e-01 0.000000000e+00 4.318692126e-02 9.154941456e-04
6.692302802e-18 6.692302802e-18 0.000000000e+00 6.692302802e-18 0.000000000e+00 6.692302802e-18
6.692302802e-18 6.692302802e-18 1.441812931e-04 2.239644828e-02 6.692302802e-18 6.692302802e-18
6.692302802e-18 6.692302802e-18 6.692302802e-18 3.633140925e-04 6.692302802e-18 6.692302802e-18

5.917449640e-18 5.526277778e-02 5.917449640e-18 1.628718512e-02 5.917449640e-18 5.917449640e-18
5.917449640e-18 2.223939083e-02 0.000000000e+00 0.000000000e+00 5.917449640e-18 5.917449640e-18
5.917449640e-18 5.917449640e-18 8.888612111e-01 0.000000000e+00 5.516067562e-04 5.917449640e-18
4.301685129e-03 5.917449640e-18 0.000000000e+00 0.000000000e+00 0.000000000e+00 5.917449640e-18
5.917449640e-18 5.917449640e-18 5.917449640e-18 3.118828428e-03 5.917449640e-18 5.917449640e-18
5.516067562e-04 5.917449640e-18 5.917449640e-18 8.825708099e-03 5.917449640e-18 5.917449640e-18

7.085474889e-18 2.930215944e-01 1.869230063e-01 7.085474889e-18 1.747671037e-02 7.085474889e-18
7.085474889e-18 4.862468177e-01 0.000000000e+00 0.000000000e+00 7.085474889e-18 7.085474889e-18
9.692793306e-04 0.000000000e+00 0.000000000e+00 0.000000000e+00 5.647080456e-03 7.085474889e-18
7.085474889e-18 7.085474889e-18 0.000000000e+00 0.000000000e+00 0.000000000e+00 7.085474889e-18
7.085474889e-18 7.085474889e-18 7.085474889e-18 1.526519290e-04 7.085474889e-18 7.085474889e-18
1.526519290e-04 7.085474889e-18 7.085474889e-18 9.410207595e-03 7.085474889e-18 7.085474889e-18

1.553310241e-03 3.436041769e-02 2.994391918e-02 0.000000000e+00 2.906820286e-03 1.553310241e-03
2.432739386e-03 1.845715832e-02 0.000000000e+00 0.000000000e+00 1.553310241e-03 1.553310241e-03
3.778903674e-01 0.000000000e+00 0.000000000e+00 0.000000000e+00 2.906820286e-03 1.980766126e-03
1.816762679e-04 0.000000000e+00 0.000000000e+00 0.000000000e+00 0.000000000e+00 1.553310241e-03
5.644261927e-02 7.860675579e-04 4.210110444e-01 2.432739386e-03 1.553310241e-03 2.432739386e-03
4.444488430e-03 1.553310241e-03 1.980766126e-03 1.923018458e-02 7.324728133e-03 1.980766126e-03

