3.022496610e-03 1.047695557e-17 1.047695557e-17 7.616214204e-03 2.257191654e-04 1.929871717e-03
2.257191654e-04 1.047695557e-17 2.257191654e-04 2.257191654e-04 1.047695557e-17 1.929871717e-03
2.257191654e-04 1.075726824e-01 1.189666820e-01 0.000000000e+00 9.100426489e-03 3.022496610e-03
5.778410633e-02 1.262308644e-01 1.047695557e-17 1.350876343e-01 3.022496610e-03 9.100426489e-03
5.687766556e-04 2.257191654e-04 1.132338454e-01 6.020423141e-02 1.047695557e-17 1.433227362e-03
1.433227362e-03 1.929871717e-03 3.828531690e-02 1.895547042e-01 7.616214204e-03 1.047695557e-17

1.908494287e-04 1.908494287e-04 1.018094683e-01 1.176488732e-02 1.908494287e-04 3.053590858e-03
1.231130688e-01 5.193465700e-02 1.908494287e-04 3.515476533e-02 1.908494287e-04 1.908494287e-04
5.833761462e-03 7.694566800e-03 5.069438159e-01 0.000000000e+00 1.167430439e-01 4.809104250e-04
8.257575194e-04 5.833761462e-03 0.000000000e+00 8.342369582e-03 0.000000000e+00 2.555572763e-03
8.257575194e-04 1.908494287e-04 1.036090102e-02 4.809104250e-04 1.908494287e-04 2.555572763e-03
1.908494287e-04 1.908494287e-04 1.211818335e-03 1.908494287e-04 1.908494287e-04 1.908494287e-04

1.466343754e-04 3.694954725e-04 2.773294743e-02 1.552104817e-02 7.960538636e-03 6.344500948e-04
6.344500948e-04 8.495615592e-03 0.000000000e+00 1.939345870e-02 3.694954725e-04 3.694954725e-04
1.466343754e-04 8.200359916e-02 0.000000000e+00 0.000000000e+00 1.466343754e-04 6.917233994e-03
9.310702472e-04 9.310702472e-04 0.000000000e+00 8.205558912e-01 0.000000000e+00 6.344500948e-04
3.694954725e-04 1.466343754e-04 3.694954725e-04 1.253706275e-03 1.466343754e-04 6.344500948e-04
1.466343754e-04 1.466343754e-04 1.253706275e-03 6.344500948e-04 3.694954725e-04 6.344500948e-04

1.867163900e-04 1.587546606e-02 2.469459558e-02 1.081786361e-02 5.386580594e-02 1.867163900e-04
2.010911269e-01 1.976367462e-02 0.000000000e+00 5.182360960e-02 4.022682678e-03 6.907233233e-03
1.867163900e-04 0.000000000e+00 0.000000000e+00 0.000000000e+00 0.000000000e+00 7.527933124e-03
5.356698441e-01 4.567788874e-03 0.000000000e+00 4.288628799e-02 0.000000000e+00 8.078748998e-04
1.867163900e-04 8.078748998e-04 4.704958203e-04 4.704958203e-04 1.867163900e-04 1.867163900e-04
1.867163900e-04 1.867163900e-04 1.587546606e-02 1.867163900e-04 1.867163900e-04 1.867163900e-04

2.550300664e-03 4.799183157e-04 6.565190210e-02 4.177923383e-02 3.139094857e-02 8.240539969e-04
1.775370517e-02 1.102308967e-01 0.000000000e+00 1.904557098e-04 1.654324268e-01 1.209318376e-03
0.000000000e+00 0.000000000e+00 0.000000000e+00 0.000000000e+00 0.000000000e+00 6.426354979e-03
1.174061657e-02 1.775370517e-02 0.000000000e+00 0.000000000e+00 0.000000000e+00 1.174061657e-02
3.565474569e-03 4.799183157e-04 1.904557098e-04 5.040757660e-01 1.904557098e-04 8.240539969e-04
2.550300664e-03 4.799183157e-04 1.904557098e-04 4.799183157e-04 1.904557098e-04 1.628373413e-03

7.000869619e-03 1.396243858e-01 1.736435594e-04 5.846397930e-01 8.930799789e-02 4.261026797e-02
6.423627641e-03 0.000000000e+00 0.000000000e+00 0.000000000e+00 6.085627577e-02 7.513120466e-04
0.000000000e+00 0.000000000e+00 0.000000000e+00 0.000000000e+00 0.000000000e+00 4.375543512e-04
8.803664441e-03 5.297721937e-02 0.000000000e+00 0.000000000e+00 0.000000000e+00 1.893187725e-03
1.736435594e-04 1.736435594e-04 1.736435594e-04 4.375543512e-04 1.736435594e-04 1.484631549e-03
7.513120466e-04 1.736435594e-04 1.736435594e-04 1.736435594e-04 1.736435594e-04 4.375543512e-04

6.108715624e-18 3.316321061e-04 0.000000000e+00 7.501619419e-01 1.427465586e-01 6.108715624e-18
6.108715624e-18 0.000000000e+00 0.000000000e+00 0.000000000e+00 6.108715624e-18 1.067598673e-01
0.000000000e+00 0.000000000e+00 0.000000000e+00 0.000000000e+00 0.000000000e+00 6.108715624e-18
6.108715624e-18 6.108715624e-18 0.000000000e+00 0.000000000e+00 0.000000000e+00 0.000000000e+00
6.108715624e-18 6.108715624e-18 6.108715624e-18 6.108715624e-18 6.108715624e-18 6.108715624e-18
6.108715624e-18 6.108715624e-18 6.108715624e-18 6.108715624e-18 6.108715624e-18 6.108715624e-18

