6.428240417e-18 6.428240417e-18 6.428240417e-18 6.428240417e-18 6.428240417e-18 6.428240417e-18
6.428240417e-18 6.428240417e-18 1.384922415e-04 5.992211274e-04 6.428240417e-18 6.428240417e-18
6.428240417e-18 6.428240417e-18 1.153101955e-01 7.133405026e-01 1.619815083e-01 6.428240417e-18
6.428240417e-18 3.489785806e-04 3.388043866e-03 6.428240417e-18 0.000000000e+00 6.428240417e-18
6.428240417e-18 6.428240417e-18 1.854482891e-03 1.184092009e-03 1.854482891e-03 6.428240417e-18
6.428240417e-18 6.428240417e-18 6.428240417e-18 6.428240417e-18 6.428240417e-18 6.428240417e-18

5.848898258e-18 5.848898258e-18 5.848898258e-18 5.848898258e-18 5.848898258e-18 5.848898258e-18
5.848898258e-18 5.848898258e-18 5.848898258e-18 5.848898258e-18 5.848898258e-18 5.848898258e-18
5.848898258e-18 5.848898258e-18 5.848898258e-18 5.486479824e-01 4.513520176e-01 5.848898258e-18
5.848898258e-18 5.848898258e-18 5.848898258e-18 0.000000000e+00 0.000000000e+00 5.848898258e-18
5.848898258e-18 5.848898258e-18 5.848898258e-18 5.848898258e-18 0.000000000e+00 5.848898258e-18
5.848898258e-18 5.848898258e-18 5.848898258e-18 5.848898258e-18 5.848898258e-18 5.848898258e-18

8.842683615e-18 8.842683615e-18 8.842683615e-18 8.842683615e-18 8.842683615e-18 8.842683615e-18
8.842683615e-18 8.842683615e-18 8.842683615e-18 1.280410798e-01 8.842683615e-18 9.677483884e-02
8.842683615e-18 8.842683615e-18 1.371735843e-01 2.873015095e-01 8.842683615e-18 8.842683615e-18
8.842683615e-18 8.842683615e-18 6.567056244e-02 0.000000000e+00 0.000000000e+00 0.000000000e+00
8.842683615e-18 8.842683615e-18 1.855238201e-02 0.000000000e+00 0.000000000e+00 8.842683615e-18
8.842683615e-18 1.850616447e-01 8.842683615e-18 8.142439831e-02 8.842683615e-18 8.842683615e-18

1.543249114e-02 1.280871559e-02 2.199347875e-02 4.001867749e-02 1.543249114e-02 1.454440065e-02
2.006055589e-02 1.031329602e-02 6.481973479e-03 3.120458404e-02 5.083142152e-03 5.083142152e-03
5.771949224e-03 1.724721325e-02 1.280871559e-02 4.865126724e-01 0.000000000e+00 3.554322759e-02
1.633354966e-02 1.196199793e-02 1.020846854e-03 0.000000000e+00 0.000000000e+00 0.000000000e+00
1.031329602e-02 3.664959308e-02 4.416947809e-03 0.000000000e+00 0.000000000e+00 0.000000000e+00
1.280871559e-02 1.366966846e-02 5.771949224e-03 1.543249114e-02 7.863062456e-02 3.664959308e-02

