7.177702691e-18 2.070695241e-03 3.896656527e-04 9.818959164e-04 3.896656527e-04 7.177702691e-18
3.896656527e-04 7.177702691e-18 7.177702691e-18 6.690837336e-04 7.177702691e-18 3.896656527e-04
3.896656527e-04 7.177702691e-18 5.065703489e-02 7.257096152e-01 1.377789263e-02 6.690837336e-04
3.896656527e-04 7.177702691e-18 1.177993249e-01 7.177702691e-18 0.000000000e+00 1.546389167e-04
6.690837336e-04 7.177702691e-18 1.322144140e-03 6.422477161e-02 1.252575225e-02 9.818959164e-04
7.177702691e-18 6.690837336e-04 3.896656527e-04 3.331594466e-03 6.690837336e-04 3.896656527e-04

7.584751401e-18 2.188124712e-03 7.584751401e-18 1.634085154e-04 7.584751401e-18 7.584751401e-18
3.997590132e-03 7.584751401e-18 7.584751401e-18 7.584751401e-18 7.584751401e-18 3.059130684e-03
6.588218502e-03 7.584751401e-18 1.068837786e-02 1.660751644e-01 4.994965435e-03 1.634085154e-04
7.584751401e-18 7.584751401e-18 5.802544233e-01 0.000000000e+00 0.000000000e+00 1.634085154e-04
7.584751401e-18 7.584751401e-18 2.461685825e-02 7.584751401e-18 0.000000000e+00 1.194523494e-02
7.584751401e-18 2.614536245e-03 7.584751401e-18 1.784895599e-01 3.997590132e-03 7.584751401e-18

2.234376499e-03 2.234376499e-03 1.752190657e-03 1.301271774e-03 3.278999399e-03 1.752190657e-03
2.234376499e-03 5.164100457e-04 9.512354372e-18 1.146089345e-01 5.013545199e-03 2.744218837e-03
3.836583903e-03 9.512354372e-18 1.240036481e-01 3.193181434e-01 9.512354372e-18 3.278999399e-03
1.752190657e-03 9.512354372e-18 1.294539822e-01 0.000000000e+00 0.000000000e+00 0.000000000e+00
1.752190657e-03 1.752190657e-03 3.278999399e-03 0.000000000e+00 0.000000000e+00 1.119590692e-01
1.752190657e-03 3.836583903e-03 3.278999399e-03 1.475619621e-01 3.278999399e-03 2.234376499e-03

2.716547302e-03 2.716547302e-03 1.078062511e-03 2.716547302e-03 4.664505581e-03 1.851110267e-03
3.178488430e-03 1.451634545e-03 1.697842064e-04 3.657889841e-03 4.153563642e-03 5.189853421e-03
2.273498519e-03 1.697842064e-04 1.375252072e-02 5.924318873e-01 0.000000000e+00 3.295351512e-02
2.273498519e-03 1.697842064e-04 6.845270258e-03 0.000000000e+00 0.000000000e+00 0.000000000e+00
7.346135961e-04 2.273498519e-03 7.346135961e-04 0.000000000e+00 0.000000000e+00 0.000000000e+00
2.716547302e-03 3.178488430e-03 4.153563642e-03 1.443581576e-02 2.846420187e-01 2.716547302e-03

