9.532520739e-18 2.998288916e-02 1.304030494e-03 7.597361137e-03 6.277675969e-03 9.532520739e-18
8.280077512e-03 0.000000000e+00 3.986075775e-02 5.175048445e-04 9.532520739e-18 9.532520739e-18
1.581875219e-02 9.532520739e-18 3.851834087e-01 1.304030494e-03 9.532520739e-18 5.175048445e-04
5.175048445e-04 1.366373676e-01 9.027539614e-02 2.053719337e-04 9.532520739e-18 1.755905333e-03
5.175048445e-04 1.304030494e-03 9.532520739e-18 9.532520739e-18 9.532520739e-18 5.175048445e-04
8.406133481e-02 1.755905333e-03 1.304030494e-03 8.406133481e-02 1.004428155e-01 9.532520739e-18

1.888777957e-04 3.479158744e-02 1.668018738e-01 2.245178665e-02 2.059282393e-03 8.766930674e-18
4.759422213e-04 0.000000000e+00 8.766930674e-18 4.289849962e-01 4.759422213e-04 1.888777957e-04
1.167911189e-01 0.000000000e+00 0.000000000e+00 1.605923848e-02 1.888777957e-04 1.888777957e-04
1.888777957e-04 1.105546093e-01 8.650233520e-02 7.615075541e-03 8.766930674e-18 1.888777957e-04
1.888777957e-04 1.888777957e-04 8.172267591e-04 8.766930674e-18 8.766930674e-18 4.759422213e-04
1.888777957e-04 1.888777957e-04 1.888777957e-04 2.059282393e-03 8.172267591e-04 1.888777957e-04

1.691870346e-04 4.263246124e-04 5.171599459e-03 8.577720276e-03 2.706992553e-03 1.691870346e-04
1.691870346e-04 0.000000000e+00 0.000000000e+00 2.356569257e-01 4.263246124e-04 1.691870346e-04
1.844599467e-03 0.000000000e+00 0.000000000e+00 4.263246124e-04 0.000000000e+00 1.691870346e-04
1.691870346e-04 2.370360427e-01 1.288816482e-01 3.749474820e-01 4.263246124e-04 1.691870346e-04
1.691870346e-04 1.691870346e-04 1.691870346e-04 1.691870346e-04 1.691870346e-04 1.691870346e-04
1.691870346e-04 1.691870346e-04 1.691870346e-04 1.691870346e-04 4.263246124e-04 1.691870346e-04

1.255299160e-04 7.272877920e-03 1.255299160e-04 1.219400127e-01 1.680910634e-03 1.255299160e-04
1.255299160e-04 0.000000000e+00 0.000000000e+00 0.000000000e+00 1.368617972e-03 3.163155670e-04
5.431364021e-04 0.000000000e+00 0.000000000e+00 0.000000000e+00 0.000000000e+00 1.255299160e-04
1.255299160e-04 1.255299160e-04 2.350014727e-03 8.614743794e-01 1.255299160e-04 1.255299160e-04
1.255299160e-04 1.255299160e-04 1.255299160e-04 1.255299160e-04 1.255299160e-04 1.255299160e-04
1.255299160e-04 1.255299160e-04 1.255299160e-04 5.431364021e-04 1.255299160e-04 1.255299160e-04

1.797783323e-04 2.137013907e-02 2.876453317e-03 2.060751615e-01 3.967758003e-01 4.530130103e-04
8.344570997e-18 0.000000000e+00 0.000000000e+00 0.000000000e+00 0.000000000e+00 4.398057749e-03
8.480745310e-03 0.000000000e+00 0.000000000e+00 0.000000000e+00 0.000000000e+00 4.530130103e-04
8.344570997e-18 5.991425327e-02 8.344570997e-18 1.028770486e-01 1.908774420e-01 4.530130103e-04
8.344570997e-18 1.797783323e-04 0.000000000e+00 4.530130103e-04 8.344570997e-18 4.530130103e-04
7.778556675e-04 1.797783323e-04 1.797783323e-04 1.960073458e-03 1.797783323e-04 4.530130103e-04

4.789532368e-18 4.789532368e-18 4.789532368e-18 4.789532368e-18 4.789532368e-18 4.789532368e-18
4.789532368e-18 0.000000000e+00 0.000000000e+00 0.000000000e+00 0.000000000e+00 4.789532368e-18
4.789532368e-18 0.000000000e+00 0.000000000e+00 0.000000000e+00 0.000000000e+00 4.789532368e-18
9.193702434e-03 4.789532368e-18 0.000000000e+00 4.789532368e-18 4.789532368e-18 4.789532368e-18
4.789532368e-18 9.908062976e-01 0.000000000e+00 0.000000000e+00 4.789532368e-18 4.789532368e-18
4.789532368e-18 4.789532368e-18 4.789532368e-18 4.789532368e-18 4.789532368e-18 4.789532368e-18

4.647784847e-18 4.647784847e-18 4.647784847e-18 4.647784847e-18 4.647784847e-18 4.647784847e-18
4.647784847e-18 0.000000000e+00 0.000000000e+00 0.000000000e+00 0.000000000e+00 4.647784847e-18
4.647784847e-18 0.000000000e+00 0.000000000e+00 0.000000000e+00 0.000000000e+00 4.647784847e-18
4.647784847e-18 0.000000000e+00 0.000000000e+00 4.647784847e-18 4.647784847e-18 4.647784847e-18
4.647784847e-18 1.000000000e+00 0.000000000e+00 0.000000000e+00 4.647784847e-18 4.647784847e-18
4.647784847e-18 4.647784847e-18 4.647784847e-18 4.647784847e-18 0.000000000e+00 4.647784847e-18

