6.468507115e-18 1.393597612e-04 6.468507115e-18 3.409266678e-03 1.393597612e-04 6.468507115e-18
1.393597612e-04 6.468507115e-18 1.393597612e-04 5.208299632e-02 8.848793262e-04 1.393597612e-04
1.393597612e-04 6.468507115e-18 7.750300650e-01 6.468507115e-18 1.458459893e-01 7.565611817e-03
1.393597612e-04 6.468507115e-18 1.866099430e-03 1.073417136e-02 3.511645933e-04 1.393597612e-04
1.393597612e-04 6.468507115e-18 6.468507115e-18 1.393597612e-04 6.468507115e-18 6.468507115e-18
1.393597612e-04 1.393597612e-04 1.393597612e-04 1.393597612e-04 1.393597612e-04 1.393597612e-04

7.700397820e-18 4.180419100e-04 7.700397820e-18 9.611818366e-03 1.418425406e-03 1.659000419e-04
7.700397820e-18 7.700397820e-18 4.180419100e-04 7.700397820e-18 7.700397820e-18 1.659000419e-04
1.659000419e-04 4.158792273e-02 3.480663888e-01 0.000000000e+00 1.053399604e-03 3.105773941e-03
7.700397820e-18 0.000000000e+00 7.700397820e-18 5.102463397e-01 4.058542293e-03 7.700397820e-18
7.826059928e-03 1.659000419e-04 3.302790209e-02 2.345443477e-02 7.700397820e-18 7.700397820e-18
7.700397820e-18 2.221487544e-03 6.137170297e-03 2.221487544e-03 2.654400671e-03 1.808762295e-03

5.328452336e-18 5.328452336e-18 5.328452336e-18 1.537205060e-03 5.328452336e-18 5.328452336e-18
5.328452336e-18 5.328452336e-18 8.842306184e-03 5.328452336e-18 5.328452336e-18 5.328452336e-18
5.328452336e-18 5.328452336e-18 9.578262687e-01 0.000000000e+00 5.328452336e-18 9.815093122e-04
5.328452336e-18 0.000000000e+00 0.000000000e+00 3.153862437e-03 5.328452336e-18 5.328452336e-18
1.537205060e-03 0.000000000e+00 2.114597711e-02 5.328452336e-18 5.328452336e-18 5.328452336e-18
5.328452336e-18 4.246744151e-03 5.328452336e-18 5.328452336e-18 7.289220262e-04 5.328452336e-18

4.647784847e-18 4.647784847e-18 4.647784847e-18 4.647784847e-18 4.647784847e-18 4.647784847e-18
4.647784847e-18 4.647784847e-18 1.000000000e+00 4.647784847e-18 4.647784847e-18 4.647784847e-18
4.647784847e-18 0.000000000e+00 4.647784847e-18 0.000000000e+00 4.647784847e-18 4.647784847e-18
4.647784847e-18 0.000000000e+00 0.000000000e+00 4.647784847e-18 4.647784847e-18 4.647784847e-18
4.647784847e-18 0.000000000e+00 4.647784847e-18 0.000000000e+00 4.647784847e-18 4.647784847e-18
4.647784847e-18 4.647784847e-18 4.647784847e-18 4.647784847e-18 4.647784847e-18 4.647784847e-18

3.609445831e-02 3.609445831e-02 3.609445831e-02 3.609445831e-02 3.609445831e-02 3.609445831e-02
3.609445831e-02 3.609445831e-02 3.609445831e-02 3.609445831e-02 3.609445831e-02 3.609445831e-02
3.476385421e-02 0.000000000e+00 0.000000000e+00 0.000000000e+00 3.609445831e-02 3.609445831e-02
3.609445831e-02 0.000000000e+00 0.000000000e+00 3.609445831e-02 3.609445831e-02 3.609445831e-02
3.609445831e-02 0.000000000e+00 0.000000000e+00 0.000000000e+00 3.609445831e-02 3.476385421e-02
3.476385421e-02 3.476385421e-02 3.476385421e-02 3.476385421e-02 3.476385421e-02 3.476385421e-02

