7.307161763e-18 7.307161763e-18 7.307161763e-18 7.307161763e-18 7.307161763e-18 7.307161763e-18
7.307161763e-18 2.518848446e-03 0.000000000e+00 1.588130170e-01 7.307161763e-18 7.307161763e-18
7.307161763e-18 1.574280279e-04 7.307161763e-18 4.272340403e-01 9.996056682e-04 7.307161763e-18
7.307161763e-18 1.133535490e-01 1.345990705e-03 2.952626648e-01 1.574280279e-04 7.307161763e-18
7.307161763e-18 7.307161763e-18 1.574280279e-04 7.307161763e-18 7.307161763e-18 7.307161763e-18
7.307161763e-18 7.307161763e-18 7.307161763e-18 7.307161763e-18 7.307161763e-18 7.307161763e-18

4.460871933e-04 4.785471663e-18 4.785471663e-18 4.785471663e-18 4.785471663e-18 4.785471663e-18
4.785471663e-18 4.785471663e-18 0.000000000e+00 2.522212435e-03 4.785471663e-18 4.785471663e-18
4.785471663e-18 0.000000000e+00 0.000000000e+00 1.030998616e-04 4.785471663e-18 4.785471663e-18
4.785471663e-18 6.546433150e-04 6.546433150e-04 9.954131142e-01 1.030998616e-04 4.785471663e-18
4.785471663e-18 4.785471663e-18 4.785471663e-18 4.785471663e-18 1.030998616e-04 4.785471663e-18
4.785471663e-18 4.785471663e-18 4.785471663e-18 4.785471663e-18 4.785471663e-18 4.785471663e-18

1.098713994e-02 7.366643734e-18 1.007742688e-03 1.007742688e-03 7.366643734e-18 7.366643734e-18
7.366643734e-18 0.000000000e+00 0.000000000e+00 1.098713994e-02 7.366643734e-18 7.366643734e-18
7.366643734e-18 0.000000000e+00 0.000000000e+00 2.184812906e-01 7.366643734e-18 7.366643734e-18
1.356947378e-03 0.000000000e+00 2.526215457e-01 4.865557639e-01 3.419293130e-03 7.366643734e-18
7.366643734e-18 1.007742688e-03 9.195218636e-03 7.366643734e-18 1.356947378e-03 7.366643734e-18
7.366643734e-18 1.007742688e-03 1.007742688e-03 7.366643734e-18 7.366643734e-18 7.366643734e-18

1.126479173e-02 5.146632942e-18 2.794022225e-04 5.146632942e-18 5.146632942e-18 5.146632942e-18
5.146632942e-18 0.000000000e+00 0.000000000e+00 5.146632942e-18 5.146632942e-18 5.146632942e-18
0.000000000e+00 0.000000000e+00 0.000000000e+00 1.108808455e-04 5.146632942e-18 5.146632942e-18
5.146632942e-18 0.000000000e+00 0.000000000e+00 2.720897082e-02 5.146632942e-18 5.146632942e-18
9.606347905e-01 5.146632942e-18 5.146632942e-18 1.108808455e-04 2.794022225e-04 5.146632942e-18
5.146632942e-18 1.108808455e-04 5.146632942e-18 5.146632942e-18 5.146632942e-18 5.146632942e-18

