6.918127424e-18 6.918127424e-18 6.918127424e-18 6.918127424e-18 6.918127424e-18 6.918127424e-18
1.490465371e-04 6.918127424e-18 1.490465371e-04 2.038927947e-02 6.918127424e-18 6.918127424e-18
6.918127424e-18 6.918127424e-18 0.000000000e+00 5.922547681e-02 1.526019173e-01 6.918127424e-18
6.918127424e-18 2.818915938e-02 3.736307596e-02 6.918127424e-18 3.755737391e-04 6.918127424e-18
6.918127424e-18 6.918127424e-18 7.011102847e-01 1.490465371e-04 1.490465371e-04 6.918127424e-18
6.918127424e-18 6.918127424e-18 6.918127424e-18 1.490465371e-04 6.918127424e-18 6.918127424e-18

5.304146663e-18 5.304146663e-18 5.304146663e-18 5.304146663e-18 2.879533829e-04 5.304146663e-18
5.304146663e-18 3.493064946e-03 5.304146663e-18 0.000000000e+00 5.304146663e-18 5.304146663e-18
5.304146663e-18 3.855845037e-03 0.000000000e+00 5.304146663e-18 1.408914016e-02 5.304146663e-18
2.879533829e-04 5.304146663e-18 9.622044420e-01 0.000000000e+00 4.944365078e-04 2.879533829e-04
5.304146663e-18 2.879533829e-04 4.995137175e-03 5.304146663e-18 5.304146663e-18 5.304146663e-18
5.304146663e-18 5.304146663e-18 5.304146663e-18 9.716120653e-03 5.304146663e-18 5.304146663e-18

3.826443589e-04 1.518525145e-04 1.518525145e-04 1.518525145e-04 3.826443589e-04 1.518525145e-04
1.518525145e-04 7.163391067e-03 1.518525145e-04 0.000000000e+00 1.518525145e-04 1.518525145e-04
1.518525145e-04 5.691184592e-01 0.000000000e+00 2.164741123e-01 2.842793629e-03 1.518525145e-04
1.518525145e-04 0.000000000e+00 0.000000000e+00 0.000000000e+00 1.518525145e-04 3.826443589e-04
1.518525145e-04 1.518525145e-04 1.943749757e-01 3.826443589e-04 1.298320736e-03 1.518525145e-04
1.518525145e-04 2.842793629e-03 9.642033647e-04 6.570276711e-04 1.518525145e-04 1.518525145e-04

1.822268262e-03 1.360864624e-04 1.360864624e-04 5.888119257e-04 1.163522887e-03 1.360864624e-04
3.429163972e-04 6.419653653e-03 0.000000000e+00 0.000000000e+00 3.429163972e-04 1.360864624e-04
1.360864624e-04 8.668307273e-01 0.000000000e+00 6.826887481e-02 2.547641241e-03 1.360864624e-04
1.360864624e-04 0.000000000e+00 0.000000000e+00 0.000000000e+00 1.483713079e-03 1.360864624e-04
1.822268262e-03 2.915629220e-02 0.000000000e+00 3.429163972e-04 9.947980749e-03 3.429163972e-04
1.360864624e-04 3.738722681e-03 1.163522887e-03 2.177383398e-03 1.360864624e-04 1.360864624e-04

3.706358372e-04 4.496057791e-03 1.470869295e-04 1.470869295e-04 1.470869295e-04 1.470869295e-04
3.706358372e-04 1.470869295e-04 0.000000000e+00 0.000000000e+00 1.470869295e-04 1.470869295e-04
1.470869295e-04 0.000000000e+00 0.000000000e+00 1.130779404e-01 1.470869295e-04 1.470869295e-04
1.470869295e-04 0.000000000e+00 0.000000000e+00 0.000000000e+00 2.888484911e-01 1.470869295e-04
1.470869295e-04 1.470869295e-04 0.000000000e+00 5.806037977e-01 1.470869295e-04 3.706358372e-04
1.470869295e-04 1.470869295e-04 0.000000000e+00 9.067153949e-03 1.470869295e-04 1.470869295e-04

5.786456091e-04 5.845875350e-03 1.337368190e-04 8.491758685e-04 1.337368190e-04 1.337368190e-04
1.337368190e-04 2.503654143e-03 0.000000000e+00 0.000000000e+00 3.369956667e-04 1.337368190e-04
1.337368190e-04 0.000000000e+00 0.000000000e+00 0.000000000e+00 3.369956667e-04 1.337368190e-04
2.397981136e-02 0.000000000e+00 0.000000000e+00 0.000000000e+00 8.662313933e-01 8.491758685e-04
3.369956667e-04 2.139789103e-03 0.000000000e+00 0.000000000e+00 1.083268234e-02 7.827930074e-02
2.503654143e-03 8.491758685e-04 0.000000000e+00 2.139789103e-03 3.369956667e-04 1.337368190e-04

4.417400516e-02 4.417400516e-02 4.417400516e-02 4.417400516e-02 4.417400516e-02 4.417400516e-02
0.000000000e+00 4.417400516e-02 0.000000000e+00 0.000000000e+00 4.417400516e-02 4.417400516e-02
4.417400516e-02 0.000000000e+00 0.000000000e+00 0.000000000e+00 4.417400516e-02 4.284049527e-02
4.284049527e-02 0.000000000e+00 0.000000000e+00 0.000000000e+00 4.284049527e-02 4.284049527e-02
4.284049527e-02 0.000000000e+00 0.000000000e+00 0.000000000e+00 4.284049527e-02 4.284049527e-02
4.284049527e-02 4.284049527e-02 0.000000000e+00 4.284049527e-02 4.284049527e-02 4.284049527e-02

