6.468507115e-18 1.393597612e-04 6.468507115e-18 3.409266678e-03 1.393597612e-04 6.468507115e-18
1.393597612e-04 6.468507115e-18 1.393597612e-04 5.208299632e-02 8.848793262e-04 1.393597612e-04
1.393597612e-04 6.468507115e-18 7.750300650e-01 6.468507115e-18 1.458459893e-01 7.565611817e-03
1.393597612e-04 6.468507115e-18 1.866099430e-03 1.073417136e-02 3.511645933e-04 1.393597612e-04
1.393597612e-04 6.468507115e-18 6.468507115e-18 1.393597612e-04 6.468507115e-18 6.468507115e-18
1.393597612e-04 1.393597612e-04 1.393597612e-04 1.393597612e-04 1.393597612e-04 1.393597612e-04

1.414579785e-04 1.414579785e-04 6.565897735e-18 2.263327656e-03 1.414579785e-04 1.414579785e-04
6.565897735e-18 6.565897735e-18 1.414579785e-04 8.982021756e-04 1.414579785e-04 1.414579785e-04
6.565897735e-18 1.894195647e-03 3.676455321e-01 0.000000000e+00 4.323995673e-03 1.145809626e-02
1.209448704e-03 1.209448704e-03 6.565897735e-18 6.006319630e-01 6.120531262e-04 1.414579785e-04
1.414579785e-04 1.414579785e-04 1.894195647e-03 8.982021756e-04 6.565897735e-18 6.565897735e-18
0.000000000e+00 8.982021756e-04 1.894195647e-03 3.564517696e-04 1.414579785e-04 3.564517696e-04

6.323305819e-18 6.323305819e-18 6.323305819e-18 6.323305819e-18 6.323305819e-18 6.323305819e-18
6.323305819e-18 6.323305819e-18 6.323305819e-18 6.323305819e-18 6.323305819e-18 6.323305819e-18
6.323305819e-18 6.323305819e-18 7.707049921e-02 0.000000000e+00 6.323305819e-18 6.323305819e-18
6.323305819e-18 6.323305819e-18 0.000000000e+00 6.323305819e-18 5.740456605e-01 6.323305819e-18
6.323305819e-18 0.000000000e+00 6.323305819e-18 3.488838403e-01 6.323305819e-18 6.323305819e-18
0.000000000e+00 6.323305819e-18 6.323305819e-18 6.323305819e-18 6.323305819e-18 6.323305819e-18

6.236177886e-18 6.236177886e-18 6.236177886e-18 6.236177886e-18 6.236177886e-18 6.236177886e-18
6.236177886e-18 6.236177886e-18 1.343543797e-04 6.236177886e-18 6.236177886e-18 6.236177886e-18
6.236177886e-18 6.236177886e-18 7.133549423e-01 0.000000000e+00 6.236177886e-18 6.236177886e-18
6.236177886e-18 0.000000000e+00 0.000000000e+00 0.000000000e+00 1.285157704e-01 6.236177886e-18
8.530971348e-04 0.000000000e+00 6.236177886e-18 1.571418358e-01 6.236177886e-18 6.236177886e-18
0.000000000e+00 6.236177886e-18 6.236177886e-18 6.236177886e-18 6.236177886e-18 6.236177886e-18

3.609445831e-02 3.609445831e-02 3.609445831e-02 3.609445831e-02 3.609445831e-02 3.609445831e-02
3.609445831e-02 3.609445831e-02 3.609445831e-02 3.609445831e-02 3.609445831e-02 3.609445831e-02
3.609445831e-02 0.000000000e+00 3.609445831e-02 0.000000000e+00 3.609445831e-02 3.609445831e-02
3.609445831e-02 0.000000000e+00 0.000000000e+00 0.000000000e+00 3.609445831e-02 3.609445831e-02
3.609445831e-02 0.000000000e+00 3.476385421e-02 3.476385421e-02 3.476385421e-02 3.476385421e-02
0.000000000e+00 0.000000000e+00 3.476385421e-02 3.476385421e-02 3.476385421e-02 3.476385421e-02

3.917969513e-02 3.917969513e-02 3.917969513e-02 3.917969513e-02 3.917969513e-02 3.917969513e-02
3.917969513e-02 3.917969513e-02 3.917969513e-02 3.917969513e-02 3.917969513e-02 3.917969513e-02
3.784597560e-02 0.000000000e+00 3.784597560e-02 0.000000000e+00 3.784597560e-02 3.784597560e-02
3.784597560e-02 0.000000000e+00 0.000000000e+00 0.000000000e+00 3.784597560e-02 3.784597560e-02
3.784597560e-02 0.000000000e+00 3.784597560e-02 0.000000000e+00 3.784597560e-02 3.784597560e-02
0.000000000e+00 0.000000000e+00 3.784597560e-02 0.000000000e+00 3.784597560e-02 3.784597560e-02

