1.264011510e-03 1.351470472e-01 1.990693386e-04 1.009274208e-02 1.080714639e-02 5.016233002e-04
1.264011510e-03 1.990693386e-04 1.938592963e-02 9.487197375e-02 6.085022334e-03 8.613230042e-04
8.613230042e-04 1.990693386e-04 4.212538007e-01 9.239980191e-18 0.000000000e+00 3.185109418e-03
4.288818888e-03 9.239980191e-18 6.296309356e-02 1.191383371e-01 9.611415227e-02 5.016233002e-04
1.990693386e-04 9.239980191e-18 9.239980191e-18 1.990693386e-04 9.239980191e-18 1.990693386e-04
1.990693386e-04 4.288818888e-03 2.665641617e-03 1.702018904e-03 8.613230042e-04 5.016233002e-04

6.605078714e-03 9.693106395e-03 1.375268353e-02 5.457756077e-03 1.236055509e-02 4.499141441e-04
1.813940162e-02 8.287489392e-18 4.499141441e-04 3.554600614e-02 4.367972536e-03 4.499141441e-04
4.499141441e-04 8.287489392e-18 7.047938555e-01 0.000000000e+00 0.000000000e+00 1.785485464e-04
4.499141441e-04 4.499141441e-04 8.398173009e-02 8.287489392e-18 0.000000000e+00 4.367972536e-03
1.100660109e-02 8.287489392e-18 1.785485464e-04 3.916722412e-02 1.946665443e-03 1.946665443e-03
1.305197792e-02 1.236055509e-02 4.499141441e-04 9.693106395e-03 7.804676036e-03 4.499141441e-04

8.684967347e-04 9.943186432e-02 2.007273343e-04 1.389594775e-02 2.210947379e-02 5.058011874e-04
4.096989618e-02 2.007273343e-04 2.007273343e-04 9.817124590e-02 1.274539126e-03 2.007273343e-04
1.467325715e-02 2.007273343e-04 3.161257421e-01 0.000000000e+00 0.000000000e+00 5.058011874e-04
2.007273343e-04 2.007273343e-04 1.787269275e-01 0.000000000e+00 0.000000000e+00 2.007273343e-04
4.324539321e-03 2.007273343e-04 2.007273343e-04 1.875521829e-01 0.000000000e+00 8.774150488e-03
2.007273343e-04 2.007273343e-04 5.058011874e-04 2.007273343e-04 8.774150488e-03 2.007273343e-04

4.301792036e-04 3.677980454e-03 1.707167301e-04 2.832960685e-01 4.690124937e-03 3.195945977e-03
4.301792036e-04 1.707167301e-04 1.707167301e-04 3.658952925e-01 1.707167301e-04 1.707167301e-04
1.707167301e-04 1.707167301e-04 1.904082796e-01 0.000000000e+00 0.000000000e+00 0.000000000e+00
1.707167301e-04 1.707167301e-04 6.315354915e-03 0.000000000e+00 0.000000000e+00 0.000000000e+00
2.731467681e-03 1.707167301e-04 1.707167301e-04 1.336467404e-01 0.000000000e+00 4.301792036e-04
4.301792036e-04 1.707167301e-04 1.861277315e-03 1.707167301e-04 1.707167301e-04 1.707167301e-04

1.404658796e-04 3.539518370e-04 1.404658796e-04 1.026811809e-02 1.404658796e-04 1.404658796e-04
1.404658796e-04 1.404658796e-04 1.404658796e-04 3.333312767e-01 0.000000000e+00 3.539518370e-04
1.404658796e-04 1.404658796e-04 1.081937002e-02 0.000000000e+00 0.000000000e+00 0.000000000e+00
1.404658796e-04 1.404658796e-04 1.251511487e-02 0.000000000e+00 0.000000000e+00 0.000000000e+00
1.404658796e-04 1.404658796e-04 2.629627234e-03 0.000000000e+00 0.000000000e+00 6.268462517e-01
1.404658796e-04 1.404658796e-04 1.404658796e-04 1.404658796e-04 3.539518370e-04 1.404658796e-04

