8.200758039e-18 8.200758039e-18 8.200758039e-18 8.200758039e-18 8.200758039e-18 8.200758039e-18
8.200758039e-18 1.766799761e-04 1.766799761e-04 7.337888385e-02 8.200758039e-18 8.200758039e-18
8.200758039e-18 8.200758039e-18 5.588162366e-02 3.344746393e-01 1.946073421e-02 8.200758039e-18
8.200758039e-18 7.766326462e-02 3.754739243e-01 8.200758039e-18 2.826879617e-03 8.200758039e-18
8.200758039e-18 8.200758039e-18 4.807881281e-02 1.223119774e-02 1.766799761e-04 8.200758039e-18
8.200758039e-18 8.200758039e-18 8.200758039e-18 8.200758039e-18 8.200758039e-18 8.200758039e-18

7.320673454e-18 7.320673454e-18 7.320673454e-18 7.320673454e-18 7.320673454e-18 7.320673454e-18
7.320673454e-18 7.320673454e-18 7.320673454e-18 7.320673454e-18 1.348479580e-03 1.405233083e-02
7.320673454e-18 7.320673454e-18 3.622600010e-02 5.551870173e-01 7.320673454e-18 7.320673454e-18
7.320673454e-18 7.320673454e-18 0.000000000e+00 0.000000000e+00 7.320673454e-18 7.320673454e-18
7.320673454e-18 7.320673454e-18 2.444257592e-01 7.320673454e-18 6.361229257e-02 7.320673454e-18
7.320673454e-18 8.514812036e-02 7.320673454e-18 7.320673454e-18 7.320673454e-18 7.320673454e-18

6.327779770e-18 6.327779770e-18 6.327779770e-18 6.327779770e-18 5.898564898e-04 6.327779770e-18
6.327779770e-18 6.327779770e-18 1.363278825e-04 6.327779770e-18 8.429728796e-02 6.327779770e-18
6.327779770e-18 6.327779770e-18 0.000000000e+00 6.327779770e-18 0.000000000e+00 6.327779770e-18
6.327779770e-18 6.327779770e-18 0.000000000e+00 0.000000000e+00 6.327779770e-18 6.327779770e-18
6.327779770e-18 6.327779770e-18 2.762234931e-01 6.327779770e-18 6.382731820e-01 6.327779770e-18
6.327779770e-18 3.435247376e-04 6.327779770e-18 6.327779770e-18 1.363278825e-04 6.327779770e-18

0.000000000e+00 6.054697667e-18 6.054697667e-18 6.054697667e-18 6.054697667e-18 6.054697667e-18
6.054697667e-18 6.054697667e-18 6.054697667e-18 6.054697667e-18 5.679527173e-01 6.054697667e-18
6.054697667e-18 6.054697667e-18 0.000000000e+00 6.054697667e-18 0.000000000e+00 6.054697667e-18
6.054697667e-18 6.054697667e-18 0.000000000e+00 0.000000000e+00 0.000000000e+00 6.054697667e-18
6.054697667e-18 6.054697667e-18 1.784455754e-02 6.054697667e-18 6.054697667e-18 6.054697667e-18
6.054697667e-18 6.054697667e-18 6.054697667e-18 6.054697667e-18 4.142027252e-01 6.054697667e-18

