1.101153714e-17 6.517628605e-03 2.372363761e-04 3.176718030e-03 1.101153714e-17 5.977982080e-04
8.776128227e-03 4.486849641e-02 0.000000000e+00 7.370386131e-02 1.101153714e-17 8.866247469e-02
1.202779680e-02 1.190115473e-01 1.101153714e-17 1.774036964e-01 1.026462184e-03 1.037002595e-02
5.977982080e-04 7.105990292e-02 7.503484086e-02 7.771453418e-02 1.101153714e-17 2.511114608e-02
7.906314482e-02 1.101153714e-17 5.977982080e-04 1.101153714e-17 1.101153714e-17 3.176718030e-03
1.101153714e-17 1.026462184e-03 5.977982080e-04 1.160270010e-01 2.586522626e-03 1.026462184e-03

4.258498747e-03 1.533485369e-01 7.312146252e-03 1.255075482e-03 2.646796655e-03 9.174657428e-18
4.258498747e-03 9.174657428e-18 0.000000000e+00 3.935117306e-02 4.980770350e-04 1.689986348e-03
1.292886216e-02 0.000000000e+00 0.000000000e+00 1.156962117e-01 1.255075482e-03 2.155054169e-03
9.174657428e-18 1.315078219e-01 3.846626486e-01 1.196014096e-01 9.174657428e-18 3.162592037e-03
1.255075482e-03 9.174657428e-18 1.689986348e-03 9.174657428e-18 9.174657428e-18 2.155054169e-03
9.174657428e-18 2.646796655e-03 9.174657428e-18 2.646796655e-03 3.162592037e-03 8.552338138e-04

3.298829268e-01 4.319689944e-03 3.962028315e-04 3.962028315e-04 1.572331979e-04 3.962028315e-04
3.542212279e-01 0.000000000e+00 0.000000000e+00 3.962028315e-04 7.298118554e-18 7.298118554e-18
7.298118554e-18 0.000000000e+00 0.000000000e+00 1.344324932e-03 7.298118554e-18 3.962028315e-04
2.880193212e-01 0.000000000e+00 1.465680310e-02 9.983685748e-04 7.298118554e-18 3.962028315e-04
7.298118554e-18 6.803085362e-04 1.572331979e-04 7.298118554e-18 7.298118554e-18 3.962028315e-04
7.298118554e-18 3.962028315e-04 7.298118554e-18 9.983685748e-04 9.983685748e-04 3.962028315e-04

2.620927373e-04 4.500319338e-04 1.040115717e-04 1.040115717e-04 4.827789498e-18 4.827789498e-18
9.932330467e-01 0.000000000e+00 0.000000000e+00 4.827789498e-18 4.827789498e-18 4.827789498e-18
0.000000000e+00 0.000000000e+00 0.000000000e+00 2.620927373e-04 4.827789498e-18 4.827789498e-18
4.827789498e-18 0.000000000e+00 0.000000000e+00 1.040115717e-04 4.827789498e-18 4.827789498e-18
4.906573766e-03 2.620927373e-04 1.040115717e-04 4.827789498e-18 4.827789498e-18 4.827789498e-18
4.827789498e-18 1.040115717e-04 4.827789498e-18 1.040115717e-04 4.827789498e-18 4.827789498e-18

