6.793969232e-18 6.793969232e-18 6.793969232e-18 6.793969232e-18 6.793969232e-18 6.793969232e-18
6.793969232e-18 0.000000000e+00 6.104921063e-01 6.333132613e-04 6.793969232e-18 6.793969232e-18
6.793969232e-18 6.793969232e-18 2.642996580e-01 7.528155532e-02 1.463716300e-04 6.793969232e-18
6.793969232e-18 1.463716300e-04 3.983119285e-02 9.023059409e-03 6.793969232e-18 6.793969232e-18
6.793969232e-18 6.793969232e-18 6.793969232e-18 1.463716300e-04 6.793969232e-18 6.793969232e-18
6.793969232e-18 6.793969232e-18 6.793969232e-18 6.793969232e-18 6.793969232e-18 6.793969232e-18

5.004515823e-18 5.004515823e-18 5.004515823e-18 5.004515823e-18 5.004515823e-18 5.004515823e-18
5.004515823e-18 0.000000000e+00 2.018453487e-03 1.078190250e-04 5.004515823e-18 5.004515823e-18
5.004515823e-18 0.000000000e+00 9.759465542e-01 5.004515823e-18 0.000000000e+00 5.004515823e-18
5.004515823e-18 5.004515823e-18 5.004515823e-18 1.933259591e-02 2.322890476e-03 5.004515823e-18
5.004515823e-18 5.004515823e-18 5.004515823e-18 2.716869183e-04 5.004515823e-18 5.004515823e-18
5.004515823e-18 5.004515823e-18 5.004515823e-18 5.004515823e-18 5.004515823e-18 5.004515823e-18

5.674501337e-18 9.902527448e-03 5.674501337e-18 1.332895300e-03 5.674501337e-18 5.674501337e-18
5.674501337e-18 0.000000000e+00 5.674501337e-18 5.674501337e-18 3.080593279e-04 5.674501337e-18
5.674501337e-18 0.000000000e+00 0.000000000e+00 0.000000000e+00 0.000000000e+00 5.674501337e-18
5.289598503e-04 5.674501337e-18 5.289598503e-04 1.391882147e-01 8.479023242e-01 5.674501337e-18
5.674501337e-18 3.080593279e-04 5.674501337e-18 5.674501337e-18 5.674501337e-18 5.674501337e-18
5.674501337e-18 5.674501337e-18 5.674501337e-18 5.674501337e-18 5.674501337e-18 5.674501337e-18

6.204387187e-04 3.089374465e-03 6.655855518e-18 7.270127386e-03 6.204387187e-04 3.594661100e-02
1.920147565e-03 0.000000000e+00 0.000000000e+00 0.000000000e+00 6.655855518e-18 6.204387187e-04
6.655855518e-18 0.000000000e+00 0.000000000e+00 0.000000000e+00 0.000000000e+00 6.655855518e-18
1.226019069e-03 1.226019069e-03 7.111925421e-01 1.563407604e-03 2.270398971e-01 6.204387187e-04
3.613354295e-04 1.920147565e-03 3.613354295e-04 2.294336963e-03 1.433960602e-04 6.204387187e-04
6.655855518e-18 3.613354295e-04 6.655855518e-18 6.204387187e-04 3.613354295e-04 6.655855518e-18

6.300250258e-18 3.420302058e-04 0.000000000e+00 1.817559014e-03 6.300250258e-18 1.436734059e-02
6.300250258e-18 0.000000000e+00 0.000000000e+00 0.000000000e+00 0.000000000e+00 5.872902719e-04
6.300250258e-18 0.000000000e+00 0.000000000e+00 0.000000000e+00 0.000000000e+00 6.300250258e-18
8.618621119e-04 3.420302058e-04 6.580506321e-01 3.120387856e-01 8.367352048e-03 3.420302058e-04
6.300250258e-18 2.541057427e-03 6.300250258e-18 3.420302058e-04 6.300250258e-18 6.300250258e-18
6.300250258e-18 6.300250258e-18 6.300250258e-18 6.300250258e-18 6.300250258e-18 6.300250258e-18

5.280544580e-18 5.280544580e-18 0.000000000e+00 1.713838866e-02 5.280544580e-18 1.253094824e-02
0.000000000e+00 0.000000000e+00 0.000000000e+00 0.000000000e+00 0.000000000e+00 2.866720647e-04
9.579228807e-01 0.000000000e+00 0.000000000e+00 0.000000000e+00 0.000000000e+00 5.280544580e-18
5.280544580e-18 1.137658843e-04 9.672886426e-03 0.000000000e+00 2.866720647e-04 1.137658843e-04
5.280544580e-18 1.820254148e-03 5.280544580e-18 5.280544580e-18 5.280544580e-18 5.280544580e-18
5.280544580e-18 5.280544580e-18 5.280544580e-18 5.280544580e-18 1.137658843e-04 5.280544580e-18

4.921173051e-18 4.921173051e-18 0.000000000e+00 2.671623765e-04 4.921173051e-18 1.077131206e-02
0.000000000e+00 0.000000000e+00 0.000000000e+00 0.000000000e+00 0.000000000e+00 4.921173051e-18
0.000000000e+00 0.000000000e+00 0.000000000e+00 0.000000000e+00 0.000000000e+00 4.921173051e-18
0.000000000e+00 4.921173051e-18 5.755838917e-03 0.000000000e+00 4.921173051e-18 4.921173051e-18
4.921173051e-18 9.832056866e-01 4.921173051e-18 4.921173051e-18 4.921173051e-18 4.921173051e-18
4.921173051e-18 4.921173051e-18 4.921173051e-18 4.921173051e-18 4.921173051e-18 4.921173051e-18

4.812654667e-02 4.812654667e-02 0.000000000e+00 4.812654667e-02 4.812654667e-02 4.812654667e-02
0.000000000e+00 0.000000000e+00 0.000000000e+00 0.000000000e+00 0.000000000e+00 4.812654667e-02
0.000000000e+00 0.000000000e+00 0.000000000e+00 0.000000000e+00 0.000000000e+00 4.812654667e-02
0.000000000e+00 0.000000000e+00 0.000000000e+00 0.000000000e+00 4.812654667e-02 4.812654667e-02
4.812654667e-02 4.679436166e-02 4.812654667e-02 4.812654667e-02 4.812654667e-02 4.679436166e-02
4.679436166e-02 4.679436166e-02 4.679436166e-02 4.679436166e-02 4.679436166e-02 4.679436166e-02

