6.982442023e-18 6.982442023e-18 6.982442023e-18 6.982442023e-18 1.504321532e-04 6.982442023e-18
6.982442023e-18 6.982442023e-18 1.921846957e-02 1.504321532e-04 6.982442023e-18 6.982442023e-18
6.982442023e-18 2.496348047e-01 5.710471127e-02 0.000000000e+00 1.504321532e-04 6.982442023e-18
1.504321532e-04 9.551846327e-04 6.982442023e-18 4.012354089e-02 7.096387874e-03 6.982442023e-18
6.982442023e-18 1.504321532e-04 3.790652727e-04 6.242061776e-01 1.504321532e-04 6.982442023e-18
6.982442023e-18 6.982442023e-18 3.790652727e-04 6.982442023e-18 6.982442023e-18 6.982442023e-18

4.764638410e-18 4.764638410e-18 2.586643688e-04 4.764638410e-18 4.764638410e-18 4.764638410e-18
4.764638410e-18 4.764638410e-18 4.764638410e-18 4.764638410e-18 4.764638410e-18 4.764638410e-18
4.764638410e-18 4.764638410e-18 9.937940015e-01 0.000000000e+00 4.764638410e-18 4.764638410e-18
4.764638410e-18 4.764638410e-18 0.000000000e+00 4.764638410e-18 0.000000000e+00 4.764638410e-18
4.764638410e-18 4.764638410e-18 4.764638410e-18 5.947334157e-03 4.764638410e-18 4.764638410e-18
4.764638410e-18 4.764638410e-18 4.764638410e-18 4.764638410e-18 4.764638410e-18 4.764638410e-18

1.308053814e-04 1.308053814e-04 1.308053814e-04 1.308053814e-04 1.308053814e-04 1.308053814e-04
3.296089068e-04 1.308053814e-04 0.000000000e+00 5.554009310e-01 1.308053814e-04 1.308053814e-04
1.308053814e-04 4.404081058e-01 0.000000000e+00 0.000000000e+00 1.308053814e-04 1.308053814e-04
1.308053814e-04 1.308053814e-04 0.000000000e+00 1.308053814e-04 0.000000000e+00 1.308053814e-04
1.308053814e-04 1.308053814e-04 1.308053814e-04 3.296089068e-04 1.308053814e-04 1.308053814e-04
1.308053814e-04 1.308053814e-04 1.308053814e-04 1.308053814e-04 1.308053814e-04 1.308053814e-04

1.814910607e-04 7.852662131e-04 1.814910607e-04 1.814910607e-04 1.814910607e-04 1.978746863e-03
3.467786588e-01 1.617034315e-02 0.000000000e+00 1.669080182e-01 2.430259366e-03 1.978746863e-03
4.573288156e-04 0.000000000e+00 0.000000000e+00 0.000000000e+00 0.000000000e+00 4.573288156e-04
3.709824375e-01 6.123869864e-03 0.000000000e+00 1.051512158e-02 0.000000000e+00 7.852662131e-04
1.814910607e-04 2.430259366e-03 2.318640234e-02 2.903856972e-03 2.430259366e-03 2.400350792e-02
1.551726742e-03 7.852662131e-04 1.256425941e-02 1.551726742e-03 1.152396403e-03 1.814910607e-04

1.431353690e-04 1.431353690e-04 9.137314847e-02 1.431353690e-04 1.431353690e-04 1.431353690e-04
6.193107732e-04 7.291832960e-01 0.000000000e+00 1.431353690e-04 1.487128220e-01 6.193107732e-04
0.000000000e+00 0.000000000e+00 0.000000000e+00 0.000000000e+00 0.000000000e+00 1.431353690e-04
1.431353690e-04 1.431353690e-04 0.000000000e+00 0.000000000e+00 0.000000000e+00 2.223397931e-02
1.431353690e-04 1.431353690e-04 1.431353690e-04 1.431353690e-04 1.431353690e-04 1.560565359e-03
1.431353690e-04 1.431353690e-04 1.560565359e-03 1.560565359e-03 1.431353690e-04 1.431353690e-04

1.655597074e-04 1.655597074e-04 4.050216423e-03 1.655597074e-04 5.329741020e-02 1.655597074e-04
4.171843207e-04 0.000000000e+00 0.000000000e+00 0.000000000e+00 1.543297513e-02 1.872121936e-01
0.000000000e+00 0.000000000e+00 0.000000000e+00 0.000000000e+00 0.000000000e+00 1.655597074e-04
7.163352506e-04 1.249600834e-01 0.000000000e+00 0.000000000e+00 0.000000000e+00 5.861897644e-01
1.051238615e-03 1.051238615e-03 1.051238615e-03 7.163352506e-04 4.171843207e-04 1.415515587e-03
1.415515587e-03 7.163352506e-04 6.124580241e-03 1.210248803e-02 4.171843207e-04 4.171843207e-04

4.927648878e-18 4.927648878e-18 0.000000000e+00 4.927648878e-18 1.599304018e-02 4.927648878e-18
4.927648878e-18 0.000000000e+00 0.000000000e+00 0.000000000e+00 4.927648878e-18 9.817223493e-01
0.000000000e+00 0.000000000e+00 0.000000000e+00 0.000000000e+00 0.000000000e+00 4.927648878e-18
1.061629768e-04 1.061629768e-04 0.000000000e+00 0.000000000e+00 0.000000000e+00 0.000000000e+00
4.927648878e-18 4.927648878e-18 4.927648878e-18 4.927648878e-18 4.927648878e-18 4.927648878e-18
1.061629768e-04 4.927648878e-18 1.698607629e-03 2.675139384e-04 4.927648878e-18 4.927648878e-18

