6.468507115e-18 1.393597612e-04 6.468507115e-18 3.409266678e-03 1.393597612e-04 6.468507115e-18
1.393597612e-04 6.468507115e-18 1.393597612e-04 5.208299632e-02 8.848793262e-04 1.393597612e-04
1.393597612e-04 6.468507115e-18 7.750300650e-01 6.468507115e-18 1.458459893e-01 7.565611817e-03
1.393597612e-04 6.468507115e-18 1.866099430e-03 1.073417136e-02 3.511645933e-04 1.393597612e-04
1.393597612e-04 6.468507115e-18 6.468507115e-18 1.393597612e-04 6.468507115e-18 6.468507115e-18
1.393597612e-04 1.393597612e-04 1.393597612e-04 1.393597612e-04 1.393597612e-04 1.393597612e-04

1.221449416e-04 5.669465968e-18 5.669465968e-18 1.635584073e-03 1.221449416e-04 1.221449416e-04
5.669465968e-18 5.669465968e-18 1.635584073e-03 2.988127100e-03 1.221449416e-04 5.669465968e-18
3.077859660e-04 1.331712532e-03 0.000000000e+00 0.000000000e+00 1.221449416e-04 2.286645453e-03
5.669465968e-18 2.616934516e-02 5.669465968e-18 9.313845533e-01 2.286645453e-03 5.669465968e-18
1.221449416e-04 5.669465968e-18 3.077859660e-04 2.742286406e-02 5.669465968e-18 5.669465968e-18
3.077859660e-04 1.221449416e-04 5.284904684e-04 3.077859660e-04 1.221449416e-04 1.221449416e-04

5.871027075e-18 5.871027075e-18 5.871027075e-18 5.472793852e-04 5.871027075e-18 5.871027075e-18
5.871027075e-18 5.871027075e-18 5.871027075e-18 7.445144204e-01 5.871027075e-18 5.871027075e-18
5.871027075e-18 5.871027075e-18 0.000000000e+00 0.000000000e+00 5.099654183e-03 1.264874440e-04
5.871027075e-18 5.871027075e-18 0.000000000e+00 2.450329857e-01 4.679172924e-03 5.871027075e-18
5.871027075e-18 5.871027075e-18 5.871027075e-18 5.871027075e-18 0.000000000e+00 5.871027075e-18
5.871027075e-18 5.871027075e-18 5.871027075e-18 5.871027075e-18 5.871027075e-18 5.871027075e-18

5.388396035e-18 5.388396035e-18 5.388396035e-18 1.160894734e-04 5.388396035e-18 1.160894734e-04
5.388396035e-18 5.388396035e-18 5.388396035e-18 3.222092902e-02 0.000000000e+00 1.160894734e-04
1.160894734e-04 5.388396035e-18 0.000000000e+00 0.000000000e+00 7.371222090e-04 6.302306235e-03
1.160894734e-04 9.464751699e-01 0.000000000e+00 0.000000000e+00 6.725923152e-03 5.388396035e-18
5.388396035e-18 5.388396035e-18 6.725923152e-03 1.160894734e-04 0.000000000e+00 5.388396035e-18
5.388396035e-18 1.160894734e-04 5.388396035e-18 5.388396035e-18 5.388396035e-18 5.388396035e-18

