1.439980377e-04 3.628523176e-04 1.439980377e-04 6.230433239e-04 3.628523176e-04 1.439980377e-04
1.439980377e-04 6.683796837e-18 6.230433239e-04 1.439980377e-04 6.683796837e-18 3.628523176e-04
1.439980377e-04 1.231165904e-03 1.166384105e-02 5.805637082e-03 1.439980377e-04 3.628523176e-04
2.303968603e-03 3.382399548e-02 6.683796837e-18 7.859378555e-01 1.439980377e-04 1.439980377e-04
1.439980377e-04 1.439980377e-04 1.250786593e-01 1.439980377e-04 1.439980377e-04 1.439980377e-04
6.683796837e-18 3.628523176e-04 2.794866267e-02 1.439980377e-04 3.628523176e-04 6.230433239e-04

1.391002063e-04 1.391002063e-04 6.456459641e-18 1.862623854e-03 1.391002063e-04 0.000000000e+00
6.456459641e-18 6.456459641e-18 1.391002063e-04 6.561822032e-03 1.391002063e-04 8.832312549e-04
6.456459641e-18 1.862623854e-03 8.187540690e-01 6.456459641e-18 7.065986622e-02 2.604060799e-03
1.516571095e-03 1.391002063e-04 0.000000000e+00 8.050764391e-02 7.052329174e-03 6.456459641e-18
1.391002063e-04 6.456459641e-18 2.996823097e-03 1.391002063e-04 6.456459641e-18 6.456459641e-18
6.456459641e-18 6.456459641e-18 2.996823097e-03 1.391002063e-04 1.391002063e-04 3.505105558e-04

7.126758607e-18 1.535413597e-04 7.126758607e-18 7.126758607e-18 1.535413597e-04 0.000000000e+00
1.535413597e-04 7.126758607e-18 0.000000000e+00 1.674018999e-03 1.535413597e-04 1.535413597e-04
7.126758607e-18 1.312760160e-03 3.526642182e-02 0.000000000e+00 1.535413597e-04 1.535413597e-04
7.784490330e-03 2.482822216e-01 0.000000000e+00 6.239968902e-01 1.535413597e-04 7.126758607e-18
1.535413597e-04 7.126758607e-18 5.828497983e-02 1.431266112e-02 7.126758607e-18 1.535413597e-04
7.126758607e-18 1.535413597e-04 7.243059548e-03 7.126758607e-18 7.126758607e-18 1.535413597e-04

7.080165299e-18 7.080165299e-18 7.080165299e-18 1.525375373e-04 7.080165299e-18 0.000000000e+00
7.080165299e-18 7.080165299e-18 0.000000000e+00 1.663074601e-03 0.000000000e+00 7.080165299e-18
7.080165299e-18 1.525375373e-04 1.525375373e-04 0.000000000e+00 1.525375373e-04 7.080165299e-18
4.316935086e-02 1.843805949e-01 0.000000000e+00 4.653794593e-02 1.525375373e-04 7.080165299e-18
6.707619371e-01 0.000000000e+00 2.884941196e-02 1.525375373e-04 7.080165299e-18 7.080165299e-18
7.080165299e-18 2.855617774e-03 2.086684158e-02 7.080165299e-18 7.080165299e-18 7.080165299e-18

