6.793969232e-18 6.793969232e-18 6.793969232e-18 6.793969232e-18 6.793969232e-18 6.793969232e-18
6.793969232e-18 0.000000000e+00 6.104921063e-01 6.333132613e-04 6.793969232e-18 6.793969232e-18
6.793969232e-18 6.793969232e-18 2.642996580e-01 7.528155532e-02 1.463716300e-04 6.793969232e-18
6.793969232e-18 1.463716300e-04 3.983119285e-02 9.023059409e-03 6.793969232e-18 6.793969232e-18
6.793969232e-18 6.793969232e-18 6.793969232e-18 1.463716300e-04 6.793969232e-18 6.793969232e-18
6.793969232e-18 6.793969232e-18 6.793969232e-18 6.793969232e-18 6.793969232e-18 6.793969232e-18

1.434821386e-04 1.434821386e-04 1.434821386e-04 9.385014671e-03 1.434821386e-04 1.434821386e-04
6.208111582e-04 0.000000000e+00 1.434821386e-04 3.941905142e-03 3.615523334e-04 1.434821386e-04
1.434821386e-04 0.000000000e+00 0.000000000e+00 4.933172431e-01 1.434821386e-04 1.434821386e-04
7.274491528e-03 1.434821386e-04 1.705563299e-02 4.642382254e-01 1.434821386e-04 1.434821386e-04
1.434821386e-04 1.434821386e-04 1.434821386e-04 3.615523334e-04 1.434821386e-04 1.434821386e-04
1.434821386e-04 1.434821386e-04 1.434821386e-04 1.434821386e-04 1.434821386e-04 1.434821386e-04

5.492624444e-18 9.114741773e-03 5.492624444e-18 1.584567067e-03 5.492624444e-18 5.492624444e-18
5.492624444e-18 0.000000000e+00 0.000000000e+00 2.981855311e-04 2.981855311e-04 5.492624444e-18
5.492624444e-18 0.000000000e+00 0.000000000e+00 5.492624444e-18 0.000000000e+00 5.492624444e-18
5.120058365e-04 5.492624444e-18 5.120058365e-04 8.357454000e-02 9.038075829e-01 5.492624444e-18
5.492624444e-18 2.981855311e-04 5.492624444e-18 5.492624444e-18 5.492624444e-18 5.492624444e-18
5.492624444e-18 5.492624444e-18 5.492624444e-18 5.492624444e-18 5.492624444e-18 5.492624444e-18

6.204387187e-04 3.089374465e-03 6.655855518e-18 7.270127386e-03 6.204387187e-04 3.594661100e-02
1.920147565e-03 0.000000000e+00 0.000000000e+00 0.000000000e+00 6.655855518e-18 6.204387187e-04
6.655855518e-18 0.000000000e+00 0.000000000e+00 0.000000000e+00 0.000000000e+00 6.655855518e-18
1.226019069e-03 1.226019069e-03 7.111925421e-01 1.563407604e-03 2.270398971e-01 6.204387187e-04
3.613354295e-04 1.920147565e-03 3.613354295e-04 2.294336963e-03 1.433960602e-04 6.204387187e-04
6.655855518e-18 3.613354295e-04 6.655855518e-18 6.204387187e-04 3.613354295e-04 6.655855518e-18

6.797508063e-18 6.797508063e-18 6.797508063e-18 6.797508063e-18 6.797508063e-18 1.422597570e-01
9.579000137e-03 0.000000000e+00 0.000000000e+00 0.000000000e+00 0.000000000e+00 6.797508063e-18
6.797508063e-18 0.000000000e+00 0.000000000e+00 0.000000000e+00 0.000000000e+00 6.797508063e-18
6.797508063e-18 6.797508063e-18 6.797508063e-18 5.982888809e-01 7.950413661e-03 6.797508063e-18
6.797508063e-18 2.368117817e-01 0.000000000e+00 4.476523491e-03 6.797508063e-18 6.797508063e-18
6.797508063e-18 6.797508063e-18 6.797508063e-18 6.336431404e-04 6.797508063e-18 6.797508063e-18

4.700273045e-18 4.700273045e-18 4.700273045e-18 4.700273045e-18 4.700273045e-18 2.181673488e-03
4.700273045e-18 0.000000000e+00 0.000000000e+00 0.000000000e+00 0.000000000e+00 4.700273045e-18
4.700273045e-18 0.000000000e+00 0.000000000e+00 0.000000000e+00 0.000000000e+00 4.700273045e-18
4.700273045e-18 4.700273045e-18 0.000000000e+00 4.700273045e-18 4.700273045e-18 4.700273045e-18
4.700273045e-18 9.978183265e-01 0.000000000e+00 0.000000000e+00 4.700273045e-18 4.700273045e-18
4.700273045e-18 4.700273045e-18 4.700273045e-18 4.700273045e-18 4.700273045e-18 4.700273045e-18

4.811819535e-18 4.811819535e-18 4.811819535e-18 4.811819535e-18 4.811819535e-18 1.141864454e-02
4.811819535e-18 0.000000000e+00 0.000000000e+00 0.000000000e+00 0.000000000e+00 4.811819535e-18
4.811819535e-18 0.000000000e+00 0.000000000e+00 0.000000000e+00 0.000000000e+00 4.811819535e-18
4.811819535e-18 0.000000000e+00 0.000000000e+00 4.811819535e-18 4.811819535e-18 4.811819535e-18
4.811819535e-18 9.885813555e-01 0.000000000e+00 0.000000000e+00 4.811819535e-18 4.811819535e-18
4.811819535e-18 4.811819535e-18 4.811819535e-18 4.811819535e-18 0.000000000e+00 4.811819535e-18

