1.085041883e-17 2.337651873e-04 3.521581766e-02 2.337651873e-04 2.337651873e-04 1.085041883e-17
1.085041883e-17 1.085041883e-17 2.337651873e-04 6.422264143e-03 1.085041883e-17 1.797147171e-01
1.262032481e-01 2.337651873e-04 0.000000000e+00 7.131983273e-02 5.008379222e-02 1.085041883e-17
2.337651873e-04 1.085041883e-17 7.924088017e-02 1.085041883e-17 1.041858681e-01 1.011443223e-03
1.269072685e-02 1.085041883e-17 5.718780347e-03 5.736347095e-02 5.860039837e-02 4.653870867e-02
1.085041883e-17 2.337651873e-04 1.085041883e-17 9.011674692e-02 7.393694811e-02 1.085041883e-17

1.959653768e-04 1.959653768e-04 3.668619692e-03 4.938018066e-04 3.135446029e-03 4.938018066e-04
4.938018066e-04 5.990142445e-03 9.830761665e-02 0.000000000e+00 1.959653768e-04 1.959653768e-04
1.063863742e-02 2.860959659e-02 0.000000000e+00 8.565996818e-03 1.959653768e-04 1.244302581e-03
4.098858566e-02 1.959653768e-04 5.679483050e-01 0.000000000e+00 6.308568212e-02 1.244302581e-03
2.136556330e-03 4.912471904e-02 9.935372357e-03 2.503556954e-02 3.135446029e-03 1.244302581e-03
1.959653768e-04 2.136556330e-03 4.221946058e-03 6.530886714e-02 1.244302581e-03 1.959653768e-04

1.942806371e-03 1.443376191e-02 7.293730430e-02 2.386117935e-03 6.012640428e-03 2.851113464e-03
7.710032192e-04 3.839086095e-03 1.523542327e-03 0.000000000e+00 1.781945915e-04 5.446936615e-03
6.591984798e-03 1.534937457e-01 0.000000000e+00 6.567136440e-01 4.359313462e-03 4.490222337e-04
1.302610366e-02 0.000000000e+00 0.000000000e+00 0.000000000e+00 4.895565285e-03 5.446936615e-03
1.131465128e-03 7.184355739e-03 6.591984798e-03 7.710032192e-04 7.710032192e-04 2.386117935e-03
1.131465128e-03 1.372542020e-02 2.386117935e-03 4.359313462e-03 1.131465128e-03 1.131465128e-03

2.222142176e-04 8.220410798e-03 6.167612206e-02 5.436199953e-03 3.555427481e-03 1.126617891e-02
5.599447407e-04 9.614650795e-04 0.000000000e+00 0.000000000e+00 2.222142176e-04 3.555427481e-03
6.656028469e-02 1.157019041e-01 0.000000000e+00 7.028352368e-02 2.222142176e-04 5.599447407e-04
1.418546153e-01 0.000000000e+00 0.000000000e+00 0.000000000e+00 1.048258797e-02 2.838899191e-02
4.160017793e-03 2.791355277e-01 0.000000000e+00 6.104922715e-03 6.792499973e-03 2.222142176e-04
2.222142176e-04 3.039847737e-02 2.222142176e-04 1.403672858e-01 2.222142176e-04 2.422740185e-03

1.598972795e-04 1.598972795e-04 2.712094921e-02 5.395252679e-03 6.918353481e-04 1.598972795e-04
1.598972795e-04 4.029158966e-04 0.000000000e+00 0.000000000e+00 1.598972795e-04 1.598972795e-04
4.789436321e-02 0.000000000e+00 0.000000000e+00 1.598972795e-04 1.598972795e-04 1.598972795e-04
4.887636258e-03 0.000000000e+00 0.000000000e+00 0.000000000e+00 2.483769616e-02 1.367102510e-03
1.598972795e-04 3.456103643e-01 0.000000000e+00 5.270195802e-01 1.598972795e-04 1.598972795e-04
1.598972795e-04 5.395252679e-03 0.000000000e+00 6.446654346e-03 1.598972795e-04 6.918353481e-04

3.409500380e-04 5.854355467e-04 8.591402596e-04 1.156850987e-03 1.353061122e-04 1.353061122e-04
1.353061122e-04 1.156850987e-03 0.000000000e+00 0.000000000e+00 1.353061122e-04 1.353061122e-04
4.624457364e-01 0.000000000e+00 0.000000000e+00 0.000000000e+00 3.409500380e-04 3.409500380e-04
1.353061122e-04 0.000000000e+00 0.000000000e+00 0.000000000e+00 4.135949417e-03 1.353061122e-04
1.353061122e-04 5.241143754e-01 0.000000000e+00 0.000000000e+00 1.353061122e-04 1.353061122e-04
5.854355467e-04 1.156850987e-03 0.000000000e+00 1.156850987e-03 1.353061122e-04 1.353061122e-04

4.417400516e-02 4.417400516e-02 4.417400516e-02 4.417400516e-02 4.417400516e-02 4.417400516e-02
0.000000000e+00 4.417400516e-02 0.000000000e+00 0.000000000e+00 4.417400516e-02 4.417400516e-02
4.417400516e-02 0.000000000e+00 0.000000000e+00 0.000000000e+00 4.417400516e-02 4.284049527e-02
4.284049527e-02 0.000000000e+00 0.000000000e+00 0.000000000e+00 4.284049527e-02 4.284049527e-02
4.284049527e-02 0.000000000e+00 0.000000000e+00 0.000000000e+00 4.284049527e-02 4.284049527e-02
4.284049527e-02 4.284049527e-02 0.000000000e+00 4.284049527e-02 4.284049527e-02 4.284049527e-02

