6.468507115e-18 1.393597612e-04 6.468507115e-18 3.409266678e-03 1.393597612e-04 6.468507115e-18
1.393597612e-04 6.468507115e-18 1.393597612e-04 5.208299632e-02 8.848793262e-04 1.393597612e-04
1.393597612e-04 6.468507115e-18 7.750300650e-01 6.468507115e-18 1.458459893e-01 7.565611817e-03
1.393597612e-04 6.468507115e-18 1.866099430e-03 1.073417136e-02 3.511645933e-04 1.393597612e-04
1.393597612e-04 6.468507115e-18 6.468507115e-18 1.393597612e-04 6.468507115e-18 6.468507115e-18
1.393597612e-04 1.393597612e-04 1.393597612e-04 1.393597612e-04 1.393597612e-04 1.393597612e-04

1.504685691e-04 3.791570350e-04 6.984132299e-18 1.286488169e-03 6.984132299e-18 6.984132299e-18
6.984132299e-18 6.984132299e-18 6.984132299e-18 3.711389345e-01 6.984132299e-18 6.984132299e-18
6.984132299e-18 6.984132299e-18 1.609044047e-01 0.000000000e+00 4.316786272e-01 1.504685691e-04
6.984132299e-18 6.984132299e-18 0.000000000e+00 6.984132299e-18 3.791570350e-04 6.984132299e-18
6.984132299e-18 6.984132299e-18 1.504685691e-04 3.378182561e-02 6.984132299e-18 6.984132299e-18
6.984132299e-18 6.984132299e-18 6.984132299e-18 6.984132299e-18 6.984132299e-18 6.984132299e-18

5.533928968e-18 5.533928968e-18 5.533928968e-18 6.907580794e-03 5.533928968e-18 5.533928968e-18
5.533928968e-18 5.533928968e-18 5.533928968e-18 5.533928968e-18 5.533928968e-18 5.533928968e-18
5.533928968e-18 5.533928968e-18 1.385174057e-01 0.000000000e+00 8.545750136e-01 5.533928968e-18
5.533928968e-18 5.533928968e-18 0.000000000e+00 0.000000000e+00 5.533928968e-18 5.533928968e-18
5.533928968e-18 5.533928968e-18 5.533928968e-18 0.000000000e+00 5.533928968e-18 5.533928968e-18
5.533928968e-18 5.533928968e-18 5.533928968e-18 5.533928968e-18 5.533928968e-18 5.533928968e-18

5.756986798e-18 5.756986798e-18 5.756986798e-18 0.000000000e+00 5.756986798e-18 5.756986798e-18
5.756986798e-18 5.756986798e-18 1.105077061e-02 0.000000000e+00 5.756986798e-18 5.756986798e-18
5.756986798e-18 5.756986798e-18 7.767694066e-01 0.000000000e+00 2.121798228e-01 5.756986798e-18
5.756986798e-18 5.756986798e-18 0.000000000e+00 0.000000000e+00 5.756986798e-18 5.756986798e-18
5.756986798e-18 5.756986798e-18 5.756986798e-18 0.000000000e+00 5.756986798e-18 5.756986798e-18
5.756986798e-18 5.756986798e-18 5.756986798e-18 5.756986798e-18 5.756986798e-18 5.756986798e-18

5.419276244e-18 5.419276244e-18 5.419276244e-18 0.000000000e+00 5.419276244e-18 5.419276244e-18
5.419276244e-18 5.419276244e-18 1.048092838e-01 0.000000000e+00 5.419276244e-18 5.419276244e-18
2.942035781e-04 0.000000000e+00 0.000000000e+00 0.000000000e+00 8.902831787e-01 5.419276244e-18
5.419276244e-18 4.319130254e-03 0.000000000e+00 0.000000000e+00 2.942035781e-04 5.419276244e-18
5.419276244e-18 5.419276244e-18 5.419276244e-18 0.000000000e+00 5.419276244e-18 5.419276244e-18
5.419276244e-18 5.419276244e-18 5.419276244e-18 5.419276244e-18 5.419276244e-18 5.419276244e-18

7.073858884e-18 3.034060371e-02 0.000000000e+00 0.000000000e+00 7.073858884e-18 7.073858884e-18
7.073858884e-18 1.613150839e-02 7.073858884e-18 0.000000000e+00 4.747931724e-01 7.073858884e-18
1.678655642e-02 0.000000000e+00 0.000000000e+00 0.000000000e+00 4.268454908e-01 7.073858884e-18
7.073858884e-18 7.073858884e-18 0.000000000e+00 0.000000000e+00 7.073858884e-18 6.661749331e-03
1.548304453e-02 7.073858884e-18 0.000000000e+00 0.000000000e+00 7.073858884e-18 1.295787443e-02
7.073858884e-18 7.073858884e-18 7.073858884e-18 7.073858884e-18 7.073858884e-18 7.073858884e-18

4.211050269e-02 4.211050269e-02 0.000000000e+00 0.000000000e+00 0.000000000e+00 4.211050269e-02
4.211050269e-02 4.211050269e-02 0.000000000e+00 0.000000000e+00 4.211050269e-02 4.211050269e-02
4.211050269e-02 0.000000000e+00 0.000000000e+00 0.000000000e+00 4.077899461e-02 4.211050269e-02
4.211050269e-02 4.211050269e-02 0.000000000e+00 0.000000000e+00 4.211050269e-02 4.211050269e-02
4.211050269e-02 4.211050269e-02 0.000000000e+00 0.000000000e+00 4.211050269e-02 4.077899461e-02
4.077899461e-02 4.077899461e-02 4.077899461e-02 4.077899461e-02 4.077899461e-02 4.077899461e-02

