1.165164994e-17 2.510271883e-04 1.165164994e-17 4.137435190e-02 4.016435013e-03 4.872201261e-02
1.165164994e-17 1.165164994e-17 2.510271883e-04 1.165164994e-17 1.165164994e-17 9.088486187e-02
2.033320225e-02 8.223216577e-02 7.241882627e-02 8.365917264e-02 1.165164994e-17 6.695443389e-02
1.165164994e-17 0.000000000e+00 1.165164994e-17 1.012458990e-01 1.165164994e-17 9.286294241e-03
1.012078204e-02 1.057705330e-01 9.529103191e-02 5.250544549e-02 1.165164994e-17 1.165164994e-17
1.165164994e-17 2.033320225e-02 2.657088470e-02 5.765762871e-02 1.012078204e-02 1.165164994e-17

9.433235309e-18 5.202762083e-02 9.433235309e-18 2.064717501e-02 3.061624623e-02 9.433235309e-18
1.290448438e-03 0.000000000e+00 6.657558145e-02 9.433235309e-18 9.433235309e-18 9.433235309e-18
9.433235309e-18 9.433235309e-18 1.869028668e-01 2.699132735e-01 9.433235309e-18 9.433235309e-18
9.433235309e-18 0.000000000e+00 0.000000000e+00 5.094654461e-02 9.433235309e-18 9.433235309e-18
5.121148021e-04 4.987117346e-02 2.065494334e-01 9.433235309e-18 9.433235309e-18 9.433235309e-18
9.433235309e-18 9.433235309e-18 1.103317895e-02 9.433235309e-18 5.311434254e-02 9.433235309e-18

8.295193365e-18 2.046054699e-02 8.628649214e-02 4.863246143e-02 1.306411092e-02 1.787145235e-04
8.295193365e-18 0.000000000e+00 8.295193365e-18 5.746415358e-01 8.295193365e-18 1.134766490e-03
4.670653571e-02 0.000000000e+00 0.000000000e+00 1.449721672e-01 8.295193365e-18 8.295193365e-18
4.503323801e-04 0.000000000e+00 0.000000000e+00 3.557904938e-02 8.295193365e-18 3.345670703e-03
4.503323801e-04 1.787145235e-04 9.060760452e-03 8.295193365e-18 8.295193365e-18 4.503323801e-04
8.295193365e-18 8.295193365e-18 1.134766490e-03 4.503323801e-04 1.237204534e-02 4.503323801e-04

1.397244138e-04 5.633335362e-03 1.244905235e-02 1.006063431e-01 1.397244138e-04 1.397244138e-04
8.871947255e-04 0.000000000e+00 0.000000000e+00 3.838668635e-03 6.485432787e-18 1.397244138e-04
3.418187458e-03 0.000000000e+00 0.000000000e+00 9.107347542e-02 6.485432787e-18 1.397244138e-04
1.397244138e-04 0.000000000e+00 0.000000000e+00 7.802773256e-01 6.485432787e-18 6.485432787e-18
1.397244138e-04 6.485432787e-18 0.000000000e+00 6.485432787e-18 6.485432787e-18 6.485432787e-18
1.397244138e-04 1.397244138e-04 1.397244138e-04 1.397244138e-04 1.397244138e-04 1.397244138e-04

1.383129361e-04 8.782324008e-04 9.575125084e-03 1.705290735e-02 4.666953940e-03 1.383129361e-04
1.383129361e-04 0.000000000e+00 0.000000000e+00 0.000000000e+00 3.540811163e-02 1.383129361e-04
1.383129361e-04 0.000000000e+00 0.000000000e+00 6.419917795e-18 7.012414865e-03 2.684523800e-02
6.419917795e-18 0.000000000e+00 0.000000000e+00 8.678572378e-01 1.383129361e-04 1.383129361e-04
3.383657376e-03 0.000000000e+00 0.000000000e+00 1.383129361e-04 6.419917795e-18 1.383129361e-04
1.383129361e-04 2.213839603e-02 1.383129361e-04 1.383129361e-04 1.383129361e-04 3.383657376e-03

1.566170743e-03 1.165276238e-01 1.279876614e-02 1.923541201e-03 1.436494960e-04 1.436494960e-04
3.619740475e-04 0.000000000e+00 0.000000000e+00 0.000000000e+00 1.436494960e-04 1.436494960e-04
1.436494960e-04 0.000000000e+00 0.000000000e+00 0.000000000e+00 9.121174439e-04 1.436494960e-04
1.436494960e-04 0.000000000e+00 0.000000000e+00 0.000000000e+00 1.436494960e-04 1.436494960e-04
1.436494960e-04 0.000000000e+00 0.000000000e+00 1.228185914e-03 1.436494960e-04 1.436494960e-04
1.436494960e-04 1.436494960e-04 3.525004635e-02 1.436494960e-04 7.676161963e-01 5.966063565e-02

1.188593557e-04 1.188593557e-04 1.295890697e-03 1.591588375e-03 2.560747191e-03 9.465352768e-01
1.188593557e-04 0.000000000e+00 0.000000000e+00 0.000000000e+00 1.188593557e-04 1.188593557e-04
7.547098650e-04 0.000000000e+00 0.000000000e+00 0.000000000e+00 0.000000000e+00 1.846305685e-02
1.188593557e-04 0.000000000e+00 0.000000000e+00 0.000000000e+00 1.188593557e-04 1.295890697e-03
1.188593557e-04 0.000000000e+00 0.000000000e+00 2.995068084e-04 5.142745640e-04 1.188593557e-04
1.188593557e-04 1.188593557e-04 1.016233196e-03 0.000000000e+00 2.306948130e-02 1.295890697e-03

4.988288665e-18 4.988288665e-18 9.188506283e-04 4.649931807e-04 1.074694214e-04 2.708059726e-04
4.988288665e-18 0.000000000e+00 0.000000000e+00 0.000000000e+00 2.708059726e-04 0.000000000e+00
2.708059726e-04 0.000000000e+00 0.000000000e+00 0.000000000e+00 0.000000000e+00 9.867838400e-01
4.988288665e-18 0.000000000e+00 0.000000000e+00 0.000000000e+00 0.000000000e+00 4.988288665e-18
1.074694214e-04 0.000000000e+00 0.000000000e+00 1.074694214e-04 1.719510743e-03 1.074694214e-04
4.988288665e-18 4.988288665e-18 1.171709393e-03 0.000000000e+00 5.069692104e-03 2.629108390e-03

5.752462548e-18 5.752462548e-18 1.239330487e-04 5.752462548e-18 5.752462548e-18 1.239330487e-04
5.752462548e-18 0.000000000e+00 0.000000000e+00 0.000000000e+00 5.752462548e-18 0.000000000e+00
1.239330487e-04 0.000000000e+00 0.000000000e+00 0.000000000e+00 0.000000000e+00 9.005063431e-01
5.752462548e-18 0.000000000e+00 0.000000000e+00 0.000000000e+00 0.000000000e+00 0.000000000e+00
5.752462548e-18 0.000000000e+00 0.000000000e+00 0.000000000e+00 5.752462548e-18 1.418876271e-02
5.752462548e-18 5.752462548e-18 1.867003250e-02 0.000000000e+00 4.343439984e-02 2.282866275e-02

4.647784847e-18 4.647784847e-18 4.647784847e-18 4.647784847e-18 4.647784847e-18 4.647784847e-18
4.647784847e-18 0.000000000e+00 0.000000000e+00 0.000000000e+00 4.647784847e-18 0.000000000e+00
4.647784847e-18 0.000000000e+00 0.000000000e+00 0.000000000e+00 0.000000000e+00 4.647784847e-18
4.647784847e-18 0.000000000e+00 0.000000000e+00 0.000000000e+00 0.000000000e+00 0.000000000e+00
4.647784847e-18 0.000000000e+00 0.000000000e+00 0.000000000e+00 0.000000000e+00 4.647784847e-18
4.647784847e-18 4.647784847e-18 1.000000000e+00 0.000000000e+00 0.000000000e+00 4.647784847e-18

5.967381348e-18 5.967381348e-18 1.285633339e-04 1.285633339e-04 5.967381348e-18 5.967381348e-18
5.967381348e-18 0.000000000e+00 0.000000000e+00 0.000000000e+00 5.967381348e-18 0.000000000e+00
5.967381348e-18 0.000000000e+00 0.000000000e+00 0.000000000e+00 0.000000000e+00 1.642461713e-02
5.967381348e-18 0.000000000e+00 0.000000000e+00 0.000000000e+00 0.000000000e+00 0.000000000e+00
2.991186797e-01 0.000000000e+00 0.000000000e+00 0.000000000e+00 0.000000000e+00 0.000000000e+00
6.840710132e-01 0.000000000e+00 5.967381348e-18 0.000000000e+00 0.000000000e+00 1.285633339e-04

5.442436276e-18 5.442436276e-18 5.442436276e-18 2.954608981e-04 1.172537351e-04 1.172537351e-04
5.125370299e-03 0.000000000e+00 0.000000000e+00 0.000000000e+00 5.442436276e-18 0.000000000e+00
5.442436276e-18 0.000000000e+00 0.000000000e+00 0.000000000e+00 0.000000000e+00 8.897078317e-01
1.172537351e-04 0.000000000e+00 0.000000000e+00 0.000000000e+00 0.000000000e+00 0.000000000e+00
1.044023222e-01 0.000000000e+00 0.000000000e+00 0.000000000e+00 0.000000000e+00 0.000000000e+00
0.000000000e+00 0.000000000e+00 0.000000000e+00 0.000000000e+00 0.000000000e+00 1.172537351e-04

4.903430482e-18 4.903430482e-18 4.903430482e-18 1.842843007e-02 1.056412073e-04 1.056412073e-04
1.056412073e-04 0.000000000e+00 0.000000000e+00 0.000000000e+00 4.903430482e-18 0.000000000e+00
0.000000000e+00 0.000000000e+00 0.000000000e+00 0.000000000e+00 0.000000000e+00 9.810433639e-01
1.056412073e-04 0.000000000e+00 0.000000000e+00 0.000000000e+00 0.000000000e+00 0.000000000e+00
0.000000000e+00 0.000000000e+00 0.000000000e+00 0.000000000e+00 0.000000000e+00 0.000000000e+00
0.000000000e+00 0.000000000e+00 0.000000000e+00 0.000000000e+00 0.000000000e+00 1.056412073e-04

1.122976744e-01 1.109627907e-01 1.109627907e-01 1.109627907e-01 1.109627907e-01 1.109627907e-01
1.109627907e-01 0.000000000e+00 0.000000000e+00 0.000000000e+00 0.000000000e+00 0.000000000e+00
0.000000000e+00 0.000000000e+00 0.000000000e+00 0.000000000e+00 0.000000000e+00 1.109627907e-01
0.000000000e+00 0.000000000e+00 0.000000000e+00 0.000000000e+00 0.000000000e+00 0.000000000e+00
0.000000000e+00 0.000000000e+00 0.000000000e+00 0.000000000e+00 0.000000000e+00 0.000000000e+00
0.000000000e+00 0.000000000e+00 0.000000000e+00 0.000000000e+00 0.000000000e+00 1.109627907e-01

