6.793969232e-18 6.793969232e-18 6.793969232e-18 6.793969232e-18 6.793969232e-18 6.793969232e-18
6.793969232e-18 0.000000000e+00 6.104921063e-01 6.333132613e-04 6.793969232e-18 6.793969232e-18
6.793969232e-18 6.793969232e-18 2.642996580e-01 7.528155532e-02 1.463716300e-04 6.793969232e-18
6.793969232e-18 1.463716300e-04 3.983119285e-02 9.023059409e-03 6.793969232e-18 6.793969232e-18
6.793969232e-18 6.793969232e-18 6.793969232e-18 1.463716300e-04 6.793969232e-18 6.793969232e-18
6.793969232e-18 6.793969232e-18 6.793969232e-18 6.793969232e-18 6.793969232e-18 6.793969232e-18

6.256786867e-18 6.256786867e-18 6.256786867e-18 6.256786867e-18 6.256786867e-18 6.256786867e-18
2.549440786e-02 0.000000000e+00 3.888798268e-02 6.256786867e-18 6.256786867e-18 6.256786867e-18
6.256786867e-18 0.000000000e+00 6.256786867e-18 7.187824768e-01 6.256786867e-18 6.256786867e-18
6.256786867e-18 6.256786867e-18 6.256786867e-18 6.256786867e-18 0.000000000e+00 6.256786867e-18
6.256786867e-18 6.256786867e-18 6.256786867e-18 2.168351327e-01 6.256786867e-18 6.256786867e-18
6.256786867e-18 6.256786867e-18 6.256786867e-18 6.256786867e-18 6.256786867e-18 6.256786867e-18

4.670589085e-18 4.670589085e-18 4.670589085e-18 4.670589085e-18 4.670589085e-18 4.670589085e-18
1.006247915e-04 0.000000000e+00 4.670589085e-18 4.670589085e-18 4.670589085e-18 4.670589085e-18
4.670589085e-18 0.000000000e+00 4.670589085e-18 4.670589085e-18 4.670589085e-18 0.000000000e+00
4.670589085e-18 4.670589085e-18 0.000000000e+00 1.006247915e-04 0.000000000e+00 4.670589085e-18
4.670589085e-18 4.670589085e-18 4.670589085e-18 9.995451918e-01 4.670589085e-18 4.670589085e-18
4.670589085e-18 4.670589085e-18 4.670589085e-18 4.670589085e-18 2.535585859e-04 4.670589085e-18

6.585152883e-18 0.000000000e+00 6.585152883e-18 6.585152883e-18 6.585152883e-18 6.585152883e-18
6.585152883e-18 0.000000000e+00 5.391293943e-01 6.585152883e-18 6.585152883e-18 6.585152883e-18
6.585152883e-18 0.000000000e+00 6.585152883e-18 6.585152883e-18 6.585152883e-18 0.000000000e+00
6.585152883e-18 0.000000000e+00 0.000000000e+00 2.574101040e-01 0.000000000e+00 6.585152883e-18
6.585152883e-18 6.585152883e-18 6.585152883e-18 2.022475062e-01 6.585152883e-18 6.585152883e-18
6.585152883e-18 6.585152883e-18 6.585152883e-18 6.585152883e-18 1.212995532e-03 6.585152883e-18

