6.518960590e-18 6.518960590e-18 6.518960590e-18 6.518960590e-18 6.518960590e-18 6.518960590e-18
6.518960590e-18 6.518960590e-18 6.191198223e-01 1.404467484e-04 3.539036294e-04 6.518960590e-18
6.518960590e-18 1.404467484e-04 0.000000000e+00 6.518960590e-18 1.404467484e-04 6.518960590e-18
6.518960590e-18 3.539036294e-04 2.808061445e-01 6.625342929e-03 9.154429883e-02 6.518960590e-18
6.518960590e-18 1.404467484e-04 1.404467484e-04 3.539036294e-04 1.404467484e-04 6.518960590e-18
6.518960590e-18 6.518960590e-18 6.518960590e-18 6.518960590e-18 6.518960590e-18 6.518960590e-18

1.618821611e-04 1.618821611e-04 1.618821611e-04 1.618821611e-04 1.618821611e-04 1.618821611e-04
1.618821611e-04 1.384073008e-03 1.524512145e-01 1.618821611e-04 3.030556180e-03 1.618821611e-04
1.618821611e-04 1.618821611e-04 0.000000000e+00 0.000000000e+00 2.686355331e-01 1.618821611e-04
1.618821611e-04 4.079174846e-04 7.004234317e-04 0.000000000e+00 4.946766631e-01 1.618821611e-04
1.618821611e-04 4.079174846e-04 6.432587003e-02 8.788315795e-03 1.618821611e-04 4.079174846e-04
1.618821611e-04 1.618821611e-04 1.618821611e-04 1.618821611e-04 1.384073008e-03 1.618821611e-04

1.513002458e-04 1.513002458e-04 1.513002458e-04 1.513002458e-04 1.513002458e-04 1.513002458e-04
1.513002458e-04 2.069758248e-02 1.131412615e-01 1.513002458e-04 1.513002458e-04 1.513002458e-04
1.513002458e-04 9.606966774e-04 0.000000000e+00 0.000000000e+00 3.812527291e-04 1.513002458e-04
1.513002458e-04 1.513002458e-04 0.000000000e+00 0.000000000e+00 2.510753620e-01 2.420803933e-03
1.513002458e-04 3.701376078e-03 6.020371180e-01 2.025988707e-03 0.000000000e+00 1.513002458e-04
1.513002458e-04 1.513002458e-04 1.513002458e-04 1.513002458e-04 3.812527291e-04 1.513002458e-04

3.517249117e-02 3.517249117e-02 3.517249117e-02 3.517249117e-02 3.517249117e-02 3.517249117e-02
3.517249117e-02 3.517249117e-02 3.383900824e-02 3.517249117e-02 3.517249117e-02 3.517249117e-02
3.517249117e-02 3.517249117e-02 0.000000000e+00 0.000000000e+00 3.517249117e-02 3.383900824e-02
3.383900824e-02 0.000000000e+00 0.000000000e+00 0.000000000e+00 3.383900824e-02 3.383900824e-02
3.383900824e-02 3.383900824e-02 0.000000000e+00 3.383900824e-02 0.000000000e+00 3.383900824e-02
3.383900824e-02 3.383900824e-02 3.383900824e-02 3.383900824e-02 3.383900824e-02 3.383900824e-02

