7.312828517e-18 7.312828517e-18 7.312828517e-18 7.312828517e-18 7.312828517e-18 7.312828517e-18
7.312828517e-18 7.312828517e-18 3.375484299e-02 6.816797544e-04 7.312828517e-18 7.312828517e-18
7.312828517e-18 2.083714428e-02 1.222292563e-01 7.312828517e-18 3.970014111e-04 7.312828517e-18
7.312828517e-18 7.312828517e-18 5.795947429e-02 6.740513025e-01 4.806724190e-02 7.312828517e-18
7.312828517e-18 7.312828517e-18 7.312828517e-18 4.202205662e-02 7.312828517e-18 7.312828517e-18
7.312828517e-18 7.312828517e-18 7.312828517e-18 7.312828517e-18 7.312828517e-18 7.312828517e-18

6.129581488e-18 3.327648795e-04 6.129581488e-18 6.129581488e-18 6.129581488e-18 6.129581488e-18
6.129581488e-18 6.129581488e-18 6.129581488e-18 6.129581488e-18 6.129581488e-18 6.129581488e-18
6.129581488e-18 3.327648795e-04 6.695283291e-03 0.000000000e+00 6.129581488e-18 6.129581488e-18
6.129581488e-18 6.129581488e-18 0.000000000e+00 6.787071292e-01 2.926627974e-01 6.129581488e-18
6.129581488e-18 6.129581488e-18 6.129581488e-18 2.113720250e-02 6.129581488e-18 1.320578299e-04
6.129581488e-18 6.129581488e-18 6.129581488e-18 6.129581488e-18 6.129581488e-18 6.129581488e-18

5.096385636e-18 5.096385636e-18 5.096385636e-18 5.096385636e-18 5.096385636e-18 5.096385636e-18
5.096385636e-18 5.096385636e-18 0.000000000e+00 9.456105482e-01 5.096385636e-18 5.096385636e-18
5.096385636e-18 5.096385636e-18 5.096385636e-18 0.000000000e+00 5.096385636e-18 5.096385636e-18
5.096385636e-18 5.096385636e-18 0.000000000e+00 5.096385636e-18 0.000000000e+00 5.096385636e-18
5.096385636e-18 5.096385636e-18 5.096385636e-18 5.438945183e-02 5.096385636e-18 5.096385636e-18
5.096385636e-18 5.096385636e-18 5.096385636e-18 5.096385636e-18 5.096385636e-18 5.096385636e-18

6.531113759e-18 6.531113759e-18 6.531113759e-18 6.531113759e-18 6.531113759e-18 6.531113759e-18
6.531113759e-18 6.531113759e-18 0.000000000e+00 0.000000000e+00 6.531113759e-18 6.531113759e-18
6.531113759e-18 6.531113759e-18 6.126422838e-01 0.000000000e+00 1.083806403e-02 6.531113759e-18
1.489381088e-02 4.850359151e-02 0.000000000e+00 0.000000000e+00 0.000000000e+00 6.531113759e-18
6.531113759e-18 6.531113759e-18 6.531113759e-18 3.131222497e-01 6.531113759e-18 6.531113759e-18
6.531113759e-18 6.531113759e-18 6.531113759e-18 6.531113759e-18 6.531113759e-18 6.531113759e-18

6.019908050e-18 7.995030021e-03 6.019908050e-18 6.019908050e-18 6.019908050e-18 6.019908050e-18
6.019908050e-18 6.019908050e-18 0.000000000e+00 0.000000000e+00 6.019908050e-18 6.019908050e-18
6.019908050e-18 0.000000000e+00 0.000000000e+00 0.000000000e+00 2.075119797e-03 1.108876544e-03
3.884780809e-02 3.563128781e-03 0.000000000e+00 0.000000000e+00 0.000000000e+00 6.019908050e-18
6.019908050e-18 6.019908050e-18 8.400519053e-01 1.052078087e-01 6.019908050e-18 6.019908050e-18
6.019908050e-18 6.019908050e-18 3.268108893e-04 8.235118374e-04 6.019908050e-18 6.019908050e-18

9.494830802e-03 1.846854619e-02 1.759436864e-02 0.000000000e+00 4.066417953e-03 4.324373138e-02
1.503731591e-02 2.172144276e-04 0.000000000e+00 0.000000000e+00 9.494830802e-03 2.172144276e-04
2.368228857e-03 0.000000000e+00 0.000000000e+00 0.000000000e+00 1.587847098e-02 1.420776558e-02
1.857157232e-03 0.000000000e+00 0.000000000e+00 0.000000000e+00 0.000000000e+00 8.757536950e-03
8.757536950e-03 5.473460594e-04 3.329993972e-01 2.372612438e-01 2.172144276e-04 2.172144276e-04
9.680942646e-02 5.313886186e-03 2.024807191e-02 9.947995824e-02 2.775024342e-02 9.494830802e-03

