9.532520739e-18 2.998288916e-02 1.304030494e-03 7.597361137e-03 6.277675969e-03 9.532520739e-18
8.280077512e-03 0.000000000e+00 3.986075775e-02 5.175048445e-04 9.532520739e-18 9.532520739e-18
1.581875219e-02 9.532520739e-18 3.851834087e-01 1.304030494e-03 9.532520739e-18 5.175048445e-04
5.175048445e-04 1.366373676e-01 9.027539614e-02 2.053719337e-04 9.532520739e-18 1.755905333e-03
5.175048445e-04 1.304030494e-03 9.532520739e-18 9.532520739e-18 9.532520739e-18 5.175048445e-04
8.406133481e-02 1.755905333e-03 1.304030494e-03 8.406133481e-02 1.004428155e-01 9.532520739e-18

1.888777957e-04 3.479158744e-02 1.668018738e-01 2.245178665e-02 2.059282393e-03 8.766930674e-18
4.759422213e-04 0.000000000e+00 8.766930674e-18 4.289849962e-01 4.759422213e-04 1.888777957e-04
1.167911189e-01 0.000000000e+00 0.000000000e+00 1.605923848e-02 1.888777957e-04 1.888777957e-04
1.888777957e-04 1.105546093e-01 8.650233520e-02 7.615075541e-03 8.766930674e-18 1.888777957e-04
1.888777957e-04 1.888777957e-04 8.172267591e-04 8.766930674e-18 8.766930674e-18 4.759422213e-04
1.888777957e-04 1.888777957e-04 1.888777957e-04 2.059282393e-03 8.172267591e-04 1.888777957e-04

5.380697075e-04 7.238268184e-02 1.493426177e-01 6.160215924e-02 6.994975246e-02 5.380697075e-04
5.380697075e-04 0.000000000e+00 0.000000000e+00 5.466447486e-02 9.911328753e-18 5.380697075e-04
2.170177327e-01 0.000000000e+00 0.000000000e+00 7.360690059e-02 9.911328753e-18 9.911328753e-18
9.911328753e-18 1.071206096e-01 9.911328753e-18 1.464215319e-01 9.911328753e-18 9.911328753e-18
9.911328753e-18 4.251084208e-02 0.000000000e+00 5.380697075e-04 9.911328753e-18 5.380697075e-04
5.380697075e-04 9.911328753e-18 5.380697075e-04 5.380697075e-04 9.911328753e-18 5.380697075e-04

5.495596186e-18 5.495596186e-18 5.495596186e-18 5.495596186e-18 5.495596186e-18 5.495596186e-18
5.495596186e-18 0.000000000e+00 0.000000000e+00 5.495596186e-18 5.495596186e-18 5.495596186e-18
6.002787203e-03 0.000000000e+00 0.000000000e+00 5.495596186e-18 5.495596186e-18 5.495596186e-18
1.293261299e-01 5.495596186e-18 0.000000000e+00 5.495596186e-18 5.495596186e-18 5.495596186e-18
5.495596186e-18 8.646710829e-01 0.000000000e+00 5.495596186e-18 5.495596186e-18 5.495596186e-18
5.495596186e-18 5.495596186e-18 0.000000000e+00 5.495596186e-18 5.495596186e-18 5.495596186e-18

1.132684207e-03 1.773969817e-03 3.240950662e-03 2.119672777e-03 1.444387895e-03 1.773969817e-03
2.480117092e-03 0.000000000e+00 0.000000000e+00 2.119672777e-03 1.444387895e-03 1.132684207e-03
4.642966299e-02 0.000000000e+00 0.000000000e+00 8.411926990e-04 8.411926990e-04 1.132684207e-03
9.107757142e-01 0.000000000e+00 0.000000000e+00 1.444387895e-03 3.338275438e-04 5.732057159e-04
2.480117092e-03 0.000000000e+00 0.000000000e+00 6.249503462e-03 5.732057159e-04 5.732057159e-04
4.049548853e-03 5.732057159e-04 0.000000000e+00 5.732057159e-04 1.773969817e-03 2.119672777e-03

