3.022496610e-03 1.047695557e-17 1.047695557e-17 7.616214204e-03 2.257191654e-04 1.929871717e-03
2.257191654e-04 1.047695557e-17 2.257191654e-04 2.257191654e-04 1.047695557e-17 1.929871717e-03
2.257191654e-04 1.075726824e-01 1.189666820e-01 0.000000000e+00 9.100426489e-03 3.022496610e-03
5.778410633e-02 1.262308644e-01 1.047695557e-17 1.350876343e-01 3.022496610e-03 9.100426489e-03
5.687766556e-04 2.257191654e-04 1.132338454e-01 6.020423141e-02 1.047695557e-17 1.433227362e-03
1.433227362e-03 1.929871717e-03 3.828531690e-02 1.895547042e-01 7.616214204e-03 1.047695557e-17

1.712282500e-03 8.665169956e-04 2.002697761e-04 8.665169956e-04 2.002697761e-04 8.665169956e-04
3.749201293e-03 2.002697761e-04 0.000000000e+00 2.002697761e-04 2.002697761e-04 2.002697761e-04
1.160311167e-02 6.757501122e-03 5.126906268e-02 0.000000000e+00 2.119828201e-02 1.702783582e-02
1.271633813e-03 1.702783582e-02 0.000000000e+00 5.941783404e-01 2.002697761e-04 3.987033687e-02
5.046482131e-04 8.074371410e-03 5.777582189e-02 7.602329355e-02 2.469170299e-02 1.463980944e-02
2.002697761e-04 5.046482131e-04 1.160311167e-02 6.121716529e-03 2.469170299e-02 5.502039961e-03

5.209892554e-18 5.209892554e-18 5.209892554e-18 5.209892554e-18 5.209892554e-18 5.209892554e-18
5.209892554e-18 5.209892554e-18 0.000000000e+00 1.122437325e-04 5.209892554e-18 5.209892554e-18
2.828364826e-04 5.209892554e-18 1.223762386e-03 0.000000000e+00 1.503001752e-03 5.209892554e-18
5.209892554e-18 5.209892554e-18 0.000000000e+00 0.000000000e+00 0.000000000e+00 9.596704137e-04
5.209892554e-18 5.209892554e-18 9.551547268e-01 5.209892554e-18 3.869148656e-02 1.223762386e-03
5.209892554e-18 5.209892554e-18 2.828364826e-04 2.828364826e-04 2.828364826e-04 5.209892554e-18

1.970764292e-04 3.153222867e-03 9.296754406e-03 1.970764292e-04 2.342635314e-02 3.153222867e-03
4.966014832e-04 1.970764292e-04 0.000000000e+00 0.000000000e+00 7.945623731e-03 9.296754406e-03
1.684979768e-03 4.966014832e-04 1.929088193e-01 0.000000000e+00 1.640880481e-01 4.821234604e-03
8.527001861e-04 1.251357324e-03 0.000000000e+00 0.000000000e+00 0.000000000e+00 4.629168813e-02
1.970764292e-04 1.251357324e-03 2.429798820e-02 0.000000000e+00 4.046080047e-01 8.662893903e-02
8.527001861e-04 1.970764292e-04 8.614562905e-03 2.148669827e-03 1.251357324e-03 1.970764292e-04

1.380584046e-02 1.011081109e-02 2.637549815e-02 0.000000000e+00 4.296497151e-03 8.628650289e-04
1.994257320e-04 0.000000000e+00 0.000000000e+00 0.000000000e+00 1.266274467e-03 8.717255128e-03
1.519165880e-01 2.670413910e-03 2.908465158e-01 0.000000000e+00 8.043366798e-02 2.174283626e-03
1.994257320e-04 5.025213553e-04 0.000000000e+00 0.000000000e+00 0.000000000e+00 1.536074662e-02
8.628650289e-04 8.628650289e-04 1.536074662e-02 0.000000000e+00 3.073934937e-01 5.973440242e-02
1.705066024e-03 1.994257320e-04 2.174283626e-03 5.025213553e-04 1.266274467e-03 1.994257320e-04

