6.468507115e-18 1.393597612e-04 6.468507115e-18 3.409266678e-03 1.393597612e-04 6.468507115e-18
1.393597612e-04 6.468507115e-18 1.393597612e-04 5.208299632e-02 8.848793262e-04 1.393597612e-04
1.393597612e-04 6.468507115e-18 7.750300650e-01 6.468507115e-18 1.458459893e-01 7.565611817e-03
1.393597612e-04 6.468507115e-18 1.866099430e-03 1.073417136e-02 3.511645933e-04 1.393597612e-04
1.393597612e-04 6.468507115e-18 6.468507115e-18 1.393597612e-04 6.468507115e-18 6.468507115e-18
1.393597612e-04 1.393597612e-04 1.393597612e-04 1.393597612e-04 1.393597612e-04 1.393597612e-04

8.098798307e-18 8.098798307e-18 8.098798307e-18 1.107900024e-03 8.098798307e-18 8.098798307e-18
8.098798307e-18 8.098798307e-18 8.098798307e-18 1.490378920e-01 8.098798307e-18 8.098798307e-18
8.098798307e-18 8.098798307e-18 2.616836810e-01 0.000000000e+00 1.502969206e-01 8.098798307e-18
8.098798307e-18 8.098798307e-18 2.689474264e-01 8.098798307e-18 9.472411963e-03 8.098798307e-18
4.396704160e-04 0.000000000e+00 1.107900024e-03 1.579061976e-01 8.098798307e-18 8.098798307e-18
8.098798307e-18 8.098798307e-18 8.098798307e-18 8.098798307e-18 8.098798307e-18 8.098798307e-18

5.643893163e-18 5.643893163e-18 5.643893163e-18 5.643893163e-18 5.643893163e-18 5.643893163e-18
1.215939922e-04 5.643893163e-18 5.643893163e-18 4.902362569e-03 5.643893163e-18 1.215939922e-04
1.215939922e-04 5.643893163e-18 9.690967331e-02 0.000000000e+00 1.215939922e-04 1.215939922e-04
3.063976606e-04 1.663382415e-02 8.805181784e-01 0.000000000e+00 5.643893163e-18 5.643893163e-18
5.643893163e-18 0.000000000e+00 5.643893163e-18 0.000000000e+00 1.215939922e-04 5.643893163e-18
5.643893163e-18 5.643893163e-18 5.643893163e-18 5.643893163e-18 5.643893163e-18 5.643893163e-18

5.911025544e-18 5.911025544e-18 5.911025544e-18 5.911025544e-18 5.911025544e-18 5.911025544e-18
5.911025544e-18 5.911025544e-18 5.911025544e-18 8.472753346e-02 1.273491849e-04 5.911025544e-18
5.911025544e-18 5.911025544e-18 8.233348952e-01 0.000000000e+00 5.911025544e-18 5.911025544e-18
5.911025544e-18 5.911025544e-18 8.906656717e-02 0.000000000e+00 2.743655016e-03 5.911025544e-18
5.911025544e-18 0.000000000e+00 0.000000000e+00 0.000000000e+00 5.911025544e-18 5.911025544e-18
5.911025544e-18 5.911025544e-18 0.000000000e+00 5.911025544e-18 5.911025544e-18 5.911025544e-18

6.428395033e-18 6.428395033e-18 6.428395033e-18 6.428395033e-18 6.428395033e-18 6.428395033e-18
6.428395033e-18 6.428395033e-18 6.428395033e-18 4.946429888e-01 9.058848674e-03 6.428395033e-18
6.428395033e-18 0.000000000e+00 4.494973796e-01 0.000000000e+00 0.000000000e+00 2.215929162e-03
6.428395033e-18 6.428395033e-18 4.458485377e-02 0.000000000e+00 6.428395033e-18 6.428395033e-18
6.428395033e-18 0.000000000e+00 0.000000000e+00 0.000000000e+00 6.428395033e-18 6.428395033e-18
6.428395033e-18 6.428395033e-18 0.000000000e+00 6.428395033e-18 6.428395033e-18 6.428395033e-18

