6.793969232e-18 6.793969232e-18 6.793969232e-18 6.793969232e-18 6.793969232e-18 6.793969232e-18
6.793969232e-18 0.000000000e+00 6.104921063e-01 6.333132613e-04 6.793969232e-18 6.793969232e-18
6.793969232e-18 6.793969232e-18 2.642996580e-01 7.528155532e-02 1.463716300e-04 6.793969232e-18
6.793969232e-18 1.463716300e-04 3.983119285e-02 9.023059409e-03 6.793969232e-18 6.793969232e-18
6.793969232e-18 6.793969232e-18 6.793969232e-18 1.463716300e-04 6.793969232e-18 6.793969232e-18
6.793969232e-18 6.793969232e-18 6.793969232e-18 6.793969232e-18 6.793969232e-18 6.793969232e-18

1.434821386e-04 1.434821386e-04 1.434821386e-04 9.385014671e-03 1.434821386e-04 1.434821386e-04
6.208111582e-04 0.000000000e+00 1.434821386e-04 3.941905142e-03 3.615523334e-04 1.434821386e-04
1.434821386e-04 0.000000000e+00 0.000000000e+00 4.933172431e-01 1.434821386e-04 1.434821386e-04
7.274491528e-03 1.434821386e-04 1.705563299e-02 4.642382254e-01 1.434821386e-04 1.434821386e-04
1.434821386e-04 1.434821386e-04 1.434821386e-04 3.615523334e-04 1.434821386e-04 1.434821386e-04
1.434821386e-04 1.434821386e-04 1.434821386e-04 1.434821386e-04 1.434821386e-04 1.434821386e-04

5.902256011e-18 5.902256011e-18 5.902256011e-18 1.087204853e-03 5.902256011e-18 5.902256011e-18
5.501904521e-04 0.000000000e+00 0.000000000e+00 1.271602510e-04 5.902256011e-18 5.902256011e-18
5.902256011e-18 0.000000000e+00 0.000000000e+00 1.087204853e-03 5.902256011e-18 5.902256011e-18
1.087204853e-03 5.902256011e-18 5.902256011e-18 6.607237825e-01 5.902256011e-18 5.902256011e-18
5.902256011e-18 5.902256011e-18 0.000000000e+00 3.353372522e-01 5.902256011e-18 5.902256011e-18
5.902256011e-18 5.902256011e-18 5.902256011e-18 5.902256011e-18 5.902256011e-18 5.902256011e-18

6.044344729e-18 6.044344729e-18 6.044344729e-18 6.044344729e-18 6.044344729e-18 6.044344729e-18
6.044344729e-18 0.000000000e+00 0.000000000e+00 6.044344729e-18 6.044344729e-18 6.044344729e-18
6.044344729e-18 0.000000000e+00 0.000000000e+00 6.044344729e-18 6.044344729e-18 6.044344729e-18
6.648624574e-01 6.044344729e-18 0.000000000e+00 3.163132303e-01 6.044344729e-18 6.044344729e-18
6.044344729e-18 1.268133039e-02 0.000000000e+00 6.142981854e-03 6.044344729e-18 6.044344729e-18
6.044344729e-18 6.044344729e-18 0.000000000e+00 6.044344729e-18 6.044344729e-18 6.044344729e-18

5.222569887e-18 5.222569887e-18 5.222569887e-18 1.506659035e-03 5.222569887e-18 5.222569887e-18
5.222569887e-18 0.000000000e+00 0.000000000e+00 5.222569887e-18 5.222569887e-18 5.222569887e-18
5.222569887e-18 0.000000000e+00 0.000000000e+00 5.222569887e-18 5.222569887e-18 5.222569887e-18
5.222569887e-18 0.000000000e+00 0.000000000e+00 7.258232681e-02 5.222569887e-18 5.222569887e-18
5.222569887e-18 0.000000000e+00 0.000000000e+00 9.259110142e-01 5.222569887e-18 5.222569887e-18
5.222569887e-18 5.222569887e-18 0.000000000e+00 5.222569887e-18 5.222569887e-18 5.222569887e-18

