7.312828517e-18 7.312828517e-18 7.312828517e-18 7.312828517e-18 7.312828517e-18 7.312828517e-18
7.312828517e-18 7.312828517e-18 3.375484299e-02 6.816797544e-04 7.312828517e-18 7.312828517e-18
7.312828517e-18 2.083714428e-02 1.222292563e-01 7.312828517e-18 3.970014111e-04 7.312828517e-18
7.312828517e-18 7.312828517e-18 5.795947429e-02 6.740513025e-01 4.806724190e-02 7.312828517e-18
7.312828517e-18 7.312828517e-18 7.312828517e-18 4.202205662e-02 7.312828517e-18 7.312828517e-18
7.312828517e-18 7.312828517e-18 7.312828517e-18 7.312828517e-18 7.312828517e-18 7.312828517e-18

7.490077304e-18 7.490077304e-18 7.490077304e-18 7.490077304e-18 7.490077304e-18 8.181339872e-03
7.490077304e-18 7.490077304e-18 5.655439036e-02 1.759359676e-03 7.590111079e-02 7.490077304e-18
7.490077304e-18 6.508431114e-02 0.000000000e+00 0.000000000e+00 7.490077304e-18 7.490077304e-18
7.490077304e-18 7.490077304e-18 7.490077304e-18 6.903889994e-01 1.117123760e-02 7.490077304e-18
7.490077304e-18 5.286163605e-02 7.490077304e-18 2.355873790e-02 1.613688238e-04 7.490077304e-18
1.437750842e-02 7.490077304e-18 7.490077304e-18 7.490077304e-18 7.490077304e-18 7.490077304e-18

5.151263714e-18 5.151263714e-18 5.151263714e-18 5.151263714e-18 5.151263714e-18 5.235326729e-03
5.151263714e-18 5.151263714e-18 5.151263714e-18 5.151263714e-18 5.151263714e-18 5.151263714e-18
5.151263714e-18 5.151263714e-18 0.000000000e+00 0.000000000e+00 5.151263714e-18 5.151263714e-18
5.151263714e-18 5.151263714e-18 0.000000000e+00 9.486721072e-01 5.151263714e-18 5.151263714e-18
5.151263714e-18 4.609256607e-02 5.151263714e-18 5.151263714e-18 0.000000000e+00 5.151263714e-18
5.151263714e-18 5.151263714e-18 5.151263714e-18 5.151263714e-18 5.151263714e-18 5.151263714e-18

1.136181060e-04 1.136181060e-04 1.136181060e-04 1.136181060e-04 1.136181060e-04 1.300783255e-02
1.136181060e-04 1.136181060e-04 1.136181060e-04 1.136181060e-04 0.000000000e+00 1.136181060e-04
1.136181060e-04 9.595819934e-01 0.000000000e+00 0.000000000e+00 1.136181060e-04 1.136181060e-04
1.136181060e-04 1.136181060e-04 0.000000000e+00 0.000000000e+00 1.136181060e-04 1.136181060e-04
1.136181060e-04 1.136181060e-04 1.136181060e-04 1.136181060e-04 0.000000000e+00 1.136181060e-04
2.434248520e-02 1.136181060e-04 1.136181060e-04 1.136181060e-04 1.136181060e-04 1.136181060e-04

