9.532520739e-18 2.998288916e-02 1.304030494e-03 7.597361137e-03 6.277675969e-03 9.532520739e-18
8.280077512e-03 0.000000000e+00 3.986075775e-02 5.175048445e-04 9.532520739e-18 9.532520739e-18
1.581875219e-02 9.532520739e-18 3.851834087e-01 1.304030494e-03 9.532520739e-18 5.175048445e-04
5.175048445e-04 1.366373676e-01 9.027539614e-02 2.053719337e-04 9.532520739e-18 1.755905333e-03
5.175048445e-04 1.304030494e-03 9.532520739e-18 9.532520739e-18 9.532520739e-18 5.175048445e-04
8.406133481e-02 1.755905333e-03 1.304030494e-03 8.406133481e-02 1.004428155e-01 9.532520739e-18

5.166575084e-18 5.166575084e-18 5.166575084e-18 5.166575084e-18 5.166575084e-18 5.166575084e-18
5.166575084e-18 0.000000000e+00 5.166575084e-18 5.166575084e-18 5.166575084e-18 5.166575084e-18
5.166575084e-18 0.000000000e+00 9.657891769e-01 1.781637849e-02 5.166575084e-18 5.166575084e-18
5.166575084e-18 3.755837491e-03 5.166575084e-18 5.166575084e-18 0.000000000e+00 5.166575084e-18
5.166575084e-18 1.037602680e-02 4.816125014e-04 5.166575084e-18 5.166575084e-18 5.166575084e-18
5.166575084e-18 5.166575084e-18 1.780967774e-03 5.166575084e-18 5.166575084e-18 5.166575084e-18

4.974879762e-18 4.974879762e-18 4.974879762e-18 4.974879762e-18 4.974879762e-18 4.974879762e-18
4.974879762e-18 0.000000000e+00 4.974879762e-18 4.974879762e-18 4.974879762e-18 4.974879762e-18
4.974879762e-18 0.000000000e+00 8.681623366e-03 4.974879762e-18 4.974879762e-18 0.000000000e+00
1.417540246e-02 4.974879762e-18 0.000000000e+00 4.974879762e-18 0.000000000e+00 4.974879762e-18
4.974879762e-18 9.771429742e-01 4.974879762e-18 4.974879762e-18 4.974879762e-18 4.974879762e-18
4.974879762e-18 4.974879762e-18 4.974879762e-18 4.974879762e-18 4.974879762e-18 4.974879762e-18

4.893278165e-18 0.000000000e+00 4.893278165e-18 4.893278165e-18 4.893278165e-18 4.893278165e-18
4.893278165e-18 0.000000000e+00 4.893278165e-18 4.893278165e-18 4.893278165e-18 4.893278165e-18
4.893278165e-18 0.000000000e+00 2.098783932e-02 4.893278165e-18 4.893278165e-18 0.000000000e+00
4.893278165e-18 0.000000000e+00 0.000000000e+00 4.893278165e-18 0.000000000e+00 4.893278165e-18
4.893278165e-18 9.790121607e-01 4.893278165e-18 4.893278165e-18 4.893278165e-18 4.893278165e-18
4.893278165e-18 4.893278165e-18 4.893278165e-18 4.893278165e-18 4.893278165e-18 4.893278165e-18

