7.312828517e-18 7.312828517e-18 7.312828517e-18 7.312828517e-18 7.312828517e-18 7.312828517e-18
7.312828517e-18 7.312828517e-18 3.375484299e-02 6.816797544e-04 7.312828517e-18 7.312828517e-18
7.312828517e-18 2.083714428e-02 1.222292563e-01 7.312828517e-18 3.970014111e-04 7.312828517e-18
7.312828517e-18 7.312828517e-18 5.795947429e-02 6.740513025e-01 4.806724190e-02 7.312828517e-18
7.312828517e-18 7.312828517e-18 7.312828517e-18 4.202205662e-02 7.312828517e-18 7.312828517e-18
7.312828517e-18 7.312828517e-18 7.312828517e-18 7.312828517e-18 7.312828517e-18 7.312828517e-18

6.727009954e-18 6.727009954e-18 6.727009954e-18 6.727009954e-18 6.727009954e-18 6.727009954e-18
6.727009954e-18 6.727009954e-18 6.727009954e-18 1.878280307e-01 6.727009954e-18 6.727009954e-18
6.727009954e-18 6.727009954e-18 3.547543495e-01 0.000000000e+00 6.727009954e-18 6.727009954e-18
6.727009954e-18 6.727009954e-18 6.727009954e-18 6.727009954e-18 6.727009954e-18 6.727009954e-18
6.727009954e-18 0.000000000e+00 6.727009954e-18 4.500697710e-01 6.727009954e-18 6.727009954e-18
6.727009954e-18 6.727009954e-18 6.727009954e-18 7.347848697e-03 6.727009954e-18 6.727009954e-18

6.342349823e-18 6.342349823e-18 6.342349823e-18 1.330655963e-02 6.342349823e-18 6.342349823e-18
6.342349823e-18 6.342349823e-18 6.342349823e-18 4.092859670e-02 6.342349823e-18 6.342349823e-18
6.342349823e-18 2.584304958e-02 3.867072493e-02 0.000000000e+00 8.444239906e-01 6.342349823e-18
6.342349823e-18 6.342349823e-18 1.624252437e-02 0.000000000e+00 6.342349823e-18 6.342349823e-18
6.342349823e-18 0.000000000e+00 6.342349823e-18 0.000000000e+00 6.342349823e-18 6.342349823e-18
6.342349823e-18 2.058455424e-02 6.342349823e-18 6.342349823e-18 6.342349823e-18 6.342349823e-18

7.012138986e-18 7.012138986e-18 7.012138986e-18 7.012138986e-18 7.012138986e-18 7.012138986e-18
7.012138986e-18 7.012138986e-18 7.012138986e-18 7.012138986e-18 7.012138986e-18 6.090839550e-03
7.012138986e-18 4.467278337e-01 2.091951726e-01 0.000000000e+00 7.012138986e-18 3.101584622e-01
7.012138986e-18 7.012138986e-18 7.012138986e-18 0.000000000e+00 7.012138986e-18 7.012138986e-18
7.012138986e-18 0.000000000e+00 0.000000000e+00 0.000000000e+00 7.012138986e-18 7.012138986e-18
7.012138986e-18 2.782769201e-02 0.000000000e+00 7.012138986e-18 7.012138986e-18 7.012138986e-18

6.362326893e-18 6.362326893e-18 3.454002440e-04 3.353303735e-03 6.362326893e-18 6.362326893e-18
6.362326893e-18 6.362326893e-18 6.362326893e-18 6.362326893e-18 6.362326893e-18 6.362326893e-18
6.362326893e-18 0.000000000e+00 6.102081196e-01 0.000000000e+00 0.000000000e+00 7.224473893e-02
6.362326893e-18 6.362326893e-18 6.362326893e-18 0.000000000e+00 6.362326893e-18 6.362326893e-18
6.362326893e-18 0.000000000e+00 0.000000000e+00 0.000000000e+00 6.362326893e-18 6.362326893e-18
6.362326893e-18 3.138484375e-01 0.000000000e+00 6.362326893e-18 6.362326893e-18 6.362326893e-18

