2.205616590e-04 2.404722796e-03 2.205616590e-04 5.557805540e-04 5.557805540e-04 2.205616590e-04
1.885775658e-03 3.528986544e-03 2.917087766e-02 4.171480853e-02 5.557805540e-04 2.205616590e-04
5.557805540e-04 2.404722796e-03 0.000000000e+00 3.090134121e-01 8.159277399e-03 2.205616590e-04
2.205616590e-04 5.066009913e-02 6.729154503e-02 1.204946999e-01 8.243062398e-02 2.205616590e-04
5.557805540e-04 5.646378471e-02 5.412346666e-02 1.497380619e-01 1.040463126e-02 2.205616590e-04
2.205616590e-04 4.129080650e-03 5.557805540e-04 2.205616590e-04 2.205616590e-04 2.205616590e-04

7.973686166e-04 1.842881734e-04 1.842881734e-04 1.842881734e-04 7.973686166e-04 7.973686166e-04
7.973686166e-04 1.205409417e-02 7.973686166e-04 2.467714154e-03 2.009243009e-03 1.842881734e-04
5.633201270e-03 1.842881734e-04 0.000000000e+00 1.842881734e-04 5.215503643e-02 4.643770978e-04
3.450013634e-03 7.973686166e-04 1.842881734e-04 0.000000000e+00 3.327646294e-01 7.973686166e-04
1.170156961e-03 5.633201270e-03 2.012962109e-01 3.263730787e-01 1.842881734e-04 1.205409417e-02
1.842881734e-04 2.009243009e-03 0.000000000e+00 7.973686166e-04 3.125800642e-02 1.170156961e-03

1.177080695e-02 1.538612046e-03 1.799571566e-04 1.799571566e-04 7.786293951e-04 1.799571566e-04
4.534636192e-04 0.000000000e+00 4.534636192e-04 7.786293951e-04 7.786293951e-04 4.534636192e-04
1.799571566e-04 4.534636192e-04 0.000000000e+00 1.799571566e-04 7.800706346e-02 1.799571566e-04
2.409719594e-03 1.799571566e-04 1.799571566e-04 0.000000000e+00 1.615452724e-01 4.534636192e-04
1.962023130e-03 1.538612046e-03 1.668200184e-01 4.831858765e-01 0.000000000e+00 1.538612046e-03
1.799571566e-04 4.402432466e-03 0.000000000e+00 1.962023130e-03 7.043891946e-02 6.657187684e-03

0.000000000e+00 3.163714975e-03 4.982538866e-04 1.209532427e-01 8.555374806e-04 2.155819361e-03
1.255521120e-03 0.000000000e+00 1.977321859e-04 0.000000000e+00 8.555374806e-04 3.701695691e-03
1.255521120e-03 2.008833792e-02 0.000000000e+00 4.024088643e-01 6.477364465e-02 4.982538866e-04
6.044149119e-03 2.647736450e-03 4.982538866e-04 0.000000000e+00 1.105794659e-01 4.982538866e-04
3.163714975e-03 8.555374806e-04 1.145609027e-02 2.099397262e-01 0.000000000e+00 2.647736450e-03
1.977321859e-04 6.671877776e-03 0.000000000e+00 4.260010807e-03 1.523030141e-02 2.647736450e-03

0.000000000e+00 1.527200483e-03 1.786224522e-04 1.518728311e-02 1.527200483e-03 1.947471217e-03
3.848304073e-03 0.000000000e+00 0.000000000e+00 0.000000000e+00 1.786224522e-04 2.857959234e-03
1.305738046e-02 5.229339160e-01 0.000000000e+00 3.645813036e-02 7.807906588e-03 1.786224522e-04
2.888393026e-01 0.000000000e+00 1.786224522e-04 0.000000000e+00 5.153078603e-02 7.728544645e-04
1.786224522e-04 3.848304073e-03 3.343947058e-03 1.446841862e-02 0.000000000e+00 1.527200483e-03
4.501003749e-04 3.343947058e-03 0.000000000e+00 4.907319960e-03 1.739475457e-02 1.527200483e-03

