2.455312879e-03 7.933615123e-04 7.933615123e-04 7.933615123e-04 1.833620497e-04 1.164276443e-03
5.675972083e-01 8.510912425e-18 1.833620497e-04 1.833620497e-04 8.510912425e-18 1.833620497e-04
1.062352183e-02 4.620434124e-04 6.006623654e-02 7.836941289e-02 2.933792796e-03 4.620434124e-04
1.164276443e-03 6.110858938e-02 8.510912425e-18 0.000000000e+00 1.833620497e-04 1.833620497e-04
4.620434124e-04 1.709245564e-02 9.781529299e-02 8.510912425e-02 2.455312879e-03 1.833620497e-04
1.833620497e-04 4.620434124e-04 3.432675900e-03 4.620434124e-04 2.455312879e-03 8.510912425e-18

3.226685003e-03 1.280510792e-03 1.319087797e-02 6.492142506e-02 1.168411028e-02 2.016678127e-04
3.226685003e-03 2.016678127e-04 7.774317231e-02 2.016678127e-04 1.633509283e-02 2.486407001e-02
2.016678127e-04 1.280510792e-03 8.864717470e-02 8.375685425e-02 1.963897631e-02 1.280510792e-03
2.221306448e-02 1.796803501e-02 0.000000000e+00 0.000000000e+00 2.016678127e-04 4.344801315e-03
3.226685003e-03 5.540448419e-03 0.000000000e+00 5.298968529e-01 2.700436532e-03 2.016678127e-04
2.016678127e-04 5.081710446e-04 2.016678127e-04 5.081710446e-04 2.016678127e-04 2.016678127e-04

5.654266672e-18 5.654266672e-18 1.218174827e-04 5.654266672e-18 5.654266672e-18 5.654266672e-18
5.654266672e-18 5.654266672e-18 7.658009286e-01 0.000000000e+00 5.654266672e-18 5.654266672e-18
5.654266672e-18 1.218174827e-04 5.654266672e-18 2.338336189e-01 0.000000000e+00 5.654266672e-18
5.654266672e-18 1.218174827e-04 0.000000000e+00 0.000000000e+00 5.654266672e-18 5.654266672e-18
5.654266672e-18 5.654266672e-18 0.000000000e+00 5.654266672e-18 5.654266672e-18 5.654266672e-18
5.654266672e-18 5.654266672e-18 5.654266672e-18 5.654266672e-18 5.654266672e-18 5.654266672e-18

