8.645036852e-18 1.862516729e-04 1.862516729e-04 6.743276567e-02 1.182624406e-03 8.645036852e-18
1.862516729e-04 1.862516729e-04 8.645036852e-18 8.645036852e-18 8.645036852e-18 8.645036852e-18
4.025741320e-01 7.847731100e-02 1.176506260e-01 1.862516729e-04 8.645036852e-18 8.645036852e-18
1.114672643e-01 8.645036852e-18 1.892910974e-01 1.659450031e-02 8.645036852e-18 1.182624406e-03
4.012670652e-03 0.000000000e+00 5.116918624e-03 1.862516729e-04 8.645036852e-18 8.645036852e-18
4.693248066e-04 1.592429404e-03 1.862516729e-04 4.693248066e-04 1.182624406e-03 8.645036852e-18

5.571647338e-18 5.571647338e-18 5.571647338e-18 5.571647338e-18 5.571647338e-18 5.571647338e-18
5.571647338e-18 3.669228482e-03 0.000000000e+00 5.571647338e-18 5.571647338e-18 5.571647338e-18
5.571647338e-18 5.571647338e-18 8.281546771e-01 5.571647338e-18 5.571647338e-18 5.571647338e-18
5.571647338e-18 0.000000000e+00 1.681760945e-01 5.571647338e-18 5.571647338e-18 5.571647338e-18
5.571647338e-18 0.000000000e+00 5.571647338e-18 5.571647338e-18 5.571647338e-18 5.571647338e-18
5.571647338e-18 5.571647338e-18 5.571647338e-18 5.571647338e-18 5.571647338e-18 5.571647338e-18

7.714690915e-18 7.714690915e-18 7.714690915e-18 7.714690915e-18 1.662079773e-04 1.662079773e-04
7.714690915e-18 5.545464013e-01 0.000000000e+00 6.703606966e-02 7.714690915e-18 7.714690915e-18
9.187379713e-02 0.000000000e+00 0.000000000e+00 1.662079773e-04 7.714690915e-18 7.714690915e-18
3.904093392e-02 0.000000000e+00 7.714690915e-18 1.866612505e-01 7.714690915e-18 7.714690915e-18
7.714690915e-18 0.000000000e+00 4.343798522e-02 7.714690915e-18 7.714690915e-18 7.714690915e-18
7.191401516e-04 7.714690915e-18 7.714690915e-18 7.714690915e-18 1.618579825e-02 7.714690915e-18

1.077742104e-04 1.077742104e-04 1.077742104e-04 1.077742104e-04 1.077742104e-04 1.077742104e-04
1.077742104e-04 0.000000000e+00 0.000000000e+00 2.715739925e-04 1.077742104e-04 1.077742104e-04
8.729711037e-03 0.000000000e+00 0.000000000e+00 1.077742104e-04 1.077742104e-04 1.077742104e-04
9.867700991e-01 0.000000000e+00 0.000000000e+00 1.077742104e-04 1.077742104e-04 1.077742104e-04
2.715739925e-04 0.000000000e+00 6.843235795e-04 1.077742104e-04 1.077742104e-04 1.077742104e-04
2.715739925e-04 2.715739925e-04 1.077742104e-04 1.077742104e-04 4.663119257e-04 1.077742104e-04

