1.057116728e-17 5.588713731e-02 2.807966425e-02 5.738912537e-04 2.508581227e-02 1.057116728e-17
6.961680399e-03 2.508581227e-02 1.799028194e-01 1.071235057e-01 1.057116728e-17 5.588713731e-02
1.057116728e-17 0.000000000e+00 1.057116728e-17 1.348024979e-01 1.057116728e-17 7.850721919e-02
5.738912537e-04 7.203407156e-02 1.423430593e-01 7.850721919e-02 1.057116728e-17 1.057116728e-17
1.057116728e-17 1.057116728e-17 2.277488950e-04 1.057116728e-17 1.057116728e-17 5.738912537e-04
1.057116728e-17 1.446115342e-03 5.738912537e-04 4.263631129e-03 9.854122377e-04 5.738912537e-04

1.174986955e-02 1.694135938e-02 4.338619759e-03 5.839848377e-04 5.669592223e-03 9.343757402e-03
8.256196999e-02 0.000000000e+00 2.251268224e-01 1.386996625e-01 7.084122246e-03 8.573337539e-03
2.160345687e-02 0.000000000e+00 0.000000000e+00 1.471549580e-03 1.296060767e-01 6.367025246e-03
1.258157193e-02 6.367025246e-03 3.065121680e-02 2.337934206e-01 6.367025246e-03 5.669592223e-03
3.103313356e-03 1.002743642e-03 1.471549580e-03 2.526755643e-03 1.471549580e-03 4.993000128e-03
6.367025246e-03 3.103313356e-03 2.526755643e-03 3.103313356e-03 1.471549580e-03 3.708072582e-03

1.343896443e-03 1.571830815e-04 1.713723685e-03 3.845292481e-03 3.960765461e-04 3.960765461e-04
6.623304428e-01 0.000000000e+00 0.000000000e+00 1.503524102e-01 1.571830815e-04 1.571830815e-04
3.960765461e-04 0.000000000e+00 0.000000000e+00 0.000000000e+00 4.534574261e-02 3.960765461e-04
1.571830815e-04 6.800916951e-04 4.362656459e-02 8.587044691e-02 1.571830815e-04 1.571830815e-04
1.571830815e-04 1.571830815e-04 1.571830815e-04 1.571830815e-04 1.571830815e-04 1.571830815e-04
1.571830815e-04 3.960765461e-04 1.571830815e-04 3.960765461e-04 1.571830815e-04 1.571830815e-04

