1.404935970e-04 1.404935970e-04 1.404935970e-04 1.404935970e-04 3.540216804e-04 1.404935970e-04
1.404935970e-04 6.521135109e-18 1.404935970e-04 1.201203357e-03 1.404935970e-04 1.404935970e-04
1.404935970e-04 6.521135109e-18 6.078804896e-04 1.794876868e-02 3.437004588e-03 1.404935970e-04
1.404935970e-04 3.540216804e-04 7.878131145e-01 6.521135109e-18 1.438449539e-01 4.740533783e-03
3.540216804e-04 6.521135109e-18 1.404935970e-04 2.867575611e-02 1.404935970e-04 1.404935970e-04
1.404935970e-04 6.521135109e-18 1.404935970e-04 8.139834807e-03 1.404935970e-04 6.521135109e-18

6.731508131e-18 6.731508131e-18 6.731508131e-18 6.731508131e-18 6.731508131e-18 6.731508131e-18
6.731508131e-18 6.731508131e-18 6.731508131e-18 6.731508131e-18 6.731508131e-18 6.731508131e-18
6.731508131e-18 6.731508131e-18 3.108325179e-01 0.000000000e+00 6.731508131e-18 6.731508131e-18
6.731508131e-18 1.044236273e-01 6.731508131e-18 0.000000000e+00 2.960084130e-02 6.731508131e-18
6.731508131e-18 6.731508131e-18 5.541500802e-01 6.274908264e-04 6.731508131e-18 6.731508131e-18
6.731508131e-18 6.731508131e-18 3.654424852e-04 6.731508131e-18 6.731508131e-18 6.731508131e-18

5.348092798e-18 5.348092798e-18 5.348092798e-18 5.348092798e-18 5.348092798e-18 5.348092798e-18
5.348092798e-18 5.348092798e-18 5.348092798e-18 5.348092798e-18 5.348092798e-18 5.348092798e-18
5.348092798e-18 5.348092798e-18 0.000000000e+00 0.000000000e+00 1.171014505e-01 5.348092798e-18
5.348092798e-18 5.348092798e-18 0.000000000e+00 0.000000000e+00 5.348092798e-18 5.348092798e-18
5.348092798e-18 5.348092798e-18 5.348092798e-18 8.828985495e-01 5.348092798e-18 5.348092798e-18
5.348092798e-18 5.348092798e-18 5.348092798e-18 5.348092798e-18 5.348092798e-18 5.348092798e-18

5.654038804e-18 5.654038804e-18 2.280423270e-03 5.654038804e-18 5.654038804e-18 9.382601012e-03
5.654038804e-18 5.654038804e-18 0.000000000e+00 3.723487679e-03 5.654038804e-18 5.654038804e-18
5.654038804e-18 5.654038804e-18 0.000000000e+00 0.000000000e+00 9.167282168e-01 5.654038804e-18
5.654038804e-18 5.654038804e-18 0.000000000e+00 0.000000000e+00 0.000000000e+00 5.654038804e-18
5.654038804e-18 5.654038804e-18 4.695888628e-02 5.654038804e-18 7.509119674e-03 5.654038804e-18
5.654038804e-18 5.654038804e-18 5.654038804e-18 1.341726531e-02 5.654038804e-18 5.654038804e-18

