6.183835954e-18 6.183835954e-18 6.183835954e-18 6.183835954e-18 6.183835954e-18 6.183835954e-18
6.183835954e-18 6.183835954e-18 1.332267070e-04 5.764384827e-04 6.183835954e-18 6.183835954e-18
6.183835954e-18 1.332267070e-04 0.000000000e+00 8.459368592e-04 3.357102651e-04 6.183835954e-18
6.183835954e-18 3.357102651e-04 1.332267070e-04 1.823201422e-01 1.332267070e-04 6.183835954e-18
1.332267070e-04 4.928479700e-03 6.183835954e-18 7.578437850e-01 5.214766372e-02 6.183835954e-18
6.183835954e-18 6.183835954e-18 6.183835954e-18 6.183835954e-18 6.183835954e-18 6.183835954e-18

1.747106537e-04 1.747106537e-04 1.747106537e-04 1.747106537e-04 1.747106537e-04 1.747106537e-04
1.747106537e-04 1.747106537e-04 8.985682367e-02 4.402432606e-04 2.795370460e-03 1.747106537e-04
1.747106537e-04 4.402432606e-04 0.000000000e+00 1.747106537e-04 0.000000000e+00 1.747106537e-04
1.747106537e-04 1.747106537e-04 4.402432606e-04 4.358653339e-01 1.628599867e-02 1.747106537e-04
1.747106537e-04 6.838533073e-02 0.000000000e+00 1.854968964e-01 1.948628877e-01 4.402432606e-04
1.747106537e-04 1.747106537e-04 1.747106537e-04 7.559290958e-04 4.402432606e-04 1.747106537e-04

7.417818571e-04 1.714409379e-04 1.714409379e-04 1.714409379e-04 1.714409379e-04 1.714409379e-04
1.714409379e-04 1.714409379e-04 6.264864436e-01 2.113733186e-02 1.415170700e-01 1.714409379e-04
2.743055006e-03 1.962781366e-02 0.000000000e+00 0.000000000e+00 0.000000000e+00 1.714409379e-04
1.714409379e-04 3.242461057e-02 1.714409379e-04 0.000000000e+00 3.673092820e-02 1.869173152e-03
1.714409379e-04 1.888367091e-02 0.000000000e+00 1.465799400e-03 8.817515015e-02 1.714409379e-04
1.714409379e-04 1.714409379e-04 1.088582101e-03 4.194093558e-03 1.714409379e-04 1.714409379e-04

3.528129225e-04 1.400139011e-04 3.528129225e-04 1.400139011e-04 3.528129225e-04 1.400139011e-04
1.400139011e-04 0.000000000e+00 1.105994194e-01 8.890328553e-04 3.288815343e-02 1.400139011e-04
2.240222417e-03 8.890328553e-04 0.000000000e+00 0.000000000e+00 0.000000000e+00 1.400139011e-04
1.400139011e-04 8.112042470e-03 1.874858701e-03 0.000000000e+00 8.192302491e-01 1.526532857e-03
3.528129225e-04 1.363494575e-02 0.000000000e+00 1.400139011e-04 0.000000000e+00 1.197102015e-03
3.528129225e-04 1.400139011e-04 1.874858701e-03 1.400139011e-04 1.526532857e-03 3.528129225e-04

3.832629941e-02 3.698745002e-02 3.698745002e-02 3.698745002e-02 3.698745002e-02 3.698745002e-02
3.698745002e-02 0.000000000e+00 3.698745002e-02 3.698745002e-02 3.698745002e-02 3.698745002e-02
3.698745002e-02 3.698745002e-02 0.000000000e+00 0.000000000e+00 0.000000000e+00 3.698745002e-02
3.698745002e-02 3.698745002e-02 3.698745002e-02 0.000000000e+00 0.000000000e+00 3.698745002e-02
3.698745002e-02 3.698745002e-02 0.000000000e+00 3.698745002e-02 0.000000000e+00 3.698745002e-02
3.698745002e-02 3.698745002e-02 3.698745002e-02 3.698745002e-02 3.698745002e-02 0.000000000e+00

4.000000000e-02 4.000000000e-02 4.000000000e-02 4.000000000e-02 4.000000000e-02 4.000000000e-02
4.000000000e-02 0.000000000e+00 4.000000000e-02 4.000000000e-02 4.000000000e-02 4.000000000e-02
4.000000000e-02 4.000000000e-02 0.000000000e+00 0.000000000e+00 0.000000000e+00 4.000000000e-02
4.000000000e-02 4.000000000e-02 0.000000000e+00 0.000000000e+00 0.000000000e+00 4.000000000e-02
4.000000000e-02 4.000000000e-02 0.000000000e+00 4.000000000e-02 0.000000000e+00 4.000000000e-02
4.000000000e-02 4.000000000e-02 4.000000000e-02 4.000000000e-02 0.000000000e+00 0.000000000e+00

