7.987043147e-18 1.720756283e-04 4.336034125e-04 4.336034125e-04 1.533145459e-02 7.987043147e-18
5.429529015e-01 7.987043147e-18 7.987043147e-18 7.987043147e-18 7.987043147e-18 1.092612133e-03
1.675720653e-02 7.987043147e-18 7.987043147e-18 1.720756283e-04 7.987043147e-18 1.720756283e-04
1.257880473e-02 7.987043147e-18 2.304181846e-03 0.000000000e+00 7.987043147e-18 1.720756283e-04
1.876093006e-03 1.720756283e-04 8.093714153e-02 6.837636975e-02 7.987043147e-18 1.720756283e-04
1.876093006e-03 2.134262066e-01 7.987043147e-18 4.041919854e-02 1.720756283e-04 7.987043147e-18

3.330410185e-03 1.614857443e-01 9.819161809e-03 1.321674158e-03 5.092151586e-03 2.787244903e-03
5.890830557e-02 2.081506366e-04 6.362613555e-03 4.484469521e-03 5.245067371e-04 3.330410185e-03
2.787244903e-03 5.107793479e-02 0.000000000e+00 1.779662909e-03 5.245067371e-04 1.779662909e-03
2.787244903e-03 1.854563638e-02 2.787244903e-03 0.000000000e+00 1.779662909e-03 1.321674158e-03
2.269408848e-03 2.787244903e-03 4.566087373e-02 5.245067371e-04 2.081506366e-04 1.779662909e-03
2.474273731e-02 4.804373041e-01 0.000000000e+00 7.657437452e-02 1.940317272e-02 2.787244903e-03

5.396068265e-04 1.556711577e-01 1.996177306e-02 2.141431110e-04 7.225615074e-03 5.396068265e-04
2.048371400e-01 0.000000000e+00 8.633709224e-03 0.000000000e+00 9.265434295e-04 2.141431110e-04
7.921834890e-03 2.545505904e-02 0.000000000e+00 2.141431110e-04 5.238750170e-03 2.141431110e-04
5.396068265e-04 5.827342056e-02 6.652931737e-02 0.000000000e+00 4.008920589e-03 2.141431110e-04
2.141431110e-04 2.141431110e-04 1.267493582e-01 5.396068265e-04 2.141431110e-04 2.141431110e-04
4.613573470e-03 2.454666012e-01 0.000000000e+00 5.254842378e-02 9.265434295e-04 9.265434295e-04

2.408917018e-03 1.440145770e-01 8.173508489e-03 5.567499245e-04 8.907998792e-03 5.567499245e-04
4.288360602e-02 0.000000000e+00 2.338686951e-02 0.000000000e+00 1.402921899e-03 1.889064754e-03
2.724096394e-02 3.641642271e-02 0.000000000e+00 0.000000000e+00 1.529566963e-02 2.209463540e-04
4.069866638e-02 0.000000000e+00 6.740891229e-02 0.000000000e+00 2.209463540e-04 5.567499245e-04
2.209463540e-04 9.559793522e-04 1.366204630e-01 5.567499245e-04 9.559793522e-04 5.567499245e-04
3.023640799e-01 1.178648056e-01 0.000000000e+00 1.615127645e-02 5.567499245e-04 9.559793522e-04

