7.461337435e-18 7.461337435e-18 7.461337435e-18 7.461337435e-18 7.461337435e-18 7.461337435e-18
7.461337435e-18 6.955233065e-04 4.050637156e-04 1.565425028e-02 7.461337435e-18 7.461337435e-18
7.461337435e-18 4.050637156e-04 7.461337435e-18 2.599382885e-01 1.981917839e-02 7.461337435e-18
7.461337435e-18 5.174894150e-02 5.576151879e-01 4.287544052e-02 7.461337435e-18 7.461337435e-18
7.461337435e-18 7.461337435e-18 5.084306214e-02 7.461337435e-18 7.461337435e-18 7.461337435e-18
7.461337435e-18 7.461337435e-18 7.461337435e-18 7.461337435e-18 7.461337435e-18 7.461337435e-18

4.507421151e-04 8.302740749e-18 8.302740749e-18 8.302740749e-18 8.302740749e-18 8.302740749e-18
8.302740749e-18 3.245496950e-01 8.302740749e-18 0.000000000e+00 8.302740749e-18 8.302740749e-18
8.302740749e-18 8.302740749e-18 0.000000000e+00 8.973515785e-02 1.036367703e-02 8.302740749e-18
8.302740749e-18 3.741436655e-02 1.463783066e-01 8.302740749e-18 8.302740749e-18 8.302740749e-18
8.302740749e-18 8.302740749e-18 1.287976318e-01 8.302740749e-18 2.579344123e-01 8.302740749e-18
8.302740749e-18 8.302740749e-18 8.302740749e-18 8.302740749e-18 8.302740749e-18 4.376010858e-03

5.331730841e-18 5.331730841e-18 5.331730841e-18 5.331730841e-18 5.331730841e-18 5.331730841e-18
5.331730841e-18 0.000000000e+00 9.481910350e-02 0.000000000e+00 5.331730841e-18 5.331730841e-18
5.331730841e-18 5.331730841e-18 0.000000000e+00 5.331730841e-18 1.252381232e-03 5.331730841e-18
5.331730841e-18 5.331730841e-18 9.031991447e-01 0.000000000e+00 5.331730841e-18 5.331730841e-18
5.331730841e-18 5.331730841e-18 5.331730841e-18 5.331730841e-18 7.293705194e-04 5.331730841e-18
5.331730841e-18 5.331730841e-18 5.331730841e-18 5.331730841e-18 5.331730841e-18 5.331730841e-18

5.400857535e-18 5.400857535e-18 5.400857535e-18 5.400857535e-18 5.400857535e-18 5.400857535e-18
7.610850121e-03 0.000000000e+00 0.000000000e+00 0.000000000e+00 5.400857535e-18 9.948464639e-04
5.400857535e-18 5.400857535e-18 0.000000000e+00 5.400857535e-18 4.212761227e-02 5.400857535e-18
5.400857535e-18 1.163579483e-04 9.354192618e-01 0.000000000e+00 5.400857535e-18 5.400857535e-18
5.400857535e-18 5.400857535e-18 0.000000000e+00 5.400857535e-18 1.332150976e-02 5.400857535e-18
5.400857535e-18 2.932036568e-04 5.400857535e-18 5.400857535e-18 5.400857535e-18 1.163579483e-04

