6.793969232e-18 6.793969232e-18 6.793969232e-18 6.793969232e-18 6.793969232e-18 6.793969232e-18
6.793969232e-18 0.000000000e+00 6.104921063e-01 6.333132613e-04 6.793969232e-18 6.793969232e-18
6.793969232e-18 6.793969232e-18 2.642996580e-01 7.528155532e-02 1.463716300e-04 6.793969232e-18
6.793969232e-18 1.463716300e-04 3.983119285e-02 9.023059409e-03 6.793969232e-18 6.793969232e-18
6.793969232e-18 6.793969232e-18 6.793969232e-18 1.463716300e-04 6.793969232e-18 6.793969232e-18
6.793969232e-18 6.793969232e-18 6.793969232e-18 6.793969232e-18 6.793969232e-18 6.793969232e-18

1.250998406e-04 1.250998406e-04 1.250998406e-04 1.250998406e-04 1.250998406e-04 1.250998406e-04
1.250998406e-04 0.000000000e+00 5.412755740e-04 1.250998406e-04 1.250998406e-04 1.250998406e-04
1.250998406e-04 0.000000000e+00 0.000000000e+00 1.250998406e-04 1.250998406e-04 1.250998406e-04
1.250998406e-04 1.250998406e-04 7.943344742e-04 8.222815953e-01 1.250998406e-04 1.250998406e-04
1.250998406e-04 1.701848048e-01 1.250998406e-04 1.250998406e-04 1.250998406e-04 1.250998406e-04
1.250998406e-04 2.695194363e-03 1.250998406e-04 1.250998406e-04 1.250998406e-04 1.250998406e-04

1.490859577e-04 1.490859577e-04 4.557162790e-03 1.490859577e-04 2.791001600e-03 1.490859577e-04
1.490859577e-04 0.000000000e+00 0.000000000e+00 1.490859577e-04 1.490859577e-04 1.490859577e-04
1.490859577e-04 0.000000000e+00 0.000000000e+00 1.490859577e-04 1.490859577e-04 1.490859577e-04
1.490859577e-04 0.000000000e+00 1.515188782e-01 6.442775793e-01 1.490859577e-04 1.490859577e-04
1.490859577e-04 1.720509176e-01 1.490859577e-04 1.490859577e-04 1.490859577e-04 1.490859577e-04
1.490859577e-04 2.107731156e-02 1.490859577e-04 1.490859577e-04 1.490859577e-04 1.490859577e-04

6.285926385e-18 1.354261786e-04 6.285926385e-18 6.285926385e-18 1.354261786e-04 6.285926385e-18
1.791109346e-02 0.000000000e+00 0.000000000e+00 0.000000000e+00 6.285926385e-18 6.285926385e-18
6.285926385e-18 0.000000000e+00 0.000000000e+00 0.000000000e+00 1.354261786e-04 1.354261786e-04
2.410109129e-01 0.000000000e+00 6.285926385e-18 3.040464582e-02 8.599026337e-04 6.285926385e-18
6.285926385e-18 7.082764117e-01 6.285926385e-18 8.599026337e-04 6.285926385e-18 6.285926385e-18
6.285926385e-18 1.354261786e-04 6.285926385e-18 6.285926385e-18 6.285926385e-18 6.285926385e-18

