5.786641842e-18 1.246694192e-04 5.786641842e-18 5.786641842e-18 5.786641842e-18 5.786641842e-18
1.246694192e-04 1.246694192e-04 1.065908541e-03 1.246694192e-04 1.246694192e-04 5.786641842e-18
5.786641842e-18 1.246694192e-04 1.669388137e-03 3.596587714e-02 1.246694192e-04 5.786641842e-18
3.141472511e-04 7.685229552e-03 0.000000000e+00 7.223022970e-03 1.820087737e-02 5.786641842e-18
1.246694192e-04 1.359236214e-03 9.196954261e-01 5.786641842e-18 5.449523104e-03 1.246694192e-04
5.786641842e-18 5.786641842e-18 1.246694192e-04 1.246694192e-04 5.786641842e-18 5.786641842e-18

5.311980834e-03 4.325079684e-03 1.346002266e-03 1.212598190e-02 2.108060991e-03 3.851317875e-03
1.574293800e-04 2.947196760e-03 4.812199108e-03 6.811573671e-04 9.996142539e-04 2.518870080e-03
9.996142539e-04 1.254702598e-01 3.966971796e-04 0.000000000e+00 3.966971796e-04 4.812199108e-03
2.225687880e-02 1.089851787e-02 0.000000000e+00 1.574293800e-04 2.947196760e-03 3.966971796e-04
3.966971796e-04 1.574293800e-04 7.702415454e-01 0.000000000e+00 9.996142539e-04 2.108060991e-03
1.574293800e-04 1.402651506e-02 1.574293800e-04 6.811573671e-04 1.574293800e-04 9.996142539e-04

4.693201400e-18 4.693201400e-18 4.693201400e-18 4.693201400e-18 4.693201400e-18 4.693201400e-18
4.693201400e-18 4.693201400e-18 4.693201400e-18 4.693201400e-18 0.000000000e+00 4.693201400e-18
4.693201400e-18 4.693201400e-18 4.693201400e-18 0.000000000e+00 4.693201400e-18 1.011119590e-04
4.693201400e-18 4.374860384e-04 0.000000000e+00 4.693201400e-18 1.011119590e-04 4.693201400e-18
1.011119590e-04 0.000000000e+00 9.990043919e-01 0.000000000e+00 2.547861712e-04 4.693201400e-18
4.693201400e-18 4.693201400e-18 4.693201400e-18 4.693201400e-18 4.693201400e-18 4.693201400e-18

1.136419305e-04 1.136419305e-04 1.136419305e-04 2.863597207e-04 1.136419305e-04 0.000000000e+00
1.136419305e-04 2.863597207e-04 1.136419305e-04 1.136419305e-04 0.000000000e+00 1.136419305e-04
1.136419305e-04 1.136419305e-04 1.136419305e-04 0.000000000e+00 1.136419305e-04 1.136419305e-04
1.136419305e-04 9.438383207e-01 0.000000000e+00 1.136419305e-04 1.136419305e-04 1.136419305e-04
1.136419305e-04 0.000000000e+00 0.000000000e+00 0.000000000e+00 1.136419305e-04 1.136419305e-04
1.136419305e-04 1.136419305e-04 5.274791155e-02 1.136419305e-04 1.136419305e-04 1.136419305e-04

5.123714325e-18 1.103870789e-04 5.123714325e-18 1.103870789e-04 1.103870789e-04 0.000000000e+00
5.123714325e-18 6.395541192e-03 1.103870789e-04 5.123714325e-18 0.000000000e+00 1.103870789e-04
5.123714325e-18 0.000000000e+00 0.000000000e+00 0.000000000e+00 1.103870789e-04 1.103870789e-04
9.677336392e-01 1.103870789e-04 0.000000000e+00 5.123714325e-18 1.103870789e-04 1.103870789e-04
5.123714325e-18 0.000000000e+00 0.000000000e+00 0.000000000e+00 1.103870789e-04 1.103870789e-04
5.123714325e-18 2.421501347e-02 1.103870789e-04 5.123714325e-18 1.103870789e-04 1.103870789e-04

