1.578354783e-04 1.578354783e-04 1.578354783e-04 1.578354783e-04 1.578354783e-04 1.578354783e-04
1.578354783e-04 1.578354783e-04 3.977204829e-04 1.349474357e-03 1.578354783e-04 1.578354783e-04
3.977204829e-04 3.977204829e-04 1.235625657e-01 1.578354783e-04 3.977204829e-04 1.578354783e-04
1.578354783e-04 2.016428185e-02 3.063437954e-02 0.000000000e+00 3.063437954e-02 9.032038486e-02
1.578354783e-04 4.336236478e-03 1.578354783e-04 6.923456758e-01 1.349474357e-03 1.578354783e-04
1.578354783e-04 1.578354783e-04 1.578354783e-04 3.977204829e-04 1.578354783e-04 1.578354783e-04

5.336235634e-03 1.233313046e-03 9.847624311e-03 5.285585156e-02 8.404044503e-04 1.233313046e-03
5.336235634e-03 5.336235634e-03 9.162697398e-03 2.394761694e-02 8.404044503e-04 4.894406069e-04
4.766309684e-02 1.942346336e-04 0.000000000e+00 4.894406069e-04 3.201379155e-02 1.942346336e-04
9.162697398e-03 8.404044503e-04 1.942346336e-04 0.000000000e+00 2.117686515e-03 1.125345115e-02
1.573300532e-02 1.496090279e-02 0.000000000e+00 6.519957876e-01 1.942346336e-04 3.107754137e-03
1.730575965e-02 8.404044503e-04 1.419863785e-02 5.391031724e-02 5.937238208e-03 1.233313046e-03

4.681075970e-18 4.681075970e-18 4.681075970e-18 4.681075970e-18 4.681075970e-18 4.681075970e-18
4.681075970e-18 0.000000000e+00 4.681075970e-18 4.681075970e-18 4.681075970e-18 4.681075970e-18
4.681075970e-18 4.681075970e-18 0.000000000e+00 4.681075970e-18 2.541279015e-04 4.681075970e-18
4.681075970e-18 4.681075970e-18 4.681075970e-18 0.000000000e+00 4.681075970e-18 4.681075970e-18
4.681075970e-18 6.403621850e-04 0.000000000e+00 9.991055099e-01 0.000000000e+00 4.681075970e-18
4.681075970e-18 4.681075970e-18 4.681075970e-18 4.681075970e-18 4.681075970e-18 4.681075970e-18

0.000000000e+00 1.817848920e-04 7.865375470e-04 1.554238964e-03 1.817848920e-04 1.817848920e-04
2.908558272e-03 0.000000000e+00 3.259511817e-02 4.994202118e-03 1.545616795e-02 1.554238964e-03
1.817848920e-04 4.580692239e-04 0.000000000e+00 1.817848920e-04 1.258460075e-02 9.216427004e-03
4.580692239e-04 9.868802264e-03 5.003446364e-01 0.000000000e+00 3.109806034e-01 7.865375470e-04
2.653934338e-02 1.770272182e-02 0.000000000e+00 0.000000000e+00 0.000000000e+00 1.817848920e-04
4.580692239e-04 1.817848920e-04 1.554238964e-03 1.846819384e-02 1.400196272e-02 1.545616795e-02

0.000000000e+00 1.389789566e-04 1.389789566e-04 6.013270212e-04 1.389789566e-04 1.389789566e-04
8.824613674e-04 0.000000000e+00 1.015942336e-02 8.052080468e-03 6.013270212e-04 1.389789566e-04
1.389789566e-04 1.389789566e-04 0.000000000e+00 0.000000000e+00 6.013270212e-04 2.223663305e-03
1.389789566e-04 0.000000000e+00 7.665179781e-01 0.000000000e+00 1.913199677e-01 1.389789566e-04
6.075018552e-03 6.556102279e-03 0.000000000e+00 0.000000000e+00 0.000000000e+00 1.389789566e-04
1.389789566e-04 1.389789566e-04 2.601790914e-03 6.013270212e-04 1.188253364e-03 3.502050257e-04

0.000000000e+00 1.247163110e-04 1.247163110e-04 1.247163110e-04 1.247163110e-04 1.247163110e-04
5.396161376e-04 0.000000000e+00 8.878212305e-01 0.000000000e+00 1.247163110e-04 1.247163110e-04
1.247163110e-04 0.000000000e+00 0.000000000e+00 0.000000000e+00 1.060394088e-02 1.247163110e-04
1.247163110e-04 0.000000000e+00 2.334783428e-03 0.000000000e+00 5.883285575e-03 1.247163110e-04
1.247163110e-04 8.808136014e-02 0.000000000e+00 0.000000000e+00 0.000000000e+00 1.247163110e-04
1.247163110e-04 1.247163110e-04 3.142654109e-04 1.359747461e-03 1.066309459e-03 1.247163110e-04

