6.918127424e-18 6.918127424e-18 6.918127424e-18 6.918127424e-18 6.918127424e-18 6.918127424e-18
1.490465371e-04 6.918127424e-18 1.490465371e-04 2.038927947e-02 6.918127424e-18 6.918127424e-18
6.918127424e-18 6.918127424e-18 0.000000000e+00 5.922547681e-02 1.526019173e-01 6.918127424e-18
6.918127424e-18 2.818915938e-02 3.736307596e-02 6.918127424e-18 3.755737391e-04 6.918127424e-18
6.918127424e-18 6.918127424e-18 7.011102847e-01 1.490465371e-04 1.490465371e-04 6.918127424e-18
6.918127424e-18 6.918127424e-18 6.918127424e-18 1.490465371e-04 6.918127424e-18 6.918127424e-18

1.495560551e-04 1.495560551e-04 1.495560551e-04 1.495560551e-04 1.495560551e-04 1.495560551e-04
1.495560551e-04 1.495560551e-04 3.768576439e-04 2.571297630e-01 1.495560551e-04 1.495560551e-04
1.495560551e-04 1.495560551e-04 0.000000000e+00 3.768576439e-04 3.246186702e-01 1.495560551e-04
1.495560551e-04 0.000000000e+00 1.495560551e-04 0.000000000e+00 3.768576439e-04 1.495560551e-04
1.495560551e-04 1.495560551e-04 4.130829805e-01 1.495560551e-04 1.495560551e-04 1.495560551e-04
1.495560551e-04 1.495560551e-04 1.495560551e-04 1.495560551e-04 1.495560551e-04 1.495560551e-04

8.991033680e-03 1.298757202e-04 5.619396050e-04 3.272663075e-04 1.298757202e-04 3.272663075e-04
1.298757202e-04 0.000000000e+00 1.110421788e-03 0.000000000e+00 5.619396050e-04 1.739103205e-03
1.739103205e-03 1.298757202e-04 0.000000000e+00 1.298757202e-04 8.771415136e-01 1.298757202e-04
1.298757202e-04 0.000000000e+00 1.298757202e-04 0.000000000e+00 3.272663075e-04 8.246594195e-04
3.177251176e-03 1.298757202e-04 9.261899924e-02 1.298757202e-04 2.798087570e-03 1.298757202e-04
1.298757202e-04 3.177251176e-03 1.298757202e-04 2.431371462e-03 1.298757202e-04 3.272663075e-04

