7.152156807e-18 7.152156807e-18 7.152156807e-18 7.152156807e-18 7.152156807e-18 7.152156807e-18
7.152156807e-18 3.319737117e-03 3.882788087e-04 9.019164528e-02 7.152156807e-18 7.152156807e-18
7.152156807e-18 0.000000000e+00 7.152156807e-18 4.233296514e-03 7.152156807e-18 7.152156807e-18
7.152156807e-18 1.508300098e-01 2.133723648e-01 5.376646677e-01 7.152156807e-18 7.152156807e-18
7.152156807e-18 7.152156807e-18 7.152156807e-18 7.152156807e-18 7.152156807e-18 7.152156807e-18
7.152156807e-18 7.152156807e-18 7.152156807e-18 7.152156807e-18 7.152156807e-18 7.152156807e-18

6.930675046e-18 6.930675046e-18 6.930675046e-18 1.493168675e-04 6.930675046e-18 6.930675046e-18
6.930675046e-18 0.000000000e+00 6.460565638e-04 1.003554074e-01 6.930675046e-18 6.930675046e-18
6.930675046e-18 0.000000000e+00 0.000000000e+00 6.930675046e-18 4.225562253e-01 1.493168675e-04
6.930675046e-18 4.182055990e-01 5.756182308e-02 3.762549288e-04 6.930675046e-18 6.930675046e-18
6.930675046e-18 6.930675046e-18 6.930675046e-18 6.930675046e-18 6.930675046e-18 6.930675046e-18
6.930675046e-18 6.930675046e-18 6.930675046e-18 6.930675046e-18 6.930675046e-18 6.930675046e-18

3.827219260e-04 3.827219260e-04 1.518832970e-04 3.827219260e-04 1.518832970e-04 3.827219260e-04
6.432637632e-01 0.000000000e+00 0.000000000e+00 9.089859622e-02 3.827219260e-04 1.518832970e-04
6.571608594e-04 0.000000000e+00 0.000000000e+00 0.000000000e+00 2.328438626e-01 1.169879542e-02
2.430132752e-03 1.298583923e-03 5.618646313e-03 2.430132752e-03 6.571608594e-04 1.518832970e-04
3.827219260e-04 6.571608594e-04 6.571608594e-04 2.033796064e-03 1.518832970e-04 1.518832970e-04
1.518832970e-04 1.518832970e-04 1.518832970e-04 6.571608594e-04 3.827219260e-04 1.518832970e-04

