7.386263017e-18 1.591322127e-04 1.591322127e-04 1.010426568e-03 7.386263017e-18 7.386263017e-18
1.591322127e-04 7.386263017e-18 7.386263017e-18 7.386263017e-18 7.386263017e-18 7.101470576e-01
6.415808785e-03 7.386263017e-18 1.591322127e-04 9.219707888e-03 7.386263017e-18 1.616682508e-02
4.009880491e-04 1.591322127e-04 0.000000000e+00 1.015850338e-01 1.591322127e-04 1.591322127e-04
1.591322127e-04 1.591322127e-04 1.483382352e-02 7.386263017e-18 1.417823267e-02 9.314382108e-02
7.386263017e-18 1.591322127e-04 9.219707888e-03 2.176898049e-02 1.591322127e-04 1.591322127e-04

1.911860122e-04 1.911860122e-04 1.911860122e-04 1.911860122e-04 1.911860122e-04 1.911860122e-04
1.911860122e-04 1.911860122e-04 1.911860122e-04 1.911860122e-04 1.911860122e-04 8.272138317e-04
1.911860122e-04 4.817585624e-04 5.099348521e-02 0.000000000e+00 1.911860122e-04 1.911860122e-04
2.357174568e-02 1.578157738e-01 0.000000000e+00 4.792662502e-02 1.911860122e-04 4.817585624e-04
3.998892235e-02 1.911860122e-04 5.151712093e-01 0.000000000e+00 2.105852768e-02 1.911860122e-04
1.911860122e-04 6.700432037e-02 1.782178175e-02 3.998892235e-02 1.323542131e-02 1.911860122e-04

5.022612954e-18 5.022612954e-18 5.022612954e-18 6.870837872e-04 1.082089158e-04 5.022612954e-18
5.022612954e-18 5.022612954e-18 5.022612954e-18 1.082089158e-04 0.000000000e+00 1.731342653e-03
5.022612954e-18 5.022612954e-18 5.022612954e-18 0.000000000e+00 1.082089158e-04 3.651184339e-03
1.082089158e-04 3.307659905e-03 0.000000000e+00 1.082089158e-04 5.022612954e-18 6.870837872e-04
6.870837872e-04 0.000000000e+00 9.865185079e-01 0.000000000e+00 1.082089158e-04 1.082089158e-04
1.082089158e-04 1.179771896e-03 4.681927871e-04 1.082089158e-04 1.082089158e-04 5.022612954e-18

1.336436007e-04 1.336436007e-04 1.336436007e-04 3.367607714e-04 1.336436007e-04 0.000000000e+00
5.782422770e-04 3.367607714e-04 1.336436007e-04 1.336436007e-04 0.000000000e+00 1.336436007e-04
1.142636713e-03 1.336436007e-04 3.929095936e-02 0.000000000e+00 1.336436007e-04 7.897592055e-01
1.336436007e-04 1.594445033e-01 0.000000000e+00 6.304415695e-03 1.336436007e-04 1.336436007e-04
1.336436007e-04 0.000000000e+00 0.000000000e+00 0.000000000e+00 1.336436007e-04 1.336436007e-04
1.336436007e-04 1.336436007e-04 1.336436007e-04 1.336436007e-04 1.336436007e-04 1.336436007e-04

4.699288515e-18 4.699288515e-18 4.699288515e-18 1.012431020e-04 1.012431020e-04 0.000000000e+00
4.699288515e-18 1.012431020e-04 4.699288515e-18 4.699288515e-18 0.000000000e+00 4.699288515e-18
4.699288515e-18 0.000000000e+00 0.000000000e+00 0.000000000e+00 4.699288515e-18 1.012431020e-04
9.989544879e-01 4.699288515e-18 0.000000000e+00 4.380534609e-04 4.699288515e-18 4.699288515e-18
4.699288515e-18 0.000000000e+00 0.000000000e+00 0.000000000e+00 4.699288515e-18 4.699288515e-18
4.699288515e-18 1.012431020e-04 4.699288515e-18 4.699288515e-18 1.012431020e-04 4.699288515e-18

