5.639409848e-18 5.639409848e-18 5.639409848e-18 5.639409848e-18 5.639409848e-18 5.639409848e-18
5.639409848e-18 0.000000000e+00 5.639409848e-18 3.061542688e-04 5.639409848e-18 5.639409848e-18
5.639409848e-18 1.033025479e-02 8.932938175e-01 8.001255304e-02 5.639409848e-18 5.639409848e-18
5.639409848e-18 5.639409848e-18 3.713853727e-03 1.234336665e-02 5.639409848e-18 5.639409848e-18
5.639409848e-18 5.639409848e-18 5.639409848e-18 5.639409848e-18 5.639409848e-18 5.639409848e-18
5.639409848e-18 5.639409848e-18 5.639409848e-18 5.639409848e-18 5.639409848e-18 5.639409848e-18

4.779542922e-18 4.779542922e-18 4.779542922e-18 4.779542922e-18 4.779542922e-18 4.779542922e-18
4.779542922e-18 0.000000000e+00 0.000000000e+00 4.779542922e-18 4.779542922e-18 4.779542922e-18
4.779542922e-18 0.000000000e+00 4.779542922e-18 4.455345340e-04 4.779542922e-18 4.779542922e-18
4.779542922e-18 6.735297976e-03 9.928191675e-01 4.779542922e-18 4.779542922e-18 4.779542922e-18
4.779542922e-18 4.779542922e-18 4.779542922e-18 4.779542922e-18 4.779542922e-18 4.779542922e-18
4.779542922e-18 4.779542922e-18 4.779542922e-18 4.779542922e-18 4.779542922e-18 4.779542922e-18

5.488875728e-18 1.011059554e-03 2.120369286e-02 5.488875728e-18 5.488875728e-18 5.488875728e-18
5.488875728e-18 0.000000000e+00 0.000000000e+00 1.182542428e-04 5.488875728e-18 5.488875728e-18
5.488875728e-18 0.000000000e+00 0.000000000e+00 1.182542428e-04 5.488875728e-18 5.488875728e-18
5.488875728e-18 0.000000000e+00 1.182542428e-04 3.411516307e-02 1.182542428e-04 5.488875728e-18
5.488875728e-18 1.102330281e-02 9.313046429e-01 5.488875728e-18 5.488875728e-18 5.488875728e-18
5.488875728e-18 1.182542428e-04 7.508676375e-04 5.488875728e-18 5.488875728e-18 5.488875728e-18

