7.461337435e-18 7.461337435e-18 7.461337435e-18 7.461337435e-18 7.461337435e-18 7.461337435e-18
7.461337435e-18 6.955233065e-04 4.050637156e-04 1.565425028e-02 7.461337435e-18 7.461337435e-18
7.461337435e-18 4.050637156e-04 7.461337435e-18 2.599382885e-01 1.981917839e-02 7.461337435e-18
7.461337435e-18 5.174894150e-02 5.576151879e-01 4.287544052e-02 7.461337435e-18 7.461337435e-18
7.461337435e-18 7.461337435e-18 5.084306214e-02 7.461337435e-18 7.461337435e-18 7.461337435e-18
7.461337435e-18 7.461337435e-18 7.461337435e-18 7.461337435e-18 7.461337435e-18 7.461337435e-18

6.178030519e-18 6.178030519e-18 6.178030519e-18 6.178030519e-18 3.353950975e-04 6.178030519e-18
6.178030519e-18 6.178030519e-18 6.178030519e-18 6.178030519e-18 6.178030519e-18 6.178030519e-18
6.178030519e-18 6.178030519e-18 0.000000000e+00 1.331016327e-04 6.178030519e-18 6.178030519e-18
6.178030519e-18 5.395126918e-01 4.293140233e-01 0.000000000e+00 6.178030519e-18 6.178030519e-18
1.331016327e-04 6.178030519e-18 3.057168655e-02 6.178030519e-18 6.178030519e-18 6.178030519e-18
6.178030519e-18 6.178030519e-18 6.178030519e-18 6.178030519e-18 6.178030519e-18 6.178030519e-18

1.273586729e-01 8.131883424e-18 8.131883424e-18 8.131883424e-18 7.487927237e-02 8.131883424e-18
4.285959448e-03 8.131883424e-18 1.900233119e-01 0.000000000e+00 8.131883424e-18 2.345966813e-03
8.131883424e-18 8.131883424e-18 0.000000000e+00 8.131883424e-18 8.131883424e-18 8.131883424e-18
8.131883424e-18 3.163473272e-01 2.715107827e-01 0.000000000e+00 0.000000000e+00 7.658135376e-03
2.803137879e-03 8.131883424e-18 2.345966813e-03 8.131883424e-18 8.131883424e-18 8.131883424e-18
8.131883424e-18 8.131883424e-18 8.131883424e-18 8.131883424e-18 8.131883424e-18 4.414665525e-04

6.690992390e-18 6.690992390e-18 6.690992390e-18 6.690992390e-18 4.406377209e-03 6.690992390e-18
6.260786757e-01 0.000000000e+00 6.690992390e-18 0.000000000e+00 2.367646226e-01 1.053765270e-02
6.690992390e-18 6.690992390e-18 0.000000000e+00 6.690992390e-18 6.690992390e-18 6.690992390e-18
6.690992390e-18 6.301187910e-03 1.159114839e-01 0.000000000e+00 0.000000000e+00 0.000000000e+00
6.690992390e-18 6.690992390e-18 6.690992390e-18 6.690992390e-18 6.690992390e-18 6.690992390e-18
6.690992390e-18 6.690992390e-18 6.690992390e-18 6.690992390e-18 6.690992390e-18 6.690992390e-18

