8.228047915e-18 8.228047915e-18 8.228047915e-18 8.228047915e-18 8.228047915e-18 8.228047915e-18
8.228047915e-18 8.228047915e-18 9.684296332e-02 2.373709304e-03 4.466871642e-04 8.228047915e-18
8.228047915e-18 6.938629661e-02 2.325798772e-01 3.797934887e-02 8.228047915e-18 8.228047915e-18
8.228047915e-18 4.466871642e-04 8.228047915e-18 4.405755209e-01 5.907761428e-02 8.228047915e-18
8.228047915e-18 4.466871642e-04 7.669937383e-04 5.907761428e-02 8.228047915e-18 8.228047915e-18
8.228047915e-18 8.228047915e-18 8.228047915e-18 8.228047915e-18 8.228047915e-18 8.228047915e-18

6.363211750e-18 6.363211750e-18 6.363211750e-18 6.363211750e-18 6.363211750e-18 6.363211750e-18
6.363211750e-18 6.363211750e-18 1.210681004e-01 6.363211750e-18 6.363211750e-18 6.363211750e-18
6.363211750e-18 6.363211750e-18 6.363211750e-18 0.000000000e+00 6.363211750e-18 6.363211750e-18
6.363211750e-18 6.363211750e-18 0.000000000e+00 6.363211750e-18 7.513845924e-01 6.363211750e-18
6.363211750e-18 6.363211750e-18 7.225478656e-02 6.363211750e-18 6.363211750e-18 6.363211750e-18
6.363211750e-18 6.363211750e-18 5.529252057e-02 6.363211750e-18 6.363211750e-18 6.363211750e-18

5.001948593e-18 5.001948593e-18 3.714718197e-02 5.001948593e-18 5.001948593e-18 5.001948593e-18
5.001948593e-18 5.001948593e-18 5.001948593e-18 5.001948593e-18 0.000000000e+00 5.001948593e-18
5.001948593e-18 5.001948593e-18 0.000000000e+00 0.000000000e+00 5.001948593e-18 5.001948593e-18
5.001948593e-18 5.001948593e-18 0.000000000e+00 5.001948593e-18 5.001948593e-18 5.001948593e-18
5.001948593e-18 5.001948593e-18 9.628528180e-01 5.001948593e-18 5.001948593e-18 5.001948593e-18
5.001948593e-18 5.001948593e-18 5.001948593e-18 5.001948593e-18 5.001948593e-18 5.001948593e-18

6.210281950e-18 6.210281950e-18 6.486535925e-01 6.210281950e-18 6.210281950e-18 6.210281950e-18
6.210281950e-18 6.210281950e-18 0.000000000e+00 3.675809359e-03 0.000000000e+00 0.000000000e+00
6.210281950e-18 6.210281950e-18 0.000000000e+00 0.000000000e+00 6.210281950e-18 6.210281950e-18
6.210281950e-18 6.210281950e-18 0.000000000e+00 6.210281950e-18 6.210281950e-18 6.210281950e-18
6.210281950e-18 6.210281950e-18 3.249970729e-01 8.247865286e-03 6.210281950e-18 6.210281950e-18
6.210281950e-18 6.210281950e-18 1.192088912e-02 6.210281950e-18 2.504770831e-03 6.210281950e-18

