8.228047915e-18 8.228047915e-18 8.228047915e-18 8.228047915e-18 8.228047915e-18 8.228047915e-18
8.228047915e-18 8.228047915e-18 9.684296332e-02 2.373709304e-03 4.466871642e-04 8.228047915e-18
8.228047915e-18 6.938629661e-02 2.325798772e-01 3.797934887e-02 8.228047915e-18 8.228047915e-18
8.228047915e-18 4.466871642e-04 8.228047915e-18 4.405755209e-01 5.907761428e-02 8.228047915e-18
8.228047915e-18 4.466871642e-04 7.669937383e-04 5.907761428e-02 8.228047915e-18 8.228047915e-18
8.228047915e-18 8.228047915e-18 8.228047915e-18 8.228047915e-18 8.228047915e-18 8.228047915e-18

8.376688685e-18 8.376688685e-18 0.000000000e+00 8.376688685e-18 8.376688685e-18 4.547566268e-04
8.376688685e-18 8.376688685e-18 2.718714788e-02 8.376688685e-18 1.009259461e-01 8.376688685e-18
8.376688685e-18 4.333566734e-02 1.682289426e-02 8.376688685e-18 8.376688685e-18 8.376688685e-18
8.376688685e-18 8.376688685e-18 0.000000000e+00 4.165476482e-01 9.053437945e-02 8.376688685e-18
8.376688685e-18 2.411360118e-01 8.376688685e-18 5.809746262e-02 8.376688685e-18 8.376688685e-18
4.958085787e-03 8.376688685e-18 8.376688685e-18 8.376688685e-18 8.376688685e-18 8.376688685e-18

5.717431869e-18 5.717431869e-18 0.000000000e+00 5.717431869e-18 5.717431869e-18 5.717431869e-18
1.913394700e-02 5.717431869e-18 1.231783356e-04 0.000000000e+00 6.888607686e-02 5.717431869e-18
5.717431869e-18 5.717431869e-18 1.342979341e-03 0.000000000e+00 3.384095882e-03 5.717431869e-18
5.717431869e-18 5.717431869e-18 0.000000000e+00 5.717431869e-18 5.717431869e-18 5.717431869e-18
5.717431869e-18 9.004390954e-03 5.717431869e-18 8.965392100e-01 5.717431869e-18 5.717431869e-18
5.329617047e-04 5.717431869e-18 5.717431869e-18 5.717431869e-18 1.053159955e-03 5.717431869e-18

7.117811542e-18 7.117811542e-18 0.000000000e+00 7.117811542e-18 7.117811542e-18 1.533486011e-04
2.976351894e-02 7.117811542e-18 7.117811542e-18 0.000000000e+00 6.182628174e-03 7.117811542e-18
7.117811542e-18 0.000000000e+00 1.745907565e-01 0.000000000e+00 0.000000000e+00 7.117811542e-18
7.117811542e-18 7.117811542e-18 0.000000000e+00 5.241108888e-01 9.737029225e-04 7.117811542e-18
7.117811542e-18 5.672852572e-03 7.117811542e-18 2.570878428e-01 7.117811542e-18 7.117811542e-18
1.533486011e-04 7.117811542e-18 7.117811542e-18 7.117811542e-18 1.311112096e-03 7.117811542e-18

3.609445831e-02 3.609445831e-02 0.000000000e+00 3.609445831e-02 3.609445831e-02 3.609445831e-02
3.609445831e-02 3.609445831e-02 3.609445831e-02 0.000000000e+00 3.609445831e-02 3.609445831e-02
3.609445831e-02 0.000000000e+00 3.476385421e-02 0.000000000e+00 0.000000000e+00 3.609445831e-02
3.609445831e-02 3.609445831e-02 0.000000000e+00 0.000000000e+00 3.609445831e-02 0.000000000e+00
3.609445831e-02 3.609445831e-02 3.609445831e-02 3.609445831e-02 3.609445831e-02 3.476385421e-02
3.476385421e-02 3.476385421e-02 3.476385421e-02 3.476385421e-02 3.476385421e-02 3.476385421e-02

3.917969513e-02 3.917969513e-02 0.000000000e+00 3.917969513e-02 3.917969513e-02 3.917969513e-02
3.917969513e-02 3.917969513e-02 3.917969513e-02 0.000000000e+00 3.917969513e-02 3.917969513e-02
3.784597560e-02 0.000000000e+00 0.000000000e+00 0.000000000e+00 0.000000000e+00 3.917969513e-02
3.917969513e-02 3.784597560e-02 0.000000000e+00 0.000000000e+00 3.784597560e-02 0.000000000e+00
3.784597560e-02 3.784597560e-02 0.000000000e+00 3.784597560e-02 3.784597560e-02 3.784597560e-02
3.784597560e-02 3.784597560e-02 3.784597560e-02 3.784597560e-02 3.784597560e-02 3.784597560e-02

