1.337107289e-04 1.337107289e-04 1.083056904e-02 1.337107289e-04 1.337107289e-04 1.337107289e-04
1.337107289e-04 1.337107289e-04 7.564442199e-02 8.490102071e-04 6.206302263e-18 1.337107289e-04
4.511666306e-03 3.422994661e-02 6.206302263e-18 8.596708129e-01 1.337107289e-04 1.337107289e-04
1.337107289e-04 5.785327241e-04 8.745877118e-03 3.369299240e-04 6.206302263e-18 1.337107289e-04
1.337107289e-04 6.206302263e-18 1.337107289e-04 6.206302263e-18 6.206302263e-18 3.369299240e-04
6.206302263e-18 8.490102071e-04 1.337107289e-04 1.143210651e-03 1.337107289e-04 1.337107289e-04

1.458955334e-04 6.771870784e-18 1.953616806e-03 6.771870784e-18 6.771870784e-18 6.771870784e-18
6.771870784e-18 6.771870784e-18 3.557525013e-01 1.458955334e-04 6.771870784e-18 1.458955334e-04
1.458955334e-04 4.779285369e-02 0.000000000e+00 5.513635436e-01 1.458955334e-04 1.458955334e-04
6.771870784e-18 6.771870784e-18 6.771870784e-18 0.000000000e+00 1.458955334e-04 6.771870784e-18
6.771870784e-18 6.771870784e-18 3.657318043e-02 5.397139889e-03 6.771870784e-18 6.771870784e-18
6.771870784e-18 6.771870784e-18 1.458955334e-04 6.771870784e-18 6.771870784e-18 6.771870784e-18

4.989456718e-18 4.989456718e-18 4.989456718e-18 4.989456718e-18 4.989456718e-18 4.989456718e-18
4.989456718e-18 4.989456718e-18 9.744080838e-01 3.976566703e-03 4.989456718e-18 4.989456718e-18
4.989456718e-18 0.000000000e+00 0.000000000e+00 4.989456718e-18 1.074945864e-04 4.989456718e-18
4.989456718e-18 1.074945864e-04 0.000000000e+00 0.000000000e+00 4.989456718e-18 4.989456718e-18
4.989456718e-18 4.989456718e-18 2.140036032e-02 4.989456718e-18 4.989456718e-18 4.989456718e-18
4.989456718e-18 4.989456718e-18 4.989456718e-18 4.989456718e-18 4.989456718e-18 4.989456718e-18

4.864254959e-18 4.864254959e-18 4.864254959e-18 4.864254959e-18 4.864254959e-18 4.864254959e-18
4.864254959e-18 4.864254959e-18 0.000000000e+00 1.142574860e-03 4.864254959e-18 4.864254959e-18
4.864254959e-18 0.000000000e+00 0.000000000e+00 0.000000000e+00 3.876781661e-03 2.640723871e-04
1.676755140e-03 4.864254959e-18 0.000000000e+00 0.000000000e+00 4.864254959e-18 4.864254959e-18
4.864254959e-18 1.961882574e-03 9.910779334e-01 4.864254959e-18 4.864254959e-18 4.864254959e-18
4.864254959e-18 4.864254959e-18 4.864254959e-18 4.864254959e-18 4.864254959e-18 4.864254959e-18

3.609445831e-02 3.609445831e-02 3.609445831e-02 3.609445831e-02 3.609445831e-02 3.609445831e-02
3.609445831e-02 3.609445831e-02 0.000000000e+00 0.000000000e+00 3.609445831e-02 3.609445831e-02
3.609445831e-02 0.000000000e+00 0.000000000e+00 0.000000000e+00 3.609445831e-02 3.609445831e-02
3.609445831e-02 0.000000000e+00 0.000000000e+00 0.000000000e+00 3.609445831e-02 3.609445831e-02
3.609445831e-02 3.609445831e-02 3.476385421e-02 3.609445831e-02 3.609445831e-02 3.476385421e-02
3.476385421e-02 3.476385421e-02 3.476385421e-02 3.476385421e-02 3.476385421e-02 3.476385421e-02

