8.859268688e-18 8.859268688e-18 8.859268688e-18 1.908671579e-04 8.859268688e-18 8.859268688e-18
1.908671579e-04 0.000000000e+00 8.859268688e-18 8.859268688e-18 8.859268688e-18 4.809551000e-04
1.908671579e-04 1.908671579e-04 1.939089454e-02 8.258342295e-04 8.859268688e-18 4.809551000e-04
1.908671579e-04 2.268826091e-02 2.926078586e-01 1.079796360e-01 4.809551000e-04 4.809551000e-04
1.321334767e-02 2.786529171e-02 8.859268688e-18 7.245401807e-02 1.908671579e-04 1.908671579e-04
8.859268688e-18 8.258342295e-04 2.397587581e-01 1.983045412e-01 8.258342295e-04 8.859268688e-18

3.317658345e-03 3.318906587e-02 6.338251684e-03 6.338251684e-03 2.260719487e-03 1.772848741e-03
1.278228761e-02 0.000000000e+00 2.073536466e-04 2.073536466e-04 1.772848741e-03 1.772848741e-03
2.776572795e-03 0.000000000e+00 2.742402230e-02 3.318906587e-02 5.224984483e-04 1.316613587e-03
2.283934090e-02 2.073536466e-04 5.807545889e-01 2.556508903e-02 1.316613587e-03 1.316613587e-03
8.736864672e-02 5.197953739e-02 0.000000000e+00 9.781565128e-03 1.316613587e-03 5.224984483e-04
9.063798442e-03 2.556508903e-02 1.051275344e-02 2.556508903e-02 8.359975172e-03 2.776572795e-03

5.726882945e-18 5.338427054e-04 5.726882945e-18 5.726882945e-18 5.726882945e-18 5.726882945e-18
1.233819528e-04 0.000000000e+00 1.233819528e-04 5.726882945e-18 5.726882945e-18 5.726882945e-18
1.233819528e-04 0.000000000e+00 1.744335885e-02 7.148430505e-03 5.726882945e-18 5.726882945e-18
5.726882945e-18 0.000000000e+00 0.000000000e+00 5.726882945e-18 5.338427054e-04 5.726882945e-18
5.726882945e-18 8.934656261e-01 0.000000000e+00 7.547303043e-02 4.163152828e-03 5.726882945e-18
5.726882945e-18 3.109030391e-04 1.233819528e-04 3.109030391e-04 1.233819528e-04 5.726882945e-18

2.033503088e-04 1.825450105e-01 5.586671873e-03 2.217072202e-03 8.888805393e-03 4.974717420e-03
3.032912110e-01 0.000000000e+00 0.000000000e+00 1.253550239e-02 2.033503088e-04 3.253604941e-03
3.253604941e-03 0.000000000e+00 4.381049595e-03 2.982469179e-01 1.291193977e-03 8.798456865e-04
7.522574804e-03 0.000000000e+00 0.000000000e+00 0.000000000e+00 8.798456865e-04 4.974717420e-03
1.291193977e-03 3.547315523e-02 0.000000000e+00 1.253550239e-02 9.592714293e-03 8.798456865e-04
2.033503088e-04 8.888805393e-03 1.291193977e-03 6.317624306e-02 2.065910362e-02 8.798456865e-04

