3.022496610e-03 1.047695557e-17 1.047695557e-17 7.616214204e-03 2.257191654e-04 1.929871717e-03
2.257191654e-04 1.047695557e-17 2.257191654e-04 2.257191654e-04 1.047695557e-17 1.929871717e-03
2.257191654e-04 1.075726824e-01 1.189666820e-01 0.000000000e+00 9.100426489e-03 3.022496610e-03
5.778410633e-02 1.262308644e-01 1.047695557e-17 1.350876343e-01 3.022496610e-03 9.100426489e-03
5.687766556e-04 2.257191654e-04 1.132338454e-01 6.020423141e-02 1.047695557e-17 1.433227362e-03
1.433227362e-03 1.929871717e-03 3.828531690e-02 1.895547042e-01 7.616214204e-03 1.047695557e-17

1.908494287e-04 1.908494287e-04 1.018094683e-01 1.176488732e-02 1.908494287e-04 3.053590858e-03
1.231130688e-01 5.193465700e-02 1.908494287e-04 3.515476533e-02 1.908494287e-04 1.908494287e-04
5.833761462e-03 7.694566800e-03 5.069438159e-01 0.000000000e+00 1.167430439e-01 4.809104250e-04
8.257575194e-04 5.833761462e-03 0.000000000e+00 8.342369582e-03 0.000000000e+00 2.555572763e-03
8.257575194e-04 1.908494287e-04 1.036090102e-02 4.809104250e-04 1.908494287e-04 2.555572763e-03
1.908494287e-04 1.908494287e-04 1.211818335e-03 1.908494287e-04 1.908494287e-04 1.908494287e-04

7.314640939e-18 2.508382334e-01 1.347368381e-03 6.818487029e-04 7.314640939e-18 1.575891619e-04
7.314640939e-18 3.334769374e-01 0.000000000e+00 1.000628805e-03 7.314640939e-18 7.314640939e-18
1.575891619e-04 7.314640939e-18 0.000000000e+00 0.000000000e+00 3.395155571e-03 7.314640939e-18
3.950454629e-02 3.666508997e-01 0.000000000e+00 1.000628805e-03 0.000000000e+00 1.575891619e-04
7.314640939e-18 1.575891619e-04 1.575891619e-04 7.314640939e-18 7.314640939e-18 7.314640939e-18
7.314640939e-18 7.314640939e-18 1.000628805e-03 1.575891619e-04 1.575891619e-04 7.314640939e-18

1.996278620e-04 7.384869652e-03 1.619369440e-01 1.996278620e-04 1.894738599e-01 2.550347057e-02
5.030306908e-04 2.822276964e-02 0.000000000e+00 2.272807134e-01 2.176487393e-03 1.996278620e-04
5.324511092e-02 0.000000000e+00 0.000000000e+00 0.000000000e+00 0.000000000e+00 1.267557912e-03
8.726090588e-03 2.667334733e-01 0.000000000e+00 2.673120534e-03 0.000000000e+00 5.030306908e-04
1.996278620e-04 5.484404562e-03 5.030306908e-04 5.030306908e-04 1.996278620e-04 1.267557912e-03
2.176487393e-03 1.996278620e-04 6.735841660e-03 6.102094913e-03 1.996278620e-04 1.996278620e-04

