1.337107289e-04 1.337107289e-04 1.083056904e-02 1.337107289e-04 1.337107289e-04 1.337107289e-04
1.337107289e-04 1.337107289e-04 7.564442199e-02 8.490102071e-04 6.206302263e-18 1.337107289e-04
4.511666306e-03 3.422994661e-02 6.206302263e-18 8.596708129e-01 1.337107289e-04 1.337107289e-04
1.337107289e-04 5.785327241e-04 8.745877118e-03 3.369299240e-04 6.206302263e-18 1.337107289e-04
1.337107289e-04 6.206302263e-18 1.337107289e-04 6.206302263e-18 6.206302263e-18 3.369299240e-04
6.206302263e-18 8.490102071e-04 1.337107289e-04 1.143210651e-03 1.337107289e-04 1.337107289e-04

1.352244813e-04 1.352244813e-04 1.135589727e-01 6.276564422e-18 6.276564422e-18 6.276564422e-18
6.276564422e-18 6.276564422e-18 7.087552251e-01 1.352244813e-04 6.276564422e-18 6.276564422e-18
1.352244813e-04 1.763335574e-01 0.000000000e+00 1.352244813e-04 6.276564422e-18 6.276564422e-18
6.276564422e-18 6.276564422e-18 1.352244813e-04 0.000000000e+00 6.276564422e-18 1.352244813e-04
6.276564422e-18 6.276564422e-18 1.352244813e-04 1.352244813e-04 6.276564422e-18 6.276564422e-18
6.276564422e-18 6.276564422e-18 6.276564422e-18 6.276564422e-18 1.352244813e-04 6.276564422e-18

5.584617611e-18 5.584617611e-18 1.121558113e-02 5.584617611e-18 5.584617611e-18 5.584617611e-18
5.584617611e-18 0.000000000e+00 5.510280422e-02 0.000000000e+00 5.584617611e-18 5.584617611e-18
3.305484332e-03 9.159468073e-01 0.000000000e+00 5.584617611e-18 8.329298579e-03 5.584617611e-18
5.584617611e-18 5.584617611e-18 6.100024455e-03 0.000000000e+00 5.584617611e-18 5.584617611e-18
5.584617611e-18 5.584617611e-18 5.584617611e-18 5.584617611e-18 5.584617611e-18 5.584617611e-18
5.584617611e-18 5.584617611e-18 5.584617611e-18 5.584617611e-18 5.584617611e-18 5.584617611e-18

5.289875132e-18 5.289875132e-18 5.289875132e-18 5.289875132e-18 5.289875132e-18 5.289875132e-18
5.289875132e-18 0.000000000e+00 7.889698542e-03 0.000000000e+00 5.289875132e-18 5.289875132e-18
9.465373536e-01 5.289875132e-18 0.000000000e+00 0.000000000e+00 0.000000000e+00 5.289875132e-18
5.289875132e-18 1.455984940e-02 3.101309843e-02 0.000000000e+00 5.289875132e-18 5.289875132e-18
5.289875132e-18 5.289875132e-18 5.289875132e-18 5.289875132e-18 5.289875132e-18 5.289875132e-18
5.289875132e-18 5.289875132e-18 5.289875132e-18 5.289875132e-18 5.289875132e-18 5.289875132e-18

6.086313405e-18 2.098010357e-03 6.086313405e-18 6.086313405e-18 6.086313405e-18 6.086313405e-18
1.311256473e-04 0.000000000e+00 2.870037797e-01 0.000000000e+00 6.086313405e-18 6.086313405e-18
0.000000000e+00 0.000000000e+00 0.000000000e+00 0.000000000e+00 0.000000000e+00 6.086313405e-18
6.086313405e-18 2.943912990e-02 6.813279543e-01 0.000000000e+00 6.086313405e-18 6.086313405e-18
6.086313405e-18 6.086313405e-18 6.086313405e-18 6.086313405e-18 6.086313405e-18 6.086313405e-18
6.086313405e-18 6.086313405e-18 6.086313405e-18 6.086313405e-18 6.086313405e-18 6.086313405e-18

3.917969513e-02 3.917969513e-02 3.917969513e-02 3.917969513e-02 3.917969513e-02 3.917969513e-02
3.917969513e-02 0.000000000e+00 3.917969513e-02 0.000000000e+00 3.917969513e-02 3.917969513e-02
0.000000000e+00 0.000000000e+00 0.000000000e+00 0.000000000e+00 0.000000000e+00 3.917969513e-02
3.917969513e-02 0.000000000e+00 3.784597560e-02 0.000000000e+00 3.784597560e-02 3.784597560e-02
3.784597560e-02 0.000000000e+00 3.784597560e-02 3.784597560e-02 3.784597560e-02 3.784597560e-02
3.784597560e-02 3.784597560e-02 3.784597560e-02 3.784597560e-02 3.784597560e-02 3.784597560e-02

4.211050269e-02 4.211050269e-02 4.211050269e-02 4.211050269e-02 4.211050269e-02 4.211050269e-02
4.211050269e-02 0.000000000e+00 4.211050269e-02 0.000000000e+00 4.077899461e-02 4.211050269e-02
0.000000000e+00 0.000000000e+00 0.000000000e+00 0.000000000e+00 0.000000000e+00 4.211050269e-02
4.211050269e-02 0.000000000e+00 0.000000000e+00 0.000000000e+00 4.211050269e-02 4.211050269e-02
4.211050269e-02 0.000000000e+00 0.000000000e+00 4.211050269e-02 4.211050269e-02 4.077899461e-02
4.077899461e-02 4.077899461e-02 4.077899461e-02 4.077899461e-02 4.077899461e-02 4.077899461e-02

