1.439980377e-04 3.628523176e-04 1.439980377e-04 6.230433239e-04 3.628523176e-04 1.439980377e-04
1.439980377e-04 6.683796837e-18 6.230433239e-04 1.439980377e-04 6.683796837e-18 3.628523176e-04
1.439980377e-04 1.231165904e-03 1.166384105e-02 5.805637082e-03 1.439980377e-04 3.628523176e-04
2.303968603e-03 3.382399548e-02 6.683796837e-18 7.859378555e-01 1.439980377e-04 1.439980377e-04
1.439980377e-04 1.439980377e-04 1.250786593e-01 1.439980377e-04 1.439980377e-04 1.439980377e-04
6.683796837e-18 3.628523176e-04 2.794866267e-02 1.439980377e-04 3.628523176e-04 6.230433239e-04

6.308867372e-18 6.308867372e-18 1.162103306e-03 3.424980147e-04 6.308867372e-18 6.308867372e-18
6.308867372e-18 6.308867372e-18 3.625294662e-02 8.630409166e-04 6.308867372e-18 5.880935332e-04
6.308867372e-18 2.174726835e-03 6.308867372e-18 0.000000000e+00 3.424980147e-04 3.424980147e-04
3.424980147e-04 4.586225926e-03 0.000000000e+00 7.559026839e-01 1.359204272e-04 6.308867372e-18
6.308867372e-18 6.308867372e-18 1.937620456e-01 3.424980147e-04 6.308867372e-18 3.424980147e-04
6.308867372e-18 6.308867372e-18 2.174726835e-03 6.308867372e-18 3.424980147e-04 6.308867372e-18

7.154386892e-18 7.154386892e-18 2.836922784e-01 7.154386892e-18 7.154386892e-18 7.154386892e-18
7.154386892e-18 2.063968867e-03 7.154386892e-18 5.394124313e-01 0.000000000e+00 7.154386892e-18
7.154386892e-18 3.223957747e-02 0.000000000e+00 0.000000000e+00 1.317849333e-03 7.154386892e-18
7.154386892e-18 7.154386892e-18 0.000000000e+00 1.035947302e-01 7.154386892e-18 7.154386892e-18
7.154386892e-18 7.154386892e-18 3.701225413e-02 7.154386892e-18 7.154386892e-18 6.669103054e-04
7.154386892e-18 7.154386892e-18 7.154386892e-18 7.154386892e-18 7.154386892e-18 7.154386892e-18

7.473492824e-18 7.473492824e-18 1.833151606e-01 7.473492824e-18 3.938950611e-03 9.925533578e-03
7.473492824e-18 1.049485805e-01 0.000000000e+00 6.101732012e-01 0.000000000e+00 0.000000000e+00
3.782032783e-02 7.473492824e-18 0.000000000e+00 0.000000000e+00 7.473492824e-18 3.014257159e-03
7.473492824e-18 2.425576051e-02 0.000000000e+00 1.913933994e-02 7.473492824e-18 7.473492824e-18
7.473492824e-18 7.473492824e-18 3.468888084e-03 7.473492824e-18 7.473492824e-18 7.473492824e-18
7.473492824e-18 7.473492824e-18 7.473492824e-18 7.473492824e-18 7.473492824e-18 7.473492824e-18

