1.291009811e-04 1.291009811e-04 1.291009811e-04 1.291009811e-04 1.291009811e-04 1.291009811e-04
5.585875036e-04 5.992336723e-18 5.992336723e-18 5.992336723e-18 5.992336723e-18 1.291009811e-04
1.291009811e-04 1.291009811e-04 1.407552308e-03 1.291009811e-04 1.291009811e-04 1.291009811e-04
1.311584213e-02 5.585875036e-04 8.844151586e-01 0.000000000e+00 5.585875036e-04 1.291009811e-04
1.291009811e-04 2.416867761e-03 5.992336723e-18 3.236311193e-02 1.103797862e-03 1.291009811e-04
1.291009811e-04 1.291009811e-04 6.072367415e-02 3.253140873e-04 1.291009811e-04 1.291009811e-04

2.975918997e-03 1.802803958e-01 6.105651995e-03 9.615799340e-04 8.221392789e-03 2.975918997e-03
3.296255901e-01 5.600116304e-04 2.423029600e-03 5.600116304e-04 2.222407628e-04 1.370000188e-02
1.126752474e-02 9.096596034e-02 0.000000000e+00 1.199815356e-01 2.222407628e-04 9.615799340e-04
5.436849349e-03 9.714540895e-03 9.096596034e-02 0.000000000e+00 3.555852205e-03 1.900131794e-03
2.423029600e-03 1.538527894e-02 0.000000000e+00 4.788032089e-03 1.980102701e-02 5.600116304e-04
5.600116304e-04 2.447910913e-02 4.313483858e-02 1.900131794e-03 9.615799340e-04 2.423029600e-03

2.255592514e-03 1.570211899e-02 7.288278017e-04 1.684469911e-04 7.288278017e-04 1.069571724e-03
3.608948022e-02 0.000000000e+00 4.244598198e-04 1.684469911e-04 1.684469911e-04 1.440201515e-03
7.288278017e-04 1.711314758e-02 0.000000000e+00 4.244598198e-04 1.684469911e-04 4.244598198e-04
4.244598198e-04 3.153454751e-03 5.045527602e-02 0.000000000e+00 2.255592514e-03 7.116038795e-01
1.684469911e-04 1.440201515e-03 0.000000000e+00 2.695151858e-03 0.000000000e+00 9.311144351e-02
4.244598198e-04 2.695151858e-03 1.166124483e-02 3.781817634e-02 4.120850300e-03 1.684469911e-04

1.715984336e-04 1.715984336e-04 4.324009571e-04 1.715984336e-04 1.715984336e-04 1.715984336e-04
1.715984336e-04 0.000000000e+00 4.324009571e-04 1.715984336e-04 1.715984336e-04 1.715984336e-04
3.696976180e-03 1.072490210e-01 0.000000000e+00 4.324009571e-04 1.715984336e-04 1.715984336e-04
1.715984336e-04 0.000000000e+00 5.245309539e-03 0.000000000e+00 1.715984336e-04 1.870890284e-03
1.715984336e-04 3.976569783e-01 0.000000000e+00 2.348316754e-01 0.000000000e+00 1.715984336e-04
1.715984336e-04 1.715984336e-04 2.074205590e-01 3.764261564e-02 1.715984336e-04 0.000000000e+00

7.475507828e-04 5.281251270e-03 2.764388071e-03 2.363518555e-02 1.727742545e-04 6.356012496e-02
1.477199097e-03 0.000000000e+00 1.727742545e-04 0.000000000e+00 1.727742545e-04 5.829747460e-03
2.313536813e-03 1.097048133e-03 0.000000000e+00 3.722308474e-03 1.097048133e-03 1.727742545e-04
1.727742545e-04 0.000000000e+00 0.000000000e+00 0.000000000e+00 7.475507828e-04 5.281251270e-03
1.097048133e-03 1.232114711e-01 0.000000000e+00 1.068336192e-01 0.000000000e+00 1.727742545e-04
1.727742545e-04 1.727742545e-04 6.152905734e-01 3.353385528e-02 1.097048133e-03 0.000000000e+00

