8.345550472e-18 8.345550472e-18 8.345550472e-18 8.345550472e-18 8.345550472e-18 8.345550472e-18
8.345550472e-18 8.345550472e-18 8.345550472e-18 1.826648393e-02 8.345550472e-18 8.345550472e-18
8.345550472e-18 8.345550472e-18 1.141655246e-03 1.574790632e-01 3.045043893e-01 8.345550472e-18
8.345550472e-18 1.548761297e-01 1.977726097e-01 8.345550472e-18 1.384903306e-02 8.345550472e-18
8.345550472e-18 8.345550472e-18 1.497030283e-01 2.407607614e-03 0.000000000e+00 8.345550472e-18
8.345550472e-18 8.345550472e-18 8.345550472e-18 8.345550472e-18 8.345550472e-18 8.345550472e-18

1.042270533e-04 1.042270533e-04 1.042270533e-04 1.042270533e-04 1.042270533e-04 1.042270533e-04
1.042270533e-04 1.042270533e-04 1.042270533e-04 1.042270533e-04 1.042270533e-04 1.042270533e-04
1.042270533e-04 1.042270533e-04 1.042270533e-04 1.042270533e-04 1.042270533e-04 1.042270533e-04
1.042270533e-04 1.042270533e-04 1.042270533e-04 0.000000000e+00 1.042270533e-04 1.042270533e-04
1.042270533e-04 1.042270533e-04 9.966647343e-01 0.000000000e+00 0.000000000e+00 1.042270533e-04
1.042270533e-04 1.042270533e-04 1.042270533e-04 1.042270533e-04 1.042270533e-04 1.042270533e-04

1.328229425e-04 1.328229425e-04 1.328229425e-04 1.328229425e-04 1.328229425e-04 1.328229425e-04
1.328229425e-04 1.328229425e-04 1.135620184e-03 1.328229425e-04 1.328229425e-04 1.328229425e-04
1.328229425e-04 1.328229425e-04 1.328229425e-04 7.210738698e-03 1.238135293e-02 1.774718441e-01
1.328229425e-04 1.328229425e-04 1.448131824e-03 0.000000000e+00 0.000000000e+00 1.328229425e-04
1.328229425e-04 1.328229425e-04 7.926828511e-01 0.000000000e+00 0.000000000e+00 1.328229425e-04
1.328229425e-04 1.328229425e-04 4.481710622e-03 1.328229425e-04 0.000000000e+00 1.328229425e-04

5.011072630e-18 5.011072630e-18 5.011072630e-18 5.011072630e-18 5.011072630e-18 5.011072630e-18
5.011072630e-18 5.011072630e-18 1.079602871e-04 1.079602871e-04 2.720428765e-04 5.011072630e-18
5.011072630e-18 5.011072630e-18 5.011072630e-18 9.230474706e-04 0.000000000e+00 9.772252180e-01
5.011072630e-18 5.011072630e-18 9.230474706e-04 0.000000000e+00 0.000000000e+00 5.011072630e-18
5.011072630e-18 5.011072630e-18 2.021098020e-03 0.000000000e+00 0.000000000e+00 0.000000000e+00
5.011072630e-18 1.079602871e-04 1.831166528e-02 5.011072630e-18 0.000000000e+00 5.011072630e-18

6.927039471e-18 6.927039471e-18 6.927039471e-18 6.927039471e-18 6.927039471e-18 6.927039471e-18
6.927039471e-18 3.760575594e-04 4.561826867e-03 6.927039471e-18 6.457176664e-04 5.115856425e-01
6.927039471e-18 1.492385414e-04 3.760575594e-04 0.000000000e+00 0.000000000e+00 1.958046436e-01
6.927039471e-18 6.927039471e-18 1.492385414e-04 0.000000000e+00 0.000000000e+00 0.000000000e+00
6.927039471e-18 1.492385414e-04 1.275971580e-03 0.000000000e+00 0.000000000e+00 0.000000000e+00
6.927039471e-18 1.492385414e-04 8.646494216e-03 1.492385414e-04 0.000000000e+00 2.759813957e-01

