6.243298529e-18 6.243298529e-18 6.243298529e-18 6.243298529e-18 6.243298529e-18 6.243298529e-18
1.345077893e-04 6.819495329e-03 6.243298529e-18 8.439814947e-01 3.300676955e-02 6.243298529e-18
6.243298529e-18 3.389383903e-04 6.345182363e-03 8.138803113e-02 5.819814041e-04 6.243298529e-18
6.243298529e-18 3.389383903e-04 1.963721170e-02 0.000000000e+00 6.819495329e-03 6.243298529e-18
6.243298529e-18 6.243298529e-18 1.345077893e-04 1.345077893e-04 6.243298529e-18 3.389383903e-04
6.243298529e-18 6.243298529e-18 6.243298529e-18 6.243298529e-18 6.243298529e-18 6.243298529e-18

4.584700315e-03 1.003862642e-02 1.819439526e-03 2.718665326e-02 5.362298018e-04 3.404847006e-03
1.819439526e-03 2.035552065e-01 0.000000000e+00 3.103561030e-01 3.305581389e-02 1.819439526e-03
4.584700315e-03 2.178791735e-01 1.983684618e-02 1.723703797e-02 5.362298018e-04 2.128029379e-04
9.207448371e-04 2.128029379e-04 0.000000000e+00 0.000000000e+00 8.455986771e-02 1.555598913e-02
1.351214430e-03 5.846365292e-03 9.207448371e-04 2.128029379e-04 5.362298018e-04 5.846365292e-03
4.584700315e-03 1.232925057e-02 2.320131604e-03 3.983831537e-03 1.819439526e-03 5.362298018e-04

1.805076859e-03 1.805076859e-03 7.810113972e-03 5.974952822e-02 1.070386182e-02 3.952383146e-03
7.810113972e-03 4.203104478e-02 0.000000000e+00 5.406784090e-01 6.677553516e-02 1.380933634e-02
1.805076859e-03 5.859774584e-02 1.380933634e-02 3.888920203e-02 5.800214048e-03 9.959381446e-03
1.805076859e-03 0.000000000e+00 0.000000000e+00 0.000000000e+00 0.000000000e+00 9.134764717e-04
1.340547935e-03 1.070386182e-02 1.301465322e-02 2.111230702e-04 1.805076859e-03 6.677553516e-02
1.805076859e-03 8.511948807e-03 1.805076859e-03 2.301816471e-03 2.301816471e-03 9.134764717e-04

1.950998002e-03 3.671408978e-04 3.671408978e-04 1.588526406e-03 1.245717151e-03 6.304071221e-04
4.916206903e-03 5.874254364e-03 0.000000000e+00 8.203715298e-01 3.564371958e-03 6.304071221e-04
3.671408978e-04 0.000000000e+00 1.950998002e-03 1.180169691e-02 3.671408978e-04 1.456999619e-04
1.456999619e-04 0.000000000e+00 0.000000000e+00 0.000000000e+00 0.000000000e+00 0.000000000e+00
9.251370908e-04 4.002835715e-03 1.089534085e-01 1.588526406e-03 1.180169691e-02 1.065073182e-02
3.671408978e-04 1.950998002e-03 3.671408978e-04 2.331199389e-03 6.304071221e-04 1.456999619e-04

1.420170521e-04 3.474274061e-03 1.420170521e-04 1.874703744e-01 3.578605469e-04 1.420170521e-04
2.272272834e-03 1.420170521e-04 0.000000000e+00 7.524239784e-01 0.000000000e+00 1.420170521e-04
1.420170521e-04 0.000000000e+00 3.578605469e-04 3.578605469e-04 6.207819139e-03 1.420170521e-04
1.420170521e-04 0.000000000e+00 0.000000000e+00 0.000000000e+00 0.000000000e+00 0.000000000e+00
1.420170521e-04 6.144720973e-04 1.207492760e-02 0.000000000e+00 2.685967346e-02 2.272272834e-03
3.578605469e-04 3.578605469e-04 1.548372660e-03 1.214228716e-03 3.578605469e-04 1.420170521e-04

7.214458402e-04 7.214458402e-04 4.201606616e-04 2.640018819e-01 2.908687361e-02 7.214458402e-04
7.214458402e-04 7.214458402e-04 0.000000000e+00 4.580895543e-03 0.000000000e+00 4.201606616e-04
1.667408691e-04 0.000000000e+00 1.058738524e-03 0.000000000e+00 0.000000000e+00 1.667408691e-04
1.667408691e-04 0.000000000e+00 0.000000000e+00 0.000000000e+00 0.000000000e+00 0.000000000e+00
1.667408691e-04 9.052087047e-03 1.834086793e-01 0.000000000e+00 1.058738524e-03 4.767357683e-01
7.214458402e-04 1.058738524e-03 1.667408691e-04 2.130199064e-02 2.232746655e-03 4.201606616e-04

