5.622379495e-18 1.320652293e-03 2.231242781e-02 7.691306960e-04 2.609677388e-03 1.211304943e-04
3.327835247e-03 3.327835247e-03 5.622379495e-18 1.386790576e-02 1.211304943e-04 1.211304943e-04
7.691306960e-04 3.052297190e-04 9.448385674e-01 1.938087908e-03 1.211304943e-04 1.211304943e-04
3.052297190e-04 1.211304943e-04 3.052297190e-04 1.211304943e-04 5.622379495e-18 2.267654234e-03
5.241012099e-04 5.622379495e-18 5.622379495e-18 5.622379495e-18 5.622379495e-18 1.211304943e-04
5.622379495e-18 5.622379495e-18 1.211304943e-04 1.211304943e-04 5.622379495e-18 5.622379495e-18

3.456521136e-04 1.836805943e-03 6.366966370e-18 2.066444902e-02 6.366966370e-18 6.366966370e-18
6.366966370e-18 0.000000000e+00 0.000000000e+00 1.498318093e-01 2.567965798e-03 6.366966370e-18
8.709887477e-04 3.456521136e-04 7.882387904e-01 6.366966370e-18 1.495549837e-03 3.456521136e-04
6.366966370e-18 6.366966370e-18 2.869125037e-02 2.955284001e-03 3.456521136e-04 6.366966370e-18
8.709887477e-04 6.366966370e-18 6.366966370e-18 6.366966370e-18 6.366966370e-18 6.366966370e-18
5.935093461e-04 6.366966370e-18 6.366966370e-18 6.366966370e-18 6.366966370e-18 6.366966370e-18

5.586866710e-18 5.586866710e-18 5.586866710e-18 5.586866710e-18 5.586866710e-18 5.586866710e-18
5.586866710e-18 0.000000000e+00 0.000000000e+00 4.852828614e-03 5.586866710e-18 5.586866710e-18
0.000000000e+00 1.676543294e-01 5.586866710e-18 0.000000000e+00 5.586866710e-18 5.586866710e-18
5.586866710e-18 5.586866710e-18 8.274928420e-01 5.586866710e-18 5.586866710e-18 5.586866710e-18
5.586866710e-18 5.586866710e-18 5.586866710e-18 5.586866710e-18 5.586866710e-18 5.586866710e-18
5.586866710e-18 5.586866710e-18 5.586866710e-18 5.586866710e-18 5.586866710e-18 5.586866710e-18

5.715911134e-18 5.715911134e-18 4.555546460e-03 5.715911134e-18 5.715911134e-18 5.715911134e-18
5.382913032e-03 0.000000000e+00 0.000000000e+00 8.766395728e-01 5.715911134e-18 5.715911134e-18
0.000000000e+00 0.000000000e+00 0.000000000e+00 0.000000000e+00 5.715911134e-18 5.715911134e-18
5.715911134e-18 2.390139557e-02 5.715911134e-18 8.952057211e-02 5.715911134e-18 5.715911134e-18
5.715911134e-18 5.715911134e-18 5.715911134e-18 5.715911134e-18 5.715911134e-18 5.715911134e-18
5.715911134e-18 5.715911134e-18 5.715911134e-18 5.715911134e-18 5.715911134e-18 5.715911134e-18

