1.337107289e-04 1.337107289e-04 1.083056904e-02 1.337107289e-04 1.337107289e-04 1.337107289e-04
1.337107289e-04 1.337107289e-04 7.564442199e-02 8.490102071e-04 6.206302263e-18 1.337107289e-04
4.511666306e-03 3.422994661e-02 6.206302263e-18 8.596708129e-01 1.337107289e-04 1.337107289e-04
1.337107289e-04 5.785327241e-04 8.745877118e-03 3.369299240e-04 6.206302263e-18 1.337107289e-04
1.337107289e-04 6.206302263e-18 1.337107289e-04 6.206302263e-18 6.206302263e-18 3.369299240e-04
6.206302263e-18 8.490102071e-04 1.337107289e-04 1.143210651e-03 1.337107289e-04 1.337107289e-04

1.326671911e-04 1.326671911e-04 3.343003733e-04 1.326671911e-04 1.326671911e-04 3.343003733e-04
6.157865526e-18 6.157865526e-18 5.348805973e-03 0.000000000e+00 6.157865526e-18 1.326671911e-04
1.446433709e-03 8.423841547e-04 0.000000000e+00 2.476593074e-01 3.343003733e-04 1.326671911e-04
1.326671911e-04 6.157865526e-18 7.347567279e-01 6.157865526e-18 3.245541108e-03 3.343003733e-04
3.343003733e-04 6.157865526e-18 3.343003733e-04 8.423841547e-04 1.326671911e-04 3.343003733e-04
6.157865526e-18 6.157865526e-18 3.343003733e-04 2.122675057e-03 6.157865526e-18 6.157865526e-18

5.714448127e-18 5.714448127e-18 1.231140528e-04 5.714448127e-18 5.714448127e-18 5.714448127e-18
5.714448127e-18 0.000000000e+00 8.522937108e-03 0.000000000e+00 5.714448127e-18 2.652411862e-03
5.714448127e-18 5.714448127e-18 0.000000000e+00 4.963647573e-03 5.714448127e-18 5.326835693e-04
5.714448127e-18 2.700686057e-02 9.311123786e-01 0.000000000e+00 7.817255077e-04 5.714448127e-18
2.652411862e-03 5.714448127e-18 5.714448127e-18 1.409499806e-02 7.817255077e-04 5.714448127e-18
5.714448127e-18 5.714448127e-18 5.714448127e-18 3.011835225e-03 5.714448127e-18 3.763270458e-03

4.982932714e-18 1.073540310e-04 1.323591557e-02 1.073540310e-04 2.705152068e-04 2.705152068e-04
1.073540310e-04 0.000000000e+00 0.000000000e+00 0.000000000e+00 4.982932714e-18 1.073540310e-04
4.982932714e-18 4.982932714e-18 0.000000000e+00 1.437526114e-03 6.816556068e-04 1.073540310e-04
4.982932714e-18 1.073540310e-04 9.829229780e-01 0.000000000e+00 1.073540310e-04 4.982932714e-18
4.982932714e-18 4.982932714e-18 0.000000000e+00 1.073540310e-04 4.982932714e-18 1.073540310e-04
4.982932714e-18 4.982932714e-18 4.982932714e-18 1.073540310e-04 4.982932714e-18 1.073540310e-04

