8.228047915e-18 8.228047915e-18 8.228047915e-18 8.228047915e-18 8.228047915e-18 8.228047915e-18
8.228047915e-18 8.228047915e-18 9.684296332e-02 2.373709304e-03 4.466871642e-04 8.228047915e-18
8.228047915e-18 6.938629661e-02 2.325798772e-01 3.797934887e-02 8.228047915e-18 8.228047915e-18
8.228047915e-18 4.466871642e-04 8.228047915e-18 4.405755209e-01 5.907761428e-02 8.228047915e-18
8.228047915e-18 4.466871642e-04 7.669937383e-04 5.907761428e-02 8.228047915e-18 8.228047915e-18
8.228047915e-18 8.228047915e-18 8.228047915e-18 8.228047915e-18 8.228047915e-18 8.228047915e-18

5.889530209e-18 5.889530209e-18 5.889530209e-18 5.889530209e-18 5.889530209e-18 5.889530209e-18
3.197328911e-04 5.889530209e-18 5.889530209e-18 5.889530209e-18 5.889530209e-18 5.889530209e-18
5.889530209e-18 5.889530209e-18 5.889530209e-18 0.000000000e+00 5.889530209e-18 5.889530209e-18
5.889530209e-18 3.197328911e-04 0.000000000e+00 4.479552434e-01 5.889530209e-18 5.889530209e-18
5.889530209e-18 5.889530209e-18 5.889530209e-18 5.510855579e-01 5.889530209e-18 5.889530209e-18
5.889530209e-18 5.889530209e-18 5.889530209e-18 5.889530209e-18 3.197328911e-04 5.889530209e-18

5.633348722e-18 5.633348722e-18 5.633348722e-18 5.633348722e-18 5.633348722e-18 5.633348722e-18
5.633348722e-18 5.633348722e-18 5.633348722e-18 5.633348722e-18 5.633348722e-18 5.633348722e-18
5.633348722e-18 0.000000000e+00 3.042430752e-02 0.000000000e+00 5.633348722e-18 5.633348722e-18
5.633348722e-18 9.103604014e-01 0.000000000e+00 5.633348722e-18 2.416208804e-02 3.334327833e-03
5.633348722e-18 5.633348722e-18 3.171887522e-02 0.000000000e+00 5.633348722e-18 5.633348722e-18
5.633348722e-18 5.633348722e-18 5.633348722e-18 5.633348722e-18 5.633348722e-18 5.633348722e-18

4.732671293e-18 4.732671293e-18 4.732671293e-18 4.732671293e-18 4.732671293e-18 4.732671293e-18
4.732671293e-18 1.019623121e-04 3.116717777e-03 4.732671293e-18 4.732671293e-18 4.732671293e-18
4.732671293e-18 0.000000000e+00 4.732671293e-18 0.000000000e+00 4.732671293e-18 1.019623121e-04
4.732671293e-18 9.965773953e-01 0.000000000e+00 0.000000000e+00 0.000000000e+00 4.732671293e-18
4.732671293e-18 4.732671293e-18 4.732671293e-18 0.000000000e+00 4.732671293e-18 4.732671293e-18
1.019623121e-04 4.732671293e-18 4.732671293e-18 4.732671293e-18 4.732671293e-18 4.732671293e-18

3.609445831e-02 3.609445831e-02 3.609445831e-02 3.609445831e-02 3.609445831e-02 3.609445831e-02
3.609445831e-02 3.609445831e-02 0.000000000e+00 3.609445831e-02 3.609445831e-02 3.609445831e-02
3.609445831e-02 0.000000000e+00 3.609445831e-02 0.000000000e+00 3.609445831e-02 3.609445831e-02
3.609445831e-02 3.476385421e-02 0.000000000e+00 0.000000000e+00 0.000000000e+00 3.609445831e-02
3.609445831e-02 0.000000000e+00 3.609445831e-02 0.000000000e+00 3.609445831e-02 3.476385421e-02
3.476385421e-02 3.476385421e-02 3.476385421e-02 3.476385421e-02 3.476385421e-02 3.476385421e-02

