4.775958158e-18 4.775958158e-18 4.775958158e-18 4.775958158e-18 4.775958158e-18 4.775958158e-18
4.775958158e-18 0.000000000e+00 4.775958158e-18 4.775958158e-18 4.775958158e-18 4.775958158e-18
4.775958158e-18 4.775958158e-18 9.920745309e-01 4.775958158e-18 4.775958158e-18 4.775958158e-18
4.775958158e-18 4.775958158e-18 4.775958158e-18 7.925469103e-03 4.775958158e-18 4.775958158e-18
4.775958158e-18 4.775958158e-18 4.775958158e-18 4.775958158e-18 4.775958158e-18 4.775958158e-18
4.775958158e-18 4.775958158e-18 4.775958158e-18 4.775958158e-18 4.775958158e-18 4.775958158e-18

7.749638852e-18 7.749638852e-18 7.749638852e-18 7.749638852e-18 7.749638852e-18 7.749638852e-18
7.749638852e-18 0.000000000e+00 7.749638852e-18 1.669609078e-04 7.749638852e-18 7.749638852e-18
1.419576624e-02 0.000000000e+00 5.251465515e-01 2.097287996e-01 1.286014686e-02 7.749638852e-18
7.749638852e-18 7.749638852e-18 2.671374525e-03 9.992219319e-02 7.749638852e-18 7.749638852e-18
7.749638852e-18 3.125634150e-03 0.000000000e+00 9.121215614e-02 7.749638852e-18 7.749638852e-18
7.749638852e-18 7.749638852e-18 7.749638852e-18 4.097041692e-02 7.749638852e-18 7.749638852e-18

6.209210656e-18 1.337733884e-04 6.209210656e-18 6.209210656e-18 6.209210656e-18 6.209210656e-18
6.209210656e-18 0.000000000e+00 6.209210656e-18 1.458494273e-03 6.209210656e-18 6.209210656e-18
4.382184863e-02 0.000000000e+00 3.272602876e-03 5.788038357e-04 1.269690513e-01 6.209210656e-18
6.209210656e-18 0.000000000e+00 0.000000000e+00 6.209210656e-18 6.209210656e-18 6.209210656e-18
6.209210656e-18 6.209210656e-18 0.000000000e+00 8.030616628e-01 6.209210656e-18 6.209210656e-18
6.209210656e-18 1.791295002e-03 6.209210656e-18 1.891246787e-02 6.209210656e-18 6.209210656e-18

1.422362135e-03 1.663604845e-04 1.663604845e-04 5.085199313e-03 7.198000120e-04 4.192021527e-04
1.422362135e-03 0.000000000e+00 0.000000000e+00 5.873146228e-01 4.192021527e-04 4.192021527e-04
1.813782374e-03 0.000000000e+00 1.663604845e-04 4.069806460e-03 1.281389931e-02 1.663604845e-04
4.192021527e-04 0.000000000e+00 0.000000000e+00 0.000000000e+00 4.192021527e-04 1.056323233e-03
3.584127989e-03 1.663604845e-04 0.000000000e+00 1.267284665e-01 1.174927132e-01 1.663604845e-04
1.663604845e-04 2.227653109e-03 1.663604845e-04 1.302364242e-01 1.663604845e-04 4.192021527e-04

