7.604314130e-18 7.604314130e-18 7.604314130e-18 7.604314130e-18 7.604314130e-18 7.604314130e-18
1.638299816e-04 1.009927714e-02 6.060592180e-03 7.088511615e-04 1.638299816e-04 7.604314130e-18
7.604314130e-18 0.000000000e+00 9.589353549e-02 4.281650275e-02 4.128256848e-04 7.604314130e-18
1.638299816e-04 7.705873596e-02 6.088859965e-01 1.470681106e-01 4.128256848e-04 7.604314130e-18
7.604314130e-18 1.638299816e-04 7.728408257e-03 1.786192999e-03 7.604314130e-18 7.604314130e-18
7.604314130e-18 7.604314130e-18 7.604314130e-18 7.604314130e-18 4.128256848e-04 7.604314130e-18

1.529069666e-04 1.529069666e-04 1.529069666e-04 1.529069666e-04 1.529069666e-04 1.529069666e-04
3.853014119e-04 0.000000000e+00 3.740682544e-03 3.853014119e-04 1.529069666e-04 1.529069666e-04
0.000000000e+00 0.000000000e+00 4.673960910e-03 1.824268070e-01 1.529069666e-04 1.529069666e-04
1.529069666e-04 6.393888585e-01 4.665065576e-02 1.175522864e-01 1.529069666e-04 1.529069666e-04
3.853014119e-04 1.529069666e-04 6.615900207e-04 3.853014119e-04 1.529069666e-04 1.529069666e-04
1.529069666e-04 1.529069666e-04 1.529069666e-04 1.529069666e-04 1.529069666e-04 1.529069666e-04

1.127405975e-04 0.000000000e+00 5.232954983e-18 1.127405975e-04 1.127405975e-04 5.232954983e-18
1.127405975e-04 0.000000000e+00 1.127405975e-04 4.878002348e-04 1.127405975e-04 5.232954983e-18
0.000000000e+00 0.000000000e+00 9.709503526e-01 1.193343811e-02 1.127405975e-04 1.127405975e-04
1.127405975e-04 5.232954983e-18 5.318351111e-03 7.374243036e-03 1.127405975e-04 1.127405975e-04
2.840885039e-04 1.127405975e-04 0.000000000e+00 1.127405975e-04 1.127405975e-04 1.127405975e-04
1.127405975e-04 1.127405975e-04 1.127405975e-04 1.509655031e-03 1.127405975e-04 5.232954983e-18

6.971381152e-04 0.000000000e+00 1.023066373e-03 8.168869464e-03 1.177815232e-02 6.971381152e-04
6.530936152e-01 0.000000000e+00 0.000000000e+00 4.060041591e-04 6.971381152e-04 4.060041591e-04
0.000000000e+00 0.000000000e+00 8.082858487e-02 1.986519292e-02 1.023066373e-03 4.060041591e-04
1.377581052e-03 0.000000000e+00 1.377581052e-03 2.277905119e-02 1.023066373e-03 6.971381152e-04
1.884504371e-01 1.611228573e-04 0.000000000e+00 1.611228573e-04 4.060041591e-04 4.060041591e-04
4.060041591e-04 1.023066373e-03 1.611228573e-04 1.377581052e-03 4.060041591e-04 6.971381152e-04

1.398304067e-04 0.000000000e+00 1.398304067e-04 7.729322395e-02 3.523505455e-04 1.398304067e-04
1.398304067e-04 0.000000000e+00 0.000000000e+00 0.000000000e+00 1.398304067e-04 1.398304067e-04
0.000000000e+00 0.000000000e+00 0.000000000e+00 8.878677384e-04 1.398304067e-04 1.398304067e-04
2.895917072e-01 0.000000000e+00 1.398304067e-04 6.285860614e-01 1.398304067e-04 1.398304067e-04
3.523505455e-04 1.398304067e-04 0.000000000e+00 1.398304067e-04 1.398304067e-04 1.398304067e-04
1.398304067e-04 1.398304067e-04 1.398304067e-04 1.398304067e-04 1.398304067e-04 1.398304067e-04

