9.225184381e-18 1.987505726e-04 1.987505726e-04 1.987505726e-04 1.987505726e-04 9.225184381e-18
1.987505726e-04 0.000000000e+00 9.225184381e-18 5.008200601e-04 9.225184381e-18 9.225184381e-18
1.987505726e-04 9.225184381e-18 7.661857290e-02 1.417361082e-01 1.987505726e-04 9.225184381e-18
9.225184381e-18 9.225184381e-18 1.726374577e-01 9.225184381e-18 1.626410975e-01 1.034849162e-01
1.987505726e-04 9.225184381e-18 1.987505726e-04 6.063716224e-02 5.301111868e-02 1.699293492e-03
9.225184381e-18 9.225184381e-18 9.225184381e-18 2.247438779e-01 5.008200601e-04 9.225184381e-18

1.150308112e-02 4.212102899e-02 5.669554753e-03 1.524665875e-02 2.869132606e-03 4.926505436e-03
2.344658614e-02 0.000000000e+00 5.107637638e-02 1.923692412e-02 1.138616029e-03 3.128135965e-02
3.523814247e-03 0.000000000e+00 2.026967340e-02 1.644733877e-01 1.060984235e-02 2.237482577e-02
6.631151466e-04 1.060984235e-02 3.036937639e-01 0.000000000e+00 4.210518725e-03 1.721284806e-02
2.344658614e-02 6.437825498e-03 7.229761130e-03 2.898594807e-02 2.237482577e-02 2.344658614e-02
1.241401580e-02 8.879455492e-03 2.237482577e-02 3.012818802e-02 2.026967340e-02 2.785485318e-02

8.774417688e-03 1.860037203e-04 4.761695240e-02 2.027947143e-03 5.685640995e-03 4.007328675e-03
5.263774367e-01 0.000000000e+00 0.000000000e+00 4.564331897e-02 1.590309439e-03 1.590309439e-03
1.590309439e-03 0.000000000e+00 0.000000000e+00 2.802073814e-02 3.482129967e-03 2.027947143e-03
1.860037203e-04 7.499200083e-03 2.697400584e-01 0.000000000e+00 2.490686217e-03 2.027947143e-03
2.490686217e-03 1.181050005e-03 7.499200083e-03 2.976059525e-03 2.027947143e-03 2.490686217e-03
1.590309439e-03 2.027947143e-03 1.181050005e-03 7.499200083e-03 6.880869314e-03 1.590309439e-03

1.622854957e-02 0.000000000e+00 1.293892178e-02 1.365755866e-03 2.990449099e-03 1.741598609e-03
1.365755866e-03 0.000000000e+00 0.000000000e+00 1.759482526e-02 1.365755866e-03 1.741598609e-03
7.815454219e-01 0.000000000e+00 0.000000000e+00 8.933264422e-02 2.138998379e-03 1.365755866e-03
1.741598609e-03 0.000000000e+00 3.669011595e-02 0.000000000e+00 1.741598609e-03 1.741598609e-03
1.741598609e-03 1.597397751e-04 1.741598609e-03 1.741598609e-03 1.365755866e-03 1.741598609e-03
1.365755866e-03 1.741598609e-03 1.365755866e-03 8.672009193e-03 2.990449099e-03 1.741598609e-03

8.790552829e-04 0.000000000e+00 2.590773881e-04 2.590773881e-04 4.772246291e-18 4.772246291e-18
0.000000000e+00 0.000000000e+00 0.000000000e+00 2.590773881e-04 4.772246291e-18 4.772246291e-18
9.967408726e-01 0.000000000e+00 0.000000000e+00 8.790552829e-04 4.772246291e-18 4.772246291e-18
4.772246291e-18 0.000000000e+00 0.000000000e+00 0.000000000e+00 4.772246291e-18 4.772246291e-18
2.590773881e-04 1.028149296e-04 1.028149296e-04 4.772246291e-18 4.772246291e-18 4.772246291e-18
4.772246291e-18 4.772246291e-18 4.772246291e-18 2.590773881e-04 4.772246291e-18 4.772246291e-18

