2.104944421e-02 1.317529705e-02 8.073550647e-02 5.567663556e-02 7.354521164e-02 1.799025296e-02
1.601963151e-02 1.206208213e-17 4.157914906e-03 1.206208213e-17 1.206208213e-17 9.408630309e-02
1.799025296e-02 5.173567351e-02 6.652663850e-02 7.496979692e-02 1.206208213e-17 5.173567351e-02
2.221854524e-03 7.640118231e-02 1.206208213e-17 7.928409889e-02 1.206208213e-17 9.613406200e-03
1.135936818e-02 8.073550647e-02 0.000000000e+00 9.408630309e-02 1.206208213e-17 1.206208213e-17
1.206208213e-17 4.864956488e-03 2.598696817e-04 1.206208213e-17 1.124390810e-03 6.548305643e-04

1.464577717e-04 6.797967578e-18 6.797967578e-18 1.252196334e-03 6.797967578e-18 6.797967578e-18
6.797967578e-18 6.797967578e-18 1.464577717e-04 6.797967578e-18 6.797967578e-18 6.336859751e-04
3.690504591e-04 2.343324348e-03 1.229924785e-01 1.282764474e-01 6.797967578e-18 9.299488837e-04
1.464577717e-04 0.000000000e+00 0.000000000e+00 7.149289526e-01 6.797967578e-18 1.464577717e-04
2.741799976e-03 6.797967578e-18 0.000000000e+00 1.252196334e-03 6.797967578e-18 1.464577717e-04
9.299488837e-04 1.871072221e-02 9.299488837e-04 6.797967578e-18 2.343324348e-03 6.336859751e-04

1.611270427e-01 4.133668434e-03 1.640447405e-03 2.569210521e-03 2.569210521e-03 8.301641564e-04
2.719474213e-01 1.355074153e-01 2.569210521e-03 2.569210521e-03 1.218285177e-03 8.301641564e-04
1.918678925e-04 0.000000000e+00 3.348271432e-01 1.328262650e-02 1.918678925e-04 4.834767931e-04
4.834767931e-04 0.000000000e+00 0.000000000e+00 2.030895411e-02 1.918678925e-04 1.918678925e-04
7.097803696e-03 0.000000000e+00 0.000000000e+00 1.182767038e-02 1.918678925e-04 1.918678925e-04
1.218285177e-03 1.709488968e-02 4.834767931e-04 8.301641564e-04 2.569210521e-03 8.301641564e-04

1.473679276e-04 9.357280132e-04 1.473679276e-04 1.473679276e-04 1.473679276e-04 1.473679276e-04
5.339396227e-01 0.000000000e+00 3.662631230e-01 1.473679276e-04 1.473679276e-04 1.473679276e-04
0.000000000e+00 0.000000000e+00 1.473679276e-04 3.851419146e-02 1.473679276e-04 1.473679276e-04
1.473679276e-04 0.000000000e+00 0.000000000e+00 5.681050455e-02 1.473679276e-04 1.473679276e-04
1.473679276e-04 0.000000000e+00 0.000000000e+00 1.473679276e-04 1.473679276e-04 1.473679276e-04
1.473679276e-04 1.473679276e-04 1.473679276e-04 1.473679276e-04 1.473679276e-04 1.473679276e-04

5.078039402e-18 1.094030425e-04 5.078039402e-18 1.094030425e-04 1.094030425e-04 1.094030425e-04
2.676412071e-03 0.000000000e+00 9.760820089e-01 1.648114349e-02 5.078039402e-18 5.078039402e-18
0.000000000e+00 0.000000000e+00 0.000000000e+00 5.078039402e-18 3.005645301e-03 1.094030425e-04
2.756783922e-04 0.000000000e+00 0.000000000e+00 0.000000000e+00 5.078039402e-18 5.078039402e-18
1.094030425e-04 0.000000000e+00 0.000000000e+00 2.756783922e-04 5.078039402e-18 5.078039402e-18
5.078039402e-18 1.094030425e-04 1.094030425e-04 1.094030425e-04 1.094030425e-04 1.094030425e-04

9.851189930e-01 1.430539699e-03 4.958715529e-18 1.068322875e-04 1.068322875e-04 1.068322875e-04
4.958715529e-18 0.000000000e+00 0.000000000e+00 1.709316600e-03 4.958715529e-18 4.958715529e-18
0.000000000e+00 0.000000000e+00 0.000000000e+00 0.000000000e+00 2.692004957e-04 4.958715529e-18
1.040362731e-02 0.000000000e+00 0.000000000e+00 0.000000000e+00 4.958715529e-18 1.068322875e-04
1.068322875e-04 0.000000000e+00 0.000000000e+00 1.068322875e-04 4.958715529e-18 4.958715529e-18
4.958715529e-18 1.068322875e-04 1.068322875e-04 1.068322875e-04 4.958715529e-18 1.068322875e-04

