7.461337435e-18 7.461337435e-18 7.461337435e-18 7.461337435e-18 7.461337435e-18 7.461337435e-18
7.461337435e-18 6.955233065e-04 4.050637156e-04 1.565425028e-02 7.461337435e-18 7.461337435e-18
7.461337435e-18 4.050637156e-04 7.461337435e-18 2.599382885e-01 1.981917839e-02 7.461337435e-18
7.461337435e-18 5.174894150e-02 5.576151879e-01 4.287544052e-02 7.461337435e-18 7.461337435e-18
7.461337435e-18 7.461337435e-18 5.084306214e-02 7.461337435e-18 7.461337435e-18 7.461337435e-18
7.461337435e-18 7.461337435e-18 7.461337435e-18 7.461337435e-18 7.461337435e-18 7.461337435e-18

5.913174287e-18 5.913174287e-18 5.913174287e-18 5.913174287e-18 5.913174287e-18 5.913174287e-18
5.913174287e-18 5.913174287e-18 1.273954781e-04 2.384939459e-03 5.913174287e-18 5.913174287e-18
5.913174287e-18 5.913174287e-18 0.000000000e+00 8.758235430e-01 3.193557542e-02 5.913174287e-18
5.913174287e-18 7.380963756e-03 6.633193661e-02 0.000000000e+00 5.913174287e-18 5.913174287e-18
5.913174287e-18 5.913174287e-18 1.514342162e-02 3.210164891e-04 5.512082208e-04 5.913174287e-18
5.913174287e-18 5.913174287e-18 5.913174287e-18 5.913174287e-18 5.913174287e-18 5.913174287e-18

8.414065518e-18 8.414065518e-18 8.414065518e-18 8.414065518e-18 5.733514396e-02 8.414065518e-18
8.414065518e-18 7.843337366e-04 1.254933979e-02 8.414065518e-18 1.037338202e-01 8.414065518e-18
8.414065518e-18 8.414065518e-18 0.000000000e+00 0.000000000e+00 3.721679828e-01 8.414065518e-18
8.414065518e-18 1.869681970e-01 9.670223859e-02 0.000000000e+00 0.000000000e+00 8.414065518e-18
4.567857534e-04 8.414065518e-18 6.116597981e-03 1.627287744e-01 8.414065518e-18 8.414065518e-18
8.414065518e-18 8.414065518e-18 8.414065518e-18 4.567857534e-04 8.414065518e-18 8.414065518e-18

4.929437409e-18 4.929437409e-18 4.929437409e-18 4.929437409e-18 4.929437409e-18 4.929437409e-18
4.929437409e-18 4.929437409e-18 9.779151209e-01 0.000000000e+00 4.929437409e-18 4.929437409e-18
4.929437409e-18 4.929437409e-18 0.000000000e+00 0.000000000e+00 4.929437409e-18 4.929437409e-18
4.929437409e-18 0.000000000e+00 4.929437409e-18 0.000000000e+00 0.000000000e+00 4.929437409e-18
4.929437409e-18 4.929437409e-18 2.114293053e-02 6.743375521e-04 4.929437409e-18 4.929437409e-18
4.929437409e-18 4.929437409e-18 2.676110349e-04 4.929437409e-18 4.929437409e-18 4.929437409e-18

6.730169706e-18 6.730169706e-18 6.730169706e-18 6.730169706e-18 6.730169706e-18 6.730169706e-18
3.653698243e-04 6.730169706e-18 5.148765641e-01 0.000000000e+00 6.730169706e-18 6.730169706e-18
6.730169706e-18 1.412022468e-02 0.000000000e+00 0.000000000e+00 6.730169706e-18 1.449971109e-04
6.730169706e-18 0.000000000e+00 0.000000000e+00 0.000000000e+00 0.000000000e+00 6.730169706e-18
6.730169706e-18 6.730169706e-18 3.467854148e-01 6.730169706e-18 6.730169706e-18 6.730169706e-18
6.730169706e-18 6.730169706e-18 1.217658430e-01 0.000000000e+00 1.941586463e-03 6.730169706e-18

7.570712384e-18 7.570712384e-18 6.287757022e-02 7.570712384e-18 1.129150253e-02 7.570712384e-18
1.778300216e-03 7.570712384e-18 8.285431243e-02 0.000000000e+00 6.978214423e-01 7.570712384e-18
3.514013407e-03 2.533613218e-02 0.000000000e+00 0.000000000e+00 7.570712384e-18 2.305942939e-02
7.570712384e-18 0.000000000e+00 0.000000000e+00 0.000000000e+00 0.000000000e+00 7.570712384e-18
7.570712384e-18 7.570712384e-18 0.000000000e+00 0.000000000e+00 2.157195754e-02 7.570712384e-18
7.570712384e-18 7.570712384e-18 3.411565129e-02 0.000000000e+00 3.577968848e-02 7.570712384e-18

6.776435270e-18 6.776435270e-18 1.429065141e-01 6.776435270e-18 2.131410077e-02 6.776435270e-18
6.776435270e-18 1.954933614e-03 4.782506781e-02 0.000000000e+00 7.470364517e-01 6.776435270e-18
6.776435270e-18 0.000000000e+00 0.000000000e+00 0.000000000e+00 0.000000000e+00 7.401835497e-03
1.954933614e-03 0.000000000e+00 0.000000000e+00 0.000000000e+00 0.000000000e+00 6.776435270e-18
6.776435270e-18 6.776435270e-18 0.000000000e+00 0.000000000e+00 1.865145670e-02 6.776435270e-18
6.776435270e-18 6.776435270e-18 8.999772583e-03 0.000000000e+00 1.954933614e-03 6.776435270e-18

2.026767910e-04 2.026767910e-04 3.748028033e-01 2.026767910e-04 3.437698858e-02 2.026767910e-04
2.209729023e-03 1.403090470e-02 6.524623796e-02 0.000000000e+00 2.418050704e-01 3.833224490e-02
0.000000000e+00 0.000000000e+00 0.000000000e+00 0.000000000e+00 0.000000000e+00 3.053247148e-02
8.171416168e-03 0.000000000e+00 0.000000000e+00 0.000000000e+00 0.000000000e+00 2.026767910e-04
8.859364724e-03 0.000000000e+00 0.000000000e+00 0.000000000e+00 5.405832688e-02 2.026767910e-04
1.805793214e-02 2.026767910e-04 4.034953296e-02 0.000000000e+00 6.754556253e-02 2.026767910e-04

