8.855926469e-18 1.907951520e-04 3.236168646e-02 1.907951520e-04 1.907951520e-04 8.855926469e-18
8.855926469e-18 8.855926469e-18 8.855926469e-18 8.855926469e-18 8.855926469e-18 8.855926469e-18
3.052722432e-03 8.855926469e-18 0.000000000e+00 1.907951520e-04 8.855926469e-18 8.855926469e-18
1.907951520e-04 8.855926469e-18 6.576891106e-02 5.504248786e-02 8.855926469e-18 8.255226779e-04
8.855926469e-18 8.855926469e-18 2.642014184e-01 1.907951520e-04 8.855926469e-18 8.855926469e-18
4.681908493e-02 2.814081113e-01 8.855926469e-18 1.426752751e-01 1.067000089e-01 8.855926469e-18

1.637865006e-04 1.637865006e-04 4.127161197e-04 1.637865006e-04 1.637865006e-04 1.637865006e-04
1.637865006e-04 1.637865006e-04 1.637865006e-04 1.637865006e-04 1.637865006e-04 1.039979454e-03
7.086630305e-04 1.637865006e-04 0.000000000e+00 4.127161197e-04 4.127161197e-04 1.637865006e-04
1.637865006e-04 1.637865006e-04 7.086630305e-04 0.000000000e+00 6.603457915e-03 1.785718939e-03
1.637865006e-04 1.637865006e-04 1.224783952e-01 1.663967126e-02 1.637865006e-04 2.315562884e-02
2.193186131e-03 6.447924681e-01 0.000000000e+00 1.100804034e-01 6.508258281e-02 7.086630305e-04

1.896388962e-04 4.778600744e-04 5.796758691e-03 1.896388962e-04 1.896388962e-04 1.896388962e-04
1.204131933e-03 0.000000000e+00 1.204131933e-03 1.896388962e-04 1.896388962e-04 1.896388962e-04
2.422732959e-02 3.034222339e-03 0.000000000e+00 1.896388962e-04 1.896388962e-04 1.896388962e-04
1.896388962e-04 8.205198496e-04 1.896388962e-04 0.000000000e+00 8.220386282e-02 2.539363106e-03
1.896388962e-04 1.896388962e-04 4.454467069e-02 3.966532388e-02 0.000000000e+00 8.335962063e-02
2.067580461e-03 4.964805042e-01 0.000000000e+00 1.261699157e-01 8.335962063e-02 1.896388962e-04

0.000000000e+00 4.884521745e-04 3.316074166e-01 4.884521745e-04 2.113409816e-03 4.884521745e-04
1.230822353e-03 0.000000000e+00 1.938423739e-04 0.000000000e+00 4.884521745e-04 1.230822353e-03
1.084041330e-01 3.381455706e-02 0.000000000e+00 6.022234735e-02 7.815234792e-03 1.938423739e-04
4.884521745e-04 1.938423739e-04 1.230822353e-03 0.000000000e+00 1.657328984e-03 4.176207347e-03
1.230822353e-03 1.938423739e-04 1.267902431e-02 5.925247870e-03 0.000000000e+00 3.287854048e-02
4.884521745e-04 3.500164147e-01 0.000000000e+00 1.493068904e-02 2.389925438e-02 1.230822353e-03

0.000000000e+00 7.926161336e-04 6.314726583e-02 4.616093135e-04 1.997267502e-03 4.616093135e-04
1.163182582e-03 0.000000000e+00 0.000000000e+00 0.000000000e+00 1.831897775e-04 1.566250566e-03
4.639368363e-01 3.212626886e-01 0.000000000e+00 5.599626217e-03 1.061354082e-02 1.831897775e-04
2.931036440e-03 0.000000000e+00 2.931036440e-03 0.000000000e+00 4.616093135e-04 2.931036440e-03
1.831897775e-04 1.831897775e-04 1.129270915e-02 7.385749016e-03 0.000000000e+00 2.845584394e-02
1.783953350e-02 3.107170219e-02 0.000000000e+00 1.632169403e-02 6.181187951e-03 4.616093135e-04

