1.085041883e-17 2.337651873e-04 3.521581766e-02 2.337651873e-04 2.337651873e-04 1.085041883e-17
1.085041883e-17 1.085041883e-17 2.337651873e-04 6.422264143e-03 1.085041883e-17 1.797147171e-01
1.262032481e-01 2.337651873e-04 0.000000000e+00 7.131983273e-02 5.008379222e-02 1.085041883e-17
2.337651873e-04 1.085041883e-17 7.924088017e-02 1.085041883e-17 1.041858681e-01 1.011443223e-03
1.269072685e-02 1.085041883e-17 5.718780347e-03 5.736347095e-02 5.860039837e-02 4.653870867e-02
1.085041883e-17 2.337651873e-04 1.085041883e-17 9.011674692e-02 7.393694811e-02 1.085041883e-17

4.323447751e-03 1.873404905e-01 1.688211602e-02 1.466403620e-03 8.543356866e-03 3.092461174e-03
7.792513857e-03 3.092461174e-03 3.587377701e-02 2.248998301e-02 1.466403620e-03 1.870647198e-02
4.975539774e-03 4.130003890e-01 0.000000000e+00 1.688211602e-02 1.423651784e-02 9.992370808e-04
1.466403620e-03 0.000000000e+00 2.248998301e-02 0.000000000e+00 7.434612291e-02 7.059349309e-03
6.344759973e-03 3.092461174e-03 6.344759973e-03 8.543356866e-03 1.170878065e-02 3.695105577e-03
1.466403620e-03 1.338030240e-02 8.543356866e-03 5.184945475e-02 1.598779329e-02 2.517919664e-03

6.911030783e-03 4.149999431e-01 2.819573144e-01 5.134437194e-02 8.862041637e-04 3.085531994e-02
5.010668755e-03 0.000000000e+00 4.704442110e-02 0.000000000e+00 3.834382723e-03 1.111933396e-02
4.412710606e-03 2.990229353e-02 0.000000000e+00 1.300525189e-03 1.111933396e-02 2.048198828e-04
2.742644384e-03 0.000000000e+00 2.080840303e-02 0.000000000e+00 3.085531994e-02 5.161137635e-04
2.742644384e-03 2.048198828e-04 2.233094561e-03 1.909268993e-02 3.277118124e-03 2.048198828e-04
2.048198828e-04 2.048198828e-04 2.048198828e-04 9.662039011e-03 5.627045687e-03 5.161137635e-04

