7.461337435e-18 7.461337435e-18 7.461337435e-18 7.461337435e-18 7.461337435e-18 7.461337435e-18
7.461337435e-18 6.955233065e-04 4.050637156e-04 1.565425028e-02 7.461337435e-18 7.461337435e-18
7.461337435e-18 4.050637156e-04 7.461337435e-18 2.599382885e-01 1.981917839e-02 7.461337435e-18
7.461337435e-18 5.174894150e-02 5.576151879e-01 4.287544052e-02 7.461337435e-18 7.461337435e-18
7.461337435e-18 7.461337435e-18 5.084306214e-02 7.461337435e-18 7.461337435e-18 7.461337435e-18
7.461337435e-18 7.461337435e-18 7.461337435e-18 7.461337435e-18 7.461337435e-18 7.461337435e-18

2.157462647e-03 7.478466719e-18 7.478466719e-18 7.478466719e-18 7.478466719e-18 7.478466719e-18
7.478466719e-18 2.496942279e-01 7.478466719e-18 1.756632442e-03 7.478466719e-18 7.478466719e-18
7.478466719e-18 7.478466719e-18 0.000000000e+00 9.114997438e-02 7.478466719e-18 7.478466719e-18
7.478466719e-18 7.478466719e-18 4.233510595e-01 7.478466719e-18 7.478466719e-18 7.478466719e-18
7.478466719e-18 0.000000000e+00 1.053860224e-02 7.478466719e-18 2.178808442e-01 7.478466719e-18
7.478466719e-18 7.478466719e-18 7.478466719e-18 7.478466719e-18 7.478466719e-18 3.471196762e-03

6.704809376e-18 6.704809376e-18 6.704809376e-18 6.704809376e-18 6.704809376e-18 6.704809376e-18
6.704809376e-18 6.704809376e-18 6.704809376e-18 2.660805364e-02 6.704809376e-18 6.704809376e-18
6.704809376e-18 6.704809376e-18 0.000000000e+00 2.384804525e-01 6.704809376e-18 6.704809376e-18
6.704809376e-18 6.704809376e-18 5.901299212e-01 0.000000000e+00 6.704809376e-18 6.704809376e-18
1.444507391e-04 0.000000000e+00 1.446371219e-01 6.704809376e-18 0.000000000e+00 6.704809376e-18
6.704809376e-18 6.704809376e-18 6.704809376e-18 6.704809376e-18 6.704809376e-18 6.704809376e-18

5.981760545e-18 5.981760545e-18 5.981760545e-18 5.981760545e-18 5.981760545e-18 5.981760545e-18
5.981760545e-18 5.981760545e-18 5.981760545e-18 4.767426826e-03 5.981760545e-18 5.981760545e-18
2.124089438e-02 5.981760545e-18 0.000000000e+00 1.364104402e-02 1.368294610e-01 5.981760545e-18
1.101849713e-03 0.000000000e+00 8.224193241e-01 0.000000000e+00 5.981760545e-18 5.981760545e-18
5.981760545e-18 0.000000000e+00 5.981760545e-18 0.000000000e+00 0.000000000e+00 5.981760545e-18
5.981760545e-18 5.981760545e-18 5.981760545e-18 5.981760545e-18 5.981760545e-18 5.981760545e-18

3.609445831e-02 3.609445831e-02 3.609445831e-02 3.609445831e-02 3.609445831e-02 3.609445831e-02
3.609445831e-02 3.609445831e-02 3.609445831e-02 3.609445831e-02 3.609445831e-02 3.609445831e-02
3.609445831e-02 3.609445831e-02 0.000000000e+00 3.609445831e-02 0.000000000e+00 3.609445831e-02
3.609445831e-02 0.000000000e+00 3.476385421e-02 0.000000000e+00 3.609445831e-02 3.609445831e-02
3.609445831e-02 0.000000000e+00 0.000000000e+00 0.000000000e+00 0.000000000e+00 3.476385421e-02
3.476385421e-02 3.476385421e-02 3.476385421e-02 3.476385421e-02 3.476385421e-02 3.476385421e-02

3.917969513e-02 3.917969513e-02 3.917969513e-02 3.917969513e-02 3.917969513e-02 3.917969513e-02
3.917969513e-02 3.917969513e-02 3.784597560e-02 3.917969513e-02 3.917969513e-02 3.917969513e-02
3.917969513e-02 3.784597560e-02 0.000000000e+00 3.784597560e-02 0.000000000e+00 3.784597560e-02
3.784597560e-02 0.000000000e+00 0.000000000e+00 0.000000000e+00 0.000000000e+00 3.784597560e-02
3.784597560e-02 0.000000000e+00 0.000000000e+00 0.000000000e+00 0.000000000e+00 3.784597560e-02
3.784597560e-02 3.784597560e-02 3.784597560e-02 3.784597560e-02 3.784597560e-02 3.784597560e-02

