1.318052954e-03 7.394997081e-02 2.467494565e-02 1.126919424e-02 2.839659008e-02 9.635025545e-18
5.139596512e-01 2.263190984e-03 2.263190984e-03 1.774786880e-03 9.635025545e-18 8.621244730e-02
9.635025545e-18 0.000000000e+00 8.981479371e-04 3.321285324e-03 9.635025545e-18 3.321285324e-03
2.286430965e-02 3.322534930e-02 4.028938721e-02 2.075803328e-04 9.635025545e-18 7.274998290e-02
1.318052954e-03 2.075803328e-04 5.230696615e-04 9.635025545e-18 9.635025545e-18 2.779608240e-03
1.279626164e-02 1.774786880e-03 1.774786880e-03 2.934706537e-02 2.651943900e-02 9.635025545e-18

1.515769962e-03 5.254151321e-18 1.919993332e-02 1.515769962e-03 9.678229484e-04 5.254151321e-18
9.690717172e-01 0.000000000e+00 2.438761010e-03 2.852392182e-04 5.254151321e-18 5.254151321e-18
0.000000000e+00 0.000000000e+00 9.678229484e-04 2.852392182e-04 5.254151321e-18 2.852392182e-04
7.187577904e-04 4.897760933e-04 2.852392182e-04 2.852392182e-04 5.254151321e-18 5.254151321e-18
2.852392182e-04 5.254151321e-18 5.254151321e-18 5.254151321e-18 5.254151321e-18 5.254151321e-18
5.254151321e-18 2.852392182e-04 1.131972588e-04 7.187577904e-04 2.852392182e-04 5.254151321e-18

1.192976585e-04 0.000000000e+00 3.006112622e-04 3.006112622e-04 7.574929141e-04 5.537306793e-18
9.171401945e-02 0.000000000e+00 5.161709899e-04 5.537306793e-18 5.537306793e-18 5.537306793e-18
0.000000000e+00 0.000000000e+00 1.019980632e-03 3.006112622e-04 5.537306793e-18 5.537306793e-18
8.992834791e-01 5.537306793e-18 3.646613392e-03 1.019980632e-03 5.537306793e-18 5.537306793e-18
5.537306793e-18 1.192976585e-04 0.000000000e+00 3.006112622e-04 5.537306793e-18 5.537306793e-18
5.537306793e-18 5.537306793e-18 3.006112622e-04 3.006112622e-04 5.537306793e-18 5.537306793e-18

1.085528559e-04 0.000000000e+00 5.038577238e-18 1.085528559e-04 1.085528559e-04 5.038577238e-18
9.727190635e-01 0.000000000e+00 0.000000000e+00 5.038577238e-18 5.038577238e-18 5.038577238e-18
0.000000000e+00 0.000000000e+00 2.161104395e-02 1.085528559e-04 5.038577238e-18 5.038577238e-18
4.745039320e-03 0.000000000e+00 2.735360564e-04 1.085528559e-04 5.038577238e-18 5.038577238e-18
5.038577238e-18 1.085528559e-04 0.000000000e+00 5.038577238e-18 5.038577238e-18 5.038577238e-18
5.038577238e-18 5.038577238e-18 5.038577238e-18 5.038577238e-18 5.038577238e-18 5.038577238e-18

4.976990215e-03 0.000000000e+00 2.605127399e-03 5.493886692e-03 1.392095372e-03 4.102818560e-04
1.240317830e-01 0.000000000e+00 0.000000000e+00 0.000000000e+00 1.628204625e-04 1.628204625e-04
0.000000000e+00 0.000000000e+00 0.000000000e+00 2.606107557e-02 1.628204625e-04 1.628204625e-04
5.899268429e-01 0.000000000e+00 1.628204625e-04 8.270923821e-02 1.628204625e-04 1.628204625e-04
1.628204625e-04 1.593772695e-01 0.000000000e+00 4.102818560e-04 1.628204625e-04 1.628204625e-04
1.628204625e-04 1.628204625e-04 1.628204625e-04 1.628204625e-04 1.628204625e-04 1.628204625e-04

