6.793969232e-18 6.793969232e-18 6.793969232e-18 6.793969232e-18 6.793969232e-18 6.793969232e-18
6.793969232e-18 0.000000000e+00 6.104921063e-01 6.333132613e-04 6.793969232e-18 6.793969232e-18
6.793969232e-18 6.793969232e-18 2.642996580e-01 7.528155532e-02 1.463716300e-04 6.793969232e-18
6.793969232e-18 1.463716300e-04 3.983119285e-02 9.023059409e-03 6.793969232e-18 6.793969232e-18
6.793969232e-18 6.793969232e-18 6.793969232e-18 1.463716300e-04 6.793969232e-18 6.793969232e-18
6.793969232e-18 6.793969232e-18 6.793969232e-18 6.793969232e-18 6.793969232e-18 6.793969232e-18

1.237119053e-04 1.237119053e-04 1.237119053e-04 1.237119053e-04 1.237119053e-04 1.237119053e-04
1.309473604e-02 0.000000000e+00 1.979390484e-03 1.237119053e-04 3.117344671e-04 1.237119053e-04
1.237119053e-04 0.000000000e+00 0.000000000e+00 5.352703266e-04 1.237119053e-04 1.237119053e-04
1.237119053e-04 1.237119053e-04 5.352703266e-04 9.510761764e-02 1.237119053e-04 1.237119053e-04
1.237119053e-04 1.237119053e-04 1.237119053e-04 8.852194712e-01 1.237119053e-04 1.237119053e-04
1.237119053e-04 1.237119053e-04 1.237119053e-04 1.237119053e-04 1.237119053e-04 1.237119053e-04

1.363943615e-04 1.363943615e-04 3.436922542e-04 1.363943615e-04 1.363943615e-04 1.363943615e-04
2.445632462e-02 0.000000000e+00 0.000000000e+00 7.025348229e-01 5.901441277e-04 1.363943615e-04
1.363943615e-04 0.000000000e+00 0.000000000e+00 8.660502115e-04 1.363943615e-04 1.363943615e-04
1.363943615e-04 3.436922542e-04 0.000000000e+00 5.499076067e-03 3.436922542e-04 1.363943615e-04
1.363943615e-04 3.436922542e-04 1.363943615e-04 2.618145315e-01 1.363943615e-04 1.363943615e-04
1.363943615e-04 1.363943615e-04 1.363943615e-04 1.363943615e-04 1.363943615e-04 1.363943615e-04

