4.797614235e-04 1.318551270e-01 1.208923033e-03 7.004186663e-02 1.854104702e-02 8.837280979e-18
8.837280979e-18 0.000000000e+00 8.837280979e-18 2.316371915e-01 8.837280979e-18 4.797614235e-04
1.618810597e-02 2.347402858e-02 3.587622241e-01 1.228189244e-01 8.837280979e-18 4.797614235e-04
4.797614235e-04 8.837280979e-18 4.101902471e-03 4.797614235e-04 8.837280979e-18 1.033614654e-02
7.676182775e-03 8.837280979e-18 8.837280979e-18 8.837280979e-18 8.837280979e-18 4.797614235e-04
8.837280979e-18 8.837280979e-18 8.837280979e-18 4.797614235e-04 8.837280979e-18 8.837280979e-18

1.951575400e-04 1.130692196e-02 2.127748708e-03 1.351036215e-02 9.894415326e-03 4.917661853e-04
7.219498222e-03 0.000000000e+00 0.000000000e+00 1.203046026e-02 1.668573496e-03 4.917661853e-04
5.183872370e-01 0.000000000e+00 1.597008556e-01 3.499291392e-02 4.917661853e-04 4.917661853e-04
8.443976345e-04 1.951575400e-04 1.418696125e-01 1.951575400e-04 4.917661853e-04 4.917661853e-04
1.203046026e-02 7.868258964e-03 2.613260606e-03 2.319825596e-02 4.917661853e-04 1.668573496e-03
1.951575400e-04 1.351036215e-02 7.219498222e-03 2.613260606e-03 1.130692196e-02 1.951575400e-04

1.205403205e-04 1.205403205e-04 7.653833264e-04 9.763765962e-03 5.215476765e-04 1.205403205e-04
1.205403205e-04 0.000000000e+00 0.000000000e+00 2.894490456e-02 1.205403205e-04 1.205403205e-04
9.402351114e-01 0.000000000e+00 0.000000000e+00 1.205403205e-04 1.205403205e-04 1.205403205e-04
3.037425744e-04 0.000000000e+00 2.948872003e-03 1.275902814e-02 1.205403205e-04 1.205403205e-04
1.205403205e-04 5.215476765e-04 1.205403205e-04 1.205403205e-04 1.205403205e-04 1.205403205e-04
1.205403205e-04 5.215476765e-04 3.037425744e-04 1.205403205e-04 1.205403205e-04 1.205403205e-04

1.840233407e-04 1.840233407e-04 2.006355611e-03 4.131523574e-02 1.573377431e-03 1.840233407e-04
1.840233407e-04 0.000000000e+00 0.000000000e+00 0.000000000e+00 2.166710994e-01 1.168475378e-03
2.166710994e-01 0.000000000e+00 0.000000000e+00 0.000000000e+00 1.840233407e-04 2.699007171e-01
7.962227520e-04 0.000000000e+00 7.419356178e-03 2.109411027e-01 1.715409918e-02 1.840233407e-04
1.840233407e-04 1.168475378e-03 1.840233407e-04 1.840233407e-04 1.840233407e-04 1.840233407e-04
1.840233407e-04 9.990323955e-03 1.840233407e-04 4.637097612e-04 1.840233407e-04 1.840233407e-04

5.710904924e-18 0.000000000e+00 1.230377168e-04 3.100356187e-04 5.710904924e-18 5.710904924e-18
5.710904924e-18 0.000000000e+00 0.000000000e+00 0.000000000e+00 7.807842863e-01 1.647538796e-03
5.710904924e-18 0.000000000e+00 0.000000000e+00 0.000000000e+00 0.000000000e+00 5.710904924e-18
5.710904924e-18 0.000000000e+00 5.710904924e-18 1.051957681e-03 2.157731083e-01 3.100356187e-04
5.710904924e-18 5.710904924e-18 5.710904924e-18 5.710904924e-18 5.710904924e-18 5.710904924e-18
5.710904924e-18 5.710904924e-18 5.710904924e-18 5.710904924e-18 5.710904924e-18 5.710904924e-18

