2.205616590e-04 2.404722796e-03 2.205616590e-04 5.557805540e-04 5.557805540e-04 2.205616590e-04
1.885775658e-03 3.528986544e-03 2.917087766e-02 4.171480853e-02 5.557805540e-04 2.205616590e-04
5.557805540e-04 2.404722796e-03 0.000000000e+00 3.090134121e-01 8.159277399e-03 2.205616590e-04
2.205616590e-04 5.066009913e-02 6.729154503e-02 1.204946999e-01 8.243062398e-02 2.205616590e-04
5.557805540e-04 5.646378471e-02 5.412346666e-02 1.497380619e-01 1.040463126e-02 2.205616590e-04
2.205616590e-04 4.129080650e-03 5.557805540e-04 2.205616590e-04 2.205616590e-04 2.205616590e-04

1.371586521e-04 1.371586521e-04 7.446117231e-03 1.371586521e-04 6.470232429e-03 1.371586521e-04
8.709031546e-04 1.371586521e-04 1.371586521e-04 3.438301377e-02 5.934510212e-04 5.934510212e-04
4.192576654e-03 8.971402120e-03 0.000000000e+00 0.000000000e+00 3.456181460e-04 1.371586521e-04
1.371586521e-04 1.371586521e-04 8.709031546e-04 1.222045021e-02 8.949635947e-01 3.355419227e-03
3.456181460e-04 1.172689980e-03 5.934510212e-04 1.166184461e-02 4.192576654e-03 1.371586521e-04
1.371586521e-04 4.628006101e-03 0.000000000e+00 3.456181460e-04 1.371586521e-04 1.371586521e-04

1.984056404e-03 1.004050789e-03 3.069117282e-02 2.320566448e-04 5.694421294e-02 2.530049448e-03
2.456287861e-02 1.004050789e-03 2.320566448e-04 2.163161850e-02 3.712906317e-03 4.999508856e-03
1.481377134e-01 0.000000000e+00 0.000000000e+00 0.000000000e+00 0.000000000e+00 7.830053382e-03
5.450826298e-02 1.259797289e-02 1.004050789e-03 1.879658823e-02 4.069612543e-01 1.517857928e-02
7.830053382e-03 2.259832588e-02 4.344275456e-03 7.209463847e-02 1.344476044e-02 1.984056404e-03
1.094688819e-02 1.787413934e-02 0.000000000e+00 1.606481262e-02 1.259797289e-02 5.676982937e-03

5.584361802e-04 9.588747735e-04 9.588747735e-04 9.588747735e-04 1.123582643e-02 4.774562179e-03
4.774562179e-03 2.038084479e-01 2.216155450e-04 1.908958055e-01 8.934978882e-03 4.191412990e-02
0.000000000e+00 0.000000000e+00 0.000000000e+00 0.000000000e+00 0.000000000e+00 1.407170997e-03
2.854421913e-01 5.421554157e-03 9.071005076e-02 1.620019461e-02 0.000000000e+00 6.774200137e-03
9.588747735e-04 2.441024338e-02 1.045434658e-02 9.588747735e-04 2.967547006e-03 1.534199638e-02
1.366146041e-02 2.441024338e-02 0.000000000e+00 1.449563800e-02 1.449563800e-02 1.894786256e-03

4.288957477e-04 1.702073903e-04 1.702073903e-04 4.288957477e-04 1.855724124e-03 1.855724124e-03
1.455252717e-03 4.631746868e-02 0.000000000e+00 6.754684759e-01 4.163916320e-03 1.080749562e-03
0.000000000e+00 0.000000000e+00 0.000000000e+00 0.000000000e+00 0.000000000e+00 1.702073903e-04
5.192887249e-02 7.364446065e-04 7.440069196e-03 0.000000000e+00 0.000000000e+00 6.296512815e-03
4.288957477e-04 1.702073903e-04 1.455252717e-03 3.186410752e-03 1.049241164e-02 1.855724124e-03
9.861374964e-03 4.266769142e-02 0.000000000e+00 1.249119236e-01 2.279165171e-03 2.723318244e-03

1.689546025e-04 1.689546025e-04 4.257389203e-04 1.689546025e-04 7.310241084e-04 1.444541531e-03
1.689546025e-04 1.301371098e-02 0.000000000e+00 5.826217748e-01 4.325237823e-02 1.689546025e-04
0.000000000e+00 0.000000000e+00 0.000000000e+00 0.000000000e+00 0.000000000e+00 1.689546025e-04
4.235364181e-02 1.689546025e-04 1.689546025e-04 0.000000000e+00 0.000000000e+00 0.000000000e+00
1.689546025e-04 0.000000000e+00 6.215495288e-02 7.385307602e-03 6.250168209e-03 2.262389693e-03
2.216726016e-01 2.703273639e-03 0.000000000e+00 1.105114155e-02 4.257389203e-04 7.310241084e-04

5.015797943e-18 1.080620909e-04 1.080620909e-04 5.015797943e-18 5.015797943e-18 1.080620909e-04
1.080620909e-04 0.000000000e+00 0.000000000e+00 6.661473032e-03 9.239178806e-04 5.015797943e-18
0.000000000e+00 0.000000000e+00 0.000000000e+00 0.000000000e+00 0.000000000e+00 5.015797943e-18
9.239178806e-04 5.015797943e-18 0.000000000e+00 0.000000000e+00 0.000000000e+00 0.000000000e+00
5.015797943e-18 0.000000000e+00 9.837722837e-01 1.080620909e-04 1.178171104e-03 5.015797943e-18
5.097650304e-03 1.080620909e-04 0.000000000e+00 6.861515069e-04 5.015797943e-18 1.080620909e-04

